% Filename : SEC10_00045_00017.h5
% Date & Time : 30-Oct-2025 18:06:13
% X-ray Energy (keV) : 13.30001
% Exposure Time (s) : 0.500
% Beam Center : 1461.24000, 208.98300
% Sample to Detector Distance (SDD) (mm) : 1990.750
% Detector Pixel Size (mm) : 0.075
% Photodiode Value : 141045.000
% I0 of Sample : 0
% I0 of Standard : 1
% 
% q(A^-1)   I(q)    I(q)_SE
0.00000000e+00	8.96644333e-03	5.28137015e-03
2.50000000e-04	0.00000000e+00	0.00000000e+00
5.00000000e-04	0.00000000e+00	0.00000000e+00
7.50000000e-04	0.00000000e+00	0.00000000e+00
1.00000000e-03	0.00000000e+00	0.00000000e+00
1.25000000e-03	0.00000000e+00	0.00000000e+00
1.50000000e-03	0.00000000e+00	0.00000000e+00
1.75000000e-03	0.00000000e+00	0.00000000e+00
2.00000000e-03	0.00000000e+00	0.00000000e+00
2.25000000e-03	0.00000000e+00	0.00000000e+00
2.50000000e-03	0.00000000e+00	0.00000000e+00
2.75000000e-03	0.00000000e+00	0.00000000e+00
3.00000000e-03	0.00000000e+00	0.00000000e+00
3.25000000e-03	2.55842788e+02	1.49499110e+02
3.50000000e-03	4.59950395e+02	1.05207359e+02
3.75000000e-03	3.54443604e+02	6.33654176e+01
4.00000000e-03	2.55271487e+02	4.04511441e+01
4.25000000e-03	2.09116619e+02	2.73797474e+01
4.50000000e-03	1.56334221e+02	1.81408379e+01
4.75000000e-03	1.25105476e+02	1.31333839e+01
5.00000000e-03	1.01598764e+02	1.02369884e+01
5.25000000e-03	8.29838383e+01	8.26313527e+00
5.50000000e-03	6.71363162e+01	6.45110348e+00
5.75000000e-03	5.70971370e+01	5.39592826e+00
6.00000000e-03	4.88443181e+01	4.45962101e+00
6.25000000e-03	4.13608565e+01	3.73262582e+00
6.50000000e-03	3.46374214e+01	3.04573239e+00
6.75000000e-03	3.00973045e+01	2.62132754e+00
7.00000000e-03	2.61728028e+01	2.22994781e+00
7.25000000e-03	2.29441834e+01	1.90396630e+00
7.50000000e-03	1.99849540e+01	1.65523784e+00
7.75000000e-03	1.78023839e+01	1.44166003e+00
8.00000000e-03	1.54799975e+01	1.24071353e+00
8.25000000e-03	1.38174062e+01	1.06824729e+00
8.50000000e-03	1.22397024e+01	9.29919549e-01
8.75000000e-03	1.09896814e+01	8.28017612e-01
9.00000000e-03	9.99518008e+00	7.46198791e-01
9.25000000e-03	8.93684949e+00	6.49408932e-01
9.50000000e-03	8.01945724e+00	5.73351761e-01
9.75000000e-03	7.34088397e+00	5.24195453e-01
1.00000000e-02	6.65303951e+00	4.67447189e-01
1.02500000e-02	6.12278704e+00	4.30751185e-01
1.05000000e-02	5.51604086e+00	3.74515301e-01
1.07500000e-02	5.06669157e+00	3.42039779e-01
1.10000000e-02	4.62677230e+00	3.07153099e-01
1.12500000e-02	4.24412653e+00	2.86991628e-01
1.15000000e-02	3.91515340e+00	2.57943863e-01
1.17500000e-02	3.62107855e+00	2.33735114e-01
1.20000000e-02	3.34171517e+00	2.15425969e-01
1.22500000e-02	3.04636325e+00	1.92415185e-01
1.25000000e-02	2.84506675e+00	1.80083448e-01
1.27500000e-02	2.64163305e+00	1.64743173e-01
1.30000000e-02	2.41898727e+00	1.48946354e-01
1.32500000e-02	2.24506005e+00	1.35172109e-01
1.35000000e-02	2.12448915e+00	1.28297197e-01
1.37500000e-02	1.96272587e+00	1.18286249e-01
1.40000000e-02	1.85071944e+00	1.09957363e-01
1.42500000e-02	1.71763730e+00	1.00397130e-01
1.45000000e-02	1.59862593e+00	9.28188428e-02
1.47500000e-02	1.48680276e+00	8.61757235e-02
1.50000000e-02	1.40458292e+00	8.11184289e-02
1.52500000e-02	1.33418641e+00	7.59473909e-02
1.55000000e-02	1.23025912e+00	6.93042768e-02
1.57500000e-02	1.15935218e+00	6.48776181e-02
1.60000000e-02	1.08374198e+00	5.94731858e-02
1.62500000e-02	1.01198802e+00	5.60194035e-02
1.65000000e-02	9.52149213e-01	5.18119499e-02
1.67500000e-02	9.07495885e-01	4.87339580e-02
1.70000000e-02	8.56603459e-01	4.58738600e-02
1.72500000e-02	8.12573686e-01	4.33614781e-02
1.75000000e-02	7.72271328e-01	4.12619016e-02
1.77500000e-02	7.27431160e-01	3.78473184e-02
1.80000000e-02	6.82106020e-01	3.56473451e-02
1.82500000e-02	6.46880342e-01	3.28031166e-02
1.85000000e-02	6.22414255e-01	3.24612474e-02
1.87500000e-02	5.87573417e-01	2.98904109e-02
1.90000000e-02	5.57301116e-01	2.82938593e-02
1.92500000e-02	5.23589605e-01	2.60622711e-02
1.95000000e-02	5.02176999e-01	2.49129730e-02
1.97500000e-02	4.71628314e-01	2.34689371e-02
2.00000000e-02	4.52958188e-01	2.23577155e-02
2.02500000e-02	4.37336561e-01	2.13406568e-02
2.05000000e-02	4.08529589e-01	1.95612610e-02
2.07500000e-02	3.93268091e-01	1.88814417e-02
2.10000000e-02	3.70749022e-01	1.78898361e-02
2.12500000e-02	3.49314920e-01	1.68813363e-02
2.15000000e-02	3.35217150e-01	1.61135437e-02
2.17500000e-02	3.18217193e-01	1.53970812e-02
2.20000000e-02	3.04417232e-01	1.47183996e-02
2.22500000e-02	2.86979159e-01	1.37445468e-02
2.25000000e-02	2.75408970e-01	1.33691643e-02
2.27500000e-02	2.68635560e-01	1.28726191e-02
2.30000000e-02	2.51914434e-01	1.21628011e-02
2.32500000e-02	2.40868081e-01	1.15098296e-02
2.35000000e-02	2.30344485e-01	1.11436017e-02
2.37500000e-02	2.21978510e-01	1.06132817e-02
2.40000000e-02	2.14755877e-01	1.03116988e-02
2.42500000e-02	2.07103315e-01	9.91034125e-03
2.45000000e-02	1.99832931e-01	9.55903611e-03
2.47500000e-02	1.93555351e-01	9.16755340e-03
2.50000000e-02	1.86981800e-01	8.87706428e-03
2.52500000e-02	1.81845868e-01	8.69483670e-03
2.55000000e-02	1.74120857e-01	8.14121486e-03
2.57500000e-02	1.69760246e-01	8.00137538e-03
2.60000000e-02	1.63011813e-01	7.63242058e-03
2.62500000e-02	1.60421058e-01	7.59391585e-03
2.65000000e-02	1.55072963e-01	7.27371456e-03
2.67500000e-02	1.51387641e-01	7.02450827e-03
2.70000000e-02	1.42759017e-01	6.67551335e-03
2.72500000e-02	1.40738733e-01	6.50281410e-03
2.75000000e-02	1.38414741e-01	6.49316991e-03
2.77500000e-02	1.33248708e-01	6.23315980e-03
2.80000000e-02	1.28036279e-01	5.85869055e-03
2.82500000e-02	1.25663613e-01	5.77606103e-03
2.85000000e-02	1.21275704e-01	5.58466243e-03
2.87500000e-02	1.17984720e-01	5.48604360e-03
2.90000000e-02	1.15772138e-01	5.35059266e-03
2.92500000e-02	1.13000346e-01	5.08197075e-03
2.95000000e-02	1.08337194e-01	4.97410670e-03
2.97500000e-02	1.05144210e-01	4.79961348e-03
3.00000000e-02	1.06005148e-01	4.85128347e-03
3.02500000e-02	1.01287393e-01	4.63102020e-03
3.05000000e-02	1.00328659e-01	4.46510050e-03
3.07500000e-02	9.61721790e-02	4.36051284e-03
3.10000000e-02	9.53151833e-02	4.30694236e-03
3.12500000e-02	9.17466485e-02	4.18117930e-03
3.15000000e-02	9.13087687e-02	4.09857533e-03
3.17500000e-02	8.88894972e-02	3.93133162e-03
3.20000000e-02	8.68725158e-02	3.90750377e-03
3.22500000e-02	8.68205269e-02	3.87997028e-03
3.25000000e-02	8.36748428e-02	3.76169921e-03
3.27500000e-02	8.11793520e-02	3.62372474e-03
3.30000000e-02	7.84004969e-02	3.46142020e-03
3.32500000e-02	7.82697255e-02	3.44882841e-03
3.35000000e-02	7.68452904e-02	3.41059695e-03
3.37500000e-02	7.50089310e-02	3.31508357e-03
3.40000000e-02	7.38710274e-02	3.25964946e-03
3.42500000e-02	7.18640601e-02	3.12527445e-03
3.45000000e-02	6.97195405e-02	3.07127244e-03
3.47500000e-02	6.99185662e-02	3.07022550e-03
3.50000000e-02	6.78542655e-02	2.95903921e-03
3.52500000e-02	6.66537585e-02	2.91130615e-03
3.55000000e-02	6.68775189e-02	2.86181035e-03
3.57500000e-02	6.39091904e-02	2.77929783e-03
3.60000000e-02	6.16380911e-02	2.66505042e-03
3.62500000e-02	6.34687544e-02	2.75837566e-03
3.65000000e-02	6.18121449e-02	2.66506835e-03
3.67500000e-02	5.85342611e-02	2.50438175e-03
3.70000000e-02	5.75251125e-02	2.46126316e-03
3.72500000e-02	5.71952653e-02	2.44187689e-03
3.75000000e-02	5.76768113e-02	2.46517861e-03
3.77500000e-02	5.58133376e-02	2.36823574e-03
3.80000000e-02	5.52305062e-02	2.35508028e-03
3.82500000e-02	5.40423528e-02	2.27437059e-03
3.85000000e-02	5.25891808e-02	2.22656643e-03
3.87500000e-02	5.39995756e-02	2.26504845e-03
3.90000000e-02	5.12733483e-02	2.15778483e-03
3.92500000e-02	5.02333969e-02	2.10624157e-03
3.95000000e-02	4.99311237e-02	2.09476641e-03
3.97500000e-02	4.89227189e-02	2.05331466e-03
4.00000000e-02	5.03037409e-02	2.11397545e-03
4.02500000e-02	4.78403491e-02	1.99976382e-03
4.05000000e-02	4.82032828e-02	2.00531967e-03
4.07500000e-02	4.65943213e-02	1.92934314e-03
4.10000000e-02	4.66551854e-02	1.94081667e-03
4.12500000e-02	4.56426340e-02	1.90431671e-03
4.15000000e-02	4.58330426e-02	1.87687237e-03
4.17500000e-02	4.46443919e-02	1.83711431e-03
4.20000000e-02	4.44347796e-02	1.81097996e-03
4.22500000e-02	4.51956098e-02	1.83733989e-03
4.25000000e-02	4.30769391e-02	1.76781655e-03
4.27500000e-02	4.32748476e-02	1.75910850e-03
4.30000000e-02	4.25605661e-02	1.73833427e-03
4.32500000e-02	4.18274481e-02	1.69824601e-03
4.35000000e-02	4.22187420e-02	1.72898979e-03
4.37500000e-02	4.18953781e-02	1.69705651e-03
4.40000000e-02	4.10082435e-02	1.67328725e-03
4.42500000e-02	4.02373520e-02	1.62606594e-03
4.45000000e-02	3.96670599e-02	1.59261027e-03
4.47500000e-02	3.92506264e-02	1.57209319e-03
4.50000000e-02	4.05122474e-02	1.63226882e-03
4.52500000e-02	3.74595462e-02	1.50469494e-03
4.55000000e-02	3.85619825e-02	1.54280485e-03
4.57500000e-02	3.81170090e-02	1.52031707e-03
4.60000000e-02	3.82598132e-02	1.52919954e-03
4.62500000e-02	3.80885151e-02	1.51375461e-03
4.65000000e-02	3.72439945e-02	1.48176737e-03
4.67500000e-02	3.58150835e-02	1.41129574e-03
4.70000000e-02	3.67245448e-02	1.45891444e-03
4.72500000e-02	3.50370655e-02	1.39301160e-03
4.75000000e-02	3.66365123e-02	1.45237467e-03
4.77500000e-02	3.59148903e-02	1.41007173e-03
4.80000000e-02	3.56827430e-02	1.39786515e-03
4.82500000e-02	3.52285408e-02	1.38071704e-03
4.85000000e-02	3.48130317e-02	1.37397624e-03
4.87500000e-02	3.50157352e-02	1.37184571e-03
4.90000000e-02	3.50606229e-02	1.36280985e-03
4.92500000e-02	3.41529535e-02	1.33487923e-03
4.95000000e-02	3.39622892e-02	1.32322156e-03
4.97500000e-02	3.36230443e-02	1.31370969e-03
5.00000000e-02	3.36258458e-02	1.30743260e-03
5.02500000e-02	3.27142873e-02	1.26592393e-03
5.05000000e-02	3.31568576e-02	1.28043295e-03
5.07500000e-02	3.27262034e-02	1.26418327e-03
5.10000000e-02	3.33746716e-02	1.29286866e-03
5.12500000e-02	3.28991963e-02	1.27102092e-03
5.15000000e-02	3.26406950e-02	1.24658219e-03
5.17500000e-02	3.15457529e-02	1.21273246e-03
5.20000000e-02	3.22554768e-02	1.23828848e-03
5.22500000e-02	3.16751144e-02	1.21773659e-03
5.25000000e-02	3.11902859e-02	1.19747573e-03
5.27500000e-02	3.17995533e-02	1.20356066e-03
5.30000000e-02	3.06375888e-02	1.17629127e-03
5.32500000e-02	3.13140310e-02	1.18576767e-03
5.35000000e-02	3.04253986e-02	1.16204781e-03
5.37500000e-02	3.01568519e-02	1.14275574e-03
5.40000000e-02	3.06572802e-02	1.15988075e-03
5.42500000e-02	3.01493178e-02	1.14115580e-03
5.45000000e-02	2.94946253e-02	1.11271773e-03
5.47500000e-02	2.99501727e-02	1.12768532e-03
5.50000000e-02	2.97570131e-02	1.12170399e-03
5.52500000e-02	2.96937212e-02	1.11087898e-03
5.55000000e-02	2.99031589e-02	1.10639090e-03
5.57500000e-02	2.84191429e-02	1.07483316e-03
5.60000000e-02	2.93969917e-02	1.09064833e-03
5.62500000e-02	2.83369003e-02	1.06733010e-03
5.65000000e-02	2.88674742e-02	1.06396337e-03
5.67500000e-02	2.85571811e-02	1.06991988e-03
5.70000000e-02	2.80574688e-02	1.04993552e-03
5.72500000e-02	2.92632879e-02	1.08118154e-03
5.75000000e-02	2.80054109e-02	1.04000149e-03
5.77500000e-02	2.82334072e-02	1.03136853e-03
5.80000000e-02	2.86273171e-02	1.05544037e-03
5.82500000e-02	2.77853626e-02	1.02140201e-03
5.85000000e-02	2.79900686e-02	1.02926110e-03
5.87500000e-02	2.79695334e-02	1.02756966e-03
5.90000000e-02	2.75705571e-02	1.01804104e-03
5.92500000e-02	2.78569814e-02	1.02044340e-03
5.95000000e-02	2.79327762e-02	1.02037393e-03
5.97500000e-02	2.72698841e-02	1.00315026e-03
6.00000000e-02	2.63104556e-02	9.62057611e-04
6.02500000e-02	2.67612397e-02	9.71722575e-04
6.05000000e-02	2.69474200e-02	9.81026726e-04
6.07500000e-02	2.65757208e-02	9.65943808e-04
6.10000000e-02	2.64750739e-02	9.64447806e-04
6.12500000e-02	2.55500649e-02	9.26934404e-04
6.15000000e-02	2.68450507e-02	9.69032990e-04
6.17500000e-02	2.66789463e-02	9.67218922e-04
6.20000000e-02	2.61940996e-02	9.41641752e-04
6.22500000e-02	2.70970190e-02	9.75666040e-04
6.25000000e-02	2.57865965e-02	9.29756768e-04
6.27500000e-02	2.59987203e-02	9.27841694e-04
6.30000000e-02	2.54504996e-02	9.11591280e-04
6.32500000e-02	2.56379382e-02	9.25250467e-04
6.35000000e-02	2.60479808e-02	9.31507226e-04
6.37500000e-02	2.60235256e-02	9.32383250e-04
6.40000000e-02	2.60848692e-02	9.32343789e-04
6.42500000e-02	2.56685122e-02	9.07757486e-04
6.45000000e-02	2.61891481e-02	9.28359061e-04
6.47500000e-02	2.53747226e-02	8.98627711e-04
6.50000000e-02	2.52366467e-02	8.96605416e-04
6.52500000e-02	2.51559186e-02	8.92296327e-04
6.55000000e-02	2.47668561e-02	8.81875609e-04
6.57500000e-02	2.56681420e-02	9.03343728e-04
6.60000000e-02	2.50671702e-02	8.86727931e-04
6.62500000e-02	2.48708075e-02	8.75750151e-04
6.65000000e-02	2.57894058e-02	9.00759350e-04
6.67500000e-02	2.47509897e-02	8.64834273e-04
6.70000000e-02	2.53750849e-02	8.96127306e-04
6.72500000e-02	2.47092848e-02	8.66808874e-04
6.75000000e-02	2.50601955e-02	8.72229605e-04
6.77500000e-02	2.48144432e-02	8.64625235e-04
6.80000000e-02	2.44837807e-02	8.54719971e-04
6.82500000e-02	2.47087237e-02	8.53538913e-04
6.85000000e-02	2.55518714e-02	8.89117395e-04
6.87500000e-02	2.44126450e-02	8.46255398e-04
6.90000000e-02	2.47425133e-02	8.58417902e-04
6.92500000e-02	2.43326209e-02	8.39554910e-04
6.95000000e-02	2.41024630e-02	8.38690949e-04
6.97500000e-02	2.38610061e-02	8.32917564e-04
7.00000000e-02	2.42998988e-02	8.40529422e-04
7.02500000e-02	2.41230734e-02	8.31686669e-04
7.05000000e-02	2.45585344e-02	8.45228233e-04
7.07500000e-02	2.48127938e-02	8.57691905e-04
7.10000000e-02	2.34581745e-02	7.98673311e-04
7.12500000e-02	2.34712380e-02	8.03387684e-04
7.15000000e-02	2.37970878e-02	8.08771051e-04
7.17500000e-02	2.35569440e-02	8.09075626e-04
7.20000000e-02	2.37590365e-02	8.14709815e-04
7.22500000e-02	2.39801550e-02	8.13296179e-04
7.25000000e-02	2.44521989e-02	8.23382175e-04
7.27500000e-02	2.33961465e-02	7.94085818e-04
7.30000000e-02	2.38205249e-02	8.07154691e-04
7.32500000e-02	2.34853679e-02	7.91147200e-04
7.35000000e-02	2.40862880e-02	8.15886900e-04
7.37500000e-02	2.35003525e-02	7.93704415e-04
7.40000000e-02	2.36448041e-02	7.99957938e-04
7.42500000e-02	2.36764170e-02	8.01643983e-04
7.45000000e-02	2.38118874e-02	8.01680836e-04
7.47500000e-02	2.29960561e-02	7.77629306e-04
7.50000000e-02	2.35201802e-02	7.86583730e-04
7.52500000e-02	2.34277738e-02	7.85987034e-04
7.55000000e-02	2.29657777e-02	7.64104284e-04
7.57500000e-02	2.33689433e-02	7.77766435e-04
7.60000000e-02	2.33062226e-02	7.81927159e-04
7.62500000e-02	2.30923573e-02	7.70650828e-04
7.65000000e-02	2.26745709e-02	7.61656858e-04
7.67500000e-02	2.35319873e-02	7.83264059e-04
7.70000000e-02	2.32389977e-02	7.66120366e-04
7.72500000e-02	2.29234120e-02	7.73047115e-04
7.75000000e-02	2.23802803e-02	7.65918344e-04
7.77500000e-02	2.30742428e-02	7.95046337e-04
7.80000000e-02	2.27669749e-02	7.84338888e-04
7.82500000e-02	2.27046886e-02	7.85457161e-04
7.85000000e-02	2.33957149e-02	8.14201341e-04
7.87500000e-02	2.29261949e-02	7.98738527e-04
7.90000000e-02	2.24956294e-02	7.89329098e-04
7.92500000e-02	2.25688741e-02	7.92574066e-04
7.95000000e-02	2.25389614e-02	7.91224848e-04
7.97500000e-02	2.21798683e-02	7.82911718e-04
8.00000000e-02	2.32104075e-02	8.17537270e-04
8.02500000e-02	2.23544285e-02	7.93723192e-04
8.05000000e-02	2.24447956e-02	7.98417617e-04
8.07500000e-02	2.31412154e-02	8.19604695e-04
8.10000000e-02	2.21599379e-02	7.88791754e-04
8.12500000e-02	2.28080251e-02	8.11935607e-04
8.15000000e-02	2.31826227e-02	8.19854513e-04
8.17500000e-02	2.27638920e-02	8.17666097e-04
8.20000000e-02	2.28689600e-02	8.15340028e-04
8.22500000e-02	2.19583490e-02	7.90306201e-04
8.25000000e-02	2.23903547e-02	8.08847081e-04
8.27500000e-02	2.23010951e-02	8.04720634e-04
8.30000000e-02	2.25478627e-02	8.23588961e-04
8.32500000e-02	2.21528034e-02	8.03982350e-04
8.35000000e-02	2.27811905e-02	8.35402401e-04
8.37500000e-02	2.22054603e-02	7.95126005e-04
8.40000000e-02	2.13622966e-02	7.72669105e-04
8.42500000e-02	2.27552294e-02	8.30048778e-04
8.45000000e-02	2.21237171e-02	8.12931557e-04
8.47500000e-02	2.21034112e-02	8.08022880e-04
8.50000000e-02	2.17518769e-02	7.92771519e-04
8.52500000e-02	2.20679051e-02	8.10061851e-04
8.55000000e-02	2.22908380e-02	8.15590943e-04
8.57500000e-02	2.26434537e-02	8.33412622e-04
8.60000000e-02	2.12485891e-02	7.86340170e-04
8.62500000e-02	2.17732877e-02	7.98210601e-04
8.65000000e-02	2.15727926e-02	7.94406207e-04
8.67500000e-02	2.17342670e-02	7.88833919e-04
8.70000000e-02	2.20787039e-02	7.95705268e-04
8.72500000e-02	2.15849104e-02	7.65868247e-04
8.75000000e-02	2.20685634e-02	7.74371527e-04
8.77500000e-02	2.21950205e-02	7.70478119e-04
8.80000000e-02	2.19290020e-02	7.69825694e-04
8.82500000e-02	2.24866459e-02	7.80590604e-04
8.85000000e-02	2.14932519e-02	7.45293998e-04
8.87500000e-02	2.14189726e-02	7.26060112e-04
8.90000000e-02	2.17715391e-02	7.44189120e-04
8.92500000e-02	2.17369883e-02	7.42305510e-04
8.95000000e-02	2.19610310e-02	7.50823387e-04
8.97500000e-02	2.20517364e-02	7.38260379e-04
9.00000000e-02	2.19902926e-02	7.37756026e-04
9.02500000e-02	2.18979934e-02	7.34577051e-04
9.05000000e-02	2.17670790e-02	7.27842165e-04
9.07500000e-02	2.24434261e-02	7.43633363e-04
9.10000000e-02	2.19722700e-02	7.27714311e-04
9.12500000e-02	2.13522811e-02	7.09120169e-04
9.15000000e-02	2.15275532e-02	7.13478280e-04
9.17500000e-02	2.17241195e-02	7.24420647e-04
9.20000000e-02	2.13045770e-02	7.05956583e-04
9.22500000e-02	2.10962972e-02	6.94218957e-04
9.25000000e-02	2.13387970e-02	7.03170127e-04
9.27500000e-02	2.20977416e-02	7.23673032e-04
9.30000000e-02	2.13966151e-02	7.02443673e-04
9.32500000e-02	2.19641149e-02	7.21193421e-04
9.35000000e-02	2.08899574e-02	6.78775410e-04
9.37500000e-02	2.13540302e-02	6.97297301e-04
9.40000000e-02	2.14947456e-02	7.03969549e-04
9.42500000e-02	2.16607753e-02	7.00231583e-04
9.45000000e-02	2.15116960e-02	6.91391644e-04
9.47500000e-02	2.14972662e-02	6.95773534e-04
9.50000000e-02	2.15056641e-02	6.96943639e-04
9.52500000e-02	2.11145447e-02	6.82172180e-04
9.55000000e-02	2.15223465e-02	6.94891216e-04
9.57500000e-02	2.15570218e-02	6.96865377e-04
9.60000000e-02	2.11807682e-02	6.80205074e-04
9.62500000e-02	2.11861450e-02	6.81056224e-04
9.65000000e-02	2.05430766e-02	6.64174245e-04
9.67500000e-02	2.21761624e-02	7.09696496e-04
9.70000000e-02	2.14641831e-02	6.83869674e-04
9.72500000e-02	2.18182459e-02	6.94839965e-04
9.75000000e-02	2.14441380e-02	6.83595970e-04
9.77500000e-02	2.13311664e-02	6.73605456e-04
9.80000000e-02	2.15794475e-02	6.85960376e-04
9.82500000e-02	2.20046532e-02	7.02616428e-04
9.85000000e-02	2.19528436e-02	6.93085824e-04
9.87500000e-02	2.13441618e-02	6.75494680e-04
9.90000000e-02	2.17586649e-02	6.83494762e-04
9.92500000e-02	2.14472454e-02	6.75275841e-04
9.95000000e-02	2.13533911e-02	6.71418405e-04
9.97500000e-02	2.11588913e-02	6.65103057e-04
1.00000000e-01	2.12993291e-02	5.45232944e-04
1.00500000e-01	2.13924155e-02	4.73224988e-04
1.01000000e-01	2.12431251e-02	4.69391186e-04
1.01500000e-01	2.12055113e-02	4.68547410e-04
1.02000000e-01	2.09789338e-02	4.60175264e-04
1.02500000e-01	2.14110606e-02	4.65576093e-04
1.03000000e-01	2.12990606e-02	4.65438946e-04
1.03500000e-01	2.08804738e-02	4.55834575e-04
1.04000000e-01	2.10537245e-02	4.57513720e-04
1.04500000e-01	2.11574536e-02	4.56939150e-04
1.05000000e-01	2.13451465e-02	4.57557852e-04
1.05500000e-01	2.08331253e-02	4.47527156e-04
1.06000000e-01	2.13213978e-02	4.55472183e-04
1.06500000e-01	2.12643071e-02	4.56217547e-04
1.07000000e-01	2.10041179e-02	4.54509497e-04
1.07500000e-01	2.07174325e-02	4.57971788e-04
1.08000000e-01	2.08236987e-02	4.62202603e-04
1.08500000e-01	2.08248170e-02	4.65834827e-04
1.09000000e-01	2.07297353e-02	4.66658052e-04
1.09500000e-01	2.10838037e-02	4.76789345e-04
1.10000000e-01	2.07405031e-02	4.62092127e-04
1.10500000e-01	2.11580639e-02	4.62882078e-04
1.11000000e-01	2.09493038e-02	4.51333811e-04
1.11500000e-01	2.10642382e-02	4.52562063e-04
1.12000000e-01	2.06863458e-02	4.40662636e-04
1.12500000e-01	2.10073017e-02	4.42521016e-04
1.13000000e-01	2.06253293e-02	4.35892090e-04
1.13500000e-01	2.09923397e-02	4.40772842e-04
1.14000000e-01	2.10138573e-02	4.39639687e-04
1.14500000e-01	2.07515400e-02	4.32877750e-04
1.15000000e-01	2.06259214e-02	4.27778015e-04
1.15500000e-01	2.08161536e-02	4.30245871e-04
1.16000000e-01	2.05361545e-02	4.25384502e-04
1.16500000e-01	2.11708934e-02	4.36755468e-04
1.17000000e-01	2.07321151e-02	4.27195651e-04
1.17500000e-01	2.05855525e-02	4.21636973e-04
1.18000000e-01	2.07866834e-02	4.26421511e-04
1.18500000e-01	2.09661479e-02	4.25351822e-04
1.19000000e-01	2.07253891e-02	4.23089725e-04
1.19500000e-01	2.07550032e-02	4.21489449e-04
1.20000000e-01	2.10641789e-02	4.26553501e-04
1.20500000e-01	2.06148924e-02	4.18192082e-04
1.21000000e-01	2.06683164e-02	4.18655008e-04
1.21500000e-01	2.09258756e-02	4.21242171e-04
1.22000000e-01	2.10687568e-02	4.23370504e-04
1.22500000e-01	2.07770169e-02	4.17993625e-04
1.23000000e-01	2.08525283e-02	4.19462438e-04
1.23500000e-01	2.06766866e-02	4.13523528e-04
1.24000000e-01	2.05271812e-02	4.09233426e-04
1.24500000e-01	2.06905104e-02	4.11451376e-04
1.25000000e-01	2.06005754e-02	4.08363372e-04
1.25500000e-01	2.06177119e-02	4.08157595e-04
1.26000000e-01	2.08048563e-02	4.10751510e-04
1.26500000e-01	2.07659338e-02	4.09408404e-04
1.27000000e-01	2.09162996e-02	4.10738498e-04
1.27500000e-01	2.08700548e-02	4.10076050e-04
1.28000000e-01	2.04918845e-02	4.04201443e-04
1.28500000e-01	2.06564625e-02	4.05097367e-04
1.29000000e-01	2.06928610e-02	4.03794488e-04
1.29500000e-01	2.07571600e-02	4.05955203e-04
1.30000000e-01	2.06237601e-02	4.01422278e-04
1.30500000e-01	2.03521912e-02	3.95624857e-04
1.31000000e-01	2.06652733e-02	4.01348988e-04
1.31500000e-01	2.06703646e-02	4.00075080e-04
1.32000000e-01	2.06729876e-02	3.99640284e-04
1.32500000e-01	2.04693325e-02	3.90919007e-04
1.33000000e-01	2.04872660e-02	3.93558054e-04
1.33500000e-01	2.05604163e-02	3.93244436e-04
1.34000000e-01	2.03752247e-02	3.89657586e-04
1.34500000e-01	2.06914578e-02	3.92986150e-04
1.35000000e-01	2.07052229e-02	3.91772803e-04
1.35500000e-01	2.05026933e-02	3.89183309e-04
1.36000000e-01	2.08196413e-02	3.92924471e-04
1.36500000e-01	2.06799990e-02	3.90641327e-04
1.37000000e-01	2.04967216e-02	3.85932107e-04
1.37500000e-01	2.05973000e-02	3.87213517e-04
1.38000000e-01	2.04895348e-02	3.85375323e-04
1.38500000e-01	2.06034136e-02	3.87856404e-04
1.39000000e-01	2.03705384e-02	3.82554484e-04
1.39500000e-01	2.04255527e-02	3.81879776e-04
1.40000000e-01	2.06194401e-02	3.87197637e-04
1.40500000e-01	2.04510560e-02	3.81728862e-04
1.41000000e-01	2.05893958e-02	3.83610290e-04
1.41500000e-01	2.03023217e-02	3.79832636e-04
1.42000000e-01	2.04798632e-02	3.79394437e-04
1.42500000e-01	2.00234179e-02	3.75667841e-04
1.43000000e-01	2.02534575e-02	3.75689662e-04
1.43500000e-01	2.00274020e-02	3.71351307e-04
1.44000000e-01	2.04570335e-02	3.79913383e-04
1.44500000e-01	2.05776376e-02	3.78052844e-04
1.45000000e-01	2.03114627e-02	3.75905055e-04
1.45500000e-01	2.01236219e-02	3.70898618e-04
1.46000000e-01	2.04163991e-02	3.76351501e-04
1.46500000e-01	2.02449192e-02	3.72313590e-04
1.47000000e-01	2.00999765e-02	3.69657310e-04
1.47500000e-01	2.00740972e-02	3.66445004e-04
1.48000000e-01	1.99311866e-02	3.64675656e-04
1.48500000e-01	2.04197007e-02	3.73588400e-04
1.49000000e-01	2.01131680e-02	3.66786691e-04
1.49500000e-01	2.01580592e-02	3.65714259e-04
1.50000000e-01	1.99825331e-02	3.61148033e-04
1.50500000e-01	2.01675515e-02	3.65960103e-04
1.51000000e-01	1.99212938e-02	3.60368502e-04
1.51500000e-01	2.03088104e-02	3.64402651e-04
1.52000000e-01	2.02753697e-02	3.61870782e-04
1.52500000e-01	1.97779702e-02	3.56772599e-04
1.53000000e-01	1.96624790e-02	3.53372612e-04
1.53500000e-01	1.98049366e-02	3.55773681e-04
1.54000000e-01	1.99631683e-02	3.55418599e-04
1.54500000e-01	2.00483837e-02	3.64263281e-04
1.55000000e-01	1.99162847e-02	3.67227337e-04
1.55500000e-01	2.00587850e-02	3.72782606e-04
1.56000000e-01	1.98949694e-02	3.72303279e-04
1.56500000e-01	1.97215659e-02	3.69052435e-04
1.57000000e-01	1.99705029e-02	3.71516012e-04
1.57500000e-01	2.00714046e-02	3.67384405e-04
1.58000000e-01	1.99959886e-02	3.61447523e-04
1.58500000e-01	1.99494787e-02	3.59686241e-04
1.59000000e-01	1.95996526e-02	3.50554229e-04
1.59500000e-01	1.98011543e-02	3.54208308e-04
1.60000000e-01	1.96621227e-02	3.52150226e-04
1.60500000e-01	1.96508633e-02	3.49552982e-04
1.61000000e-01	1.97489640e-02	3.50994322e-04
1.61500000e-01	1.96786239e-02	3.48515476e-04
1.62000000e-01	1.97729246e-02	3.50201423e-04
1.62500000e-01	1.97351121e-02	3.49968883e-04
1.63000000e-01	1.98974527e-02	3.49964621e-04
1.63500000e-01	1.96872316e-02	3.47710703e-04
1.64000000e-01	1.94866324e-02	3.42078167e-04
1.64500000e-01	1.96114501e-02	3.43241496e-04
1.65000000e-01	1.93851113e-02	3.39688947e-04
1.65500000e-01	1.94116936e-02	3.37945232e-04
1.66000000e-01	1.96734643e-02	3.44657077e-04
1.66500000e-01	1.95488595e-02	3.39071429e-04
1.67000000e-01	1.96395982e-02	3.42708065e-04
1.67500000e-01	1.97052998e-02	3.40676277e-04
1.68000000e-01	1.96940669e-02	3.41362563e-04
1.68500000e-01	1.96317972e-02	3.38352853e-04
1.69000000e-01	1.95987734e-02	3.37443906e-04
1.69500000e-01	1.96741609e-02	3.37535132e-04
1.70000000e-01	1.97366762e-02	3.40594635e-04
1.70500000e-01	1.98670661e-02	3.41859488e-04
1.71000000e-01	1.92871703e-02	3.32204109e-04
1.71500000e-01	1.95264943e-02	3.34980033e-04
1.72000000e-01	1.95384960e-02	3.33415533e-04
1.72500000e-01	1.94816028e-02	3.32451982e-04
1.73000000e-01	1.92819702e-02	3.29574917e-04
1.73500000e-01	1.94136476e-02	3.29142208e-04
1.74000000e-01	1.95434261e-02	3.31029415e-04
1.74500000e-01	1.97783330e-02	3.33909509e-04
1.75000000e-01	1.97711243e-02	3.30907617e-04
1.75500000e-01	1.93140622e-02	3.25216246e-04
1.76000000e-01	1.93518452e-02	3.25101764e-04
1.76500000e-01	1.90716363e-02	3.20931989e-04
1.77000000e-01	1.94855704e-02	3.26345828e-04
1.77500000e-01	1.92257690e-02	3.23860061e-04
1.78000000e-01	1.92696908e-02	3.22552741e-04
1.78500000e-01	1.93080872e-02	3.24724502e-04
1.79000000e-01	1.91713379e-02	3.21124875e-04
1.79500000e-01	1.92327772e-02	3.24423681e-04
1.80000000e-01	1.94429936e-02	3.24643813e-04
1.80500000e-01	1.92889094e-02	3.23078672e-04
1.81000000e-01	1.92407107e-02	3.20660722e-04
1.81500000e-01	1.91205511e-02	3.17263270e-04
1.82000000e-01	1.91789800e-02	3.20220978e-04
1.82500000e-01	1.89742456e-02	3.15493912e-04
1.83000000e-01	1.90828359e-02	3.17962811e-04
1.83500000e-01	1.91315950e-02	3.17810751e-04
1.84000000e-01	1.93636587e-02	3.20331437e-04
1.84500000e-01	1.91401049e-02	3.17413730e-04
1.85000000e-01	1.91258224e-02	3.16111650e-04
1.85500000e-01	1.92480132e-02	3.17936802e-04
1.86000000e-01	1.91911567e-02	3.15916584e-04
1.86500000e-01	1.90656342e-02	3.14587026e-04
1.87000000e-01	1.92478685e-02	3.15040531e-04
1.87500000e-01	1.90343038e-02	3.12304484e-04
1.88000000e-01	1.92580465e-02	3.14421103e-04
1.88500000e-01	1.89663187e-02	3.10594500e-04
1.89000000e-01	1.90126397e-02	3.10537594e-04
1.89500000e-01	1.90368724e-02	3.11171800e-04
1.90000000e-01	1.92584763e-02	3.12367081e-04
1.90500000e-01	1.92294552e-02	3.13641599e-04
1.91000000e-01	1.92388653e-02	3.11210318e-04
1.91500000e-01	1.92078493e-02	3.11820892e-04
1.92000000e-01	1.89116437e-02	3.07161827e-04
1.92500000e-01	1.89343150e-02	3.07235677e-04
1.93000000e-01	1.91444712e-02	3.08736557e-04
1.93500000e-01	1.90439330e-02	3.06823569e-04
1.94000000e-01	1.90829953e-02	3.08031311e-04
1.94500000e-01	1.91693053e-02	3.08964423e-04
1.95000000e-01	1.90700763e-02	3.07923909e-04
1.95500000e-01	1.90451657e-02	3.04546187e-04
1.96000000e-01	1.90258663e-02	3.04931110e-04
1.96500000e-01	1.87646040e-02	3.01397948e-04
1.97000000e-01	1.89821379e-02	3.03739271e-04
1.97500000e-01	1.88891301e-02	3.02494553e-04
1.98000000e-01	1.89133131e-02	3.03153330e-04
1.98500000e-01	1.88726433e-02	3.01170022e-04
1.99000000e-01	1.88424107e-02	3.00414734e-04
1.99500000e-01	1.88837999e-02	3.00343389e-04
2.00000000e-01	1.90016591e-02	3.02949307e-04
2.00500000e-01	1.87804183e-02	2.99244780e-04
2.01000000e-01	1.88990619e-02	2.98818739e-04
2.01500000e-01	1.86907069e-02	2.97456061e-04
2.02000000e-01	1.91105860e-02	3.01945787e-04
2.02500000e-01	1.87817562e-02	2.95686499e-04
2.03000000e-01	1.87792400e-02	2.97401699e-04
2.03500000e-01	1.89579501e-02	2.99516242e-04
2.04000000e-01	1.87827990e-02	2.95430807e-04
2.04500000e-01	1.88586349e-02	2.98475751e-04
2.05000000e-01	1.88071578e-02	2.94472760e-04
2.05500000e-01	1.86212173e-02	2.92313719e-04
2.06000000e-01	1.88059845e-02	2.94166764e-04
2.06500000e-01	1.88674653e-02	2.96013746e-04
2.07000000e-01	1.86110621e-02	2.91054330e-04
2.07500000e-01	1.85870326e-02	2.91147441e-04
2.08000000e-01	1.86235556e-02	2.91528486e-04
2.08500000e-01	1.88445334e-02	2.92247524e-04
2.09000000e-01	1.85946824e-02	2.90027734e-04
2.09500000e-01	1.87732613e-02	2.91876464e-04
2.10000000e-01	1.85651164e-02	2.88649519e-04
2.10500000e-01	1.86781084e-02	2.90476713e-04
2.11000000e-01	1.88562172e-02	2.90489180e-04
2.11500000e-01	1.88229315e-02	2.92007663e-04
2.12000000e-01	1.84240232e-02	2.84083967e-04
2.12500000e-01	1.88064154e-02	2.90129515e-04
2.13000000e-01	1.86694619e-02	2.88451282e-04
2.13500000e-01	1.86686085e-02	2.87486155e-04
2.14000000e-01	1.85152040e-02	2.85390436e-04
2.14500000e-01	1.85069212e-02	2.84666138e-04
2.15000000e-01	1.85726989e-02	2.86585818e-04
2.15500000e-01	1.86120485e-02	2.85106660e-04
2.16000000e-01	1.87124844e-02	2.86505851e-04
2.16500000e-01	1.86476696e-02	2.85622009e-04
2.17000000e-01	1.86711844e-02	2.90410767e-04
2.17500000e-01	1.85824848e-02	2.92533512e-04
2.18000000e-01	1.87191242e-02	2.95452808e-04
2.18500000e-01	1.83603086e-02	2.92508672e-04
2.19000000e-01	1.84667862e-02	2.94946079e-04
2.19500000e-01	1.84671998e-02	2.95900839e-04
2.20000000e-01	1.85409518e-02	2.98426307e-04
2.20500000e-01	1.83482608e-02	2.95945884e-04
2.21000000e-01	1.83088664e-02	2.96017555e-04
2.21500000e-01	1.85265112e-02	3.02536469e-04
2.22000000e-01	1.83842249e-02	2.98931265e-04
2.22500000e-01	1.85129195e-02	3.01423441e-04
2.23000000e-01	1.85447387e-02	3.02624359e-04
2.23500000e-01	1.84845626e-02	3.02226530e-04
2.24000000e-01	1.83471887e-02	3.01536808e-04
2.24500000e-01	1.83530443e-02	3.01784708e-04
2.25000000e-01	1.85040668e-02	3.04807667e-04
2.25500000e-01	1.85255674e-02	3.05305801e-04
2.26000000e-01	1.81811485e-02	3.01580495e-04
2.26500000e-01	1.84490896e-02	3.01426468e-04
2.27000000e-01	1.84674066e-02	2.98193555e-04
2.27500000e-01	1.82931611e-02	2.92375547e-04
2.28000000e-01	1.82743114e-02	2.93122111e-04
2.28500000e-01	1.84670429e-02	2.93143271e-04
2.29000000e-01	1.85437874e-02	2.92430390e-04
2.29500000e-01	1.82487760e-02	2.87599687e-04
2.30000000e-01	1.82938043e-02	2.86244244e-04
2.30500000e-01	1.84305952e-02	2.87101606e-04
2.31000000e-01	1.81455543e-02	2.83399039e-04
2.31500000e-01	1.82378440e-02	2.84249562e-04
2.32000000e-01	1.81881503e-02	2.82655583e-04
2.32500000e-01	1.83014417e-02	2.85041655e-04
2.33000000e-01	1.81460980e-02	2.79737586e-04
2.33500000e-01	1.83768422e-02	2.83524396e-04
2.34000000e-01	1.81400428e-02	2.79437072e-04
2.34500000e-01	1.81779415e-02	2.79953932e-04
2.35000000e-01	1.83482597e-02	2.82341519e-04
2.35500000e-01	1.81526642e-02	2.78072601e-04
2.36000000e-01	1.80380947e-02	2.76161281e-04
2.36500000e-01	1.83795622e-02	2.80973535e-04
2.37000000e-01	1.82799224e-02	2.78523668e-04
2.37500000e-01	1.82224920e-02	2.77451433e-04
2.38000000e-01	1.80833410e-02	2.74125899e-04
2.38500000e-01	1.83010026e-02	2.78359879e-04
2.39000000e-01	1.82767520e-02	2.76380025e-04
2.39500000e-01	1.82344624e-02	2.75288136e-04
2.40000000e-01	1.80359488e-02	2.71267093e-04
2.40500000e-01	1.83385958e-02	2.75514083e-04
2.41000000e-01	1.79964229e-02	2.70455084e-04
2.41500000e-01	1.81498122e-02	2.71841837e-04
2.42000000e-01	1.80946870e-02	2.71568155e-04
2.42500000e-01	1.81233968e-02	2.70724074e-04
2.43000000e-01	1.81665910e-02	2.70741925e-04
2.43500000e-01	1.84014408e-02	2.72888462e-04
2.44000000e-01	1.78602420e-02	2.65999527e-04
2.44500000e-01	1.81101786e-02	2.68711749e-04
2.45000000e-01	1.79176826e-02	2.65945473e-04
2.45500000e-01	1.80056138e-02	2.67099333e-04
2.46000000e-01	1.79470887e-02	2.65825520e-04
2.46500000e-01	1.80917123e-02	2.67063740e-04
2.47000000e-01	1.79913252e-02	2.66039412e-04
2.47500000e-01	1.80079417e-02	2.64889573e-04
2.48000000e-01	1.79228100e-02	2.64396093e-04
2.48500000e-01	1.80716757e-02	2.65784539e-04
2.49000000e-01	1.81117158e-02	2.66292564e-04
2.49500000e-01	1.80563481e-02	2.66326854e-04
2.50000000e-01	1.79619977e-02	2.62864858e-04
2.50500000e-01	1.80142884e-02	2.64460918e-04
2.51000000e-01	1.77877602e-02	2.59952710e-04
2.51500000e-01	1.79971476e-02	2.63562877e-04
2.52000000e-01	1.79851213e-02	2.62844217e-04
2.52500000e-01	1.81134906e-02	2.64034463e-04
2.53000000e-01	1.78690579e-02	2.61178331e-04
2.53500000e-01	1.81031303e-02	2.63691952e-04
2.54000000e-01	1.81342793e-02	2.64722219e-04
2.54500000e-01	1.79611832e-02	2.62003667e-04
2.55000000e-01	1.77262233e-02	2.57276941e-04
2.55500000e-01	1.80491375e-02	2.62016447e-04
2.56000000e-01	1.78619367e-02	2.59206153e-04
2.56500000e-01	1.79185823e-02	2.58360354e-04
2.57000000e-01	1.78533151e-02	2.58180701e-04
2.57500000e-01	1.79002088e-02	2.58489797e-04
2.58000000e-01	1.77298794e-02	2.57351698e-04
2.58500000e-01	1.77952750e-02	2.57608918e-04
2.59000000e-01	1.76556210e-02	2.55271833e-04
2.59500000e-01	1.78578128e-02	2.56466936e-04
2.60000000e-01	1.79778616e-02	2.58301205e-04
2.60500000e-01	1.79471702e-02	2.57600286e-04
2.61000000e-01	1.78419197e-02	2.56899258e-04
2.61500000e-01	1.78649605e-02	2.55972395e-04
2.62000000e-01	1.78127540e-02	2.55125306e-04
2.62500000e-01	1.77064352e-02	2.53033035e-04
2.63000000e-01	1.76735547e-02	2.52260817e-04
2.63500000e-01	1.77286008e-02	2.51840776e-04
2.64000000e-01	1.78225122e-02	2.53781688e-04
2.64500000e-01	1.77597255e-02	2.52404441e-04
2.65000000e-01	1.75305385e-02	2.49618560e-04
2.65500000e-01	1.78317256e-02	2.53131075e-04
2.66000000e-01	1.77631459e-02	2.51541196e-04
2.66500000e-01	1.77110683e-02	2.50571979e-04
2.67000000e-01	1.76718341e-02	2.49297728e-04
2.67500000e-01	1.78831196e-02	2.52964314e-04
2.68000000e-01	1.76868746e-02	2.49849586e-04
2.68500000e-01	1.75795834e-02	2.48286738e-04
2.69000000e-01	1.75370238e-02	2.46531553e-04
2.69500000e-01	1.76185632e-02	2.48335449e-04
2.70000000e-01	1.75500164e-02	2.47478895e-04
2.70500000e-01	1.78528176e-02	2.49885389e-04
2.71000000e-01	1.77057703e-02	2.47700909e-04
2.71500000e-01	1.73544230e-02	2.43139594e-04
2.72000000e-01	1.78517688e-02	2.49789513e-04
2.72500000e-01	1.75318857e-02	2.45162971e-04
2.73000000e-01	1.76165582e-02	2.45888160e-04
2.73500000e-01	1.75518790e-02	2.45349109e-04
2.74000000e-01	1.73976798e-02	2.42715962e-04
2.74500000e-01	1.75078953e-02	2.42931955e-04
2.75000000e-01	1.75401751e-02	2.43898204e-04
2.75500000e-01	1.76856998e-02	2.46349683e-04
2.76000000e-01	1.75822680e-02	2.44012084e-04
2.76500000e-01	1.75504280e-02	2.43544926e-04
2.77000000e-01	1.74180638e-02	2.41139137e-04
2.77500000e-01	1.77419176e-02	2.46361391e-04
2.78000000e-01	1.76374556e-02	2.44874654e-04
2.78500000e-01	1.74662985e-02	2.41812160e-04
2.79000000e-01	1.75513294e-02	2.43143856e-04
2.79500000e-01	1.75291320e-02	2.42123791e-04
2.80000000e-01	1.75984802e-02	2.42841442e-04
2.80500000e-01	1.75509132e-02	2.41918945e-04
2.81000000e-01	1.75574283e-02	2.41795218e-04
2.81500000e-01	1.75157465e-02	2.40780535e-04
2.82000000e-01	1.72058098e-02	2.36932961e-04
2.82500000e-01	1.75219736e-02	2.40727172e-04
2.83000000e-01	1.75892837e-02	2.41562111e-04
2.83500000e-01	1.74908509e-02	2.39643052e-04
2.84000000e-01	1.72755154e-02	2.37400705e-04
2.84500000e-01	1.73993323e-02	2.38684561e-04
2.85000000e-01	1.73743743e-02	2.37495031e-04
2.85500000e-01	1.73925924e-02	2.37443803e-04
2.86000000e-01	1.76398472e-02	2.41913147e-04
2.86500000e-01	1.72490401e-02	2.35888164e-04
2.87000000e-01	1.74677316e-02	2.38599474e-04
2.87500000e-01	1.73111392e-02	2.35005725e-04
2.88000000e-01	1.72083868e-02	2.33535837e-04
2.88500000e-01	1.74306512e-02	2.37156812e-04
2.89000000e-01	1.73955471e-02	2.36344056e-04
2.89500000e-01	1.72154823e-02	2.33244237e-04
2.90000000e-01	1.71535241e-02	2.33593766e-04
2.90500000e-01	1.73595255e-02	2.35595267e-04
2.91000000e-01	1.72045715e-02	2.33120228e-04
2.91500000e-01	1.72701177e-02	2.32588158e-04
2.92000000e-01	1.72621287e-02	2.33754826e-04
2.92500000e-01	1.73335535e-02	2.33768212e-04
2.93000000e-01	1.74310374e-02	2.35062587e-04
2.93500000e-01	1.72852463e-02	2.33341590e-04
2.94000000e-01	1.72656821e-02	2.31650553e-04
2.94500000e-01	1.70916499e-02	2.29382436e-04
2.95000000e-01	1.71721214e-02	2.29843347e-04
2.95500000e-01	1.71024352e-02	2.30231919e-04
2.96000000e-01	1.70123685e-02	2.27679314e-04
2.96500000e-01	1.72059150e-02	2.30652267e-04
2.97000000e-01	1.71303321e-02	2.29279595e-04
2.97500000e-01	1.72587788e-02	2.30236649e-04
2.98000000e-01	1.72497608e-02	2.30999733e-04
2.98500000e-01	1.72585070e-02	2.30821259e-04
2.99000000e-01	1.72629665e-02	2.30013411e-04
2.99500000e-01	1.70956460e-02	2.28822846e-04
3.00000000e-01	1.73200816e-02	2.30335350e-04
3.00500000e-01	1.70599659e-02	2.27639960e-04
3.01000000e-01	1.70660019e-02	2.27020358e-04
3.01500000e-01	1.71822448e-02	2.28197094e-04
3.02000000e-01	1.70465700e-02	2.26821039e-04
3.02500000e-01	1.70401708e-02	2.26385929e-04
3.03000000e-01	1.70938656e-02	2.27360853e-04
3.03500000e-01	1.69955166e-02	2.25039412e-04
3.04000000e-01	1.71425476e-02	2.27359945e-04
3.04500000e-01	1.69137494e-02	2.23411525e-04
3.05000000e-01	1.70880884e-02	2.25982983e-04
3.05500000e-01	1.70302947e-02	2.24534213e-04
3.06000000e-01	1.70442443e-02	2.23823635e-04
3.06500000e-01	1.68671352e-02	2.22013428e-04
3.07000000e-01	1.70276507e-02	2.24293559e-04
3.07500000e-01	1.71326641e-02	2.25600910e-04
3.08000000e-01	1.71791152e-02	2.25588027e-04
3.08500000e-01	1.71648735e-02	2.24402710e-04
3.09000000e-01	1.70105714e-02	2.23786418e-04
3.09500000e-01	1.67774705e-02	2.20286851e-04
3.10000000e-01	1.69801659e-02	2.23041527e-04
3.10500000e-01	1.69359853e-02	2.22473152e-04
3.11000000e-01	1.69968691e-02	2.22898312e-04
3.11500000e-01	1.68650382e-02	2.20098705e-04
3.12000000e-01	1.69932691e-02	2.22892603e-04
3.12500000e-01	1.69605102e-02	2.22115045e-04
3.13000000e-01	1.69897310e-02	2.21885133e-04
3.13500000e-01	1.69817447e-02	2.21261787e-04
3.14000000e-01	1.68433541e-02	2.20778451e-04
3.14500000e-01	1.68500130e-02	2.19513017e-04
3.15000000e-01	1.67793256e-02	2.18349058e-04
3.15500000e-01	1.67456335e-02	2.17438641e-04
3.16000000e-01	1.69004550e-02	2.19611737e-04
3.16500000e-01	1.67069613e-02	2.17105908e-04
3.17000000e-01	1.67924124e-02	2.17632299e-04
3.17500000e-01	1.68907631e-02	2.19322075e-04
3.18000000e-01	1.68098975e-02	2.17660794e-04
3.18500000e-01	1.68703115e-02	2.18625461e-04
3.19000000e-01	1.67761035e-02	2.17499093e-04
3.19500000e-01	1.67202791e-02	2.16828458e-04
3.20000000e-01	1.68478762e-02	2.17824026e-04
3.20500000e-01	1.69618918e-02	2.17850479e-04
3.21000000e-01	1.66380508e-02	2.14714635e-04
3.21500000e-01	1.67765385e-02	2.16139451e-04
3.22000000e-01	1.66009455e-02	2.13703128e-04
3.22500000e-01	1.67480573e-02	2.15379534e-04
3.23000000e-01	1.67704700e-02	2.15443490e-04
3.23500000e-01	1.66829813e-02	2.14347621e-04
3.24000000e-01	1.66279667e-02	2.14158265e-04
3.24500000e-01	1.66605780e-02	2.14004951e-04
3.25000000e-01	1.68556028e-02	2.15299113e-04
3.25500000e-01	1.66968026e-02	2.13257928e-04
3.26000000e-01	1.67912738e-02	2.15100166e-04
3.26500000e-01	1.66199563e-02	2.12549038e-04
3.27000000e-01	1.68181842e-02	2.15121835e-04
3.27500000e-01	1.67483792e-02	2.13919311e-04
3.28000000e-01	1.65076334e-02	2.11364535e-04
3.28500000e-01	1.65886553e-02	2.11990502e-04
3.29000000e-01	1.64146442e-02	2.09485697e-04
3.29500000e-01	1.66317565e-02	2.12529196e-04
3.30000000e-01	1.67100721e-02	2.12152615e-04
3.30500000e-01	1.65030327e-02	2.10360082e-04
3.31000000e-01	1.65412790e-02	2.10149611e-04
3.31500000e-01	1.65143849e-02	2.09472071e-04
3.32000000e-01	1.63957525e-02	2.08765436e-04
3.32500000e-01	1.64852532e-02	2.09022457e-04
3.33000000e-01	1.67120006e-02	2.11776703e-04
3.33500000e-01	1.67023054e-02	2.11435210e-04
3.34000000e-01	1.65463367e-02	2.09025949e-04
3.34500000e-01	1.65623252e-02	2.09455865e-04
3.35000000e-01	1.64410103e-02	2.07867614e-04
3.35500000e-01	1.66262440e-02	2.09796445e-04
3.36000000e-01	1.66589912e-02	2.09566931e-04
3.36500000e-01	1.65913722e-02	2.08768888e-04
3.37000000e-01	1.64147230e-02	2.06915048e-04
3.37500000e-01	1.66643943e-02	2.10165013e-04
3.38000000e-01	1.65013399e-02	2.07942258e-04
3.38500000e-01	1.65457258e-02	2.08212093e-04
3.39000000e-01	1.65316320e-02	2.08056779e-04
3.39500000e-01	1.63966700e-02	2.05401273e-04
3.40000000e-01	1.64276619e-02	2.06790294e-04
3.40500000e-01	1.65051227e-02	2.06450197e-04
3.41000000e-01	1.63926868e-02	2.05126280e-04
3.41500000e-01	1.64161202e-02	2.05958706e-04
3.42000000e-01	1.63808879e-02	2.04746133e-04
3.42500000e-01	1.64320286e-02	2.05419311e-04
3.43000000e-01	1.64625061e-02	2.05831080e-04
3.43500000e-01	1.63689691e-02	2.04555273e-04
3.44000000e-01	1.63379490e-02	2.04633690e-04
3.44500000e-01	1.62959575e-02	2.03374695e-04
3.45000000e-01	1.63364916e-02	2.03413128e-04
3.45500000e-01	1.62844482e-02	2.02442369e-04
3.46000000e-01	1.63047217e-02	2.02841502e-04
3.46500000e-01	1.62293120e-02	2.02169763e-04
3.47000000e-01	1.63383509e-02	2.02675331e-04
3.47500000e-01	1.63805308e-02	2.03524781e-04
3.48000000e-01	1.62842795e-02	2.01923853e-04
3.48500000e-01	1.62368813e-02	2.01463106e-04
3.49000000e-01	1.61796598e-02	2.00251870e-04
3.49500000e-01	1.63593521e-02	2.03182282e-04
3.50000000e-01	1.63270139e-02	1.64866692e-04
3.51000000e-01	1.62702076e-02	1.42309572e-04
3.52000000e-01	1.63247778e-02	1.42454924e-04
3.53000000e-01	1.63946786e-02	1.42425796e-04
3.54000000e-01	1.63195375e-02	1.41931320e-04
3.55000000e-01	1.61556099e-02	1.40491530e-04
3.56000000e-01	1.61746995e-02	1.40851515e-04
3.57000000e-01	1.61133512e-02	1.43199971e-04
3.58000000e-01	1.61394484e-02	1.44445188e-04
3.59000000e-01	1.59218531e-02	1.43963115e-04
3.60000000e-01	1.59950259e-02	1.45723643e-04
3.61000000e-01	1.59158216e-02	1.45402113e-04
3.62000000e-01	1.60563309e-02	1.46961821e-04
3.63000000e-01	1.60352863e-02	1.47930541e-04
3.64000000e-01	1.59964995e-02	1.47621576e-04
3.65000000e-01	1.59738495e-02	1.47994540e-04
3.66000000e-01	1.59485875e-02	1.45961764e-04
3.67000000e-01	1.60525843e-02	1.44831828e-04
3.68000000e-01	1.59244332e-02	1.42794342e-04
3.69000000e-01	1.59266698e-02	1.42477306e-04
3.70000000e-01	1.59684941e-02	1.41757723e-04
3.71000000e-01	1.57866701e-02	1.42040693e-04
3.72000000e-01	1.58676082e-02	1.43724237e-04
3.73000000e-01	1.58698601e-02	1.43904640e-04
3.74000000e-01	1.58726505e-02	1.44154473e-04
3.75000000e-01	1.60166950e-02	1.45323442e-04
3.76000000e-01	1.58479125e-02	1.44296669e-04
3.77000000e-01	1.58458160e-02	1.44083666e-04
3.78000000e-01	1.57861647e-02	1.43255569e-04
3.79000000e-01	1.58340218e-02	1.43785612e-04
3.80000000e-01	1.58532903e-02	1.43401490e-04
3.81000000e-01	1.58034608e-02	1.43734396e-04
3.82000000e-01	1.56839789e-02	1.42416038e-04
3.83000000e-01	1.58108040e-02	1.43463172e-04
3.84000000e-01	1.56546611e-02	1.41849213e-04
3.85000000e-01	1.56978349e-02	1.42411279e-04
3.86000000e-01	1.56923404e-02	1.42533784e-04
3.87000000e-01	1.55777201e-02	1.41496311e-04
3.88000000e-01	1.55314251e-02	1.40873786e-04
3.89000000e-01	1.57027340e-02	1.42217671e-04
3.90000000e-01	1.56252361e-02	1.41823481e-04
3.91000000e-01	1.56807876e-02	1.41908968e-04
3.92000000e-01	1.56581311e-02	1.41482105e-04
3.93000000e-01	1.56860100e-02	1.41570952e-04
3.94000000e-01	1.57444025e-02	1.42221737e-04
3.95000000e-01	1.55406083e-02	1.40134336e-04
3.96000000e-01	1.55263480e-02	1.40384521e-04
3.97000000e-01	1.55191656e-02	1.40420506e-04
3.98000000e-01	1.55034375e-02	1.40226296e-04
3.99000000e-01	1.55575632e-02	1.40846214e-04
4.00000000e-01	1.55488064e-02	1.40758139e-04
4.01000000e-01	1.56086278e-02	1.40635517e-04
4.02000000e-01	1.54363298e-02	1.39671877e-04
4.03000000e-01	1.55871443e-02	1.40847407e-04
4.04000000e-01	1.56352814e-02	1.41166052e-04
4.05000000e-01	1.55527722e-02	1.40786003e-04
4.06000000e-01	1.54125364e-02	1.38970342e-04
4.07000000e-01	1.53404544e-02	1.38262349e-04
4.08000000e-01	1.53615043e-02	1.38868135e-04
4.09000000e-01	1.53104270e-02	1.38070837e-04
4.10000000e-01	1.54307240e-02	1.39276564e-04
4.11000000e-01	1.53519606e-02	1.38313442e-04
4.12000000e-01	1.52858165e-02	1.37996724e-04
4.13000000e-01	1.53392491e-02	1.38459181e-04
4.14000000e-01	1.54063622e-02	1.38981003e-04
4.15000000e-01	1.52944226e-02	1.37649076e-04
4.16000000e-01	1.51821958e-02	1.36711840e-04
4.17000000e-01	1.53291458e-02	1.37844052e-04
4.18000000e-01	1.54081771e-02	1.40197794e-04
4.19000000e-01	1.54776012e-02	1.42560879e-04
4.20000000e-01	1.54685162e-02	1.43213358e-04
4.21000000e-01	1.53794614e-02	1.42620418e-04
4.22000000e-01	1.54326300e-02	1.44238297e-04
4.23000000e-01	1.54215746e-02	1.44031942e-04
4.24000000e-01	1.54122282e-02	1.44446475e-04
4.25000000e-01	1.54102614e-02	1.44945364e-04
4.26000000e-01	1.53093140e-02	1.44036599e-04
4.27000000e-01	1.53264950e-02	1.43609693e-04
4.28000000e-01	1.53761259e-02	1.44752224e-04
4.29000000e-01	1.54582194e-02	1.45622267e-04
4.30000000e-01	1.53878853e-02	1.45004009e-04
4.31000000e-01	1.53388665e-02	1.44044244e-04
4.32000000e-01	1.54115884e-02	1.45138331e-04
4.33000000e-01	1.52981658e-02	1.44267932e-04
4.34000000e-01	1.52592925e-02	1.44109686e-04
4.35000000e-01	1.53034031e-02	1.44542668e-04
4.36000000e-01	1.53023219e-02	1.44958034e-04
4.37000000e-01	1.52037316e-02	1.44289271e-04
4.38000000e-01	1.53742955e-02	1.45497547e-04
4.39000000e-01	1.51943780e-02	1.44685775e-04
4.40000000e-01	1.52469583e-02	1.45215759e-04
4.41000000e-01	1.50918687e-02	1.43818638e-04
4.42000000e-01	1.52450549e-02	1.45590061e-04
4.43000000e-01	1.51753427e-02	1.45048363e-04
4.44000000e-01	1.51856330e-02	1.45188016e-04
4.45000000e-01	1.51731907e-02	1.44971810e-04
4.46000000e-01	1.51826588e-02	1.45264745e-04
4.47000000e-01	1.51113610e-02	1.44768704e-04
4.48000000e-01	1.51749310e-02	1.45584389e-04
4.49000000e-01	1.52966759e-02	1.47212977e-04
4.50000000e-01	1.50442129e-02	1.45027180e-04
4.51000000e-01	1.51638272e-02	1.46087243e-04
4.52000000e-01	1.50520031e-02	1.45284120e-04
4.53000000e-01	1.50921868e-02	1.45659173e-04
4.54000000e-01	1.51222336e-02	1.46263622e-04
4.55000000e-01	1.51174723e-02	1.45862619e-04
4.56000000e-01	1.50872055e-02	1.45997253e-04
4.57000000e-01	1.49477932e-02	1.44721222e-04
4.58000000e-01	1.49055717e-02	1.44686140e-04
4.59000000e-01	1.49998222e-02	1.45690725e-04
4.60000000e-01	1.50872444e-02	1.46227510e-04
4.61000000e-01	1.51340325e-02	1.46852763e-04
4.62000000e-01	1.50183366e-02	1.45933355e-04
4.63000000e-01	1.49256028e-02	1.44891575e-04
4.64000000e-01	1.49788231e-02	1.46119075e-04
4.65000000e-01	1.51318461e-02	1.47375463e-04
4.66000000e-01	1.49688385e-02	1.45516255e-04
4.67000000e-01	1.50264802e-02	1.46491263e-04
4.68000000e-01	1.49334341e-02	1.45254403e-04
4.69000000e-01	1.49231018e-02	1.45749704e-04
4.70000000e-01	1.51001390e-02	1.47499521e-04
4.71000000e-01	1.48877842e-02	1.45540024e-04
4.72000000e-01	1.48409708e-02	1.44871904e-04
4.73000000e-01	1.48093239e-02	1.44857458e-04
4.74000000e-01	1.48458020e-02	1.44838714e-04
4.75000000e-01	1.48852462e-02	1.44999445e-04
4.76000000e-01	1.50706552e-02	1.46681387e-04
4.77000000e-01	1.50559594e-02	1.46823728e-04
4.78000000e-01	1.48626360e-02	1.45219791e-04
4.79000000e-01	1.48279895e-02	1.44816886e-04
4.80000000e-01	1.46042080e-02	1.43693776e-04
4.81000000e-01	1.47909295e-02	1.45241268e-04
4.82000000e-01	1.47586196e-02	1.44659102e-04
4.83000000e-01	1.47674955e-02	1.44993073e-04
4.84000000e-01	1.48337038e-02	1.45634667e-04
4.85000000e-01	1.47526839e-02	1.45018446e-04
4.86000000e-01	1.47339640e-02	1.44907423e-04
4.87000000e-01	1.48560648e-02	1.45979805e-04
4.88000000e-01	1.48718835e-02	1.46195994e-04
4.89000000e-01	1.47399269e-02	1.45299171e-04
4.90000000e-01	1.48825214e-02	1.46339882e-04
4.91000000e-01	1.48060275e-02	1.46049117e-04
4.92000000e-01	1.47538946e-02	1.45652050e-04
4.93000000e-01	1.47774910e-02	1.45587570e-04
4.94000000e-01	1.46668887e-02	1.44629723e-04
4.95000000e-01	1.47675201e-02	1.46436490e-04
4.96000000e-01	1.48005356e-02	1.51525239e-04
4.97000000e-01	1.47810722e-02	1.54330331e-04
4.98000000e-01	1.46985106e-02	1.55055847e-04
4.99000000e-01	1.46673977e-02	1.56925371e-04
5.00000000e-01	1.47907377e-02	1.59445793e-04
5.01000000e-01	1.46074841e-02	1.59264116e-04
5.02000000e-01	1.46192075e-02	1.60979627e-04
5.03000000e-01	1.46571681e-02	1.63324551e-04
5.04000000e-01	1.46871998e-02	1.64391171e-04
5.05000000e-01	1.47755209e-02	1.62219770e-04
5.06000000e-01	1.44846781e-02	1.56630536e-04
5.07000000e-01	1.47354392e-02	1.57654463e-04
5.08000000e-01	1.46541828e-02	1.55500573e-04
5.09000000e-01	1.47380005e-02	1.55609879e-04
5.10000000e-01	1.46062489e-02	1.53396308e-04
5.11000000e-01	1.46114616e-02	1.53599794e-04
5.12000000e-01	1.45402246e-02	1.52107514e-04
5.13000000e-01	1.46764038e-02	1.53857606e-04
5.14000000e-01	1.45394235e-02	1.52021770e-04
5.15000000e-01	1.44863949e-02	1.50976415e-04
5.16000000e-01	1.45369319e-02	1.51458230e-04
5.17000000e-01	1.45413379e-02	1.51271351e-04
5.18000000e-01	1.46610854e-02	1.51845247e-04
5.19000000e-01	1.45642798e-02	1.50607132e-04
5.20000000e-01	1.45644957e-02	1.50207668e-04
5.21000000e-01	1.45102614e-02	1.49714003e-04
5.22000000e-01	1.46135162e-02	1.50271752e-04
5.23000000e-01	1.46066843e-02	1.50233179e-04
5.24000000e-01	1.44964773e-02	1.49512200e-04
5.25000000e-01	1.46592654e-02	1.50824427e-04
5.26000000e-01	1.43666701e-02	1.47934815e-04
5.27000000e-01	1.45624147e-02	1.49731607e-04
5.28000000e-01	1.43466303e-02	1.47989646e-04
5.29000000e-01	1.43473141e-02	1.47832364e-04
5.30000000e-01	1.45847473e-02	1.50318025e-04
5.31000000e-01	1.43506412e-02	1.47775183e-04
5.32000000e-01	1.44333690e-02	1.48568138e-04
5.33000000e-01	1.44381032e-02	1.48390275e-04
5.34000000e-01	1.43234752e-02	1.47178554e-04
5.35000000e-01	1.43804935e-02	1.48155183e-04
5.36000000e-01	1.43578957e-02	1.47929405e-04
5.37000000e-01	1.45160270e-02	1.49278580e-04
5.38000000e-01	1.43538319e-02	1.47748477e-04
5.39000000e-01	1.44192552e-02	1.48143824e-04
5.40000000e-01	1.42919426e-02	1.46871876e-04
5.41000000e-01	1.43838626e-02	1.47968482e-04
5.42000000e-01	1.42948806e-02	1.46931606e-04
5.43000000e-01	1.43522948e-02	1.47762798e-04
5.44000000e-01	1.43630053e-02	1.47637121e-04
5.45000000e-01	1.41529128e-02	1.45946366e-04
5.46000000e-01	1.41162949e-02	1.45736121e-04
5.47000000e-01	1.42351595e-02	1.47068727e-04
5.48000000e-01	1.42540259e-02	1.46815740e-04
5.49000000e-01	1.43462034e-02	1.47415807e-04
5.50000000e-01	1.43474520e-02	1.47573489e-04
5.51000000e-01	1.41371453e-02	1.44889106e-04
5.52000000e-01	1.42042090e-02	1.45541338e-04
5.53000000e-01	1.42299969e-02	1.45484476e-04
5.54000000e-01	1.40819068e-02	1.44151031e-04
5.55000000e-01	1.42853950e-02	1.46274079e-04
5.56000000e-01	1.42050626e-02	1.45425679e-04
5.57000000e-01	1.41884093e-02	1.44660793e-04
5.58000000e-01	1.40082448e-02	1.43963135e-04
5.59000000e-01	1.41852946e-02	1.45325751e-04
5.60000000e-01	1.41856485e-02	1.45578493e-04
5.61000000e-01	1.39868778e-02	1.42907337e-04
5.62000000e-01	1.40654479e-02	1.43762218e-04
5.63000000e-01	1.41061921e-02	1.43892323e-04
5.64000000e-01	1.41838835e-02	1.44845825e-04
5.65000000e-01	1.39717186e-02	1.43208417e-04
5.66000000e-01	1.41097169e-02	1.44474219e-04
5.67000000e-01	1.41699676e-02	1.45147450e-04
5.68000000e-01	1.40737875e-02	1.43935165e-04
5.69000000e-01	1.40368832e-02	1.43478058e-04
5.70000000e-01	1.40513989e-02	1.43593769e-04
5.71000000e-01	1.39806716e-02	1.43606185e-04
5.72000000e-01	1.38896083e-02	1.42367527e-04
5.73000000e-01	1.40198162e-02	1.43777040e-04
5.74000000e-01	1.38985564e-02	1.42265718e-04
5.75000000e-01	1.40968083e-02	1.44813528e-04
5.76000000e-01	1.38036045e-02	1.41851982e-04
5.77000000e-01	1.39354643e-02	1.43038316e-04
5.78000000e-01	1.39334640e-02	1.43073627e-04
5.79000000e-01	1.41050781e-02	1.44585278e-04
5.80000000e-01	1.40341037e-02	1.43729269e-04
5.81000000e-01	1.38598290e-02	1.42164470e-04
5.82000000e-01	1.40732139e-02	1.44052929e-04
5.83000000e-01	1.38438230e-02	1.42574372e-04
5.84000000e-01	1.38909112e-02	1.42753260e-04
5.85000000e-01	1.38756623e-02	1.42427375e-04
5.86000000e-01	1.37567928e-02	1.41638840e-04
5.87000000e-01	1.39203415e-02	1.42874963e-04
5.88000000e-01	1.38283080e-02	1.42545178e-04
5.89000000e-01	1.37858545e-02	1.41965839e-04
5.90000000e-01	1.38802298e-02	1.43053939e-04
5.91000000e-01	1.37981949e-02	1.42110682e-04
5.92000000e-01	1.37976801e-02	1.42119191e-04
5.93000000e-01	1.38754451e-02	1.42583497e-04
5.94000000e-01	1.37018822e-02	1.41282611e-04
5.95000000e-01	1.37233640e-02	1.41034265e-04
5.96000000e-01	1.39286284e-02	1.43376739e-04
5.97000000e-01	1.37801561e-02	1.41946137e-04
5.98000000e-01	1.38076583e-02	1.42212982e-04
5.99000000e-01	1.36944074e-02	1.41052906e-04
6.00000000e-01	1.38032798e-02	1.42429471e-04
6.01000000e-01	1.37275412e-02	1.42032105e-04
6.02000000e-01	1.37292005e-02	1.41009382e-04
6.03000000e-01	1.38290148e-02	1.42753865e-04
6.04000000e-01	1.35671844e-02	1.39611227e-04
6.05000000e-01	1.38012951e-02	1.42214371e-04
6.06000000e-01	1.36166961e-02	1.41007039e-04
6.07000000e-01	1.37167652e-02	1.41978475e-04
6.08000000e-01	1.36288246e-02	1.40993046e-04
6.09000000e-01	1.36086683e-02	1.40673031e-04
6.10000000e-01	1.37183713e-02	1.41606332e-04
6.11000000e-01	1.37280500e-02	1.41947447e-04
6.12000000e-01	1.36943527e-02	1.41623692e-04
6.13000000e-01	1.35956734e-02	1.40885042e-04
6.14000000e-01	1.37356395e-02	1.41608485e-04
6.15000000e-01	1.34469963e-02	1.38840661e-04
6.16000000e-01	1.37044795e-02	1.41531593e-04
6.17000000e-01	1.36742884e-02	1.41023013e-04
6.18000000e-01	1.36310491e-02	1.40993781e-04
6.19000000e-01	1.37476872e-02	1.42013796e-04
6.20000000e-01	1.37351655e-02	1.41376489e-04
6.21000000e-01	1.35153776e-02	1.39417175e-04
6.22000000e-01	1.36607028e-02	1.40607304e-04
6.23000000e-01	1.35349543e-02	1.39061376e-04
6.24000000e-01	1.36285892e-02	1.39983703e-04
6.25000000e-01	1.37612168e-02	1.41130532e-04
6.26000000e-01	1.35838758e-02	1.39424429e-04
6.27000000e-01	1.34857534e-02	1.38495453e-04
6.28000000e-01	1.34849085e-02	1.38537591e-04
6.29000000e-01	1.35376293e-02	1.38856114e-04
6.30000000e-01	1.34773380e-02	1.38262675e-04
6.31000000e-01	1.34383916e-02	1.38092032e-04
6.32000000e-01	1.35412220e-02	1.39372995e-04
6.33000000e-01	1.36338208e-02	1.39774059e-04
6.34000000e-01	1.35478965e-02	1.42323038e-04
6.35000000e-01	1.35573939e-02	1.46751340e-04
6.36000000e-01	1.34817670e-02	1.48666509e-04
6.37000000e-01	1.36007595e-02	1.52552857e-04
6.38000000e-01	1.35181411e-02	1.53407132e-04
6.39000000e-01	1.36881444e-02	1.57148536e-04
6.40000000e-01	1.35995081e-02	1.57819351e-04
6.41000000e-01	1.36018638e-02	1.59948133e-04
6.42000000e-01	1.35797533e-02	1.61296298e-04
6.43000000e-01	1.35751121e-02	1.61355706e-04
6.44000000e-01	1.36111750e-02	1.55925973e-04
6.45000000e-01	1.36993201e-02	1.55074247e-04
6.46000000e-01	1.36079138e-02	1.52319721e-04
6.47000000e-01	1.36466555e-02	1.50973491e-04
6.48000000e-01	1.35837752e-02	1.49625138e-04
6.49000000e-01	1.36327496e-02	1.49881618e-04
6.50000000e-01	1.36166981e-02	1.48658089e-04
6.51000000e-01	1.35828618e-02	1.47471043e-04
6.52000000e-01	1.36281943e-02	1.47916557e-04
6.53000000e-01	1.34431431e-02	1.44936713e-04
6.54000000e-01	1.36308667e-02	1.46273079e-04
6.55000000e-01	1.34662688e-02	1.44690186e-04
6.56000000e-01	1.35276593e-02	1.45251444e-04
6.57000000e-01	1.34190460e-02	1.43822564e-04
6.58000000e-01	1.35422610e-02	1.44489070e-04
6.59000000e-01	1.35649266e-02	1.44930302e-04
6.60000000e-01	1.35506704e-02	1.44629904e-04
6.61000000e-01	1.34428455e-02	1.43787733e-04
6.62000000e-01	1.34931070e-02	1.44195072e-04
6.63000000e-01	1.34608360e-02	1.43885213e-04
6.64000000e-01	1.34783326e-02	1.43965200e-04
6.65000000e-01	1.34099017e-02	1.43212172e-04
6.66000000e-01	1.33625734e-02	1.42503380e-04
6.67000000e-01	1.35067076e-02	1.43882384e-04
6.68000000e-01	1.33672184e-02	1.42314662e-04
6.69000000e-01	1.34155660e-02	1.43118851e-04
6.70000000e-01	1.34908964e-02	1.43701722e-04
6.71000000e-01	1.34377812e-02	1.42660952e-04
6.72000000e-01	1.33216106e-02	1.41773777e-04
6.73000000e-01	1.35428206e-02	1.43390088e-04
6.74000000e-01	1.32507300e-02	1.40930126e-04
6.75000000e-01	1.33889855e-02	1.42311096e-04
6.76000000e-01	1.34440216e-02	1.42954192e-04
6.77000000e-01	1.34259596e-02	1.42295038e-04
6.78000000e-01	1.34157058e-02	1.42427743e-04
6.79000000e-01	1.33151024e-02	1.41581235e-04
6.80000000e-01	1.32651603e-02	1.41031931e-04
6.81000000e-01	1.33011839e-02	1.40933809e-04
6.82000000e-01	1.33388162e-02	1.41310949e-04
6.83000000e-01	1.32208317e-02	1.39804487e-04
6.84000000e-01	1.33606640e-02	1.41544314e-04
6.85000000e-01	1.31580122e-02	1.39798274e-04
6.86000000e-01	1.32916874e-02	1.40822852e-04
6.87000000e-01	1.33333647e-02	1.41793020e-04
6.88000000e-01	1.33336184e-02	1.41242073e-04
6.89000000e-01	1.32616126e-02	1.40547088e-04
6.90000000e-01	1.32779635e-02	1.40475750e-04
6.91000000e-01	1.32171537e-02	1.40171399e-04
6.92000000e-01	1.33129690e-02	1.40876869e-04
6.93000000e-01	1.32486492e-02	1.39933419e-04
6.94000000e-01	1.33623977e-02	1.41030525e-04
6.95000000e-01	1.30915271e-02	1.38539781e-04
6.96000000e-01	1.32624867e-02	1.40295190e-04
6.97000000e-01	1.31475123e-02	1.39258357e-04
6.98000000e-01	1.31909735e-02	1.39736477e-04
6.99000000e-01	1.33402964e-02	1.40723540e-04
7.00000000e-01	1.32034011e-02	1.39651312e-04
7.01000000e-01	1.32999109e-02	1.40402362e-04
7.02000000e-01	1.29332761e-02	1.37373429e-04
7.03000000e-01	1.30442586e-02	1.38350369e-04
7.04000000e-01	1.31248746e-02	1.39139813e-04
7.05000000e-01	1.29955224e-02	1.37852506e-04
7.06000000e-01	1.30746379e-02	1.38242262e-04
7.07000000e-01	1.31533843e-02	1.39292559e-04
7.08000000e-01	1.29088754e-02	1.36509672e-04
7.09000000e-01	1.29195993e-02	1.36573649e-04
7.10000000e-01	1.31141488e-02	1.38732435e-04
7.11000000e-01	1.29905473e-02	1.37937435e-04
7.12000000e-01	1.29717092e-02	1.37159861e-04
7.13000000e-01	1.29805290e-02	1.37151943e-04
7.14000000e-01	1.29160592e-02	1.36633232e-04
7.15000000e-01	1.29561918e-02	1.37391267e-04
7.16000000e-01	1.28906209e-02	1.36952958e-04
7.17000000e-01	1.29958755e-02	1.37128096e-04
7.18000000e-01	1.29574866e-02	1.36999830e-04
7.19000000e-01	1.29066180e-02	1.36913208e-04
7.20000000e-01	1.29746022e-02	1.37123421e-04
7.21000000e-01	1.28786439e-02	1.36449523e-04
7.22000000e-01	1.28565144e-02	1.36593638e-04
7.23000000e-01	1.28188127e-02	1.35939143e-04
7.24000000e-01	1.27247281e-02	1.34908365e-04
7.25000000e-01	1.27758092e-02	1.35708371e-04
7.26000000e-01	1.28803093e-02	1.36690519e-04
7.27000000e-01	1.29855318e-02	1.37289594e-04
7.28000000e-01	1.29244079e-02	1.36789344e-04
7.29000000e-01	1.28326939e-02	1.35850042e-04
7.30000000e-01	1.27068579e-02	1.35107558e-04
7.31000000e-01	1.27712691e-02	1.35080836e-04
7.32000000e-01	1.26524397e-02	1.34702752e-04
7.33000000e-01	1.28565239e-02	1.35983872e-04
7.34000000e-01	1.27185458e-02	1.34644285e-04
7.35000000e-01	1.28027253e-02	1.35304968e-04
7.36000000e-01	1.26553158e-02	1.33511839e-04
7.37000000e-01	1.25953297e-02	1.33032287e-04
7.38000000e-01	1.27623904e-02	1.34456548e-04
7.39000000e-01	1.27904466e-02	1.34520020e-04
7.40000000e-01	1.28130773e-02	1.34132579e-04
7.41000000e-01	1.26331967e-02	1.32377588e-04
7.42000000e-01	1.27693673e-02	1.33689035e-04
7.43000000e-01	1.27966724e-02	1.34064421e-04
7.44000000e-01	1.26466479e-02	1.33061998e-04
7.45000000e-01	1.27481642e-02	1.33341114e-04
7.46000000e-01	1.26167349e-02	1.32420889e-04
7.47000000e-01	1.29095683e-02	1.35590814e-04
7.48000000e-01	1.27053430e-02	1.32751255e-04
7.49000000e-01	1.26174884e-02	1.32466032e-04
7.50000000e-01	1.27118181e-02	1.33290983e-04
7.51000000e-01	1.27218823e-02	1.33013815e-04
7.52000000e-01	1.25975350e-02	1.32515927e-04
7.53000000e-01	1.25795408e-02	1.31952635e-04
7.54000000e-01	1.26832992e-02	1.33052528e-04
7.55000000e-01	1.25511331e-02	1.32192712e-04
7.56000000e-01	1.26021045e-02	1.32338401e-04
7.57000000e-01	1.25972292e-02	1.32441416e-04
7.58000000e-01	1.25736653e-02	1.31704346e-04
7.59000000e-01	1.25057414e-02	1.31162741e-04
7.60000000e-01	1.26209767e-02	1.32177930e-04
7.61000000e-01	1.24354266e-02	1.30303571e-04
7.62000000e-01	1.24190786e-02	1.30076386e-04
7.63000000e-01	1.25008106e-02	1.30416843e-04
7.64000000e-01	1.24573876e-02	1.29998133e-04
7.65000000e-01	1.24605048e-02	1.29957235e-04
7.66000000e-01	1.23994049e-02	1.29231786e-04
7.67000000e-01	1.23842217e-02	1.29598812e-04
7.68000000e-01	1.24207609e-02	1.28872742e-04
7.69000000e-01	1.24340830e-02	1.29848500e-04
7.70000000e-01	1.24621013e-02	1.30128850e-04
7.71000000e-01	1.24710906e-02	1.29716720e-04
7.72000000e-01	1.23750122e-02	1.33063692e-04
7.73000000e-01	1.23434947e-02	1.37011234e-04
7.74000000e-01	1.24414474e-02	1.40212120e-04
7.75000000e-01	1.24965054e-02	1.43612968e-04
7.76000000e-01	1.23954310e-02	1.44941482e-04
7.77000000e-01	1.23664647e-02	1.46429758e-04
7.78000000e-01	1.22650789e-02	1.47562954e-04
7.79000000e-01	1.22070510e-02	1.48635039e-04
7.80000000e-01	1.22814774e-02	1.51302068e-04
7.81000000e-01	1.21855088e-02	1.52074122e-04
7.82000000e-01	1.21557818e-02	1.53093193e-04
7.83000000e-01	1.24034567e-02	1.56905335e-04
7.84000000e-01	1.23692451e-02	1.59211149e-04
7.85000000e-01	1.22330785e-02	1.59036524e-04
7.86000000e-01	1.21964658e-02	1.61051278e-04
7.87000000e-01	1.21755301e-02	1.61801704e-04
7.88000000e-01	1.21838014e-02	1.63629021e-04
7.89000000e-01	1.23635826e-02	1.66585676e-04
7.90000000e-01	1.22577120e-02	1.67998244e-04
7.91000000e-01	1.19946496e-02	1.66002177e-04
7.92000000e-01	1.21798924e-02	1.70328259e-04
7.93000000e-01	1.20675087e-02	1.69613491e-04
7.94000000e-01	1.22063665e-02	1.74125631e-04
7.95000000e-01	1.20640205e-02	1.74116388e-04
7.96000000e-01	1.20705987e-02	1.75110642e-04
7.97000000e-01	1.21891809e-02	1.78955935e-04
7.98000000e-01	1.20439368e-02	1.78390468e-04
7.99000000e-01	1.21383368e-02	1.81141253e-04
8.00000000e-01	1.20488262e-02	1.82028100e-04
8.01000000e-01	1.22250408e-02	1.85827182e-04
8.02000000e-01	1.19784662e-02	1.85202044e-04
8.03000000e-01	1.21879718e-02	1.90188070e-04
8.04000000e-01	1.19039553e-02	1.87824770e-04
8.05000000e-01	1.20439447e-02	1.91590434e-04
8.06000000e-01	1.18298993e-02	1.91279264e-04
8.07000000e-01	1.19538926e-02	1.94563661e-04
8.08000000e-01	1.20790011e-02	1.99382127e-04
8.09000000e-01	1.19199759e-02	1.98928179e-04
8.10000000e-01	1.18953429e-02	2.00434310e-04
8.11000000e-01	1.17954077e-02	2.01167921e-04
8.12000000e-01	1.19605127e-02	2.06281758e-04
8.13000000e-01	1.18503566e-02	2.06646545e-04
8.14000000e-01	1.18299355e-02	2.08852919e-04
8.15000000e-01	1.19545313e-02	2.13347416e-04
8.16000000e-01	1.17187752e-02	2.11969401e-04
8.17000000e-01	1.18881935e-02	2.16778288e-04
8.18000000e-01	1.18529102e-02	2.19513174e-04
8.19000000e-01	1.19943458e-02	2.26067119e-04
8.20000000e-01	1.18463067e-02	2.23649518e-04
8.21000000e-01	1.18657756e-02	2.27834515e-04
8.22000000e-01	1.17443871e-02	2.28422709e-04
8.23000000e-01	1.17252389e-02	2.32150158e-04
8.24000000e-01	1.14687233e-02	2.31415156e-04
8.25000000e-01	1.16694656e-02	2.37729538e-04
8.26000000e-01	1.18291154e-02	2.44061004e-04
8.27000000e-01	1.18362611e-02	2.48673332e-04
8.28000000e-01	1.17949302e-02	2.51082602e-04
8.29000000e-01	1.15922043e-02	2.51689152e-04
8.30000000e-01	1.17341158e-02	2.59134177e-04
8.31000000e-01	1.16051265e-02	2.58660219e-04
8.32000000e-01	1.16335041e-02	2.64020373e-04
8.33000000e-01	1.14973814e-02	2.68087615e-04
8.34000000e-01	1.15453326e-02	2.72328920e-04
8.35000000e-01	1.15573608e-02	2.75715129e-04
8.36000000e-01	1.17802723e-02	2.86140485e-04
8.37000000e-01	1.16100832e-02	2.89050057e-04
8.38000000e-01	1.12032406e-02	2.85325599e-04
8.39000000e-01	1.15235442e-02	2.99261339e-04
8.40000000e-01	1.12337146e-02	2.96349201e-04
8.41000000e-01	1.11121132e-02	3.03464171e-04
8.42000000e-01	1.11553207e-02	3.09971887e-04
8.43000000e-01	1.13596897e-02	3.21302649e-04
8.44000000e-01	1.14720752e-02	3.30589629e-04
8.45000000e-01	1.16297682e-02	3.44781254e-04
8.46000000e-01	1.14223654e-02	3.48708337e-04
8.47000000e-01	1.11061710e-02	3.49956272e-04
8.48000000e-01	1.14191240e-02	3.64704880e-04
8.49000000e-01	1.10510319e-02	3.69034042e-04
8.50000000e-01	1.11396966e-02	3.89559473e-04
8.51000000e-01	1.10790539e-02	4.02972646e-04
8.52000000e-01	1.14206066e-02	4.26755617e-04
8.53000000e-01	1.07659028e-02	4.19407920e-04
8.54000000e-01	1.12807134e-02	4.59708032e-04
8.55000000e-01	1.06876050e-02	4.56113885e-04
8.56000000e-01	1.10813671e-02	4.80318573e-04
8.57000000e-01	1.09837916e-02	4.92713418e-04
8.58000000e-01	1.14002171e-02	5.27706829e-04
8.59000000e-01	1.05922129e-02	5.00744646e-04
8.60000000e-01	1.13648043e-02	5.56951790e-04
8.61000000e-01	1.07509475e-02	5.39119088e-04
8.62000000e-01	1.09196318e-02	5.72277361e-04
8.63000000e-01	1.07437748e-02	5.89233481e-04
8.64000000e-01	1.04813091e-02	6.02775961e-04
8.65000000e-01	1.11427836e-02	6.55119462e-04
8.66000000e-01	1.11301262e-02	6.96944436e-04
8.67000000e-01	1.09295226e-02	7.32010128e-04
8.68000000e-01	1.00481769e-02	7.27020408e-04
8.69000000e-01	1.11823809e-02	8.34395914e-04
8.70000000e-01	1.03899563e-02	8.80639322e-04
8.71000000e-01	1.00641160e-02	9.43284659e-04
8.72000000e-01	1.10928465e-02	1.15678845e-03
8.73000000e-01	1.13785188e-02	1.39272653e-03
8.74000000e-01	1.16697995e-02	1.76225083e-03
8.75000000e-01	9.82014029e-03	3.38891077e-03
