% Filename : SJS5_00036_00016.h5
% Date & Time : 30-Oct-2025 17:36:56
% X-ray Energy (keV) : 13.30001
% Exposure Time (s) : 0.500
% Beam Center : 1461.24000, 208.98300
% Sample to Detector Distance (SDD) (mm) : 1990.750
% Detector Pixel Size (mm) : 0.075
% Photodiode Value : 142318.000
% I0 of Sample : 0
% I0 of Standard : 1
% 
% q(A^-1)   I(q)    I(q)_SE
0.00000000e+00	1.52335112e-02	7.82546502e-03
2.50000000e-04	0.00000000e+00	0.00000000e+00
5.00000000e-04	0.00000000e+00	0.00000000e+00
7.50000000e-04	0.00000000e+00	0.00000000e+00
1.00000000e-03	0.00000000e+00	0.00000000e+00
1.25000000e-03	0.00000000e+00	0.00000000e+00
1.50000000e-03	0.00000000e+00	0.00000000e+00
1.75000000e-03	0.00000000e+00	0.00000000e+00
2.00000000e-03	0.00000000e+00	0.00000000e+00
2.25000000e-03	0.00000000e+00	0.00000000e+00
2.50000000e-03	0.00000000e+00	0.00000000e+00
2.75000000e-03	0.00000000e+00	0.00000000e+00
3.00000000e-03	0.00000000e+00	0.00000000e+00
3.25000000e-03	6.02313868e+00	3.51770630e+00
3.50000000e-03	4.60657613e+01	1.52184994e+01
3.75000000e-03	3.80787537e+01	9.66395773e+00
4.00000000e-03	3.61577598e+01	8.92876852e+00
4.25000000e-03	2.96927302e+01	6.34759891e+00
4.50000000e-03	2.20886524e+01	4.31473279e+00
4.75000000e-03	1.78098171e+01	3.07216699e+00
5.00000000e-03	1.45983846e+01	2.41730307e+00
5.25000000e-03	1.25143591e+01	2.17090406e+00
5.50000000e-03	1.09197097e+01	1.96227136e+00
5.75000000e-03	7.63032143e+00	1.14435577e+00
6.00000000e-03	7.97216192e+00	1.30694793e+00
6.25000000e-03	5.68823119e+00	8.40358451e-01
6.50000000e-03	4.98525296e+00	7.32422815e-01
6.75000000e-03	4.80837961e+00	7.57746662e-01
7.00000000e-03	3.76899363e+00	5.63249909e-01
7.25000000e-03	3.31658119e+00	4.73425836e-01
7.50000000e-03	3.02385846e+00	4.60445797e-01
7.75000000e-03	2.56734635e+00	3.68362632e-01
8.00000000e-03	2.23940513e+00	3.27220021e-01
8.25000000e-03	1.99191493e+00	2.63752053e-01
8.50000000e-03	1.83544287e+00	2.52161642e-01
8.75000000e-03	1.62220165e+00	2.23477972e-01
9.00000000e-03	1.45206656e+00	2.00769772e-01
9.25000000e-03	1.22040168e+00	1.52906473e-01
9.50000000e-03	1.12640631e+00	1.44155526e-01
9.75000000e-03	1.11049582e+00	1.59451996e-01
1.00000000e-02	9.27190237e-01	1.22959368e-01
1.02500000e-02	9.10085316e-01	1.19273928e-01
1.05000000e-02	7.58532908e-01	9.07416633e-02
1.07500000e-02	6.74308451e-01	7.74418447e-02
1.10000000e-02	6.38581201e-01	7.14926452e-02
1.12500000e-02	5.67696029e-01	6.44608904e-02
1.15000000e-02	5.56629266e-01	6.44090728e-02
1.17500000e-02	4.75325451e-01	5.01145066e-02
1.20000000e-02	4.64693742e-01	5.14033393e-02
1.22500000e-02	4.15214012e-01	4.31572443e-02
1.25000000e-02	3.85107037e-01	3.97272435e-02
1.27500000e-02	3.49594159e-01	3.43157467e-02
1.30000000e-02	3.09367746e-01	2.99402269e-02
1.32500000e-02	3.12330470e-01	3.14513971e-02
1.35000000e-02	2.74564051e-01	2.64878975e-02
1.37500000e-02	2.65626671e-01	2.67672946e-02
1.40000000e-02	2.52339077e-01	2.37117721e-02
1.42500000e-02	2.24001455e-01	1.97419182e-02
1.45000000e-02	2.12770216e-01	1.99972560e-02
1.47500000e-02	2.08452306e-01	1.97442830e-02
1.50000000e-02	1.82765406e-01	1.61460253e-02
1.52500000e-02	1.86423986e-01	1.67889083e-02
1.55000000e-02	1.63052272e-01	1.39718105e-02
1.57500000e-02	1.53125582e-01	1.25763019e-02
1.60000000e-02	1.51025234e-01	1.27461757e-02
1.62500000e-02	1.41212874e-01	1.21914402e-02
1.65000000e-02	1.39119997e-01	1.13299537e-02
1.67500000e-02	1.26522938e-01	9.89071521e-03
1.70000000e-02	1.21232574e-01	9.82818786e-03
1.72500000e-02	1.16741678e-01	9.19107189e-03
1.75000000e-02	1.13159485e-01	8.84745863e-03
1.77500000e-02	1.08071754e-01	8.17513307e-03
1.80000000e-02	1.01379188e-01	7.66234487e-03
1.82500000e-02	9.65080700e-02	7.08588696e-03
1.85000000e-02	9.43347115e-02	7.15708730e-03
1.87500000e-02	8.74753962e-02	6.31586167e-03
1.90000000e-02	8.52062686e-02	6.14897924e-03
1.92500000e-02	8.23388928e-02	5.45178120e-03
1.95000000e-02	7.88310444e-02	5.46868679e-03
1.97500000e-02	7.62587087e-02	5.18623646e-03
2.00000000e-02	7.12884741e-02	4.61252069e-03
2.02500000e-02	7.25277287e-02	4.77871657e-03
2.05000000e-02	6.62812360e-02	4.14982746e-03
2.07500000e-02	6.61293999e-02	4.15840264e-03
2.10000000e-02	6.56210634e-02	4.22522979e-03
2.12500000e-02	6.23113752e-02	3.94806169e-03
2.15000000e-02	5.95088388e-02	3.61526125e-03
2.17500000e-02	5.76398719e-02	3.47768059e-03
2.20000000e-02	5.69319253e-02	3.47698229e-03
2.22500000e-02	5.70969662e-02	3.37734247e-03
2.25000000e-02	5.70528418e-02	3.58606091e-03
2.27500000e-02	5.35195327e-02	3.26525715e-03
2.30000000e-02	5.03103086e-02	2.88666073e-03
2.32500000e-02	4.85753176e-02	2.85383483e-03
2.35000000e-02	4.72405985e-02	2.78435949e-03
2.37500000e-02	4.58653878e-02	2.63021660e-03
2.40000000e-02	4.51483808e-02	2.57185851e-03
2.42500000e-02	4.26388730e-02	2.33500436e-03
2.45000000e-02	4.11520384e-02	2.28584948e-03
2.47500000e-02	4.06031763e-02	2.22828457e-03
2.50000000e-02	3.91190509e-02	2.14217250e-03
2.52500000e-02	3.87301672e-02	2.08843715e-03
2.55000000e-02	3.75873827e-02	1.96905613e-03
2.57500000e-02	3.74235865e-02	2.05102888e-03
2.60000000e-02	3.74931914e-02	1.95056380e-03
2.62500000e-02	3.60386075e-02	1.91891627e-03
2.65000000e-02	3.50571954e-02	1.83652861e-03
2.67500000e-02	3.51592514e-02	1.78072399e-03
2.70000000e-02	3.46741801e-02	1.78497482e-03
2.72500000e-02	3.42619072e-02	1.72867512e-03
2.75000000e-02	3.46843501e-02	1.80108811e-03
2.77500000e-02	3.22236849e-02	1.65736052e-03
2.80000000e-02	3.26121792e-02	1.64099110e-03
2.82500000e-02	3.28817692e-02	1.66550417e-03
2.85000000e-02	3.27388200e-02	1.64678117e-03
2.87500000e-02	3.06998262e-02	1.54795639e-03
2.90000000e-02	3.11690522e-02	1.54407229e-03
2.92500000e-02	3.17419553e-02	1.54709027e-03
2.95000000e-02	3.12033365e-02	1.54324145e-03
2.97500000e-02	3.17506515e-02	1.54199266e-03
3.00000000e-02	3.08062461e-02	1.54178411e-03
3.02500000e-02	3.08207290e-02	1.51692707e-03
3.05000000e-02	3.03084421e-02	1.45232851e-03
3.07500000e-02	2.99775842e-02	1.43896982e-03
3.10000000e-02	2.91136332e-02	1.39107023e-03
3.12500000e-02	2.96670819e-02	1.44628962e-03
3.15000000e-02	2.88203827e-02	1.36895999e-03
3.17500000e-02	2.94083042e-02	1.37421201e-03
3.20000000e-02	2.85940426e-02	1.35344547e-03
3.22500000e-02	2.92135494e-02	1.36344406e-03
3.25000000e-02	2.80569267e-02	1.33694338e-03
3.27500000e-02	2.80248016e-02	1.31254726e-03
3.30000000e-02	2.79675732e-02	1.30726441e-03
3.32500000e-02	2.79164690e-02	1.28695176e-03
3.35000000e-02	2.69244308e-02	1.28178349e-03
3.37500000e-02	2.65413026e-02	1.24943953e-03
3.40000000e-02	2.65530365e-02	1.22364096e-03
3.42500000e-02	2.63869735e-02	1.23046957e-03
3.45000000e-02	2.61325945e-02	1.21121919e-03
3.47500000e-02	2.68692950e-02	1.22995817e-03
3.50000000e-02	2.62775641e-02	1.19857342e-03
3.52500000e-02	2.58941569e-02	1.18737480e-03
3.55000000e-02	2.63058544e-02	1.18190115e-03
3.57500000e-02	2.56918700e-02	1.16709415e-03
3.60000000e-02	2.54846558e-02	1.16943272e-03
3.62500000e-02	2.53121058e-02	1.15544393e-03
3.65000000e-02	2.45563325e-02	1.11662424e-03
3.67500000e-02	2.52496064e-02	1.13560242e-03
3.70000000e-02	2.56774416e-02	1.15351765e-03
3.72500000e-02	2.50117689e-02	1.11469404e-03
3.75000000e-02	2.45995609e-02	1.09535780e-03
3.77500000e-02	2.38740012e-02	1.08067619e-03
3.80000000e-02	2.58265925e-02	1.13116226e-03
3.82500000e-02	2.44487879e-02	1.08044599e-03
3.85000000e-02	2.33963592e-02	1.04498157e-03
3.87500000e-02	2.32437026e-02	1.01129066e-03
3.90000000e-02	2.47221736e-02	1.10480639e-03
3.92500000e-02	2.40400417e-02	1.04202017e-03
3.95000000e-02	2.43193396e-02	1.06561568e-03
3.97500000e-02	2.40256227e-02	1.05661721e-03
4.00000000e-02	2.30011609e-02	1.01306676e-03
4.02500000e-02	2.43548061e-02	1.05692756e-03
4.05000000e-02	2.43690621e-02	1.05092295e-03
4.07500000e-02	2.37309577e-02	1.01202749e-03
4.10000000e-02	2.38718194e-02	1.02739521e-03
4.12500000e-02	2.39790325e-02	1.03828666e-03
4.15000000e-02	2.35181719e-02	1.00980963e-03
4.17500000e-02	2.31855407e-02	9.90126991e-04
4.20000000e-02	2.33625568e-02	9.80663091e-04
4.22500000e-02	2.32915000e-02	9.83057946e-04
4.25000000e-02	2.34906782e-02	9.95840646e-04
4.27500000e-02	2.32441812e-02	9.74744488e-04
4.30000000e-02	2.24997978e-02	9.52307703e-04
4.32500000e-02	2.30942876e-02	9.65912474e-04
4.35000000e-02	2.30381656e-02	9.81557150e-04
4.37500000e-02	2.31509848e-02	9.63925874e-04
4.40000000e-02	2.32452337e-02	9.77418845e-04
4.42500000e-02	2.36358238e-02	9.93264314e-04
4.45000000e-02	2.27696875e-02	9.48559824e-04
4.47500000e-02	2.24643961e-02	9.46675112e-04
4.50000000e-02	2.22435809e-02	9.27504136e-04
4.52500000e-02	2.20911167e-02	9.21719328e-04
4.55000000e-02	2.29565086e-02	9.51004136e-04
4.57500000e-02	2.25943225e-02	9.39029592e-04
4.60000000e-02	2.28098532e-02	9.43682450e-04
4.62500000e-02	2.24269715e-02	9.20970895e-04
4.65000000e-02	2.20446435e-02	9.05974057e-04
4.67500000e-02	2.23326295e-02	9.04554932e-04
4.70000000e-02	2.22554674e-02	9.10107050e-04
4.72500000e-02	2.25487996e-02	9.20919470e-04
4.75000000e-02	2.18913752e-02	9.05818355e-04
4.77500000e-02	2.25892872e-02	9.21049963e-04
4.80000000e-02	2.17601630e-02	8.80398161e-04
4.82500000e-02	2.24142112e-02	9.04339029e-04
4.85000000e-02	2.21176417e-02	8.99981384e-04
4.87500000e-02	2.16890799e-02	8.79440429e-04
4.90000000e-02	2.22370535e-02	8.87791166e-04
4.92500000e-02	2.15122313e-02	8.58433662e-04
4.95000000e-02	2.19681039e-02	8.82316330e-04
4.97500000e-02	2.20927793e-02	8.94119081e-04
5.00000000e-02	2.12773727e-02	8.54777500e-04
5.02500000e-02	2.16207749e-02	8.60310459e-04
5.05000000e-02	2.15302419e-02	8.55976143e-04
5.07500000e-02	2.24357625e-02	8.89284660e-04
5.10000000e-02	2.24125620e-02	8.91189670e-04
5.12500000e-02	2.15433338e-02	8.55233833e-04
5.15000000e-02	2.14231244e-02	8.48344388e-04
5.17500000e-02	2.14373455e-02	8.44590745e-04
5.20000000e-02	2.13320129e-02	8.35231253e-04
5.22500000e-02	2.07789731e-02	8.23007814e-04
5.25000000e-02	2.09109445e-02	8.14813158e-04
5.27500000e-02	2.14725749e-02	8.35645821e-04
5.30000000e-02	2.17334473e-02	8.54812577e-04
5.32500000e-02	2.13889965e-02	8.39004704e-04
5.35000000e-02	2.14093594e-02	8.32207975e-04
5.37500000e-02	2.19292867e-02	8.49936860e-04
5.40000000e-02	2.13092480e-02	8.27968551e-04
5.42500000e-02	2.15700943e-02	8.31419337e-04
5.45000000e-02	2.13500965e-02	8.23945872e-04
5.47500000e-02	2.09822981e-02	8.08643611e-04
5.50000000e-02	2.12750247e-02	8.18556983e-04
5.52500000e-02	2.15609026e-02	8.28740364e-04
5.55000000e-02	2.13780982e-02	8.19966071e-04
5.57500000e-02	2.12085037e-02	8.12229503e-04
5.60000000e-02	2.17483585e-02	8.30851566e-04
5.62500000e-02	2.14092659e-02	8.19214989e-04
5.65000000e-02	2.12958778e-02	8.10668084e-04
5.67500000e-02	2.14311386e-02	8.25983881e-04
5.70000000e-02	2.13643745e-02	8.05347924e-04
5.72500000e-02	2.10925506e-02	7.98529173e-04
5.75000000e-02	2.00822084e-02	7.67308306e-04
5.77500000e-02	2.12253083e-02	7.92399069e-04
5.80000000e-02	2.07383485e-02	7.92559213e-04
5.82500000e-02	2.11242206e-02	7.90505225e-04
5.85000000e-02	2.10207839e-02	7.91699684e-04
5.87500000e-02	2.14434845e-02	7.93786222e-04
5.90000000e-02	2.07168564e-02	7.77018792e-04
5.92500000e-02	2.10658848e-02	7.80979776e-04
5.95000000e-02	2.13790017e-02	7.98154907e-04
5.97500000e-02	2.02146774e-02	7.55888376e-04
6.00000000e-02	2.10242049e-02	7.85109256e-04
6.02500000e-02	2.06710491e-02	7.65759191e-04
6.05000000e-02	2.10189118e-02	7.72863702e-04
6.07500000e-02	2.15522860e-02	8.00597944e-04
6.10000000e-02	2.05102666e-02	7.62650903e-04
6.12500000e-02	1.98480720e-02	7.43223300e-04
6.15000000e-02	2.03902426e-02	7.49464784e-04
6.17500000e-02	2.05658852e-02	7.59267273e-04
6.20000000e-02	2.04957153e-02	7.59786206e-04
6.22500000e-02	2.08917280e-02	7.66848610e-04
6.25000000e-02	2.01161078e-02	7.37513625e-04
6.27500000e-02	2.05081981e-02	7.53908668e-04
6.30000000e-02	2.04892549e-02	7.46250452e-04
6.32500000e-02	2.02451667e-02	7.39693899e-04
6.35000000e-02	2.08108519e-02	7.59107397e-04
6.37500000e-02	2.07493494e-02	7.58176826e-04
6.40000000e-02	2.09740950e-02	7.61801911e-04
6.42500000e-02	2.07205305e-02	7.46066970e-04
6.45000000e-02	2.06352034e-02	7.43774791e-04
6.47500000e-02	2.06039214e-02	7.43931927e-04
6.50000000e-02	2.03821500e-02	7.36044985e-04
6.52500000e-02	2.06583577e-02	7.41689112e-04
6.55000000e-02	2.05349850e-02	7.35857481e-04
6.57500000e-02	2.03282621e-02	7.33759402e-04
6.60000000e-02	2.06982051e-02	7.34798298e-04
6.62500000e-02	2.02774873e-02	7.33767535e-04
6.65000000e-02	2.03954996e-02	7.25227016e-04
6.67500000e-02	2.06159436e-02	7.30937676e-04
6.70000000e-02	2.04360206e-02	7.26804670e-04
6.72500000e-02	2.00073485e-02	7.14446976e-04
6.75000000e-02	2.07166232e-02	7.29513902e-04
6.77500000e-02	2.02669481e-02	7.21566166e-04
6.80000000e-02	2.10893386e-02	7.50799999e-04
6.82500000e-02	2.10392275e-02	7.42733327e-04
6.85000000e-02	2.05425868e-02	7.28050220e-04
6.87500000e-02	2.05251922e-02	7.24655499e-04
6.90000000e-02	2.03934791e-02	7.09595305e-04
6.92500000e-02	2.06279976e-02	7.21935801e-04
6.95000000e-02	2.03586912e-02	7.18226260e-04
6.97500000e-02	2.01585887e-02	7.09894078e-04
7.00000000e-02	2.05521170e-02	7.20144423e-04
7.02500000e-02	2.05002428e-02	7.09811294e-04
7.05000000e-02	2.06025507e-02	7.17963659e-04
7.07500000e-02	2.03468423e-02	7.09014619e-04
7.10000000e-02	2.03512819e-02	7.05102916e-04
7.12500000e-02	2.05531477e-02	7.18529216e-04
7.15000000e-02	1.99763356e-02	6.88331698e-04
7.17500000e-02	1.99484240e-02	6.92197470e-04
7.20000000e-02	2.03125792e-02	7.04717329e-04
7.22500000e-02	1.98861315e-02	6.91767615e-04
7.25000000e-02	2.07769435e-02	7.10539709e-04
7.27500000e-02	2.05243794e-02	7.03447612e-04
7.30000000e-02	2.03850454e-02	7.02968942e-04
7.32500000e-02	2.03583369e-02	6.97824524e-04
7.35000000e-02	1.99556676e-02	6.83058340e-04
7.37500000e-02	2.05784393e-02	6.95371499e-04
7.40000000e-02	1.99078598e-02	6.79484087e-04
7.42500000e-02	2.01264938e-02	6.90765904e-04
7.45000000e-02	2.01887307e-02	6.85337002e-04
7.47500000e-02	2.01679344e-02	6.89729046e-04
7.50000000e-02	2.02775548e-02	6.87201595e-04
7.52500000e-02	2.01813906e-02	6.83575048e-04
7.55000000e-02	1.95879740e-02	6.66736034e-04
7.57500000e-02	2.07023868e-02	6.95048814e-04
7.60000000e-02	2.01923475e-02	6.82823088e-04
7.62500000e-02	2.03192121e-02	6.91540848e-04
7.65000000e-02	2.01544236e-02	6.81179199e-04
7.67500000e-02	2.03551092e-02	6.88250541e-04
7.70000000e-02	2.03011186e-02	6.80751415e-04
7.72500000e-02	2.00754008e-02	6.90206423e-04
7.75000000e-02	2.04255491e-02	7.03289300e-04
7.77500000e-02	2.02270433e-02	7.04022515e-04
7.80000000e-02	1.97290792e-02	6.86342879e-04
7.82500000e-02	2.01674500e-02	7.05882662e-04
7.85000000e-02	2.02472491e-02	7.15573213e-04
7.87500000e-02	1.99828130e-02	6.97848112e-04
7.90000000e-02	2.00953874e-02	7.14646971e-04
7.92500000e-02	1.98712197e-02	7.06567389e-04
7.95000000e-02	2.03144647e-02	7.24984851e-04
7.97500000e-02	2.03462364e-02	7.31084314e-04
8.00000000e-02	2.04283847e-02	7.26051724e-04
8.02500000e-02	2.02555188e-02	7.26378152e-04
8.05000000e-02	2.06036617e-02	7.38138330e-04
8.07500000e-02	2.00661460e-02	7.24472932e-04
8.10000000e-02	2.02353834e-02	7.33861604e-04
8.12500000e-02	2.04811561e-02	7.41658515e-04
8.15000000e-02	1.99919279e-02	7.23746521e-04
8.17500000e-02	2.05670393e-02	7.46740429e-04
8.20000000e-02	1.97593809e-02	7.13456574e-04
8.22500000e-02	2.01166501e-02	7.33786456e-04
8.25000000e-02	2.02547744e-02	7.43087443e-04
8.27500000e-02	1.90520345e-02	7.01511762e-04
8.30000000e-02	2.07469858e-02	7.59451484e-04
8.32500000e-02	2.07660411e-02	7.59196808e-04
8.35000000e-02	1.98770030e-02	7.34172113e-04
8.37500000e-02	2.02897688e-02	7.35474039e-04
8.40000000e-02	2.01478342e-02	7.29544568e-04
8.42500000e-02	2.00112604e-02	7.32700027e-04
8.45000000e-02	1.99959642e-02	7.37507113e-04
8.47500000e-02	2.00725427e-02	7.43500660e-04
8.50000000e-02	1.96729872e-02	7.18824505e-04
8.52500000e-02	2.05274908e-02	7.60372671e-04
8.55000000e-02	1.98876950e-02	7.33205503e-04
8.57500000e-02	1.97196458e-02	7.32468506e-04
8.60000000e-02	1.99107731e-02	7.35367154e-04
8.62500000e-02	1.98232098e-02	7.36701862e-04
8.65000000e-02	1.93730976e-02	7.25222678e-04
8.67500000e-02	1.95441364e-02	7.17306277e-04
8.70000000e-02	1.98227954e-02	7.19894919e-04
8.72500000e-02	1.99842806e-02	7.14658825e-04
8.75000000e-02	2.03082309e-02	7.16669188e-04
8.77500000e-02	1.97728424e-02	6.95899052e-04
8.80000000e-02	2.00626061e-02	7.07364333e-04
8.82500000e-02	2.01854812e-02	7.01651802e-04
8.85000000e-02	2.02534098e-02	7.04529967e-04
8.87500000e-02	2.00221331e-02	6.89013516e-04
8.90000000e-02	1.96788386e-02	6.76217416e-04
8.92500000e-02	1.98402194e-02	6.80511786e-04
8.95000000e-02	1.98495733e-02	6.80000701e-04
8.97500000e-02	2.01808226e-02	6.94527011e-04
9.00000000e-02	1.96388352e-02	6.66399162e-04
9.02500000e-02	1.99447161e-02	6.77611420e-04
9.05000000e-02	1.99857704e-02	6.78606111e-04
9.07500000e-02	2.02782224e-02	6.81217774e-04
9.10000000e-02	2.00132766e-02	6.71433201e-04
9.12500000e-02	1.95937870e-02	6.60055921e-04
9.15000000e-02	2.03018661e-02	6.81854149e-04
9.17500000e-02	1.99641616e-02	6.67445840e-04
9.20000000e-02	1.98782429e-02	6.61489809e-04
9.22500000e-02	1.95929284e-02	6.54068196e-04
9.25000000e-02	1.92420024e-02	6.41684009e-04
9.27500000e-02	2.03264504e-02	6.72360945e-04
9.30000000e-02	1.95386685e-02	6.44865789e-04
9.32500000e-02	2.03652536e-02	6.72773289e-04
9.35000000e-02	1.99106180e-02	6.54354691e-04
9.37500000e-02	2.04215080e-02	6.69841761e-04
9.40000000e-02	1.93697954e-02	6.37058872e-04
9.42500000e-02	1.94100502e-02	6.35432695e-04
9.45000000e-02	1.95250826e-02	6.41703084e-04
9.47500000e-02	2.01589583e-02	6.50708186e-04
9.50000000e-02	2.04327596e-02	6.62940510e-04
9.52500000e-02	1.95317514e-02	6.35027467e-04
9.55000000e-02	1.98371618e-02	6.41672826e-04
9.57500000e-02	2.02461354e-02	6.56710156e-04
9.60000000e-02	1.98825863e-02	6.45403856e-04
9.62500000e-02	2.00763862e-02	6.46497009e-04
9.65000000e-02	2.03469847e-02	6.58374707e-04
9.67500000e-02	1.99920777e-02	6.39576280e-04
9.70000000e-02	2.01108493e-02	6.47598239e-04
9.72500000e-02	1.94135770e-02	6.19716891e-04
9.75000000e-02	2.00408205e-02	6.43328541e-04
9.77500000e-02	1.94003341e-02	6.17722542e-04
9.80000000e-02	1.97680144e-02	6.30872435e-04
9.82500000e-02	2.00265242e-02	6.40954087e-04
9.85000000e-02	1.98404386e-02	6.28357750e-04
9.87500000e-02	2.00159721e-02	6.35593420e-04
9.90000000e-02	2.03180460e-02	6.43882684e-04
9.92500000e-02	2.04959980e-02	6.45294924e-04
9.95000000e-02	1.98798209e-02	6.28649103e-04
9.97500000e-02	1.96545856e-02	6.17359265e-04
1.00000000e-01	1.97720160e-02	5.09825494e-04
1.00500000e-01	1.98875853e-02	4.42808732e-04
1.01000000e-01	1.97060370e-02	4.37401752e-04
1.01500000e-01	1.96225396e-02	4.34277828e-04
1.02000000e-01	2.00909481e-02	4.42435209e-04
1.02500000e-01	1.97348225e-02	4.33127113e-04
1.03000000e-01	1.99805210e-02	4.38045733e-04
1.03500000e-01	2.00207984e-02	4.39010587e-04
1.04000000e-01	1.98824634e-02	4.32574637e-04
1.04500000e-01	1.97249791e-02	4.29498408e-04
1.05000000e-01	1.98093027e-02	4.27767510e-04
1.05500000e-01	1.96319080e-02	4.23885231e-04
1.06000000e-01	1.96899960e-02	4.24432325e-04
1.06500000e-01	1.97473771e-02	4.27223787e-04
1.07000000e-01	1.99224766e-02	4.34362432e-04
1.07500000e-01	1.97028336e-02	4.36217338e-04
1.08000000e-01	1.96453661e-02	4.38729437e-04
1.08500000e-01	1.99923984e-02	4.51437087e-04
1.09000000e-01	1.99052198e-02	4.50193785e-04
1.09500000e-01	1.98940484e-02	4.54147686e-04
1.10000000e-01	1.98460539e-02	4.47685032e-04
1.10500000e-01	1.98312506e-02	4.37929809e-04
1.11000000e-01	1.97840750e-02	4.29245528e-04
1.11500000e-01	1.95341613e-02	4.21483085e-04
1.12000000e-01	1.99474170e-02	4.26696237e-04
1.12500000e-01	1.97907946e-02	4.18679917e-04
1.13000000e-01	2.00892390e-02	4.24437756e-04
1.13500000e-01	1.95320423e-02	4.13080136e-04
1.14000000e-01	1.96745205e-02	4.15001424e-04
1.14500000e-01	1.99968700e-02	4.19284732e-04
1.15000000e-01	1.96887292e-02	4.08874021e-04
1.15500000e-01	1.93995263e-02	4.05643448e-04
1.16000000e-01	1.96690936e-02	4.09091913e-04
1.16500000e-01	2.01155178e-02	4.16617932e-04
1.17000000e-01	1.95296769e-02	4.06168597e-04
1.17500000e-01	1.99422992e-02	4.10066527e-04
1.18000000e-01	1.95031218e-02	4.02858680e-04
1.18500000e-01	1.96553082e-02	4.03648132e-04
1.19000000e-01	1.94428789e-02	3.96396565e-04
1.19500000e-01	2.01327253e-02	4.08980951e-04
1.20000000e-01	1.94922341e-02	3.98069611e-04
1.20500000e-01	1.96907473e-02	3.99482008e-04
1.21000000e-01	1.97043145e-02	3.99760077e-04
1.21500000e-01	1.99399950e-02	4.02981365e-04
1.22000000e-01	1.95978108e-02	3.94995797e-04
1.22500000e-01	1.97766320e-02	4.00098472e-04
1.23000000e-01	1.99607217e-02	4.02000851e-04
1.23500000e-01	1.99597542e-02	3.98901533e-04
1.24000000e-01	1.96069000e-02	3.93563641e-04
1.24500000e-01	1.98405250e-02	3.95282127e-04
1.25000000e-01	2.00435298e-02	3.99681969e-04
1.25500000e-01	1.95605947e-02	3.90745753e-04
1.26000000e-01	1.99060494e-02	3.94543647e-04
1.26500000e-01	1.98668359e-02	3.93298296e-04
1.27000000e-01	1.96737685e-02	3.89726987e-04
1.27500000e-01	1.95143032e-02	3.87096602e-04
1.28000000e-01	1.96286178e-02	3.85751970e-04
1.28500000e-01	1.95521158e-02	3.84268490e-04
1.29000000e-01	1.92732586e-02	3.77082373e-04
1.29500000e-01	1.96677330e-02	3.84138205e-04
1.30000000e-01	1.97271460e-02	3.85179418e-04
1.30500000e-01	1.93843345e-02	3.78135107e-04
1.31000000e-01	1.97551124e-02	3.84194983e-04
1.31500000e-01	1.95615635e-02	3.78725101e-04
1.32000000e-01	1.97497374e-02	3.81777857e-04
1.32500000e-01	1.97708741e-02	3.83026593e-04
1.33000000e-01	1.97931088e-02	3.84174805e-04
1.33500000e-01	1.95707073e-02	3.74184668e-04
1.34000000e-01	1.96032065e-02	3.76112695e-04
1.34500000e-01	1.96415296e-02	3.74780046e-04
1.35000000e-01	1.96307093e-02	3.74954271e-04
1.35500000e-01	1.96542648e-02	3.73719595e-04
1.36000000e-01	1.94859353e-02	3.68595794e-04
1.36500000e-01	1.97885917e-02	3.76481248e-04
1.37000000e-01	1.98228033e-02	3.73676480e-04
1.37500000e-01	1.94947351e-02	3.68808658e-04
1.38000000e-01	1.97485196e-02	3.72200049e-04
1.38500000e-01	1.93672395e-02	3.64746583e-04
1.39000000e-01	1.97136066e-02	3.71920296e-04
1.39500000e-01	1.93728503e-02	3.64636249e-04
1.40000000e-01	1.95111668e-02	3.67575962e-04
1.40500000e-01	1.95773254e-02	3.69256464e-04
1.41000000e-01	1.98843615e-02	3.73215049e-04
1.41500000e-01	1.95665972e-02	3.66694575e-04
1.42000000e-01	1.94614381e-02	3.63136687e-04
1.42500000e-01	1.95700949e-02	3.66527565e-04
1.43000000e-01	1.96218189e-02	3.66276753e-04
1.43500000e-01	1.95253590e-02	3.62615595e-04
1.44000000e-01	1.97258825e-02	3.67571099e-04
1.44500000e-01	1.95302063e-02	3.59632747e-04
1.45000000e-01	1.92813427e-02	3.57859534e-04
1.45500000e-01	1.94517170e-02	3.58198164e-04
1.46000000e-01	1.94732724e-02	3.58225904e-04
1.46500000e-01	1.90569594e-02	3.52982096e-04
1.47000000e-01	1.96136406e-02	3.62142075e-04
1.47500000e-01	1.94398298e-02	3.57359746e-04
1.48000000e-01	1.93056606e-02	3.53983270e-04
1.48500000e-01	1.92615179e-02	3.52910118e-04
1.49000000e-01	1.91337807e-02	3.49838073e-04
1.49500000e-01	1.94291774e-02	3.53141664e-04
1.50000000e-01	1.95265359e-02	3.53619421e-04
1.50500000e-01	1.92393742e-02	3.51581385e-04
1.51000000e-01	1.89768204e-02	3.45188863e-04
1.51500000e-01	1.92267275e-02	3.48411579e-04
1.52000000e-01	1.93917466e-02	3.47536268e-04
1.52500000e-01	1.92419400e-02	3.47214600e-04
1.53000000e-01	1.93417164e-02	3.48123646e-04
1.53500000e-01	1.94877234e-02	3.48781887e-04
1.54000000e-01	1.94837594e-02	3.48955670e-04
1.54500000e-01	1.94451061e-02	3.55396182e-04
1.55000000e-01	1.92587626e-02	3.56309524e-04
1.55500000e-01	1.93454060e-02	3.59451929e-04
1.56000000e-01	1.89560593e-02	3.54046314e-04
1.56500000e-01	1.93852486e-02	3.60897321e-04
1.57000000e-01	1.93412054e-02	3.62118785e-04
1.57500000e-01	1.91657337e-02	3.53145271e-04
1.58000000e-01	1.92345395e-02	3.48572177e-04
1.58500000e-01	1.90856018e-02	3.44930652e-04
1.59000000e-01	1.87688734e-02	3.37227010e-04
1.59500000e-01	1.92776274e-02	3.45380186e-04
1.60000000e-01	1.90714602e-02	3.41725735e-04
1.60500000e-01	1.91412041e-02	3.40410647e-04
1.61000000e-01	1.93305877e-02	3.44303369e-04
1.61500000e-01	1.90203548e-02	3.38986068e-04
1.62000000e-01	1.89079608e-02	3.36099701e-04
1.62500000e-01	1.88689378e-02	3.34453158e-04
1.63000000e-01	1.89463048e-02	3.34452648e-04
1.63500000e-01	1.88522908e-02	3.34836696e-04
1.64000000e-01	1.87117331e-02	3.29081092e-04
1.64500000e-01	1.91312038e-02	3.36349560e-04
1.65000000e-01	1.91343324e-02	3.34830344e-04
1.65500000e-01	1.91310493e-02	3.36242828e-04
1.66000000e-01	1.89846513e-02	3.32588464e-04
1.66500000e-01	1.91353743e-02	3.33418759e-04
1.67000000e-01	1.90237934e-02	3.31940662e-04
1.67500000e-01	1.90235383e-02	3.29354749e-04
1.68000000e-01	1.88864987e-02	3.26882365e-04
1.68500000e-01	1.91860861e-02	3.31376103e-04
1.69000000e-01	1.90485555e-02	3.29007600e-04
1.69500000e-01	1.89311005e-02	3.27204391e-04
1.70000000e-01	1.88992026e-02	3.26358041e-04
1.70500000e-01	1.92451339e-02	3.31531257e-04
1.71000000e-01	1.88752536e-02	3.24925998e-04
1.71500000e-01	1.90973272e-02	3.28706935e-04
1.72000000e-01	1.90997039e-02	3.25829153e-04
1.72500000e-01	1.87135734e-02	3.21165071e-04
1.73000000e-01	1.88331139e-02	3.22785122e-04
1.73500000e-01	1.85809375e-02	3.16294437e-04
1.74000000e-01	1.88437571e-02	3.20301247e-04
1.74500000e-01	1.89171269e-02	3.20812166e-04
1.75000000e-01	1.90476526e-02	3.22221740e-04
1.75500000e-01	1.87298300e-02	3.15648107e-04
1.76000000e-01	1.88211855e-02	3.17100391e-04
1.76500000e-01	1.87111743e-02	3.16275722e-04
1.77000000e-01	1.89618964e-02	3.17753298e-04
1.77500000e-01	1.86137886e-02	3.13943280e-04
1.78000000e-01	1.87611231e-02	3.13949916e-04
1.78500000e-01	1.86847591e-02	3.13368929e-04
1.79000000e-01	1.87372244e-02	3.14461128e-04
1.79500000e-01	1.84839502e-02	3.10805311e-04
1.80000000e-01	1.83796875e-02	3.10305357e-04
1.80500000e-01	1.87143998e-02	3.14858329e-04
1.81000000e-01	1.85620309e-02	3.10720529e-04
1.81500000e-01	1.87435260e-02	3.11535090e-04
1.82000000e-01	1.87528019e-02	3.14204466e-04
1.82500000e-01	1.87893603e-02	3.12975767e-04
1.83000000e-01	1.87512916e-02	3.12109271e-04
1.83500000e-01	1.86751041e-02	3.10108081e-04
1.84000000e-01	1.84866041e-02	3.06208968e-04
1.84500000e-01	1.85519434e-02	3.08374961e-04
1.85000000e-01	1.86440480e-02	3.08991703e-04
1.85500000e-01	1.88098787e-02	3.09995144e-04
1.86000000e-01	1.86408767e-02	3.07280190e-04
1.86500000e-01	1.84419207e-02	3.04943365e-04
1.87000000e-01	1.86458759e-02	3.07641676e-04
1.87500000e-01	1.82451723e-02	3.00422676e-04
1.88000000e-01	1.85808618e-02	3.07161718e-04
1.88500000e-01	1.87252194e-02	3.07148455e-04
1.89000000e-01	1.86340525e-02	3.04930179e-04
1.89500000e-01	1.85196756e-02	3.02651896e-04
1.90000000e-01	1.85208979e-02	3.01998739e-04
1.90500000e-01	1.85757775e-02	3.02474316e-04
1.91000000e-01	1.84911657e-02	3.00199576e-04
1.91500000e-01	1.85713661e-02	3.01819214e-04
1.92000000e-01	1.84100571e-02	2.98406795e-04
1.92500000e-01	1.85052726e-02	3.00411346e-04
1.93000000e-01	1.85991640e-02	3.02917801e-04
1.93500000e-01	1.85958859e-02	3.01806967e-04
1.94000000e-01	1.85266920e-02	3.00542557e-04
1.94500000e-01	1.84767785e-02	2.97064166e-04
1.95000000e-01	1.85923806e-02	2.99166127e-04
1.95500000e-01	1.85206115e-02	2.98200180e-04
1.96000000e-01	1.82581996e-02	2.94913585e-04
1.96500000e-01	1.82908816e-02	2.94384766e-04
1.97000000e-01	1.83279391e-02	2.94886789e-04
1.97500000e-01	1.83024942e-02	2.92456020e-04
1.98000000e-01	1.80324243e-02	2.89763523e-04
1.98500000e-01	1.85262990e-02	2.96597186e-04
1.99000000e-01	1.84192805e-02	2.94575544e-04
1.99500000e-01	1.82039060e-02	2.90623363e-04
2.00000000e-01	1.83741036e-02	2.93050431e-04
2.00500000e-01	1.83287732e-02	2.91789721e-04
2.01000000e-01	1.83838929e-02	2.91821116e-04
2.01500000e-01	1.82255997e-02	2.90113394e-04
2.02000000e-01	1.81075456e-02	2.88902164e-04
2.02500000e-01	1.81027228e-02	2.87328692e-04
2.03000000e-01	1.83002121e-02	2.89315929e-04
2.03500000e-01	1.82411418e-02	2.88037299e-04
2.04000000e-01	1.82608352e-02	2.88723081e-04
2.04500000e-01	1.79098213e-02	2.82928085e-04
2.05000000e-01	1.79997347e-02	2.82791883e-04
2.05500000e-01	1.82843422e-02	2.87466564e-04
2.06000000e-01	1.82816762e-02	2.87422175e-04
2.06500000e-01	1.81681924e-02	2.85585875e-04
2.07000000e-01	1.77546886e-02	2.77678130e-04
2.07500000e-01	1.82490031e-02	2.86706807e-04
2.08000000e-01	1.82555608e-02	2.86356009e-04
2.08500000e-01	1.80693031e-02	2.82229565e-04
2.09000000e-01	1.80158530e-02	2.81668497e-04
2.09500000e-01	1.82233228e-02	2.84870864e-04
2.10000000e-01	1.83262310e-02	2.84372531e-04
2.10500000e-01	1.81895332e-02	2.83395734e-04
2.11000000e-01	1.83475413e-02	2.84957887e-04
2.11500000e-01	1.80138703e-02	2.81546781e-04
2.12000000e-01	1.80863943e-02	2.79600287e-04
2.12500000e-01	1.81269850e-02	2.80384472e-04
2.13000000e-01	1.84233421e-02	2.84837125e-04
2.13500000e-01	1.79981138e-02	2.79622297e-04
2.14000000e-01	1.82268253e-02	2.81940215e-04
2.14500000e-01	1.83671808e-02	2.81900116e-04
2.15000000e-01	1.80452375e-02	2.79708592e-04
2.15500000e-01	1.81095944e-02	2.76952960e-04
2.16000000e-01	1.80501172e-02	2.78059140e-04
2.16500000e-01	1.80103248e-02	2.76024259e-04
2.17000000e-01	1.81540606e-02	2.82391913e-04
2.17500000e-01	1.82830510e-02	2.88686334e-04
2.18000000e-01	1.76524825e-02	2.80960542e-04
2.18500000e-01	1.78325743e-02	2.85608376e-04
2.19000000e-01	1.79778422e-02	2.88293765e-04
2.19500000e-01	1.78510680e-02	2.85432924e-04
2.20000000e-01	1.79705438e-02	2.90814139e-04
2.20500000e-01	1.80559829e-02	2.91590091e-04
2.21000000e-01	1.81256732e-02	2.92811629e-04
2.21500000e-01	1.79609293e-02	2.92266418e-04
2.22000000e-01	1.80914450e-02	2.93416275e-04
2.22500000e-01	1.80888697e-02	2.95061754e-04
2.23000000e-01	1.80795407e-02	2.95876631e-04
2.23500000e-01	1.77275003e-02	2.91143030e-04
2.24000000e-01	1.79334034e-02	2.95619180e-04
2.24500000e-01	1.78874491e-02	2.95359577e-04
2.25000000e-01	1.80759963e-02	2.99751287e-04
2.25500000e-01	1.80585827e-02	2.99360921e-04
2.26000000e-01	1.79841379e-02	2.99234245e-04
2.26500000e-01	1.78990185e-02	2.93008953e-04
2.27000000e-01	1.78420372e-02	2.88081796e-04
2.27500000e-01	1.79501718e-02	2.86962623e-04
2.28000000e-01	1.80114129e-02	2.87282783e-04
2.28500000e-01	1.77966138e-02	2.83498597e-04
2.29000000e-01	1.79628724e-02	2.83241947e-04
2.29500000e-01	1.78138512e-02	2.80586033e-04
2.30000000e-01	1.77256338e-02	2.78969238e-04
2.30500000e-01	1.78179316e-02	2.80102620e-04
2.31000000e-01	1.78139438e-02	2.78635990e-04
2.31500000e-01	1.77258108e-02	2.76030986e-04
2.32000000e-01	1.78692179e-02	2.78824466e-04
2.32500000e-01	1.78373998e-02	2.76035029e-04
2.33000000e-01	1.77855581e-02	2.74943806e-04
2.33500000e-01	1.75250453e-02	2.71205410e-04
2.34000000e-01	1.77812510e-02	2.75394644e-04
2.34500000e-01	1.77159914e-02	2.71555131e-04
2.35000000e-01	1.76817541e-02	2.72124141e-04
2.35500000e-01	1.75570009e-02	2.70269745e-04
2.36000000e-01	1.76717297e-02	2.71728884e-04
2.36500000e-01	1.77772487e-02	2.72112586e-04
2.37000000e-01	1.76587188e-02	2.69668914e-04
2.37500000e-01	1.77438178e-02	2.70700006e-04
2.38000000e-01	1.75425433e-02	2.66326131e-04
2.38500000e-01	1.77138165e-02	2.69092747e-04
2.39000000e-01	1.76605947e-02	2.67457569e-04
2.39500000e-01	1.77406396e-02	2.68598129e-04
2.40000000e-01	1.75828601e-02	2.65859367e-04
2.40500000e-01	1.75988245e-02	2.64794737e-04
2.41000000e-01	1.76421330e-02	2.65237803e-04
2.41500000e-01	1.75684413e-02	2.64029175e-04
2.42000000e-01	1.74928886e-02	2.63031047e-04
2.42500000e-01	1.77376848e-02	2.65800976e-04
2.43000000e-01	1.78800902e-02	2.67330473e-04
2.43500000e-01	1.78022834e-02	2.65903991e-04
2.44000000e-01	1.76884367e-02	2.63853378e-04
2.44500000e-01	1.76443022e-02	2.62841899e-04
2.45000000e-01	1.76625316e-02	2.63529235e-04
2.45500000e-01	1.75098702e-02	2.60076252e-04
2.46000000e-01	1.76531381e-02	2.61429913e-04
2.46500000e-01	1.75238746e-02	2.59933004e-04
2.47000000e-01	1.78108008e-02	2.64609340e-04
2.47500000e-01	1.76852183e-02	2.61188414e-04
2.48000000e-01	1.76019852e-02	2.60471322e-04
2.48500000e-01	1.74621935e-02	2.58093827e-04
2.49000000e-01	1.77676291e-02	2.60909621e-04
2.49500000e-01	1.76253067e-02	2.59696717e-04
2.50000000e-01	1.74201846e-02	2.55894808e-04
2.50500000e-01	1.75595171e-02	2.59496334e-04
2.51000000e-01	1.76834600e-02	2.59361481e-04
2.51500000e-01	1.74746798e-02	2.55949416e-04
2.52000000e-01	1.75625796e-02	2.57507788e-04
2.52500000e-01	1.73394036e-02	2.53535082e-04
2.53000000e-01	1.74293344e-02	2.54697515e-04
2.53500000e-01	1.75397116e-02	2.56343752e-04
2.54000000e-01	1.74450350e-02	2.54514113e-04
2.54500000e-01	1.75982647e-02	2.57377283e-04
2.55000000e-01	1.75464085e-02	2.54994001e-04
2.55500000e-01	1.74514068e-02	2.53479879e-04
2.56000000e-01	1.74780576e-02	2.54059072e-04
2.56500000e-01	1.73702211e-02	2.51225235e-04
2.57000000e-01	1.73302810e-02	2.51986329e-04
2.57500000e-01	1.74371293e-02	2.52752017e-04
2.58000000e-01	1.72452219e-02	2.49775756e-04
2.58500000e-01	1.73212277e-02	2.50174103e-04
2.59000000e-01	1.73898197e-02	2.50071751e-04
2.59500000e-01	1.71664557e-02	2.46859862e-04
2.60000000e-01	1.74736330e-02	2.51817522e-04
2.60500000e-01	1.75038905e-02	2.50605120e-04
2.61000000e-01	1.72545433e-02	2.47821123e-04
2.61500000e-01	1.72723573e-02	2.47880214e-04
2.62000000e-01	1.74658725e-02	2.49972483e-04
2.62500000e-01	1.72655216e-02	2.47892389e-04
2.63000000e-01	1.71976954e-02	2.46989439e-04
2.63500000e-01	1.72715865e-02	2.46126644e-04
2.64000000e-01	1.70704375e-02	2.45032155e-04
2.64500000e-01	1.71721537e-02	2.45082244e-04
2.65000000e-01	1.73149489e-02	2.46897351e-04
2.65500000e-01	1.72691993e-02	2.45403998e-04
2.66000000e-01	1.73930885e-02	2.48049587e-04
2.66500000e-01	1.70046611e-02	2.41537003e-04
2.67000000e-01	1.74703648e-02	2.48178660e-04
2.67500000e-01	1.73023185e-02	2.44637665e-04
2.68000000e-01	1.71017243e-02	2.41944404e-04
2.68500000e-01	1.71302106e-02	2.42168196e-04
2.69000000e-01	1.71780823e-02	2.42550175e-04
2.69500000e-01	1.71620012e-02	2.41994953e-04
2.70000000e-01	1.70006190e-02	2.39817286e-04
2.70500000e-01	1.70345038e-02	2.39654796e-04
2.71000000e-01	1.71782819e-02	2.40732697e-04
2.71500000e-01	1.72204742e-02	2.41439017e-04
2.72000000e-01	1.69504500e-02	2.37306662e-04
2.72500000e-01	1.69742023e-02	2.37881604e-04
2.73000000e-01	1.70053548e-02	2.39475781e-04
2.73500000e-01	1.71708395e-02	2.39569148e-04
2.74000000e-01	1.69849753e-02	2.37392861e-04
2.74500000e-01	1.73385623e-02	2.41520439e-04
2.75000000e-01	1.70520717e-02	2.37845598e-04
2.75500000e-01	1.69933229e-02	2.37685902e-04
2.76000000e-01	1.71128514e-02	2.37886348e-04
2.76500000e-01	1.67617578e-02	2.34094472e-04
2.77000000e-01	1.71329076e-02	2.38813311e-04
2.77500000e-01	1.71527450e-02	2.39364907e-04
2.78000000e-01	1.70142798e-02	2.36134588e-04
2.78500000e-01	1.72269628e-02	2.39101812e-04
2.79000000e-01	1.72333258e-02	2.38662461e-04
2.79500000e-01	1.70402233e-02	2.35098666e-04
2.80000000e-01	1.70746393e-02	2.35799002e-04
2.80500000e-01	1.71247797e-02	2.36437920e-04
2.81000000e-01	1.70159771e-02	2.36010444e-04
2.81500000e-01	1.72061132e-02	2.36823195e-04
2.82000000e-01	1.69905123e-02	2.33789918e-04
2.82500000e-01	1.67975372e-02	2.31460605e-04
2.83000000e-01	1.69262147e-02	2.32277538e-04
2.83500000e-01	1.70692912e-02	2.34572733e-04
2.84000000e-01	1.69563305e-02	2.33570265e-04
2.84500000e-01	1.71214138e-02	2.35149909e-04
2.85000000e-01	1.71249391e-02	2.34887907e-04
2.85500000e-01	1.70329467e-02	2.32825051e-04
2.86000000e-01	1.68991341e-02	2.32170090e-04
2.86500000e-01	1.70258675e-02	2.31991858e-04
2.87000000e-01	1.69411990e-02	2.31593325e-04
2.87500000e-01	1.70369809e-02	2.31969225e-04
2.88000000e-01	1.68452225e-02	2.29259044e-04
2.88500000e-01	1.68676764e-02	2.30493952e-04
2.89000000e-01	1.68772863e-02	2.29829990e-04
2.89500000e-01	1.68888181e-02	2.28825179e-04
2.90000000e-01	1.68895203e-02	2.30102589e-04
2.90500000e-01	1.68934906e-02	2.29130359e-04
2.91000000e-01	1.68653467e-02	2.28526337e-04
2.91500000e-01	1.69033523e-02	2.28469182e-04
2.92000000e-01	1.70584231e-02	2.30547883e-04
2.92500000e-01	1.67241916e-02	2.25838973e-04
2.93000000e-01	1.66962472e-02	2.25401522e-04
2.93500000e-01	1.67962070e-02	2.26798169e-04
2.94000000e-01	1.68248613e-02	2.26103929e-04
2.94500000e-01	1.69065490e-02	2.27598127e-04
2.95000000e-01	1.68756601e-02	2.27246313e-04
2.95500000e-01	1.66278446e-02	2.24809088e-04
2.96000000e-01	1.67895279e-02	2.25451240e-04
2.96500000e-01	1.69828921e-02	2.26938311e-04
2.97000000e-01	1.67095530e-02	2.23891018e-04
2.97500000e-01	1.66123687e-02	2.23205644e-04
2.98000000e-01	1.67218618e-02	2.24049725e-04
2.98500000e-01	1.68004001e-02	2.25086886e-04
2.99000000e-01	1.67016962e-02	2.24260622e-04
2.99500000e-01	1.69180006e-02	2.25582712e-04
3.00000000e-01	1.67857904e-02	2.24599083e-04
3.00500000e-01	1.67493819e-02	2.23544883e-04
3.01000000e-01	1.68644309e-02	2.23763487e-04
3.01500000e-01	1.65786403e-02	2.20830985e-04
3.02000000e-01	1.66493780e-02	2.21255487e-04
3.02500000e-01	1.67678314e-02	2.23568832e-04
3.03000000e-01	1.67089995e-02	2.21625877e-04
3.03500000e-01	1.67472403e-02	2.21833840e-04
3.04000000e-01	1.67114211e-02	2.21485822e-04
3.04500000e-01	1.67121179e-02	2.21033337e-04
3.05000000e-01	1.66971412e-02	2.20742987e-04
3.05500000e-01	1.67358718e-02	2.21476866e-04
3.06000000e-01	1.65766322e-02	2.18511675e-04
3.06500000e-01	1.67316916e-02	2.21073186e-04
3.07000000e-01	1.66055977e-02	2.19021396e-04
3.07500000e-01	1.64339279e-02	2.16364332e-04
3.08000000e-01	1.65455524e-02	2.18380588e-04
3.08500000e-01	1.65382482e-02	2.17686805e-04
3.09000000e-01	1.66892277e-02	2.18922935e-04
3.09500000e-01	1.65956799e-02	2.18354447e-04
3.10000000e-01	1.64353730e-02	2.16676358e-04
3.10500000e-01	1.66650417e-02	2.18471831e-04
3.11000000e-01	1.66019480e-02	2.17824342e-04
3.11500000e-01	1.65117953e-02	2.16582445e-04
3.12000000e-01	1.65015581e-02	2.15176525e-04
3.12500000e-01	1.65294979e-02	2.16243032e-04
3.13000000e-01	1.64296486e-02	2.14884244e-04
3.13500000e-01	1.65393060e-02	2.16184421e-04
3.14000000e-01	1.65512364e-02	2.15706337e-04
3.14500000e-01	1.64810612e-02	2.14786199e-04
3.15000000e-01	1.65017023e-02	2.15554965e-04
3.15500000e-01	1.65867750e-02	2.16281615e-04
3.16000000e-01	1.64075680e-02	2.14119354e-04
3.16500000e-01	1.64503444e-02	2.13807372e-04
3.17000000e-01	1.64428575e-02	2.13440274e-04
3.17500000e-01	1.63958774e-02	2.13439906e-04
3.18000000e-01	1.65169229e-02	2.13784474e-04
3.18500000e-01	1.64827570e-02	2.13756776e-04
3.19000000e-01	1.63423701e-02	2.12139522e-04
3.19500000e-01	1.62935173e-02	2.11783481e-04
3.20000000e-01	1.65657830e-02	2.14668640e-04
3.20500000e-01	1.64747210e-02	2.12805322e-04
3.21000000e-01	1.65850620e-02	2.13987698e-04
3.21500000e-01	1.63274622e-02	2.10650753e-04
3.22000000e-01	1.65401498e-02	2.13177083e-04
3.22500000e-01	1.65982498e-02	2.13456774e-04
3.23000000e-01	1.64649481e-02	2.11787426e-04
3.23500000e-01	1.63740400e-02	2.11446651e-04
3.24000000e-01	1.64440285e-02	2.11543230e-04
3.24500000e-01	1.65622062e-02	2.13187984e-04
3.25000000e-01	1.62843106e-02	2.08972644e-04
3.25500000e-01	1.62098920e-02	2.07589828e-04
3.26000000e-01	1.62924971e-02	2.08702127e-04
3.26500000e-01	1.64257114e-02	2.10665434e-04
3.27000000e-01	1.62779887e-02	2.09429271e-04
3.27500000e-01	1.60735110e-02	2.05816859e-04
3.28000000e-01	1.62169226e-02	2.08129226e-04
3.28500000e-01	1.60877558e-02	2.05446010e-04
3.29000000e-01	1.61784812e-02	2.06310052e-04
3.29500000e-01	1.61529315e-02	2.06873547e-04
3.30000000e-01	1.63572962e-02	2.08028267e-04
3.30500000e-01	1.63275536e-02	2.07622476e-04
3.31000000e-01	1.62092573e-02	2.05987459e-04
3.31500000e-01	1.60694052e-02	2.04686934e-04
3.32000000e-01	1.60109112e-02	2.04430185e-04
3.32500000e-01	1.61512962e-02	2.04676151e-04
3.33000000e-01	1.61061820e-02	2.05342852e-04
3.33500000e-01	1.61637300e-02	2.05314523e-04
3.34000000e-01	1.61579384e-02	2.04897931e-04
3.34500000e-01	1.62434719e-02	2.06144503e-04
3.35000000e-01	1.60665976e-02	2.03363422e-04
3.35500000e-01	1.61387890e-02	2.04503550e-04
3.36000000e-01	1.60880016e-02	2.03405082e-04
3.36500000e-01	1.61972496e-02	2.04744774e-04
3.37000000e-01	1.62291981e-02	2.04267484e-04
3.37500000e-01	1.59227131e-02	2.01311654e-04
3.38000000e-01	1.60823488e-02	2.03377427e-04
3.38500000e-01	1.61240619e-02	2.03157956e-04
3.39000000e-01	1.60681883e-02	2.02906424e-04
3.39500000e-01	1.61054515e-02	2.02531893e-04
3.40000000e-01	1.60286383e-02	2.01771465e-04
3.40500000e-01	1.61157027e-02	2.03098223e-04
3.41000000e-01	1.60311314e-02	2.01098535e-04
3.41500000e-01	1.60831754e-02	2.02245039e-04
3.42000000e-01	1.59052740e-02	2.00089504e-04
3.42500000e-01	1.60789463e-02	2.00626769e-04
3.43000000e-01	1.60030420e-02	2.00143947e-04
3.43500000e-01	1.59097146e-02	1.99235680e-04
3.44000000e-01	1.59215893e-02	2.00390535e-04
3.44500000e-01	1.60927960e-02	2.00438023e-04
3.45000000e-01	1.59433158e-02	1.98757485e-04
3.45500000e-01	1.61452691e-02	2.00907381e-04
3.46000000e-01	1.61299017e-02	2.01467709e-04
3.46500000e-01	1.59222974e-02	1.97776672e-04
3.47000000e-01	1.59580994e-02	1.98461465e-04
3.47500000e-01	1.59238072e-02	1.98370639e-04
3.48000000e-01	1.58954631e-02	1.98094314e-04
3.48500000e-01	1.59495334e-02	1.98578630e-04
3.49000000e-01	1.59445217e-02	1.97549018e-04
3.49500000e-01	1.57745470e-02	1.96412062e-04
3.50000000e-01	1.58419691e-02	1.60586234e-04
3.51000000e-01	1.59380867e-02	1.39556151e-04
3.52000000e-01	1.58088509e-02	1.38285448e-04
3.53000000e-01	1.59535702e-02	1.38789213e-04
3.54000000e-01	1.59671906e-02	1.38611165e-04
3.55000000e-01	1.57270914e-02	1.37065322e-04
3.56000000e-01	1.56350868e-02	1.36880128e-04
3.57000000e-01	1.56999291e-02	1.39862538e-04
3.58000000e-01	1.57803895e-02	1.41332220e-04
3.59000000e-01	1.58267584e-02	1.42952384e-04
3.60000000e-01	1.55286699e-02	1.41572914e-04
3.61000000e-01	1.55489850e-02	1.42083872e-04
3.62000000e-01	1.57321014e-02	1.44370656e-04
3.63000000e-01	1.56031911e-02	1.43730612e-04
3.64000000e-01	1.54746666e-02	1.43213475e-04
3.65000000e-01	1.55550502e-02	1.44440555e-04
3.66000000e-01	1.56243579e-02	1.43014975e-04
3.67000000e-01	1.56577251e-02	1.41436973e-04
3.68000000e-01	1.56266517e-02	1.40236183e-04
3.69000000e-01	1.55862747e-02	1.39408743e-04
3.70000000e-01	1.55300761e-02	1.38058140e-04
3.71000000e-01	1.56028897e-02	1.40289222e-04
3.72000000e-01	1.57045543e-02	1.41988180e-04
3.73000000e-01	1.56100873e-02	1.41537037e-04
3.74000000e-01	1.54608856e-02	1.40657176e-04
3.75000000e-01	1.54862352e-02	1.41206825e-04
3.76000000e-01	1.55366619e-02	1.41310646e-04
3.77000000e-01	1.55724477e-02	1.41732863e-04
3.78000000e-01	1.53844565e-02	1.39774557e-04
3.79000000e-01	1.54897989e-02	1.40714484e-04
3.80000000e-01	1.55171386e-02	1.40836642e-04
3.81000000e-01	1.54777878e-02	1.40324039e-04
3.82000000e-01	1.53120745e-02	1.38954052e-04
3.83000000e-01	1.54024361e-02	1.39843479e-04
3.84000000e-01	1.53208982e-02	1.39469317e-04
3.85000000e-01	1.55042636e-02	1.40829339e-04
3.86000000e-01	1.53727161e-02	1.39609572e-04
3.87000000e-01	1.54293945e-02	1.39816156e-04
3.88000000e-01	1.53680582e-02	1.39332664e-04
3.89000000e-01	1.53263868e-02	1.39115249e-04
3.90000000e-01	1.53821695e-02	1.39204501e-04
3.91000000e-01	1.52569564e-02	1.38310095e-04
3.92000000e-01	1.52488393e-02	1.38255770e-04
3.93000000e-01	1.53143242e-02	1.38216290e-04
3.94000000e-01	1.53067191e-02	1.38460573e-04
3.95000000e-01	1.52214019e-02	1.37537809e-04
3.96000000e-01	1.51945600e-02	1.37781610e-04
3.97000000e-01	1.51817870e-02	1.37470490e-04
3.98000000e-01	1.49523139e-02	1.35814324e-04
3.99000000e-01	1.51789302e-02	1.37749791e-04
4.00000000e-01	1.51418423e-02	1.37520885e-04
4.01000000e-01	1.51433224e-02	1.37110371e-04
4.02000000e-01	1.50665944e-02	1.36445065e-04
4.03000000e-01	1.50772801e-02	1.36819405e-04
4.04000000e-01	1.50279155e-02	1.35835228e-04
4.05000000e-01	1.50973507e-02	1.36808265e-04
4.06000000e-01	1.51342033e-02	1.36676229e-04
4.07000000e-01	1.51631148e-02	1.37121085e-04
4.08000000e-01	1.50491272e-02	1.35853640e-04
4.09000000e-01	1.49946368e-02	1.35579646e-04
4.10000000e-01	1.49358337e-02	1.34805319e-04
4.11000000e-01	1.49979023e-02	1.35865585e-04
4.12000000e-01	1.49815149e-02	1.35224692e-04
4.13000000e-01	1.50122844e-02	1.35580497e-04
4.14000000e-01	1.49545003e-02	1.35023693e-04
4.15000000e-01	1.49041712e-02	1.34488570e-04
4.16000000e-01	1.49653058e-02	1.35134862e-04
4.17000000e-01	1.49824293e-02	1.35135308e-04
4.18000000e-01	1.49385122e-02	1.35957927e-04
4.19000000e-01	1.50517481e-02	1.39097852e-04
4.20000000e-01	1.50915050e-02	1.39588742e-04
4.21000000e-01	1.50256008e-02	1.39362196e-04
4.22000000e-01	1.50755133e-02	1.40526153e-04
4.23000000e-01	1.49501726e-02	1.39895964e-04
4.24000000e-01	1.50035011e-02	1.40987021e-04
4.25000000e-01	1.50542239e-02	1.41551063e-04
4.26000000e-01	1.50672284e-02	1.41827708e-04
4.27000000e-01	1.48986743e-02	1.40379118e-04
4.28000000e-01	1.49949464e-02	1.41360779e-04
4.29000000e-01	1.50460627e-02	1.42410888e-04
4.30000000e-01	1.49853192e-02	1.41625035e-04
4.31000000e-01	1.50074428e-02	1.41175131e-04
4.32000000e-01	1.48608952e-02	1.40201430e-04
4.33000000e-01	1.47542190e-02	1.39434723e-04
4.34000000e-01	1.49346086e-02	1.41082783e-04
4.35000000e-01	1.49058313e-02	1.41194751e-04
4.36000000e-01	1.48177285e-02	1.40606174e-04
4.37000000e-01	1.47496033e-02	1.40358495e-04
4.38000000e-01	1.48181096e-02	1.41036687e-04
4.39000000e-01	1.47798529e-02	1.40620846e-04
4.40000000e-01	1.48739070e-02	1.41400460e-04
4.41000000e-01	1.47887876e-02	1.41365063e-04
4.42000000e-01	1.47585256e-02	1.40946139e-04
4.43000000e-01	1.47866828e-02	1.41617780e-04
4.44000000e-01	1.47549548e-02	1.41151195e-04
4.45000000e-01	1.48751755e-02	1.42704069e-04
4.46000000e-01	1.47446031e-02	1.41790189e-04
4.47000000e-01	1.47892765e-02	1.42237464e-04
4.48000000e-01	1.49221051e-02	1.43323559e-04
4.49000000e-01	1.46497053e-02	1.41229502e-04
4.50000000e-01	1.47603265e-02	1.42681601e-04
4.51000000e-01	1.46675802e-02	1.41695756e-04
4.52000000e-01	1.46863673e-02	1.42474690e-04
4.53000000e-01	1.46634065e-02	1.41698093e-04
4.54000000e-01	1.46978983e-02	1.42078029e-04
4.55000000e-01	1.47236458e-02	1.43033115e-04
4.56000000e-01	1.46856804e-02	1.42167151e-04
4.57000000e-01	1.46467009e-02	1.42025974e-04
4.58000000e-01	1.47975380e-02	1.43467678e-04
4.59000000e-01	1.46559762e-02	1.42677628e-04
4.60000000e-01	1.45608062e-02	1.41766019e-04
4.61000000e-01	1.46602725e-02	1.42673393e-04
4.62000000e-01	1.45930794e-02	1.41988128e-04
4.63000000e-01	1.46847514e-02	1.43042515e-04
4.64000000e-01	1.47011723e-02	1.43235407e-04
4.65000000e-01	1.44612113e-02	1.41405800e-04
4.66000000e-01	1.45020834e-02	1.41573580e-04
4.67000000e-01	1.45960963e-02	1.43315222e-04
4.68000000e-01	1.46177737e-02	1.42825703e-04
4.69000000e-01	1.45221441e-02	1.42426460e-04
4.70000000e-01	1.44862722e-02	1.42086565e-04
4.71000000e-01	1.45576218e-02	1.42720329e-04
4.72000000e-01	1.44793304e-02	1.42003959e-04
4.73000000e-01	1.45172771e-02	1.41926180e-04
4.74000000e-01	1.44676399e-02	1.41490800e-04
4.75000000e-01	1.44524753e-02	1.41276326e-04
4.76000000e-01	1.45628202e-02	1.42400080e-04
4.77000000e-01	1.44144064e-02	1.41155161e-04
4.78000000e-01	1.44620169e-02	1.41609070e-04
4.79000000e-01	1.44474620e-02	1.41701220e-04
4.80000000e-01	1.43846271e-02	1.41110829e-04
4.81000000e-01	1.45698985e-02	1.42943533e-04
4.82000000e-01	1.44817336e-02	1.41992563e-04
4.83000000e-01	1.44959860e-02	1.42660397e-04
4.84000000e-01	1.44213592e-02	1.42142395e-04
4.85000000e-01	1.43386159e-02	1.41165827e-04
4.86000000e-01	1.42460496e-02	1.40582696e-04
4.87000000e-01	1.42876064e-02	1.41254825e-04
4.88000000e-01	1.43953138e-02	1.41882062e-04
4.89000000e-01	1.43770411e-02	1.41461168e-04
4.90000000e-01	1.43335993e-02	1.41518371e-04
4.91000000e-01	1.42276250e-02	1.40931797e-04
4.92000000e-01	1.43344188e-02	1.41534372e-04
4.93000000e-01	1.42128198e-02	1.40797582e-04
4.94000000e-01	1.43692701e-02	1.42184462e-04
4.95000000e-01	1.43615200e-02	1.43364321e-04
4.96000000e-01	1.44036192e-02	1.48048453e-04
4.97000000e-01	1.42766787e-02	1.49124067e-04
4.98000000e-01	1.42978970e-02	1.50959695e-04
4.99000000e-01	1.43847652e-02	1.54042840e-04
5.00000000e-01	1.45402202e-02	1.57252655e-04
5.01000000e-01	1.43060807e-02	1.56173333e-04
5.02000000e-01	1.42750375e-02	1.57264518e-04
5.03000000e-01	1.43561748e-02	1.59769863e-04
5.04000000e-01	1.44109726e-02	1.61851781e-04
5.05000000e-01	1.44187381e-02	1.58992064e-04
5.06000000e-01	1.43794528e-02	1.55026248e-04
5.07000000e-01	1.43905513e-02	1.53953058e-04
5.08000000e-01	1.42408415e-02	1.51369772e-04
5.09000000e-01	1.43661264e-02	1.52286222e-04
5.10000000e-01	1.42865575e-02	1.50980042e-04
5.11000000e-01	1.42847903e-02	1.50436188e-04
5.12000000e-01	1.42609521e-02	1.49823421e-04
5.13000000e-01	1.42174309e-02	1.49128111e-04
5.14000000e-01	1.42409839e-02	1.49121501e-04
5.15000000e-01	1.42814398e-02	1.48699533e-04
5.16000000e-01	1.40708676e-02	1.46963118e-04
5.17000000e-01	1.41930016e-02	1.47624260e-04
5.18000000e-01	1.41602829e-02	1.47110904e-04
5.19000000e-01	1.40501261e-02	1.45865511e-04
5.20000000e-01	1.41112736e-02	1.45903989e-04
5.21000000e-01	1.41559122e-02	1.45802264e-04
5.22000000e-01	1.41603305e-02	1.45909953e-04
5.23000000e-01	1.40029089e-02	1.44663095e-04
5.24000000e-01	1.41481164e-02	1.45892281e-04
5.25000000e-01	1.38647241e-02	1.43283626e-04
5.26000000e-01	1.40565688e-02	1.45156923e-04
5.27000000e-01	1.40854105e-02	1.45478389e-04
5.28000000e-01	1.41455834e-02	1.45598532e-04
5.29000000e-01	1.40242495e-02	1.44860815e-04
5.30000000e-01	1.39419973e-02	1.43622308e-04
5.31000000e-01	1.39237341e-02	1.44099976e-04
5.32000000e-01	1.40447392e-02	1.45116267e-04
5.33000000e-01	1.39967779e-02	1.44456550e-04
5.34000000e-01	1.39622122e-02	1.44036944e-04
5.35000000e-01	1.40165175e-02	1.44609549e-04
5.36000000e-01	1.39494799e-02	1.43920572e-04
5.37000000e-01	1.39105637e-02	1.43897454e-04
5.38000000e-01	1.38807153e-02	1.42710720e-04
5.39000000e-01	1.39124086e-02	1.43864388e-04
5.40000000e-01	1.40170425e-02	1.44046244e-04
5.41000000e-01	1.38034164e-02	1.42541253e-04
5.42000000e-01	1.38562321e-02	1.42572888e-04
5.43000000e-01	1.39118222e-02	1.44447719e-04
5.44000000e-01	1.39393989e-02	1.43938595e-04
5.45000000e-01	1.38352417e-02	1.42780769e-04
5.46000000e-01	1.37230550e-02	1.41963505e-04
5.47000000e-01	1.38178842e-02	1.43186891e-04
5.48000000e-01	1.37856747e-02	1.42663414e-04
5.49000000e-01	1.39857169e-02	1.44261070e-04
5.50000000e-01	1.37789718e-02	1.41623002e-04
5.51000000e-01	1.36445100e-02	1.40789538e-04
5.52000000e-01	1.36712038e-02	1.40754545e-04
5.53000000e-01	1.38216361e-02	1.42305450e-04
5.54000000e-01	1.37080794e-02	1.40833963e-04
5.55000000e-01	1.37858095e-02	1.40969209e-04
5.56000000e-01	1.36921485e-02	1.40598172e-04
5.57000000e-01	1.38183369e-02	1.41820438e-04
5.58000000e-01	1.36117212e-02	1.39578423e-04
5.59000000e-01	1.36708494e-02	1.40336261e-04
5.60000000e-01	1.37023233e-02	1.40666795e-04
5.61000000e-01	1.35873356e-02	1.39151695e-04
5.62000000e-01	1.35859946e-02	1.39595018e-04
5.63000000e-01	1.35441072e-02	1.39452008e-04
5.64000000e-01	1.36159786e-02	1.39802818e-04
5.65000000e-01	1.36246963e-02	1.39908671e-04
5.66000000e-01	1.35500928e-02	1.39561307e-04
5.67000000e-01	1.36253615e-02	1.40369562e-04
5.68000000e-01	1.36639676e-02	1.40359316e-04
5.69000000e-01	1.35211544e-02	1.38638416e-04
5.70000000e-01	1.36706058e-02	1.40372773e-04
5.71000000e-01	1.34731802e-02	1.38530650e-04
5.72000000e-01	1.35942988e-02	1.39666335e-04
5.73000000e-01	1.35030528e-02	1.39389326e-04
5.74000000e-01	1.35020998e-02	1.38515817e-04
5.75000000e-01	1.34853263e-02	1.39269571e-04
5.76000000e-01	1.35106965e-02	1.38824267e-04
5.77000000e-01	1.35298550e-02	1.39206564e-04
5.78000000e-01	1.34568726e-02	1.38668652e-04
5.79000000e-01	1.35041494e-02	1.38867760e-04
5.80000000e-01	1.35661469e-02	1.39295776e-04
5.81000000e-01	1.34319261e-02	1.38699031e-04
5.82000000e-01	1.35813385e-02	1.39865559e-04
5.83000000e-01	1.33711278e-02	1.37618429e-04
5.84000000e-01	1.34098170e-02	1.38085671e-04
5.85000000e-01	1.34335855e-02	1.38357606e-04
5.86000000e-01	1.34570422e-02	1.38744845e-04
5.87000000e-01	1.33715018e-02	1.37628098e-04
5.88000000e-01	1.33833381e-02	1.38050703e-04
5.89000000e-01	1.33501466e-02	1.37594365e-04
5.90000000e-01	1.33125811e-02	1.37411146e-04
5.91000000e-01	1.32844453e-02	1.37075244e-04
5.92000000e-01	1.34108562e-02	1.38751024e-04
5.93000000e-01	1.33369153e-02	1.37288444e-04
5.94000000e-01	1.33023853e-02	1.37097029e-04
5.95000000e-01	1.33992463e-02	1.38413260e-04
5.96000000e-01	1.32592337e-02	1.37617342e-04
5.97000000e-01	1.33252852e-02	1.37858116e-04
5.98000000e-01	1.33851459e-02	1.38062153e-04
5.99000000e-01	1.31360228e-02	1.35971141e-04
6.00000000e-01	1.33169561e-02	1.37654943e-04
6.01000000e-01	1.33193688e-02	1.37738042e-04
6.02000000e-01	1.32147586e-02	1.36744345e-04
6.03000000e-01	1.32158299e-02	1.36716356e-04
6.04000000e-01	1.32636589e-02	1.37763404e-04
6.05000000e-01	1.32493156e-02	1.37197546e-04
6.06000000e-01	1.31672571e-02	1.36627588e-04
6.07000000e-01	1.31932350e-02	1.36614856e-04
6.08000000e-01	1.32347103e-02	1.37009817e-04
6.09000000e-01	1.31911737e-02	1.36893783e-04
6.10000000e-01	1.31233860e-02	1.36019004e-04
6.11000000e-01	1.31095258e-02	1.35809697e-04
6.12000000e-01	1.31900007e-02	1.36512872e-04
6.13000000e-01	1.30435080e-02	1.35822640e-04
6.14000000e-01	1.32659607e-02	1.37143558e-04
6.15000000e-01	1.32711921e-02	1.37657646e-04
6.16000000e-01	1.31557867e-02	1.36714814e-04
6.17000000e-01	1.32129030e-02	1.37313859e-04
6.18000000e-01	1.32269649e-02	1.37268437e-04
6.19000000e-01	1.30980673e-02	1.35595181e-04
6.20000000e-01	1.31135282e-02	1.36203721e-04
6.21000000e-01	1.30796005e-02	1.35201641e-04
6.22000000e-01	1.30389786e-02	1.34941701e-04
6.23000000e-01	1.30754435e-02	1.34888036e-04
6.24000000e-01	1.29494917e-02	1.33299513e-04
6.25000000e-01	1.30495150e-02	1.34430237e-04
6.26000000e-01	1.31302296e-02	1.35220565e-04
6.27000000e-01	1.30238534e-02	1.34711446e-04
6.28000000e-01	1.30137335e-02	1.34131599e-04
6.29000000e-01	1.30359783e-02	1.34431751e-04
6.30000000e-01	1.30878422e-02	1.34854836e-04
6.31000000e-01	1.31556304e-02	1.35925554e-04
6.32000000e-01	1.29419819e-02	1.33471287e-04
6.33000000e-01	1.31040651e-02	1.34637152e-04
6.34000000e-01	1.29913687e-02	1.36993888e-04
6.35000000e-01	1.30823044e-02	1.42469721e-04
6.36000000e-01	1.31567097e-02	1.45680939e-04
6.37000000e-01	1.29663303e-02	1.46131203e-04
6.38000000e-01	1.29497231e-02	1.47578028e-04
6.39000000e-01	1.31614575e-02	1.51676704e-04
6.40000000e-01	1.30382981e-02	1.52427743e-04
6.41000000e-01	1.30884178e-02	1.54057555e-04
6.42000000e-01	1.29560740e-02	1.54513985e-04
6.43000000e-01	1.30089237e-02	1.54824787e-04
6.44000000e-01	1.31731501e-02	1.51463801e-04
6.45000000e-01	1.31086352e-02	1.48117655e-04
6.46000000e-01	1.31214668e-02	1.46966939e-04
6.47000000e-01	1.30360961e-02	1.44962739e-04
6.48000000e-01	1.30670055e-02	1.44660169e-04
6.49000000e-01	1.29570019e-02	1.43226609e-04
6.50000000e-01	1.29303586e-02	1.41644082e-04
6.51000000e-01	1.30681008e-02	1.43127199e-04
6.52000000e-01	1.28447834e-02	1.40406783e-04
6.53000000e-01	1.30033586e-02	1.41198769e-04
6.54000000e-01	1.29390083e-02	1.39748599e-04
6.55000000e-01	1.29959344e-02	1.39849305e-04
6.56000000e-01	1.29658015e-02	1.40127433e-04
6.57000000e-01	1.29408891e-02	1.39518034e-04
6.58000000e-01	1.29983005e-02	1.39598098e-04
6.59000000e-01	1.29709673e-02	1.39410784e-04
6.60000000e-01	1.30128088e-02	1.39967245e-04
6.61000000e-01	1.30264424e-02	1.39838843e-04
6.62000000e-01	1.31007941e-02	1.40682392e-04
6.63000000e-01	1.29519843e-02	1.39528558e-04
6.64000000e-01	1.28340371e-02	1.37794913e-04
6.65000000e-01	1.30241529e-02	1.39482580e-04
6.66000000e-01	1.29777887e-02	1.38645815e-04
6.67000000e-01	1.29572350e-02	1.38672952e-04
6.68000000e-01	1.29144209e-02	1.37752616e-04
6.69000000e-01	1.30159968e-02	1.38860656e-04
6.70000000e-01	1.27998527e-02	1.37058203e-04
6.71000000e-01	1.29143214e-02	1.38101097e-04
6.72000000e-01	1.28624359e-02	1.37476679e-04
6.73000000e-01	1.28976062e-02	1.37247430e-04
6.74000000e-01	1.28410005e-02	1.37067787e-04
6.75000000e-01	1.27958965e-02	1.36393641e-04
6.76000000e-01	1.28371159e-02	1.37002744e-04
6.77000000e-01	1.28945592e-02	1.37429158e-04
6.78000000e-01	1.28858806e-02	1.37496656e-04
6.79000000e-01	1.27561502e-02	1.36534114e-04
6.80000000e-01	1.26468572e-02	1.35480722e-04
6.81000000e-01	1.28058313e-02	1.36123693e-04
6.82000000e-01	1.28231805e-02	1.36615123e-04
6.83000000e-01	1.27984453e-02	1.36633354e-04
6.84000000e-01	1.27135731e-02	1.35496626e-04
6.85000000e-01	1.28595902e-02	1.36646789e-04
6.86000000e-01	1.27293076e-02	1.35069815e-04
6.87000000e-01	1.28838406e-02	1.36881178e-04
6.88000000e-01	1.26465851e-02	1.34882652e-04
6.89000000e-01	1.27212902e-02	1.35655859e-04
6.90000000e-01	1.27796735e-02	1.35930266e-04
6.91000000e-01	1.26618198e-02	1.34473370e-04
6.92000000e-01	1.26313133e-02	1.33976317e-04
6.93000000e-01	1.26406912e-02	1.34885716e-04
6.94000000e-01	1.27789778e-02	1.35773143e-04
6.95000000e-01	1.26078578e-02	1.34637539e-04
6.96000000e-01	1.26763161e-02	1.34973305e-04
6.97000000e-01	1.26809319e-02	1.34466281e-04
6.98000000e-01	1.26169561e-02	1.34627756e-04
6.99000000e-01	1.26929984e-02	1.34722851e-04
7.00000000e-01	1.27116909e-02	1.35008206e-04
7.01000000e-01	1.27073892e-02	1.35068720e-04
7.02000000e-01	1.26174053e-02	1.34488117e-04
7.03000000e-01	1.26079981e-02	1.34214946e-04
7.04000000e-01	1.25780118e-02	1.34080716e-04
7.05000000e-01	1.25160176e-02	1.33389308e-04
7.06000000e-01	1.25967124e-02	1.34057742e-04
7.07000000e-01	1.25351884e-02	1.33719832e-04
7.08000000e-01	1.25453449e-02	1.33245362e-04
7.09000000e-01	1.23228192e-02	1.31616791e-04
7.10000000e-01	1.25748486e-02	1.33445859e-04
7.11000000e-01	1.23168652e-02	1.31340875e-04
7.12000000e-01	1.24643904e-02	1.32121177e-04
7.13000000e-01	1.23747744e-02	1.31946838e-04
7.14000000e-01	1.24609931e-02	1.31925548e-04
7.15000000e-01	1.26395194e-02	1.34275139e-04
7.16000000e-01	1.24616777e-02	1.32717830e-04
7.17000000e-01	1.24555897e-02	1.32534617e-04
7.18000000e-01	1.22940801e-02	1.31351885e-04
7.19000000e-01	1.24006217e-02	1.32140925e-04
7.20000000e-01	1.23771228e-02	1.31705575e-04
7.21000000e-01	1.23704844e-02	1.31272262e-04
7.22000000e-01	1.23216529e-02	1.30970643e-04
7.23000000e-01	1.24187779e-02	1.32018694e-04
7.24000000e-01	1.23403741e-02	1.31316716e-04
7.25000000e-01	1.22353076e-02	1.30889464e-04
7.26000000e-01	1.22729911e-02	1.30529379e-04
7.27000000e-01	1.23373784e-02	1.31258861e-04
7.28000000e-01	1.22384748e-02	1.30471410e-04
7.29000000e-01	1.22683028e-02	1.31014699e-04
7.30000000e-01	1.23090877e-02	1.31060217e-04
7.31000000e-01	1.23740684e-02	1.31833407e-04
7.32000000e-01	1.23426667e-02	1.31399472e-04
7.33000000e-01	1.21949995e-02	1.30187862e-04
7.34000000e-01	1.22878795e-02	1.30969207e-04
7.35000000e-01	1.20409475e-02	1.28181826e-04
7.36000000e-01	1.22294508e-02	1.29886803e-04
7.37000000e-01	1.22975042e-02	1.30346533e-04
7.38000000e-01	1.23302153e-02	1.30282035e-04
7.39000000e-01	1.22572981e-02	1.29500127e-04
7.40000000e-01	1.21265189e-02	1.28214141e-04
7.41000000e-01	1.21280580e-02	1.28143468e-04
7.42000000e-01	1.22857445e-02	1.29120155e-04
7.43000000e-01	1.21549606e-02	1.28396759e-04
7.44000000e-01	1.22687175e-02	1.28818952e-04
7.45000000e-01	1.21127304e-02	1.27897016e-04
7.46000000e-01	1.21504168e-02	1.28460801e-04
7.47000000e-01	1.21405464e-02	1.28070875e-04
7.48000000e-01	1.21115123e-02	1.27749374e-04
7.49000000e-01	1.21817135e-02	1.28598699e-04
7.50000000e-01	1.22509499e-02	1.29659803e-04
7.51000000e-01	1.21126809e-02	1.27660589e-04
7.52000000e-01	1.20649384e-02	1.27770240e-04
7.53000000e-01	1.20702430e-02	1.27436101e-04
7.54000000e-01	1.19587426e-02	1.26322274e-04
7.55000000e-01	1.20802514e-02	1.27414942e-04
7.56000000e-01	1.19740922e-02	1.26711248e-04
7.57000000e-01	1.20078638e-02	1.26831293e-04
7.58000000e-01	1.20270904e-02	1.27343509e-04
7.59000000e-01	1.20282256e-02	1.27479995e-04
7.60000000e-01	1.19587729e-02	1.26074762e-04
7.61000000e-01	1.19827538e-02	1.26299528e-04
7.62000000e-01	1.19889164e-02	1.25739217e-04
7.63000000e-01	1.20092774e-02	1.25564271e-04
7.64000000e-01	1.21087620e-02	1.26179692e-04
7.65000000e-01	1.18388808e-02	1.24104649e-04
7.66000000e-01	1.18923305e-02	1.24322532e-04
7.67000000e-01	1.18505743e-02	1.24481635e-04
7.68000000e-01	1.18412547e-02	1.24081058e-04
7.69000000e-01	1.18386548e-02	1.24206508e-04
7.70000000e-01	1.19393981e-02	1.25201202e-04
7.71000000e-01	1.19023829e-02	1.24549262e-04
7.72000000e-01	1.19451891e-02	1.28773923e-04
7.73000000e-01	1.16752677e-02	1.30193676e-04
7.74000000e-01	1.18165968e-02	1.34354977e-04
7.75000000e-01	1.18717865e-02	1.37563774e-04
7.76000000e-01	1.17748234e-02	1.38059439e-04
7.77000000e-01	1.17672493e-02	1.40288861e-04
7.78000000e-01	1.17472035e-02	1.42075930e-04
7.79000000e-01	1.17780331e-02	1.44427962e-04
7.80000000e-01	1.17661750e-02	1.45206411e-04
7.81000000e-01	1.18367802e-02	1.47343558e-04
7.82000000e-01	1.18465390e-02	1.49222820e-04
7.83000000e-01	1.16848442e-02	1.49727866e-04
7.84000000e-01	1.17042804e-02	1.51246051e-04
7.85000000e-01	1.16798279e-02	1.53331531e-04
7.86000000e-01	1.16210458e-02	1.53303178e-04
7.87000000e-01	1.16291841e-02	1.55120505e-04
7.88000000e-01	1.16653063e-02	1.57609601e-04
7.89000000e-01	1.16571373e-02	1.58591460e-04
7.90000000e-01	1.16107992e-02	1.60079774e-04
7.91000000e-01	1.14809257e-02	1.59675094e-04
7.92000000e-01	1.15747266e-02	1.62190975e-04
7.93000000e-01	1.15129786e-02	1.63266575e-04
7.94000000e-01	1.16682146e-02	1.66871829e-04
7.95000000e-01	1.16445833e-02	1.67452527e-04
7.96000000e-01	1.16111417e-02	1.69670550e-04
7.97000000e-01	1.14949804e-02	1.70256943e-04
7.98000000e-01	1.14856901e-02	1.71380777e-04
7.99000000e-01	1.17568166e-02	1.77411930e-04
8.00000000e-01	1.15216383e-02	1.75619685e-04
8.01000000e-01	1.14481161e-02	1.76196066e-04
8.02000000e-01	1.14394954e-02	1.77393655e-04
8.03000000e-01	1.15377668e-02	1.81297667e-04
8.04000000e-01	1.15917617e-02	1.83545791e-04
8.05000000e-01	1.16311793e-02	1.85985812e-04
8.06000000e-01	1.12661023e-02	1.82885366e-04
8.07000000e-01	1.13889895e-02	1.86028395e-04
8.08000000e-01	1.13428426e-02	1.88140678e-04
8.09000000e-01	1.13244969e-02	1.89603650e-04
8.10000000e-01	1.14947216e-02	1.93767410e-04
8.11000000e-01	1.14826119e-02	1.96166033e-04
8.12000000e-01	1.13079636e-02	1.96965715e-04
8.13000000e-01	1.12894557e-02	1.98136560e-04
8.14000000e-01	1.14812017e-02	2.02356268e-04
8.15000000e-01	1.16095817e-02	2.08797854e-04
8.16000000e-01	1.12872908e-02	2.03908430e-04
8.17000000e-01	1.13444345e-02	2.08362478e-04
8.18000000e-01	1.14386910e-02	2.12557251e-04
8.19000000e-01	1.12626074e-02	2.12078288e-04
8.20000000e-01	1.11176502e-02	2.13576352e-04
8.21000000e-01	1.11358711e-02	2.16035075e-04
8.22000000e-01	1.11553174e-02	2.19278291e-04
8.23000000e-01	1.12208037e-02	2.22998608e-04
8.24000000e-01	1.13433100e-02	2.29274107e-04
8.25000000e-01	1.11752529e-02	2.28217295e-04
8.26000000e-01	1.10831663e-02	2.28971818e-04
8.27000000e-01	1.10584838e-02	2.32980823e-04
8.28000000e-01	1.10967287e-02	2.37689368e-04
8.29000000e-01	1.11057854e-02	2.40132108e-04
8.30000000e-01	1.11847595e-02	2.46912541e-04
8.31000000e-01	1.11208640e-02	2.48671107e-04
8.32000000e-01	1.12015368e-02	2.55175075e-04
8.33000000e-01	1.09516011e-02	2.55621394e-04
8.34000000e-01	1.08277125e-02	2.54264824e-04
8.35000000e-01	1.09423225e-02	2.64065611e-04
8.36000000e-01	1.10465251e-02	2.69796067e-04
8.37000000e-01	1.08633806e-02	2.75348874e-04
8.38000000e-01	1.09723547e-02	2.79868391e-04
8.39000000e-01	1.07988209e-02	2.80579497e-04
8.40000000e-01	1.05560254e-02	2.79719547e-04
8.41000000e-01	1.07350192e-02	2.91982703e-04
8.42000000e-01	1.10904721e-02	3.05962567e-04
8.43000000e-01	1.09096940e-02	3.12548819e-04
8.44000000e-01	1.06445002e-02	3.10036026e-04
8.45000000e-01	1.09390608e-02	3.27308672e-04
8.46000000e-01	1.07212959e-02	3.25693215e-04
8.47000000e-01	1.13017777e-02	3.54024714e-04
8.48000000e-01	1.08852628e-02	3.52189190e-04
8.49000000e-01	1.09678653e-02	3.72729361e-04
8.50000000e-01	1.08047964e-02	3.75225705e-04
8.51000000e-01	1.07987015e-02	3.91265278e-04
8.52000000e-01	1.03618379e-02	3.94677688e-04
8.53000000e-01	1.10474275e-02	4.27180546e-04
8.54000000e-01	1.10400643e-02	4.53582381e-04
8.55000000e-01	1.03430673e-02	4.40226984e-04
8.56000000e-01	1.06157345e-02	4.57483941e-04
8.57000000e-01	1.01450873e-02	4.51569694e-04
8.58000000e-01	1.06081624e-02	4.85358220e-04
8.59000000e-01	1.03803835e-02	4.90896071e-04
8.60000000e-01	1.09799015e-02	5.34206936e-04
8.61000000e-01	1.04678432e-02	5.34666480e-04
8.62000000e-01	1.05234933e-02	5.57016262e-04
8.63000000e-01	1.10844114e-02	6.13401470e-04
8.64000000e-01	1.05124219e-02	6.01789743e-04
8.65000000e-01	1.09934759e-02	6.54689789e-04
8.66000000e-01	1.03978813e-02	6.52979810e-04
8.67000000e-01	1.07234446e-02	7.18664171e-04
8.68000000e-01	9.88805089e-03	7.13635250e-04
8.69000000e-01	1.06980982e-02	8.03095103e-04
8.70000000e-01	1.10187760e-02	9.11051029e-04
8.71000000e-01	1.22436273e-02	1.08413615e-03
8.72000000e-01	1.06119026e-02	1.12979805e-03
8.73000000e-01	1.06354225e-02	1.32537852e-03
8.74000000e-01	9.30871726e-03	1.57056296e-03
8.75000000e-01	8.03974005e-03	3.02185831e-03
