% Filename : SJS5_00036_00038.h5
% Date & Time : 30-Oct-2025 17:37:59
% X-ray Energy (keV) : 13.30001
% Exposure Time (s) : 0.500
% Beam Center : 1461.24000, 208.98300
% Sample to Detector Distance (SDD) (mm) : 1990.750
% Detector Pixel Size (mm) : 0.075
% Photodiode Value : 142477.000
% I0 of Sample : 0
% I0 of Standard : 1
% 
% q(A^-1)   I(q)    I(q)_SE
0.00000000e+00	8.87633883e-03	5.81093924e-03
2.50000000e-04	0.00000000e+00	0.00000000e+00
5.00000000e-04	0.00000000e+00	0.00000000e+00
7.50000000e-04	0.00000000e+00	0.00000000e+00
1.00000000e-03	0.00000000e+00	0.00000000e+00
1.25000000e-03	0.00000000e+00	0.00000000e+00
1.50000000e-03	0.00000000e+00	0.00000000e+00
1.75000000e-03	0.00000000e+00	0.00000000e+00
2.00000000e-03	0.00000000e+00	0.00000000e+00
2.25000000e-03	0.00000000e+00	0.00000000e+00
2.50000000e-03	0.00000000e+00	0.00000000e+00
2.75000000e-03	0.00000000e+00	0.00000000e+00
3.00000000e-03	0.00000000e+00	0.00000000e+00
3.25000000e-03	5.91422036e+00	3.49862256e+00
3.50000000e-03	2.39511097e+01	9.01172421e+00
3.75000000e-03	1.50179673e+01	3.89027019e+00
4.00000000e-03	1.21840431e+01	2.99632480e+00
4.25000000e-03	9.42996780e+00	1.88765491e+00
4.50000000e-03	8.92155775e+00	1.38674458e+00
4.75000000e-03	7.90112442e+00	1.09647927e+00
5.00000000e-03	5.73952959e+00	7.19464861e-01
5.25000000e-03	5.19666829e+00	7.05208215e-01
5.50000000e-03	3.99453253e+00	4.95589310e-01
5.75000000e-03	3.47286822e+00	4.28995370e-01
6.00000000e-03	2.92367846e+00	3.58321323e-01
6.25000000e-03	2.38192884e+00	2.80857563e-01
6.50000000e-03	2.11500991e+00	2.53190582e-01
6.75000000e-03	1.72701808e+00	1.96549955e-01
7.00000000e-03	1.61672812e+00	1.82637780e-01
7.25000000e-03	1.30966375e+00	1.38749742e-01
7.50000000e-03	1.18854174e+00	1.32847838e-01
7.75000000e-03	1.04130238e+00	1.10201462e-01
8.00000000e-03	9.01071560e-01	9.30506455e-02
8.25000000e-03	8.18914735e-01	8.52093649e-02
8.50000000e-03	7.33731908e-01	7.44797681e-02
8.75000000e-03	6.28777162e-01	6.16924964e-02
9.00000000e-03	5.73324653e-01	5.69812881e-02
9.25000000e-03	5.18778897e-01	4.89222663e-02
9.50000000e-03	4.69798937e-01	4.35875256e-02
9.75000000e-03	4.14954105e-01	3.87381550e-02
1.00000000e-02	3.70418641e-01	3.26657492e-02
1.02500000e-02	3.46634605e-01	3.21947180e-02
1.05000000e-02	3.14873414e-01	2.69636746e-02
1.07500000e-02	2.94046132e-01	2.55089745e-02
1.10000000e-02	2.71685119e-01	2.26201843e-02
1.12500000e-02	2.53063876e-01	2.25066115e-02
1.15000000e-02	2.23618405e-01	1.83053244e-02
1.17500000e-02	2.03822451e-01	1.60298645e-02
1.20000000e-02	2.03694760e-01	1.67231923e-02
1.22500000e-02	1.80282911e-01	1.38445633e-02
1.25000000e-02	1.69393374e-01	1.33007318e-02
1.27500000e-02	1.62708373e-01	1.25908192e-02
1.30000000e-02	1.46968838e-01	1.06887943e-02
1.32500000e-02	1.38572062e-01	1.00299319e-02
1.35000000e-02	1.31426089e-01	9.46449694e-03
1.37500000e-02	1.16104836e-01	8.30409777e-03
1.40000000e-02	1.12793054e-01	8.00866018e-03
1.42500000e-02	1.09403222e-01	7.58913298e-03
1.45000000e-02	1.03238664e-01	7.47105195e-03
1.47500000e-02	9.48800882e-02	6.35975455e-03
1.50000000e-02	9.08903251e-02	6.29420685e-03
1.52500000e-02	8.61707918e-02	5.76382428e-03
1.55000000e-02	8.02881810e-02	5.24444688e-03
1.57500000e-02	7.87108134e-02	5.13497546e-03
1.60000000e-02	7.57316433e-02	4.93218844e-03
1.62500000e-02	7.10815947e-02	4.62130983e-03
1.65000000e-02	6.76295945e-02	4.17481719e-03
1.67500000e-02	6.61981625e-02	4.08255464e-03
1.70000000e-02	6.37347529e-02	3.79320555e-03
1.72500000e-02	5.91298735e-02	3.46642192e-03
1.75000000e-02	5.69235503e-02	3.33496884e-03
1.77500000e-02	5.58151802e-02	3.20685235e-03
1.80000000e-02	5.30697177e-02	2.97290205e-03
1.82500000e-02	5.20863882e-02	2.92591544e-03
1.85000000e-02	5.03539670e-02	2.86704648e-03
1.87500000e-02	4.88607813e-02	2.65496708e-03
1.90000000e-02	4.76973264e-02	2.67817713e-03
1.92500000e-02	4.71850121e-02	2.58987118e-03
1.95000000e-02	4.68593076e-02	2.51949242e-03
1.97500000e-02	4.43090669e-02	2.42190773e-03
2.00000000e-02	4.21766084e-02	2.27882210e-03
2.02500000e-02	4.13529774e-02	2.17269826e-03
2.05000000e-02	4.06830362e-02	2.09667874e-03
2.07500000e-02	4.00661807e-02	2.05512621e-03
2.10000000e-02	3.96323799e-02	2.05535611e-03
2.12500000e-02	3.93024837e-02	2.04256209e-03
2.15000000e-02	3.80374679e-02	1.98606567e-03
2.17500000e-02	3.69074022e-02	1.89808237e-03
2.20000000e-02	3.64203915e-02	1.87773263e-03
2.22500000e-02	3.53367124e-02	1.78517485e-03
2.25000000e-02	3.57074751e-02	1.84620224e-03
2.27500000e-02	3.42798036e-02	1.73606457e-03
2.30000000e-02	3.35723270e-02	1.71242011e-03
2.32500000e-02	3.28276109e-02	1.67064775e-03
2.35000000e-02	3.37879466e-02	1.72410785e-03
2.37500000e-02	3.30393861e-02	1.66524363e-03
2.40000000e-02	3.34624852e-02	1.71535609e-03
2.42500000e-02	3.21789480e-02	1.60218620e-03
2.45000000e-02	3.14837806e-02	1.57500329e-03
2.47500000e-02	3.17151017e-02	1.59800518e-03
2.50000000e-02	3.18043784e-02	1.58955759e-03
2.52500000e-02	3.09762868e-02	1.56407948e-03
2.55000000e-02	2.94740032e-02	1.43407842e-03
2.57500000e-02	2.97004901e-02	1.45755187e-03
2.60000000e-02	2.88759034e-02	1.41428436e-03
2.62500000e-02	2.76825294e-02	1.36631032e-03
2.65000000e-02	2.78555082e-02	1.36862236e-03
2.67500000e-02	2.94573730e-02	1.41266870e-03
2.70000000e-02	2.87269052e-02	1.41938157e-03
2.72500000e-02	2.75759771e-02	1.33818132e-03
2.75000000e-02	2.82805367e-02	1.38386791e-03
2.77500000e-02	2.69662257e-02	1.33496557e-03
2.80000000e-02	2.78938975e-02	1.32392677e-03
2.82500000e-02	2.70804669e-02	1.30146543e-03
2.85000000e-02	2.74445301e-02	1.31891802e-03
2.87500000e-02	2.72317113e-02	1.31820893e-03
2.90000000e-02	2.84082265e-02	1.36830507e-03
2.92500000e-02	2.61759041e-02	1.22562105e-03
2.95000000e-02	2.59313751e-02	1.24837026e-03
2.97500000e-02	2.68989995e-02	1.28221212e-03
3.00000000e-02	2.69463771e-02	1.29877899e-03
3.02500000e-02	2.64082048e-02	1.27136344e-03
3.05000000e-02	2.67411003e-02	1.23964422e-03
3.07500000e-02	2.71755732e-02	1.26696688e-03
3.10000000e-02	2.64044078e-02	1.22994388e-03
3.12500000e-02	2.55114688e-02	1.21463950e-03
3.15000000e-02	2.58697647e-02	1.21525551e-03
3.17500000e-02	2.52125097e-02	1.16000874e-03
3.20000000e-02	2.54143959e-02	1.18877201e-03
3.22500000e-02	2.55099403e-02	1.19000558e-03
3.25000000e-02	2.51729766e-02	1.17874151e-03
3.27500000e-02	2.50578760e-02	1.16854651e-03
3.30000000e-02	2.51142460e-02	1.15065247e-03
3.32500000e-02	2.35840394e-02	1.07358454e-03
3.35000000e-02	2.46113143e-02	1.13784461e-03
3.37500000e-02	2.53698265e-02	1.16473714e-03
3.40000000e-02	2.41411139e-02	1.11323566e-03
3.42500000e-02	2.47175398e-02	1.12624306e-03
3.45000000e-02	2.37848375e-02	1.09713261e-03
3.47500000e-02	2.45400051e-02	1.11772661e-03
3.50000000e-02	2.43475334e-02	1.10864832e-03
3.52500000e-02	2.37048987e-02	1.07499262e-03
3.55000000e-02	2.35264420e-02	1.05022200e-03
3.57500000e-02	2.30190611e-02	1.04874834e-03
3.60000000e-02	2.44190492e-02	1.08853285e-03
3.62500000e-02	2.34689487e-02	1.06553756e-03
3.65000000e-02	2.31652974e-02	1.04102592e-03
3.67500000e-02	2.28016006e-02	1.02024454e-03
3.70000000e-02	2.33016270e-02	1.04364195e-03
3.72500000e-02	2.30991943e-02	1.03588535e-03
3.75000000e-02	2.28453321e-02	1.02442873e-03
3.77500000e-02	2.32401897e-02	1.02481363e-03
3.80000000e-02	2.24242161e-02	9.90505913e-04
3.82500000e-02	2.32496468e-02	1.02696419e-03
3.85000000e-02	2.28757253e-02	1.01357314e-03
3.87500000e-02	2.34821317e-02	1.02872484e-03
3.90000000e-02	2.25898874e-02	9.98561789e-04
3.92500000e-02	2.24261338e-02	9.71721623e-04
3.95000000e-02	2.31140207e-02	1.01229351e-03
3.97500000e-02	2.24896952e-02	9.82219990e-04
4.00000000e-02	2.19311517e-02	9.60762189e-04
4.02500000e-02	2.24108582e-02	9.72510277e-04
4.05000000e-02	2.14169228e-02	9.19853365e-04
4.07500000e-02	2.20635105e-02	9.56198562e-04
4.10000000e-02	2.20676158e-02	9.63429213e-04
4.12500000e-02	2.20883997e-02	9.52054026e-04
4.15000000e-02	2.25087839e-02	9.62074311e-04
4.17500000e-02	2.16300442e-02	9.29830525e-04
4.20000000e-02	2.23049978e-02	9.49636939e-04
4.22500000e-02	2.24400749e-02	9.50398881e-04
4.25000000e-02	2.25693213e-02	9.56151225e-04
4.27500000e-02	2.26526502e-02	9.58581431e-04
4.30000000e-02	2.20547363e-02	9.33723076e-04
4.32500000e-02	2.21497936e-02	9.24255869e-04
4.35000000e-02	2.14004897e-02	9.14745650e-04
4.37500000e-02	2.24479025e-02	9.29609351e-04
4.40000000e-02	2.23149245e-02	9.41515073e-04
4.42500000e-02	2.18732488e-02	9.28247283e-04
4.45000000e-02	2.12732892e-02	8.84508708e-04
4.47500000e-02	2.23623839e-02	9.28624262e-04
4.50000000e-02	2.19862852e-02	9.21393232e-04
4.52500000e-02	2.18164189e-02	9.04248026e-04
4.55000000e-02	2.12525145e-02	8.80649367e-04
4.57500000e-02	2.23088269e-02	9.24581240e-04
4.60000000e-02	2.11520213e-02	8.77170660e-04
4.62500000e-02	2.24088218e-02	9.33293900e-04
4.65000000e-02	2.22710411e-02	9.09604087e-04
4.67500000e-02	2.13360587e-02	8.82298594e-04
4.70000000e-02	2.14858076e-02	8.77462190e-04
4.72500000e-02	2.14254149e-02	8.75311455e-04
4.75000000e-02	2.12283950e-02	8.72878564e-04
4.77500000e-02	2.13508141e-02	8.68434897e-04
4.80000000e-02	2.13331184e-02	8.73521565e-04
4.82500000e-02	2.11643769e-02	8.61410180e-04
4.85000000e-02	2.09238062e-02	8.54061225e-04
4.87500000e-02	2.06441900e-02	8.40854218e-04
4.90000000e-02	2.12684114e-02	8.61073931e-04
4.92500000e-02	2.13718619e-02	8.51754368e-04
4.95000000e-02	2.10049980e-02	8.45443773e-04
4.97500000e-02	2.13887031e-02	8.67916873e-04
5.00000000e-02	2.11761540e-02	8.50007269e-04
5.02500000e-02	2.16788594e-02	8.55782700e-04
5.05000000e-02	2.17344647e-02	8.61344586e-04
5.07500000e-02	2.15939331e-02	8.64974391e-04
5.10000000e-02	2.14048062e-02	8.50780420e-04
5.12500000e-02	2.13474432e-02	8.52261658e-04
5.15000000e-02	2.05501892e-02	8.10352464e-04
5.17500000e-02	2.12559239e-02	8.45128796e-04
5.20000000e-02	2.11841057e-02	8.32589866e-04
5.22500000e-02	2.13276211e-02	8.47420905e-04
5.25000000e-02	2.11702057e-02	8.28700819e-04
5.27500000e-02	2.07525854e-02	8.11526017e-04
5.30000000e-02	2.10770672e-02	8.33187409e-04
5.32500000e-02	2.08088392e-02	8.10988399e-04
5.35000000e-02	2.12814164e-02	8.33012464e-04
5.37500000e-02	2.10845900e-02	8.17470247e-04
5.40000000e-02	2.14666203e-02	8.34331053e-04
5.42500000e-02	2.13486820e-02	8.22552103e-04
5.45000000e-02	2.11580160e-02	8.12872804e-04
5.47500000e-02	2.07865038e-02	8.04651469e-04
5.50000000e-02	2.09466687e-02	8.10214305e-04
5.52500000e-02	2.08691697e-02	7.97551365e-04
5.55000000e-02	2.06971874e-02	8.01680702e-04
5.57500000e-02	2.08757415e-02	8.02345805e-04
5.60000000e-02	2.01727840e-02	7.73368476e-04
5.62500000e-02	2.11495926e-02	8.04771383e-04
5.65000000e-02	2.07329171e-02	7.88841170e-04
5.67500000e-02	2.15592124e-02	8.21325967e-04
5.70000000e-02	2.07769722e-02	7.84426899e-04
5.72500000e-02	2.03765218e-02	7.71966025e-04
5.75000000e-02	2.10778262e-02	8.03865819e-04
5.77500000e-02	2.05425916e-02	7.66528377e-04
5.80000000e-02	2.12246423e-02	8.01934094e-04
5.82500000e-02	2.08120617e-02	7.87125287e-04
5.85000000e-02	2.02591826e-02	7.64321658e-04
5.87500000e-02	2.10606927e-02	7.91511321e-04
5.90000000e-02	1.98272783e-02	7.53049438e-04
5.92500000e-02	2.08862586e-02	7.76313221e-04
5.95000000e-02	2.04579616e-02	7.57493913e-04
5.97500000e-02	1.99114385e-02	7.53122524e-04
6.00000000e-02	2.07182959e-02	7.78443011e-04
6.02500000e-02	2.03612800e-02	7.59320442e-04
6.05000000e-02	2.08417631e-02	7.76553996e-04
6.07500000e-02	2.02725584e-02	7.56033104e-04
6.10000000e-02	2.07278271e-02	7.72079609e-04
6.12500000e-02	1.99563556e-02	7.36682609e-04
6.15000000e-02	2.09525113e-02	7.78035170e-04
6.17500000e-02	2.07694513e-02	7.75936516e-04
6.20000000e-02	2.04081235e-02	7.48557526e-04
6.22500000e-02	2.05297453e-02	7.50846925e-04
6.25000000e-02	1.99756502e-02	7.30887317e-04
6.27500000e-02	2.00678912e-02	7.35872992e-04
6.30000000e-02	2.04663897e-02	7.48239452e-04
6.32500000e-02	2.03073868e-02	7.41108756e-04
6.35000000e-02	2.03168643e-02	7.39713402e-04
6.37500000e-02	2.05830714e-02	7.49292518e-04
6.40000000e-02	1.99405094e-02	7.26828154e-04
6.42500000e-02	2.05785454e-02	7.35512843e-04
6.45000000e-02	2.05188604e-02	7.41097574e-04
6.47500000e-02	2.04870227e-02	7.39761260e-04
6.50000000e-02	2.04269399e-02	7.35352063e-04
6.52500000e-02	1.98854893e-02	7.12107244e-04
6.55000000e-02	1.99676822e-02	7.18156681e-04
6.57500000e-02	2.05874556e-02	7.35855458e-04
6.60000000e-02	2.03691863e-02	7.33624011e-04
6.62500000e-02	2.02292063e-02	7.26691367e-04
6.65000000e-02	2.04029882e-02	7.23610275e-04
6.67500000e-02	2.05174677e-02	7.28577490e-04
6.70000000e-02	2.02353107e-02	7.28959130e-04
6.72500000e-02	1.98688288e-02	7.12593930e-04
6.75000000e-02	2.07283333e-02	7.31192586e-04
6.77500000e-02	1.99764567e-02	7.12519848e-04
6.80000000e-02	2.13363918e-02	7.53502689e-04
6.82500000e-02	2.04192750e-02	7.20070002e-04
6.85000000e-02	2.02841493e-02	7.20281850e-04
6.87500000e-02	2.01919444e-02	7.13259641e-04
6.90000000e-02	1.99593888e-02	7.04357770e-04
6.92500000e-02	2.01891600e-02	7.11525216e-04
6.95000000e-02	1.97239180e-02	7.00274035e-04
6.97500000e-02	2.02488309e-02	7.14014802e-04
7.00000000e-02	2.02240050e-02	7.06985786e-04
7.02500000e-02	2.02363416e-02	7.03095219e-04
7.05000000e-02	2.02965301e-02	7.06119431e-04
7.07500000e-02	2.05531539e-02	7.18689763e-04
7.10000000e-02	2.02329067e-02	7.03113114e-04
7.12500000e-02	2.06163920e-02	7.11439821e-04
7.15000000e-02	1.96126237e-02	6.81222484e-04
7.17500000e-02	2.06306706e-02	7.12153942e-04
7.20000000e-02	1.99793022e-02	6.90386963e-04
7.22500000e-02	2.07829958e-02	7.19227955e-04
7.25000000e-02	2.03392472e-02	7.00495787e-04
7.27500000e-02	2.00763291e-02	6.87899119e-04
7.30000000e-02	2.00987677e-02	6.96452755e-04
7.32500000e-02	2.02289056e-02	6.92195819e-04
7.35000000e-02	2.01113743e-02	6.93204300e-04
7.37500000e-02	2.03705817e-02	6.98582880e-04
7.40000000e-02	2.05908739e-02	7.03916710e-04
7.42500000e-02	1.97139344e-02	6.75783095e-04
7.45000000e-02	2.07884722e-02	7.09281353e-04
7.47500000e-02	1.99210299e-02	6.80459679e-04
7.50000000e-02	1.96830110e-02	6.70997868e-04
7.52500000e-02	1.99621302e-02	6.76049318e-04
7.55000000e-02	2.03413244e-02	6.86879773e-04
7.57500000e-02	2.04019839e-02	6.86746419e-04
7.60000000e-02	2.00608122e-02	6.77509511e-04
7.62500000e-02	2.00878085e-02	6.75701454e-04
7.65000000e-02	2.08688520e-02	7.00066407e-04
7.67500000e-02	2.03953419e-02	6.84151374e-04
7.70000000e-02	2.02205375e-02	6.79042125e-04
7.72500000e-02	2.02153884e-02	6.91540607e-04
7.75000000e-02	2.03507912e-02	7.03187081e-04
7.77500000e-02	1.99368616e-02	6.90224646e-04
7.80000000e-02	1.95676707e-02	6.86603995e-04
7.82500000e-02	2.04229732e-02	7.10490037e-04
7.85000000e-02	2.01949485e-02	7.08194385e-04
7.87500000e-02	1.98575731e-02	7.01519115e-04
7.90000000e-02	2.04066810e-02	7.21231301e-04
7.92500000e-02	1.95942488e-02	6.97865810e-04
7.95000000e-02	2.01108415e-02	7.12711435e-04
7.97500000e-02	1.97179973e-02	7.05764433e-04
8.00000000e-02	1.95972449e-02	6.99333482e-04
8.02500000e-02	2.01972212e-02	7.28125174e-04
8.05000000e-02	2.00023607e-02	7.14988022e-04
8.07500000e-02	1.99762831e-02	7.28024874e-04
8.10000000e-02	1.98772119e-02	7.18183166e-04
8.12500000e-02	2.03597930e-02	7.34947749e-04
8.15000000e-02	2.01446092e-02	7.27176863e-04
8.17500000e-02	2.04602550e-02	7.40995984e-04
8.20000000e-02	2.03699705e-02	7.40187897e-04
8.22500000e-02	2.02779732e-02	7.33024009e-04
8.25000000e-02	1.94104527e-02	7.03531305e-04
8.27500000e-02	1.97111912e-02	7.21265305e-04
8.30000000e-02	2.02249750e-02	7.38016469e-04
8.32500000e-02	1.99495697e-02	7.31503373e-04
8.35000000e-02	2.03034869e-02	7.45230136e-04
8.37500000e-02	2.00573214e-02	7.34353624e-04
8.40000000e-02	2.09452714e-02	7.62007109e-04
8.42500000e-02	2.02093548e-02	7.43694126e-04
8.45000000e-02	1.97684587e-02	7.29565014e-04
8.47500000e-02	2.04185323e-02	7.61403582e-04
8.50000000e-02	1.99932549e-02	7.35568350e-04
8.52500000e-02	1.96320473e-02	7.33672737e-04
8.55000000e-02	1.94618402e-02	7.18753318e-04
8.57500000e-02	1.93980346e-02	7.21214301e-04
8.60000000e-02	1.96647183e-02	7.28536969e-04
8.62500000e-02	2.00662567e-02	7.38997159e-04
8.65000000e-02	2.01532745e-02	7.46482131e-04
8.67500000e-02	2.01600300e-02	7.40686681e-04
8.70000000e-02	2.00996506e-02	7.29367366e-04
8.72500000e-02	1.97748512e-02	7.09133859e-04
8.75000000e-02	2.03549535e-02	7.18301472e-04
8.77500000e-02	1.96676053e-02	6.96927914e-04
8.80000000e-02	1.99077278e-02	7.04134156e-04
8.82500000e-02	1.98771274e-02	6.91140464e-04
8.85000000e-02	2.03131646e-02	7.09340871e-04
8.87500000e-02	1.93185084e-02	6.67102314e-04
8.90000000e-02	1.98374343e-02	6.80258807e-04
8.92500000e-02	1.96677634e-02	6.79265278e-04
8.95000000e-02	1.97430300e-02	6.76842842e-04
8.97500000e-02	2.02504115e-02	6.85509162e-04
9.00000000e-02	1.99126968e-02	6.73279646e-04
9.02500000e-02	1.98493152e-02	6.71679228e-04
9.05000000e-02	2.01507241e-02	6.79216837e-04
9.07500000e-02	2.01425588e-02	6.75497509e-04
9.10000000e-02	2.01205214e-02	6.70281893e-04
9.12500000e-02	2.03903832e-02	6.77202818e-04
9.15000000e-02	1.95852953e-02	6.57351739e-04
9.17500000e-02	1.94905868e-02	6.57822594e-04
9.20000000e-02	1.96047726e-02	6.52448872e-04
9.22500000e-02	2.02276634e-02	6.72928892e-04
9.25000000e-02	1.97160383e-02	6.54559285e-04
9.27500000e-02	1.98248015e-02	6.55871679e-04
9.30000000e-02	1.96989405e-02	6.51052989e-04
9.32500000e-02	2.00031946e-02	6.69709163e-04
9.35000000e-02	2.03291266e-02	6.66289083e-04
9.37500000e-02	2.01986475e-02	6.62275395e-04
9.40000000e-02	1.96656438e-02	6.51694151e-04
9.42500000e-02	1.97435191e-02	6.46304292e-04
9.45000000e-02	1.99334200e-02	6.47638371e-04
9.47500000e-02	2.02336167e-02	6.62206743e-04
9.50000000e-02	2.02256687e-02	6.56106155e-04
9.52500000e-02	1.94221471e-02	6.29574107e-04
9.55000000e-02	2.00642175e-02	6.52399725e-04
9.57500000e-02	2.01777017e-02	6.54187903e-04
9.60000000e-02	1.96827039e-02	6.38575492e-04
9.62500000e-02	1.93284933e-02	6.22517909e-04
9.65000000e-02	2.00695568e-02	6.43421283e-04
9.67500000e-02	1.99534418e-02	6.38523485e-04
9.70000000e-02	1.96921931e-02	6.37090653e-04
9.72500000e-02	1.92984278e-02	6.19092034e-04
9.75000000e-02	1.99858589e-02	6.42145400e-04
9.77500000e-02	1.96264116e-02	6.22596792e-04
9.80000000e-02	1.97298281e-02	6.31044671e-04
9.82500000e-02	2.01453908e-02	6.40581970e-04
9.85000000e-02	2.00660257e-02	6.42836231e-04
9.87500000e-02	2.02288073e-02	6.42483767e-04
9.90000000e-02	2.03391114e-02	6.45066553e-04
9.92500000e-02	1.98423228e-02	6.26746218e-04
9.95000000e-02	1.95254887e-02	6.20432938e-04
9.97500000e-02	1.96918215e-02	6.20381001e-04
1.00000000e-01	1.98205052e-02	5.07893743e-04
1.00500000e-01	1.96999126e-02	4.39515601e-04
1.01000000e-01	1.95930505e-02	4.33014137e-04
1.01500000e-01	2.00038196e-02	4.41451489e-04
1.02000000e-01	1.95912990e-02	4.31022160e-04
1.02500000e-01	1.97773626e-02	4.33892149e-04
1.03000000e-01	1.96632084e-02	4.31802231e-04
1.03500000e-01	2.02929948e-02	4.41921728e-04
1.04000000e-01	1.97044570e-02	4.28779901e-04
1.04500000e-01	1.99610600e-02	4.33891400e-04
1.05000000e-01	2.01345994e-02	4.32887491e-04
1.05500000e-01	1.96173859e-02	4.25348477e-04
1.06000000e-01	1.97120765e-02	4.24649528e-04
1.06500000e-01	1.97490703e-02	4.22363668e-04
1.07000000e-01	1.98081474e-02	4.32176777e-04
1.07500000e-01	1.99058805e-02	4.40429657e-04
1.08000000e-01	1.95008082e-02	4.39158390e-04
1.08500000e-01	2.00141847e-02	4.49138849e-04
1.09000000e-01	1.95445630e-02	4.43858523e-04
1.09500000e-01	1.99251288e-02	4.53261170e-04
1.10000000e-01	1.99619334e-02	4.47878379e-04
1.10500000e-01	1.92784668e-02	4.24715426e-04
1.11000000e-01	1.94326918e-02	4.23327214e-04
1.11500000e-01	1.97605406e-02	4.26503675e-04
1.12000000e-01	1.94836165e-02	4.16706590e-04
1.12500000e-01	1.94238536e-02	4.13333478e-04
1.13000000e-01	1.99479758e-02	4.23098622e-04
1.13500000e-01	1.96017932e-02	4.13811799e-04
1.14000000e-01	1.95323280e-02	4.10071603e-04
1.14500000e-01	1.98285389e-02	4.16160635e-04
1.15000000e-01	1.98916280e-02	4.16338429e-04
1.15500000e-01	1.98230886e-02	4.12744614e-04
1.16000000e-01	1.99833276e-02	4.12264553e-04
1.16500000e-01	1.94557607e-02	4.03155406e-04
1.17000000e-01	1.99887228e-02	4.12345140e-04
1.17500000e-01	1.98142118e-02	4.08688126e-04
1.18000000e-01	1.94948103e-02	4.02942832e-04
1.18500000e-01	1.95455320e-02	4.00185358e-04
1.19000000e-01	1.94775516e-02	3.99238124e-04
1.19500000e-01	1.98979472e-02	4.05920404e-04
1.20000000e-01	1.94197815e-02	3.95686653e-04
1.20500000e-01	2.00096901e-02	4.05311412e-04
1.21000000e-01	1.95815901e-02	3.97810443e-04
1.21500000e-01	1.96161305e-02	3.96244121e-04
1.22000000e-01	1.97607856e-02	3.98999037e-04
1.22500000e-01	1.96728789e-02	3.96316411e-04
1.23000000e-01	1.97195882e-02	3.95774945e-04
1.23500000e-01	1.96694047e-02	3.94276161e-04
1.24000000e-01	1.96962706e-02	3.96400470e-04
1.24500000e-01	1.95687302e-02	3.90366853e-04
1.25000000e-01	1.99237507e-02	3.96966486e-04
1.25500000e-01	1.96887396e-02	3.91558272e-04
1.26000000e-01	1.99804191e-02	3.96185315e-04
1.26500000e-01	1.97780570e-02	3.92079885e-04
1.27000000e-01	1.95793708e-02	3.86791137e-04
1.27500000e-01	1.96815208e-02	3.87009476e-04
1.28000000e-01	1.97477682e-02	3.88976779e-04
1.28500000e-01	1.96399744e-02	3.83833619e-04
1.29000000e-01	1.97407508e-02	3.86769518e-04
1.29500000e-01	1.94008170e-02	3.80502011e-04
1.30000000e-01	1.98196702e-02	3.88737291e-04
1.30500000e-01	1.97701488e-02	3.82230781e-04
1.31000000e-01	1.95616304e-02	3.80967745e-04
1.31500000e-01	1.99103731e-02	3.85361493e-04
1.32000000e-01	1.95025932e-02	3.78673877e-04
1.32500000e-01	1.96458521e-02	3.80376191e-04
1.33000000e-01	1.95818450e-02	3.77722022e-04
1.33500000e-01	1.94766136e-02	3.74090993e-04
1.34000000e-01	1.97380378e-02	3.77537762e-04
1.34500000e-01	1.94703688e-02	3.71933610e-04
1.35000000e-01	1.96831863e-02	3.75730404e-04
1.35500000e-01	1.96865008e-02	3.74031258e-04
1.36000000e-01	1.95320286e-02	3.68390541e-04
1.36500000e-01	1.94044214e-02	3.68941755e-04
1.37000000e-01	1.98077023e-02	3.74527606e-04
1.37500000e-01	1.94448414e-02	3.67105306e-04
1.38000000e-01	1.97475307e-02	3.72934986e-04
1.38500000e-01	1.96566360e-02	3.70974982e-04
1.39000000e-01	1.96635483e-02	3.70900785e-04
1.39500000e-01	1.92788114e-02	3.62499894e-04
1.40000000e-01	1.98305515e-02	3.73537034e-04
1.40500000e-01	1.95110490e-02	3.65030496e-04
1.41000000e-01	1.97251812e-02	3.70751342e-04
1.41500000e-01	1.92423441e-02	3.61163779e-04
1.42000000e-01	1.92232668e-02	3.58002602e-04
1.42500000e-01	1.97175581e-02	3.67665130e-04
1.43000000e-01	1.96314747e-02	3.65046610e-04
1.43500000e-01	1.96110835e-02	3.65329495e-04
1.44000000e-01	1.95150092e-02	3.61375908e-04
1.44500000e-01	1.94182688e-02	3.60164911e-04
1.45000000e-01	1.93328155e-02	3.59081820e-04
1.45500000e-01	1.93105265e-02	3.58138254e-04
1.46000000e-01	1.93338474e-02	3.56152617e-04
1.46500000e-01	1.91587367e-02	3.52735285e-04
1.47000000e-01	1.93374697e-02	3.55597902e-04
1.47500000e-01	1.92777695e-02	3.53907124e-04
1.48000000e-01	1.95669676e-02	3.59400180e-04
1.48500000e-01	1.93901400e-02	3.55523691e-04
1.49000000e-01	1.94318632e-02	3.56329716e-04
1.49500000e-01	1.94127258e-02	3.53149754e-04
1.50000000e-01	1.94332328e-02	3.53648133e-04
1.50500000e-01	1.94664512e-02	3.55552244e-04
1.51000000e-01	1.94788788e-02	3.54418544e-04
1.51500000e-01	1.95601359e-02	3.52423172e-04
1.52000000e-01	1.96427621e-02	3.52723005e-04
1.52500000e-01	1.94518993e-02	3.51255442e-04
1.53000000e-01	1.96057390e-02	3.52776628e-04
1.53500000e-01	1.96020658e-02	3.50856445e-04
1.54000000e-01	1.93085920e-02	3.45366669e-04
1.54500000e-01	1.93405512e-02	3.51451954e-04
1.55000000e-01	1.92102937e-02	3.56856349e-04
1.55500000e-01	1.94315807e-02	3.61630154e-04
1.56000000e-01	1.91864308e-02	3.59091046e-04
1.56500000e-01	1.93622385e-02	3.60344633e-04
1.57000000e-01	1.94927606e-02	3.66035517e-04
1.57500000e-01	1.94716106e-02	3.57676384e-04
1.58000000e-01	1.90449582e-02	3.44634797e-04
1.58500000e-01	1.92720113e-02	3.48596550e-04
1.59000000e-01	1.90164063e-02	3.40614737e-04
1.59500000e-01	1.90464791e-02	3.41463401e-04
1.60000000e-01	1.89137530e-02	3.39394186e-04
1.60500000e-01	1.88149508e-02	3.34143170e-04
1.61000000e-01	1.91501297e-02	3.41702490e-04
1.61500000e-01	1.90571811e-02	3.37648993e-04
1.62000000e-01	1.90026468e-02	3.36117572e-04
1.62500000e-01	1.89787432e-02	3.36149282e-04
1.63000000e-01	1.90603768e-02	3.35610547e-04
1.63500000e-01	1.88176959e-02	3.31454631e-04
1.64000000e-01	1.92375582e-02	3.36994395e-04
1.64500000e-01	1.89970364e-02	3.34862017e-04
1.65000000e-01	1.91757830e-02	3.36274815e-04
1.65500000e-01	1.92682356e-02	3.35446406e-04
1.66000000e-01	1.90127680e-02	3.31831888e-04
1.66500000e-01	1.88613587e-02	3.29336954e-04
1.67000000e-01	1.90109262e-02	3.31580991e-04
1.67500000e-01	1.87979574e-02	3.26355113e-04
1.68000000e-01	1.91001583e-02	3.31265366e-04
1.68500000e-01	1.88147476e-02	3.25966834e-04
1.69000000e-01	1.87493721e-02	3.24337404e-04
1.69500000e-01	1.89017982e-02	3.26569926e-04
1.70000000e-01	1.88640893e-02	3.25943553e-04
1.70500000e-01	1.90850634e-02	3.28981213e-04
1.71000000e-01	1.86812257e-02	3.22223719e-04
1.71500000e-01	1.87602676e-02	3.23073349e-04
1.72000000e-01	1.90069864e-02	3.24943506e-04
1.72500000e-01	1.90358861e-02	3.25742346e-04
1.73000000e-01	1.87055609e-02	3.19581671e-04
1.73500000e-01	1.89778973e-02	3.22095958e-04
1.74000000e-01	1.87943585e-02	3.21479642e-04
1.74500000e-01	1.88218167e-02	3.17979547e-04
1.75000000e-01	1.86956484e-02	3.15083024e-04
1.75500000e-01	1.88585905e-02	3.16405636e-04
1.76000000e-01	1.86483874e-02	3.14702637e-04
1.76500000e-01	1.89078428e-02	3.18412710e-04
1.77000000e-01	1.88144338e-02	3.15801360e-04
1.77500000e-01	1.88394129e-02	3.16704364e-04
1.78000000e-01	1.86915788e-02	3.13867938e-04
1.78500000e-01	1.86561659e-02	3.13056334e-04
1.79000000e-01	1.88188247e-02	3.15039093e-04
1.79500000e-01	1.86012895e-02	3.11467230e-04
1.80000000e-01	1.87116636e-02	3.14100971e-04
1.80500000e-01	1.84691005e-02	3.10713240e-04
1.81000000e-01	1.89496374e-02	3.17021968e-04
1.81500000e-01	1.87628913e-02	3.13141008e-04
1.82000000e-01	1.86685607e-02	3.11510104e-04
1.82500000e-01	1.88820083e-02	3.13932713e-04
1.83000000e-01	1.86424297e-02	3.11202850e-04
1.83500000e-01	1.84858272e-02	3.07222533e-04
1.84000000e-01	1.84670515e-02	3.05876759e-04
1.84500000e-01	1.87637014e-02	3.11110005e-04
1.85000000e-01	1.86672712e-02	3.08749622e-04
1.85500000e-01	1.85701634e-02	3.06335628e-04
1.86000000e-01	1.84208556e-02	3.04194302e-04
1.86500000e-01	1.86285482e-02	3.06692138e-04
1.87000000e-01	1.86388499e-02	3.06842727e-04
1.87500000e-01	1.83503469e-02	3.02328221e-04
1.88000000e-01	1.86920205e-02	3.05518939e-04
1.88500000e-01	1.86329519e-02	3.04318143e-04
1.89000000e-01	1.83850797e-02	2.99438841e-04
1.89500000e-01	1.81995905e-02	2.98299464e-04
1.90000000e-01	1.85231497e-02	3.01413325e-04
1.90500000e-01	1.84925624e-02	3.01184015e-04
1.91000000e-01	1.82353620e-02	2.97995790e-04
1.91500000e-01	1.84987221e-02	3.02417973e-04
1.92000000e-01	1.82692314e-02	2.98146445e-04
1.92500000e-01	1.83569849e-02	2.97928746e-04
1.93000000e-01	1.83529844e-02	2.99385159e-04
1.93500000e-01	1.85444256e-02	3.00641865e-04
1.94000000e-01	1.84273455e-02	2.99491734e-04
1.94500000e-01	1.83838419e-02	2.96503567e-04
1.95000000e-01	1.83321230e-02	2.95994534e-04
1.95500000e-01	1.84787144e-02	2.97041184e-04
1.96000000e-01	1.82499421e-02	2.94116761e-04
1.96500000e-01	1.81925684e-02	2.92840678e-04
1.97000000e-01	1.82823368e-02	2.94329156e-04
1.97500000e-01	1.84144529e-02	2.95126972e-04
1.98000000e-01	1.82195683e-02	2.91959558e-04
1.98500000e-01	1.81559347e-02	2.89973040e-04
1.99000000e-01	1.83239296e-02	2.93059719e-04
1.99500000e-01	1.81915191e-02	2.90014644e-04
2.00000000e-01	1.82018994e-02	2.90845089e-04
2.00500000e-01	1.84648509e-02	2.93377283e-04
2.01000000e-01	1.82156270e-02	2.89350707e-04
2.01500000e-01	1.84348581e-02	2.93261972e-04
2.02000000e-01	1.84498710e-02	2.93045698e-04
2.02500000e-01	1.83280115e-02	2.89027856e-04
2.03000000e-01	1.83491608e-02	2.89054167e-04
2.03500000e-01	1.82285804e-02	2.89725031e-04
2.04000000e-01	1.83725564e-02	2.90636378e-04
2.04500000e-01	1.85163534e-02	2.91673292e-04
2.05000000e-01	1.83985626e-02	2.90113099e-04
2.05500000e-01	1.81904762e-02	2.86979781e-04
2.06000000e-01	1.81366376e-02	2.84567357e-04
2.06500000e-01	1.83393028e-02	2.87246251e-04
2.07000000e-01	1.82013052e-02	2.86655646e-04
2.07500000e-01	1.83849675e-02	2.87492021e-04
2.08000000e-01	1.80579523e-02	2.83177584e-04
2.08500000e-01	1.80235729e-02	2.80928596e-04
2.09000000e-01	1.81879718e-02	2.84414447e-04
2.09500000e-01	1.80641394e-02	2.80569974e-04
2.10000000e-01	1.82094187e-02	2.83743968e-04
2.10500000e-01	1.81371200e-02	2.83284261e-04
2.11000000e-01	1.83504565e-02	2.84001004e-04
2.11500000e-01	1.79307106e-02	2.78827066e-04
2.12000000e-01	1.83107024e-02	2.83733426e-04
2.12500000e-01	1.80955533e-02	2.80339045e-04
2.13000000e-01	1.80773327e-02	2.80762662e-04
2.13500000e-01	1.82267178e-02	2.82120036e-04
2.14000000e-01	1.78553241e-02	2.76332527e-04
2.14500000e-01	1.82187524e-02	2.80139357e-04
2.15000000e-01	1.80381228e-02	2.79665770e-04
2.15500000e-01	1.83966363e-02	2.81735545e-04
2.16000000e-01	1.81813323e-02	2.79342410e-04
2.16500000e-01	1.82279903e-02	2.79237812e-04
2.17000000e-01	1.79556408e-02	2.80457676e-04
2.17500000e-01	1.81276349e-02	2.86728563e-04
2.18000000e-01	1.78402844e-02	2.83511815e-04
2.18500000e-01	1.81658800e-02	2.89338784e-04
2.19000000e-01	1.80975207e-02	2.90459229e-04
2.19500000e-01	1.79415011e-02	2.88273858e-04
2.20000000e-01	1.80286718e-02	2.91607165e-04
2.20500000e-01	1.81983914e-02	2.94951895e-04
2.21000000e-01	1.78184792e-02	2.90051847e-04
2.21500000e-01	1.77055674e-02	2.88881154e-04
2.22000000e-01	1.78510513e-02	2.91577058e-04
2.22500000e-01	1.78667283e-02	2.92317916e-04
2.23000000e-01	1.79558686e-02	2.94065436e-04
2.23500000e-01	1.81192559e-02	2.97732105e-04
2.24000000e-01	1.78944480e-02	2.94003937e-04
2.24500000e-01	1.81357172e-02	2.98791068e-04
2.25000000e-01	1.80409585e-02	2.97346202e-04
2.25500000e-01	1.79395335e-02	2.96285810e-04
2.26000000e-01	1.79790947e-02	2.98784667e-04
2.26500000e-01	1.80355869e-02	2.93091130e-04
2.27000000e-01	1.79454521e-02	2.90496317e-04
2.27500000e-01	1.79061178e-02	2.86942773e-04
2.28000000e-01	1.78601998e-02	2.86053087e-04
2.28500000e-01	1.78258472e-02	2.82698394e-04
2.29000000e-01	1.76664387e-02	2.79808850e-04
2.29500000e-01	1.77891425e-02	2.80064824e-04
2.30000000e-01	1.75993127e-02	2.76442329e-04
2.30500000e-01	1.77913858e-02	2.78929222e-04
2.31000000e-01	1.79774293e-02	2.80452526e-04
2.31500000e-01	1.78335340e-02	2.79407544e-04
2.32000000e-01	1.76038907e-02	2.73909830e-04
2.32500000e-01	1.77481178e-02	2.76064686e-04
2.33000000e-01	1.81059467e-02	2.79239637e-04
2.33500000e-01	1.78872710e-02	2.75563403e-04
2.34000000e-01	1.78793802e-02	2.74935942e-04
2.34500000e-01	1.78090411e-02	2.74368376e-04
2.35000000e-01	1.78922921e-02	2.74340026e-04
2.35500000e-01	1.75756776e-02	2.69515695e-04
2.36000000e-01	1.76966080e-02	2.71341716e-04
2.36500000e-01	1.77002362e-02	2.71276626e-04
2.37000000e-01	1.76768853e-02	2.69606341e-04
2.37500000e-01	1.76141028e-02	2.68593824e-04
2.38000000e-01	1.77756803e-02	2.69188981e-04
2.38500000e-01	1.78168307e-02	2.70969515e-04
2.39000000e-01	1.77981238e-02	2.68756816e-04
2.39500000e-01	1.77483705e-02	2.68402695e-04
2.40000000e-01	1.75712110e-02	2.65093941e-04
2.40500000e-01	1.74998006e-02	2.63689095e-04
2.41000000e-01	1.77917381e-02	2.68280715e-04
2.41500000e-01	1.76694218e-02	2.65707434e-04
2.42000000e-01	1.77267311e-02	2.66524709e-04
2.42500000e-01	1.77118068e-02	2.64884900e-04
2.43000000e-01	1.78584038e-02	2.67296125e-04
2.43500000e-01	1.75351142e-02	2.61842190e-04
2.44000000e-01	1.76661177e-02	2.62821695e-04
2.44500000e-01	1.76848045e-02	2.63723179e-04
2.45000000e-01	1.75497518e-02	2.60082518e-04
2.45500000e-01	1.76904048e-02	2.62813226e-04
2.46000000e-01	1.76402719e-02	2.62792991e-04
2.46500000e-01	1.75560738e-02	2.59330832e-04
2.47000000e-01	1.75994313e-02	2.61435980e-04
2.47500000e-01	1.75342902e-02	2.58262295e-04
2.48000000e-01	1.75308671e-02	2.58820975e-04
2.48500000e-01	1.74057783e-02	2.56425061e-04
2.49000000e-01	1.74225993e-02	2.57227038e-04
2.49500000e-01	1.73556992e-02	2.54666815e-04
2.50000000e-01	1.77206505e-02	2.58924759e-04
2.50500000e-01	1.74946683e-02	2.57761337e-04
2.51000000e-01	1.72473284e-02	2.52813846e-04
2.51500000e-01	1.73611636e-02	2.53904627e-04
2.52000000e-01	1.75952560e-02	2.57516035e-04
2.52500000e-01	1.73332548e-02	2.53743588e-04
2.53000000e-01	1.71493313e-02	2.51814306e-04
2.53500000e-01	1.73302992e-02	2.53239740e-04
2.54000000e-01	1.73637771e-02	2.54049811e-04
2.54500000e-01	1.76098339e-02	2.56335980e-04
2.55000000e-01	1.72458890e-02	2.51276969e-04
2.55500000e-01	1.72643166e-02	2.51760544e-04
2.56000000e-01	1.71689956e-02	2.48580595e-04
2.56500000e-01	1.70891515e-02	2.48168667e-04
2.57000000e-01	1.72664839e-02	2.49720602e-04
2.57500000e-01	1.75185457e-02	2.53174473e-04
2.58000000e-01	1.73140708e-02	2.51620356e-04
2.58500000e-01	1.73565978e-02	2.49817245e-04
2.59000000e-01	1.72337072e-02	2.48169408e-04
2.59500000e-01	1.73960188e-02	2.50297967e-04
2.60000000e-01	1.72902100e-02	2.49654753e-04
2.60500000e-01	1.72306480e-02	2.48234165e-04
2.61000000e-01	1.75903185e-02	2.51858327e-04
2.61500000e-01	1.71551529e-02	2.45612788e-04
2.62000000e-01	1.72068700e-02	2.46888831e-04
2.62500000e-01	1.72874766e-02	2.47021138e-04
2.63000000e-01	1.72116670e-02	2.46807306e-04
2.63500000e-01	1.71150278e-02	2.44371892e-04
2.64000000e-01	1.72048967e-02	2.46407807e-04
2.64500000e-01	1.73126984e-02	2.46438180e-04
2.65000000e-01	1.71687981e-02	2.44537838e-04
2.65500000e-01	1.72733324e-02	2.46052111e-04
2.66000000e-01	1.72833893e-02	2.46025679e-04
2.66500000e-01	1.74059063e-02	2.45806615e-04
2.67000000e-01	1.72596624e-02	2.44554110e-04
2.67500000e-01	1.73268939e-02	2.45288310e-04
2.68000000e-01	1.72435274e-02	2.43750928e-04
2.68500000e-01	1.69421560e-02	2.39750568e-04
2.69000000e-01	1.71527957e-02	2.42202284e-04
2.69500000e-01	1.70466134e-02	2.40922356e-04
2.70000000e-01	1.70716345e-02	2.40327712e-04
2.70500000e-01	1.70694315e-02	2.39651186e-04
2.71000000e-01	1.72418036e-02	2.41623276e-04
2.71500000e-01	1.73439929e-02	2.43166668e-04
2.72000000e-01	1.69360608e-02	2.37732302e-04
2.72500000e-01	1.71528184e-02	2.41150016e-04
2.73000000e-01	1.71145478e-02	2.39785282e-04
2.73500000e-01	1.70240106e-02	2.37449297e-04
2.74000000e-01	1.71815223e-02	2.40631723e-04
2.74500000e-01	1.70783773e-02	2.39388690e-04
2.75000000e-01	1.70981632e-02	2.39116317e-04
2.75500000e-01	1.71302379e-02	2.38131609e-04
2.76000000e-01	1.72034057e-02	2.38631459e-04
2.76500000e-01	1.71746589e-02	2.39778748e-04
2.77000000e-01	1.72912674e-02	2.40449811e-04
2.77500000e-01	1.71090529e-02	2.38760749e-04
2.78000000e-01	1.70019542e-02	2.36554290e-04
2.78500000e-01	1.70876681e-02	2.37582765e-04
2.79000000e-01	1.69507153e-02	2.34116842e-04
2.79500000e-01	1.69108700e-02	2.33558682e-04
2.80000000e-01	1.68582143e-02	2.32739910e-04
2.80500000e-01	1.70785647e-02	2.35981992e-04
2.81000000e-01	1.70946338e-02	2.36467330e-04
2.81500000e-01	1.69186173e-02	2.33796739e-04
2.82000000e-01	1.70409090e-02	2.35188177e-04
2.82500000e-01	1.70312305e-02	2.36202260e-04
2.83000000e-01	1.70343444e-02	2.34568943e-04
2.83500000e-01	1.69776911e-02	2.33198572e-04
2.84000000e-01	1.70475412e-02	2.34640174e-04
2.84500000e-01	1.70762864e-02	2.34210386e-04
2.85000000e-01	1.70234674e-02	2.33204388e-04
2.85500000e-01	1.71783061e-02	2.34241648e-04
2.86000000e-01	1.69264538e-02	2.31881821e-04
2.86500000e-01	1.69652960e-02	2.31446810e-04
2.87000000e-01	1.69029022e-02	2.30386420e-04
2.87500000e-01	1.68830855e-02	2.31337461e-04
2.88000000e-01	1.69216845e-02	2.30117171e-04
2.88500000e-01	1.68710052e-02	2.28925504e-04
2.89000000e-01	1.67469327e-02	2.28512834e-04
2.89500000e-01	1.70183200e-02	2.31211761e-04
2.90000000e-01	1.70051905e-02	2.30518697e-04
2.90500000e-01	1.67190785e-02	2.27575574e-04
2.91000000e-01	1.66875428e-02	2.26012820e-04
2.91500000e-01	1.69352121e-02	2.28394654e-04
2.92000000e-01	1.68628091e-02	2.27691698e-04
2.92500000e-01	1.68273846e-02	2.27931516e-04
2.93000000e-01	1.67959205e-02	2.26299521e-04
2.93500000e-01	1.68871840e-02	2.27773828e-04
2.94000000e-01	1.67197790e-02	2.25817286e-04
2.94500000e-01	1.69331596e-02	2.28489986e-04
2.95000000e-01	1.67356001e-02	2.25130000e-04
2.95500000e-01	1.67268031e-02	2.25963074e-04
2.96000000e-01	1.68240800e-02	2.25729645e-04
2.96500000e-01	1.69218232e-02	2.27393677e-04
2.97000000e-01	1.66583647e-02	2.23264672e-04
2.97500000e-01	1.70530532e-02	2.27437307e-04
2.98000000e-01	1.66825447e-02	2.23388364e-04
2.98500000e-01	1.67617003e-02	2.24297199e-04
2.99000000e-01	1.67720009e-02	2.24035423e-04
2.99500000e-01	1.69059819e-02	2.25178370e-04
3.00000000e-01	1.67656923e-02	2.23131598e-04
3.00500000e-01	1.67675810e-02	2.24905271e-04
3.01000000e-01	1.66189299e-02	2.21079092e-04
3.01500000e-01	1.68318288e-02	2.24066300e-04
3.02000000e-01	1.67750251e-02	2.23226550e-04
3.02500000e-01	1.66408368e-02	2.21084978e-04
3.03000000e-01	1.65785648e-02	2.20619417e-04
3.03500000e-01	1.67473772e-02	2.22374433e-04
3.04000000e-01	1.66359226e-02	2.22335278e-04
3.04500000e-01	1.67994029e-02	2.21964446e-04
3.05000000e-01	1.66959757e-02	2.20924070e-04
3.05500000e-01	1.67299752e-02	2.21396324e-04
3.06000000e-01	1.65920758e-02	2.18654071e-04
3.06500000e-01	1.67056483e-02	2.21331119e-04
3.07000000e-01	1.64473553e-02	2.17425410e-04
3.07500000e-01	1.66258224e-02	2.18201844e-04
3.08000000e-01	1.67797348e-02	2.20633341e-04
3.08500000e-01	1.65952426e-02	2.18127728e-04
3.09000000e-01	1.66162581e-02	2.18630411e-04
3.09500000e-01	1.66537313e-02	2.18511946e-04
3.10000000e-01	1.66185532e-02	2.18764816e-04
3.10500000e-01	1.65778834e-02	2.17775495e-04
3.11000000e-01	1.64460045e-02	2.14895347e-04
3.11500000e-01	1.65931371e-02	2.17116006e-04
3.12000000e-01	1.65126203e-02	2.16139914e-04
3.12500000e-01	1.65379030e-02	2.15919295e-04
3.13000000e-01	1.64008783e-02	2.14826727e-04
3.13500000e-01	1.65058483e-02	2.15204270e-04
3.14000000e-01	1.64839295e-02	2.14786627e-04
3.14500000e-01	1.64406112e-02	2.13799715e-04
3.15000000e-01	1.65541338e-02	2.16145709e-04
3.15500000e-01	1.63578760e-02	2.12741761e-04
3.16000000e-01	1.67137524e-02	2.17670591e-04
3.16500000e-01	1.65977310e-02	2.15359764e-04
3.17000000e-01	1.65005502e-02	2.14565120e-04
3.17500000e-01	1.66022222e-02	2.14891509e-04
3.18000000e-01	1.61847039e-02	2.09558688e-04
3.18500000e-01	1.65851268e-02	2.15225551e-04
3.19000000e-01	1.63996098e-02	2.12446567e-04
3.19500000e-01	1.63565479e-02	2.11834003e-04
3.20000000e-01	1.65037602e-02	2.13611275e-04
3.20500000e-01	1.64028251e-02	2.11636082e-04
3.21000000e-01	1.63789275e-02	2.11702211e-04
3.21500000e-01	1.64681136e-02	2.12586692e-04
3.22000000e-01	1.64639279e-02	2.12069831e-04
3.22500000e-01	1.63696001e-02	2.11062167e-04
3.23000000e-01	1.62672362e-02	2.09465516e-04
3.23500000e-01	1.62671360e-02	2.10032799e-04
3.24000000e-01	1.62511027e-02	2.09174518e-04
3.24500000e-01	1.64222918e-02	2.11619788e-04
3.25000000e-01	1.63551638e-02	2.09781905e-04
3.25500000e-01	1.63550576e-02	2.10627473e-04
3.26000000e-01	1.61897707e-02	2.08831030e-04
3.26500000e-01	1.63768170e-02	2.09296710e-04
3.27000000e-01	1.62691967e-02	2.08369734e-04
3.27500000e-01	1.61751678e-02	2.07192599e-04
3.28000000e-01	1.63392235e-02	2.09753126e-04
3.28500000e-01	1.64840300e-02	2.10703526e-04
3.29000000e-01	1.61312992e-02	2.06639059e-04
3.29500000e-01	1.64254055e-02	2.09836029e-04
3.30000000e-01	1.63260791e-02	2.07824524e-04
3.30500000e-01	1.61627469e-02	2.07338189e-04
3.31000000e-01	1.63110759e-02	2.07409454e-04
3.31500000e-01	1.62137710e-02	2.06186939e-04
3.32000000e-01	1.63160226e-02	2.07161105e-04
3.32500000e-01	1.61896505e-02	2.05360441e-04
3.33000000e-01	1.60857547e-02	2.04564330e-04
3.33500000e-01	1.60864017e-02	2.03675099e-04
3.34000000e-01	1.62187268e-02	2.05120223e-04
3.34500000e-01	1.62326792e-02	2.06043218e-04
3.35000000e-01	1.60535251e-02	2.02949426e-04
3.35500000e-01	1.60842647e-02	2.03650699e-04
3.36000000e-01	1.62962673e-02	2.05638861e-04
3.36500000e-01	1.62265614e-02	2.05377133e-04
3.37000000e-01	1.58801007e-02	2.00280698e-04
3.37500000e-01	1.61800635e-02	2.04019240e-04
3.38000000e-01	1.60426175e-02	2.02466209e-04
3.38500000e-01	1.59486598e-02	1.99899028e-04
3.39000000e-01	1.59427678e-02	2.00729282e-04
3.39500000e-01	1.61018577e-02	2.01676770e-04
3.40000000e-01	1.60660384e-02	2.01544485e-04
3.40500000e-01	1.60893278e-02	2.02203042e-04
3.41000000e-01	1.60597570e-02	2.00959091e-04
3.41500000e-01	1.61545783e-02	2.03050040e-04
3.42000000e-01	1.60034391e-02	2.00546593e-04
3.42500000e-01	1.59780574e-02	2.00032062e-04
3.43000000e-01	1.59970631e-02	2.00341986e-04
3.43500000e-01	1.59807353e-02	2.00145345e-04
3.44000000e-01	1.57557827e-02	1.97973145e-04
3.44500000e-01	1.59784920e-02	1.99890386e-04
3.45000000e-01	1.61001001e-02	2.00774749e-04
3.45500000e-01	1.60336694e-02	1.99926556e-04
3.46000000e-01	1.58242099e-02	1.97296377e-04
3.46500000e-01	1.59145222e-02	1.98250119e-04
3.47000000e-01	1.57023407e-02	1.95258081e-04
3.47500000e-01	1.60668339e-02	2.00156970e-04
3.48000000e-01	1.57712056e-02	1.96443396e-04
3.48500000e-01	1.56924061e-02	1.95834366e-04
3.49000000e-01	1.59016737e-02	1.97630284e-04
3.49500000e-01	1.59414812e-02	1.97324699e-04
3.50000000e-01	1.59006171e-02	1.61066839e-04
3.51000000e-01	1.58718194e-02	1.38806969e-04
3.52000000e-01	1.57668848e-02	1.37830306e-04
3.53000000e-01	1.58521386e-02	1.38352106e-04
3.54000000e-01	1.58801783e-02	1.38289966e-04
3.55000000e-01	1.58529644e-02	1.37801328e-04
3.56000000e-01	1.58488930e-02	1.38390787e-04
3.57000000e-01	1.56458635e-02	1.39404907e-04
3.58000000e-01	1.57134300e-02	1.40865220e-04
3.59000000e-01	1.57432895e-02	1.42219833e-04
3.60000000e-01	1.56083418e-02	1.41868382e-04
3.61000000e-01	1.56284490e-02	1.42695095e-04
3.62000000e-01	1.56572728e-02	1.43775038e-04
3.63000000e-01	1.54263738e-02	1.42476592e-04
3.64000000e-01	1.55640123e-02	1.43963548e-04
3.65000000e-01	1.57201311e-02	1.45758880e-04
3.66000000e-01	1.54598538e-02	1.41999978e-04
3.67000000e-01	1.56470441e-02	1.41428155e-04
3.68000000e-01	1.54741262e-02	1.39142811e-04
3.69000000e-01	1.55266846e-02	1.38701491e-04
3.70000000e-01	1.55061837e-02	1.37686547e-04
3.71000000e-01	1.55294899e-02	1.39839460e-04
3.72000000e-01	1.56100812e-02	1.41464756e-04
3.73000000e-01	1.56085458e-02	1.41732773e-04
3.74000000e-01	1.54856895e-02	1.41006688e-04
3.75000000e-01	1.55612766e-02	1.41351011e-04
3.76000000e-01	1.55059157e-02	1.41016164e-04
3.77000000e-01	1.54217122e-02	1.40307195e-04
3.78000000e-01	1.54983306e-02	1.41305477e-04
3.79000000e-01	1.54304824e-02	1.40484673e-04
3.80000000e-01	1.54536149e-02	1.40295777e-04
3.81000000e-01	1.55968914e-02	1.41167256e-04
3.82000000e-01	1.54258612e-02	1.39947295e-04
3.83000000e-01	1.53279537e-02	1.39271047e-04
3.84000000e-01	1.53087630e-02	1.39069071e-04
3.85000000e-01	1.53068587e-02	1.39437743e-04
3.86000000e-01	1.53097111e-02	1.39179597e-04
3.87000000e-01	1.52694918e-02	1.39049352e-04
3.88000000e-01	1.53793400e-02	1.39619079e-04
3.89000000e-01	1.52879741e-02	1.38593376e-04
3.90000000e-01	1.53289651e-02	1.38836441e-04
3.91000000e-01	1.54140733e-02	1.39335810e-04
3.92000000e-01	1.52875812e-02	1.38137568e-04
3.93000000e-01	1.52535914e-02	1.37710611e-04
3.94000000e-01	1.52856388e-02	1.38478692e-04
3.95000000e-01	1.52176222e-02	1.38157145e-04
3.96000000e-01	1.52913163e-02	1.38545110e-04
3.97000000e-01	1.51912489e-02	1.37509164e-04
3.98000000e-01	1.52313121e-02	1.38042082e-04
3.99000000e-01	1.51527664e-02	1.37183212e-04
4.00000000e-01	1.51630834e-02	1.37364671e-04
4.01000000e-01	1.50671893e-02	1.36356654e-04
4.02000000e-01	1.50909048e-02	1.36309373e-04
4.03000000e-01	1.51426143e-02	1.37200001e-04
4.04000000e-01	1.50696706e-02	1.36376300e-04
4.05000000e-01	1.50991964e-02	1.36345661e-04
4.06000000e-01	1.49959926e-02	1.35883502e-04
4.07000000e-01	1.50638958e-02	1.36397304e-04
4.08000000e-01	1.50760271e-02	1.36030151e-04
4.09000000e-01	1.50980139e-02	1.36517789e-04
4.10000000e-01	1.50213190e-02	1.35866518e-04
4.11000000e-01	1.52037593e-02	1.36996585e-04
4.12000000e-01	1.50455922e-02	1.36073155e-04
4.13000000e-01	1.50031369e-02	1.35274275e-04
4.14000000e-01	1.49560481e-02	1.34867499e-04
4.15000000e-01	1.49542414e-02	1.34921608e-04
4.16000000e-01	1.50256587e-02	1.35083536e-04
4.17000000e-01	1.48798405e-02	1.34328487e-04
4.18000000e-01	1.49879491e-02	1.36497780e-04
4.19000000e-01	1.49900731e-02	1.38124720e-04
4.20000000e-01	1.50036622e-02	1.39141369e-04
4.21000000e-01	1.49829587e-02	1.39263779e-04
4.22000000e-01	1.49746742e-02	1.39869090e-04
4.23000000e-01	1.52564035e-02	1.42879712e-04
4.24000000e-01	1.50735351e-02	1.41793873e-04
4.25000000e-01	1.49816151e-02	1.40776669e-04
4.26000000e-01	1.49998798e-02	1.41334448e-04
4.27000000e-01	1.48790729e-02	1.40187017e-04
4.28000000e-01	1.49486625e-02	1.40765531e-04
4.29000000e-01	1.48951505e-02	1.41135648e-04
4.30000000e-01	1.49762606e-02	1.41303940e-04
4.31000000e-01	1.50690308e-02	1.41603026e-04
4.32000000e-01	1.48620067e-02	1.40882771e-04
4.33000000e-01	1.47598077e-02	1.39770471e-04
4.34000000e-01	1.48951964e-02	1.40727512e-04
4.35000000e-01	1.49022654e-02	1.41172866e-04
4.36000000e-01	1.48787872e-02	1.41281908e-04
4.37000000e-01	1.48012143e-02	1.40582830e-04
4.38000000e-01	1.48225341e-02	1.41215586e-04
4.39000000e-01	1.48572558e-02	1.41745279e-04
4.40000000e-01	1.47470774e-02	1.40287726e-04
4.41000000e-01	1.48317619e-02	1.41319724e-04
4.42000000e-01	1.47345489e-02	1.40983920e-04
4.43000000e-01	1.47718913e-02	1.41428763e-04
4.44000000e-01	1.48580082e-02	1.42330310e-04
4.45000000e-01	1.48104897e-02	1.42125433e-04
4.46000000e-01	1.47669627e-02	1.41883736e-04
4.47000000e-01	1.47362572e-02	1.41553244e-04
4.48000000e-01	1.46936115e-02	1.40820469e-04
4.49000000e-01	1.46814751e-02	1.41659787e-04
4.50000000e-01	1.48142693e-02	1.42830612e-04
4.51000000e-01	1.45620291e-02	1.40478253e-04
4.52000000e-01	1.46153392e-02	1.41674682e-04
4.53000000e-01	1.46885165e-02	1.42441196e-04
4.54000000e-01	1.45869892e-02	1.41266268e-04
4.55000000e-01	1.46579268e-02	1.42219035e-04
4.56000000e-01	1.46955338e-02	1.42592246e-04
4.57000000e-01	1.47414717e-02	1.42887938e-04
4.58000000e-01	1.45964586e-02	1.41789168e-04
4.59000000e-01	1.46814385e-02	1.42653932e-04
4.60000000e-01	1.46477793e-02	1.42810888e-04
4.61000000e-01	1.45691096e-02	1.41647575e-04
4.62000000e-01	1.46406271e-02	1.42754888e-04
4.63000000e-01	1.44631135e-02	1.41829891e-04
4.64000000e-01	1.46213380e-02	1.42737723e-04
4.65000000e-01	1.45565542e-02	1.42264359e-04
4.66000000e-01	1.45288356e-02	1.42169958e-04
4.67000000e-01	1.45855016e-02	1.42572352e-04
4.68000000e-01	1.46124952e-02	1.42392998e-04
4.69000000e-01	1.45997528e-02	1.42968333e-04
4.70000000e-01	1.46715557e-02	1.43456868e-04
4.71000000e-01	1.45495753e-02	1.42517828e-04
4.72000000e-01	1.45532714e-02	1.42649235e-04
4.73000000e-01	1.45672557e-02	1.42421739e-04
4.74000000e-01	1.45619656e-02	1.42114135e-04
4.75000000e-01	1.44601616e-02	1.41756029e-04
4.76000000e-01	1.44062597e-02	1.41362499e-04
4.77000000e-01	1.43826540e-02	1.41087528e-04
4.78000000e-01	1.44301927e-02	1.41620776e-04
4.79000000e-01	1.43632878e-02	1.40964787e-04
4.80000000e-01	1.43774953e-02	1.41223653e-04
4.81000000e-01	1.44299860e-02	1.41575804e-04
4.82000000e-01	1.44151928e-02	1.41653538e-04
4.83000000e-01	1.43903123e-02	1.41581807e-04
4.84000000e-01	1.45318513e-02	1.42880743e-04
4.85000000e-01	1.46018943e-02	1.43147829e-04
4.86000000e-01	1.43837848e-02	1.41834546e-04
4.87000000e-01	1.43309429e-02	1.41133313e-04
4.88000000e-01	1.42368059e-02	1.40824346e-04
4.89000000e-01	1.43775825e-02	1.41846099e-04
4.90000000e-01	1.43633924e-02	1.41713578e-04
4.91000000e-01	1.43470104e-02	1.41683314e-04
4.92000000e-01	1.44101755e-02	1.41984298e-04
4.93000000e-01	1.43433728e-02	1.41781170e-04
4.94000000e-01	1.43351254e-02	1.41975903e-04
4.95000000e-01	1.42979889e-02	1.42413831e-04
4.96000000e-01	1.43364907e-02	1.46703032e-04
4.97000000e-01	1.44008145e-02	1.49887247e-04
4.98000000e-01	1.42620562e-02	1.50901537e-04
4.99000000e-01	1.42480391e-02	1.52753359e-04
5.00000000e-01	1.42096797e-02	1.54199911e-04
5.01000000e-01	1.44288536e-02	1.57611351e-04
5.02000000e-01	1.42311063e-02	1.57179878e-04
5.03000000e-01	1.43484340e-02	1.59266597e-04
5.04000000e-01	1.44546324e-02	1.62034539e-04
5.05000000e-01	1.41837192e-02	1.56733078e-04
5.06000000e-01	1.43434381e-02	1.55388891e-04
5.07000000e-01	1.43145886e-02	1.53250403e-04
5.08000000e-01	1.43512384e-02	1.52360062e-04
5.09000000e-01	1.43795992e-02	1.52292705e-04
5.10000000e-01	1.42594580e-02	1.50196140e-04
5.11000000e-01	1.42019557e-02	1.50145537e-04
5.12000000e-01	1.41899067e-02	1.49272934e-04
5.13000000e-01	1.41546855e-02	1.48907565e-04
5.14000000e-01	1.41938842e-02	1.48754809e-04
5.15000000e-01	1.42618810e-02	1.49229957e-04
5.16000000e-01	1.41728056e-02	1.47627511e-04
5.17000000e-01	1.41290702e-02	1.47387616e-04
5.18000000e-01	1.40630468e-02	1.46505810e-04
5.19000000e-01	1.41687329e-02	1.46828630e-04
5.20000000e-01	1.40541191e-02	1.45197546e-04
5.21000000e-01	1.41511518e-02	1.46073179e-04
5.22000000e-01	1.39604673e-02	1.44429432e-04
5.23000000e-01	1.40576006e-02	1.44907448e-04
5.24000000e-01	1.40331388e-02	1.45093412e-04
5.25000000e-01	1.39460473e-02	1.44182631e-04
5.26000000e-01	1.41388256e-02	1.45632906e-04
5.27000000e-01	1.40504724e-02	1.44606511e-04
5.28000000e-01	1.40803263e-02	1.45502823e-04
5.29000000e-01	1.40274598e-02	1.44584903e-04
5.30000000e-01	1.39810273e-02	1.44471744e-04
5.31000000e-01	1.39557985e-02	1.44270513e-04
5.32000000e-01	1.39599363e-02	1.44369897e-04
5.33000000e-01	1.41574450e-02	1.45869333e-04
5.34000000e-01	1.40346010e-02	1.45020794e-04
5.35000000e-01	1.40044001e-02	1.44513489e-04
5.36000000e-01	1.38829922e-02	1.42971248e-04
5.37000000e-01	1.39445135e-02	1.43980165e-04
5.38000000e-01	1.39520926e-02	1.43750476e-04
5.39000000e-01	1.39400418e-02	1.43660979e-04
5.40000000e-01	1.38642965e-02	1.42720466e-04
5.41000000e-01	1.39270803e-02	1.43759960e-04
5.42000000e-01	1.38540964e-02	1.42770414e-04
5.43000000e-01	1.39342841e-02	1.43586891e-04
5.44000000e-01	1.39124900e-02	1.43343976e-04
5.45000000e-01	1.40537750e-02	1.44980382e-04
5.46000000e-01	1.37335869e-02	1.42290892e-04
5.47000000e-01	1.38652560e-02	1.43158437e-04
5.48000000e-01	1.39894449e-02	1.44289953e-04
5.49000000e-01	1.37678753e-02	1.42135129e-04
5.50000000e-01	1.37741392e-02	1.42048440e-04
5.51000000e-01	1.38605631e-02	1.42747552e-04
5.52000000e-01	1.37672092e-02	1.41441007e-04
5.53000000e-01	1.36137425e-02	1.39924758e-04
5.54000000e-01	1.36108966e-02	1.39869559e-04
5.55000000e-01	1.37414726e-02	1.41104291e-04
5.56000000e-01	1.37949268e-02	1.41402470e-04
5.57000000e-01	1.37515587e-02	1.41159730e-04
5.58000000e-01	1.37250448e-02	1.40909757e-04
5.59000000e-01	1.37212099e-02	1.40720636e-04
5.60000000e-01	1.36135003e-02	1.39660897e-04
5.61000000e-01	1.36766571e-02	1.40305145e-04
5.62000000e-01	1.36277081e-02	1.40181787e-04
5.63000000e-01	1.37735549e-02	1.41531478e-04
5.64000000e-01	1.36312868e-02	1.39745534e-04
5.65000000e-01	1.36033091e-02	1.39805954e-04
5.66000000e-01	1.36868844e-02	1.40516367e-04
5.67000000e-01	1.37023090e-02	1.40492785e-04
5.68000000e-01	1.36038976e-02	1.40183507e-04
5.69000000e-01	1.36586381e-02	1.40272959e-04
5.70000000e-01	1.34609417e-02	1.38254654e-04
5.71000000e-01	1.35269684e-02	1.39065779e-04
5.72000000e-01	1.34882753e-02	1.38603835e-04
5.73000000e-01	1.34817807e-02	1.38938585e-04
5.74000000e-01	1.35391595e-02	1.39213665e-04
5.75000000e-01	1.36839971e-02	1.40512489e-04
5.76000000e-01	1.34607619e-02	1.38340123e-04
5.77000000e-01	1.35565636e-02	1.39438639e-04
5.78000000e-01	1.34977317e-02	1.39201379e-04
5.79000000e-01	1.34484329e-02	1.38921736e-04
5.80000000e-01	1.34494035e-02	1.38042146e-04
5.81000000e-01	1.34595852e-02	1.38453046e-04
5.82000000e-01	1.32614626e-02	1.36827826e-04
5.83000000e-01	1.34396372e-02	1.38934217e-04
5.84000000e-01	1.33339550e-02	1.37199375e-04
5.85000000e-01	1.34659641e-02	1.39036278e-04
5.86000000e-01	1.33716568e-02	1.38775815e-04
5.87000000e-01	1.35372877e-02	1.38948785e-04
5.88000000e-01	1.35207024e-02	1.39123742e-04
5.89000000e-01	1.34347314e-02	1.38554833e-04
5.90000000e-01	1.33532455e-02	1.37621383e-04
5.91000000e-01	1.33863534e-02	1.38202327e-04
5.92000000e-01	1.32765742e-02	1.36686151e-04
5.93000000e-01	1.33881727e-02	1.38186418e-04
5.94000000e-01	1.32964874e-02	1.38009324e-04
5.95000000e-01	1.32885868e-02	1.37734520e-04
5.96000000e-01	1.34233674e-02	1.39124685e-04
5.97000000e-01	1.32831963e-02	1.37554850e-04
5.98000000e-01	1.31626568e-02	1.36519535e-04
5.99000000e-01	1.32775346e-02	1.37347994e-04
6.00000000e-01	1.32207282e-02	1.36583907e-04
6.01000000e-01	1.32627781e-02	1.37492002e-04
6.02000000e-01	1.31914499e-02	1.36572933e-04
6.03000000e-01	1.32954383e-02	1.37764128e-04
6.04000000e-01	1.33353600e-02	1.37854407e-04
6.05000000e-01	1.32668854e-02	1.37263264e-04
6.06000000e-01	1.32567120e-02	1.37395707e-04
6.07000000e-01	1.32959745e-02	1.37147564e-04
6.08000000e-01	1.31458208e-02	1.36198162e-04
6.09000000e-01	1.32361644e-02	1.37359471e-04
6.10000000e-01	1.31586868e-02	1.36306915e-04
6.11000000e-01	1.31671416e-02	1.36724740e-04
6.12000000e-01	1.31526367e-02	1.36588351e-04
6.13000000e-01	1.32068462e-02	1.37060519e-04
6.14000000e-01	1.32472490e-02	1.37051710e-04
6.15000000e-01	1.31763131e-02	1.36894140e-04
6.16000000e-01	1.32557284e-02	1.37555476e-04
6.17000000e-01	1.30706585e-02	1.35875484e-04
6.18000000e-01	1.31832779e-02	1.36646401e-04
6.19000000e-01	1.29939570e-02	1.34855737e-04
6.20000000e-01	1.32354089e-02	1.36577155e-04
6.21000000e-01	1.31092173e-02	1.35303346e-04
6.22000000e-01	1.29678677e-02	1.34404207e-04
6.23000000e-01	1.31171945e-02	1.35209745e-04
6.24000000e-01	1.30189490e-02	1.33899671e-04
6.25000000e-01	1.30653308e-02	1.34824745e-04
6.26000000e-01	1.29281902e-02	1.33091333e-04
6.27000000e-01	1.30852006e-02	1.35279760e-04
6.28000000e-01	1.30211196e-02	1.34308466e-04
6.29000000e-01	1.29722335e-02	1.33717264e-04
6.30000000e-01	1.29181272e-02	1.32945971e-04
6.31000000e-01	1.28908433e-02	1.33559639e-04
6.32000000e-01	1.29964799e-02	1.34244293e-04
6.33000000e-01	1.29554563e-02	1.33405680e-04
6.34000000e-01	1.30064550e-02	1.37445208e-04
6.35000000e-01	1.29351683e-02	1.40775072e-04
6.36000000e-01	1.30103176e-02	1.44274903e-04
6.37000000e-01	1.29729717e-02	1.46002747e-04
6.38000000e-01	1.29705625e-02	1.47158574e-04
6.39000000e-01	1.28767604e-02	1.48831287e-04
6.40000000e-01	1.31143344e-02	1.53337698e-04
6.41000000e-01	1.31677351e-02	1.55417354e-04
6.42000000e-01	1.29473029e-02	1.54108262e-04
6.43000000e-01	1.30161295e-02	1.55038984e-04
6.44000000e-01	1.30197526e-02	1.49499773e-04
6.45000000e-01	1.31140942e-02	1.48734286e-04
6.46000000e-01	1.30925994e-02	1.46812232e-04
6.47000000e-01	1.30725567e-02	1.45352238e-04
6.48000000e-01	1.30555429e-02	1.44557130e-04
6.49000000e-01	1.30890013e-02	1.44556636e-04
6.50000000e-01	1.29978581e-02	1.42585107e-04
6.51000000e-01	1.30340048e-02	1.42390997e-04
6.52000000e-01	1.29000506e-02	1.40873884e-04
6.53000000e-01	1.30097295e-02	1.41153837e-04
6.54000000e-01	1.30976492e-02	1.41707623e-04
6.55000000e-01	1.28480488e-02	1.39597520e-04
6.56000000e-01	1.29437475e-02	1.39494498e-04
6.57000000e-01	1.28756434e-02	1.39170553e-04
6.58000000e-01	1.29285414e-02	1.38631990e-04
6.59000000e-01	1.29631843e-02	1.38549053e-04
6.60000000e-01	1.29582144e-02	1.39460410e-04
6.61000000e-01	1.28800102e-02	1.38095444e-04
6.62000000e-01	1.29776453e-02	1.39187387e-04
6.63000000e-01	1.29029008e-02	1.39094686e-04
6.64000000e-01	1.28927884e-02	1.38384334e-04
6.65000000e-01	1.29263895e-02	1.38277660e-04
6.66000000e-01	1.27671757e-02	1.36875804e-04
6.67000000e-01	1.30277492e-02	1.38972065e-04
6.68000000e-01	1.27741501e-02	1.37019659e-04
6.69000000e-01	1.29108687e-02	1.38168502e-04
6.70000000e-01	1.28330466e-02	1.37363252e-04
6.71000000e-01	1.29242832e-02	1.38097208e-04
6.72000000e-01	1.29999483e-02	1.38614434e-04
6.73000000e-01	1.28070746e-02	1.36967564e-04
6.74000000e-01	1.29218465e-02	1.37665984e-04
6.75000000e-01	1.27256559e-02	1.36184276e-04
6.76000000e-01	1.28680671e-02	1.36983498e-04
6.77000000e-01	1.27959450e-02	1.36369658e-04
6.78000000e-01	1.28058038e-02	1.36714512e-04
6.79000000e-01	1.28359446e-02	1.37027389e-04
6.80000000e-01	1.27922721e-02	1.36344166e-04
6.81000000e-01	1.27952313e-02	1.36628484e-04
6.82000000e-01	1.26940045e-02	1.34965912e-04
6.83000000e-01	1.27821136e-02	1.35956012e-04
6.84000000e-01	1.27558955e-02	1.35804303e-04
6.85000000e-01	1.26057650e-02	1.34496327e-04
6.86000000e-01	1.27331013e-02	1.35450089e-04
6.87000000e-01	1.27634538e-02	1.35808227e-04
6.88000000e-01	1.26742400e-02	1.34924901e-04
6.89000000e-01	1.26258683e-02	1.34041483e-04
6.90000000e-01	1.27466000e-02	1.36188120e-04
6.91000000e-01	1.27910494e-02	1.35731093e-04
6.92000000e-01	1.26670418e-02	1.34973446e-04
6.93000000e-01	1.26494563e-02	1.34886158e-04
6.94000000e-01	1.26985798e-02	1.35432252e-04
6.95000000e-01	1.27805353e-02	1.35996899e-04
6.96000000e-01	1.27009554e-02	1.35262696e-04
6.97000000e-01	1.28235631e-02	1.35920951e-04
6.98000000e-01	1.26326431e-02	1.34867077e-04
6.99000000e-01	1.27008395e-02	1.35136593e-04
7.00000000e-01	1.24933898e-02	1.33213596e-04
7.01000000e-01	1.27253938e-02	1.35089499e-04
7.02000000e-01	1.25560825e-02	1.33073995e-04
7.03000000e-01	1.26305748e-02	1.34164090e-04
7.04000000e-01	1.26833409e-02	1.34984591e-04
7.05000000e-01	1.26665805e-02	1.34863718e-04
7.06000000e-01	1.26005612e-02	1.33955119e-04
7.07000000e-01	1.25260814e-02	1.32862449e-04
7.08000000e-01	1.25142564e-02	1.32360785e-04
7.09000000e-01	1.25828112e-02	1.33875091e-04
7.10000000e-01	1.24262697e-02	1.32137267e-04
7.11000000e-01	1.24509927e-02	1.32561463e-04
7.12000000e-01	1.24460112e-02	1.32240505e-04
7.13000000e-01	1.24512988e-02	1.32354930e-04
7.14000000e-01	1.23600626e-02	1.31554759e-04
7.15000000e-01	1.25306270e-02	1.33451734e-04
7.16000000e-01	1.23925111e-02	1.31925544e-04
7.17000000e-01	1.24018173e-02	1.31977196e-04
7.18000000e-01	1.24002200e-02	1.31969931e-04
7.19000000e-01	1.23737663e-02	1.31845455e-04
7.20000000e-01	1.23657501e-02	1.31458306e-04
7.21000000e-01	1.23371527e-02	1.31335006e-04
7.22000000e-01	1.23623587e-02	1.31894413e-04
7.23000000e-01	1.24110195e-02	1.32378854e-04
7.24000000e-01	1.22973440e-02	1.30510076e-04
7.25000000e-01	1.22842151e-02	1.30464106e-04
7.26000000e-01	1.22414338e-02	1.30282567e-04
7.27000000e-01	1.22703459e-02	1.30320035e-04
7.28000000e-01	1.21760538e-02	1.30370098e-04
7.29000000e-01	1.22639626e-02	1.30583609e-04
7.30000000e-01	1.23185263e-02	1.31005487e-04
7.31000000e-01	1.22432984e-02	1.30354477e-04
7.32000000e-01	1.22683101e-02	1.30996246e-04
7.33000000e-01	1.21854508e-02	1.30060342e-04
7.34000000e-01	1.21454417e-02	1.29223809e-04
7.35000000e-01	1.22498828e-02	1.29821935e-04
7.36000000e-01	1.22286818e-02	1.29809254e-04
7.37000000e-01	1.21509795e-02	1.28822063e-04
7.38000000e-01	1.20940126e-02	1.28379518e-04
7.39000000e-01	1.23221702e-02	1.29683976e-04
7.40000000e-01	1.22300349e-02	1.29081906e-04
7.41000000e-01	1.22010379e-02	1.28712127e-04
7.42000000e-01	1.21091853e-02	1.27828489e-04
7.43000000e-01	1.21207430e-02	1.27546736e-04
7.44000000e-01	1.22248418e-02	1.28849151e-04
7.45000000e-01	1.21528036e-02	1.28344396e-04
7.46000000e-01	1.20836976e-02	1.27569548e-04
7.47000000e-01	1.19881001e-02	1.26534148e-04
7.48000000e-01	1.21778066e-02	1.28482868e-04
7.49000000e-01	1.19611575e-02	1.26605992e-04
7.50000000e-01	1.20795796e-02	1.27385685e-04
7.51000000e-01	1.20721791e-02	1.27910252e-04
7.52000000e-01	1.19863347e-02	1.26917388e-04
7.53000000e-01	1.21040325e-02	1.28099771e-04
7.54000000e-01	1.19529369e-02	1.26685257e-04
7.55000000e-01	1.20886377e-02	1.27939824e-04
7.56000000e-01	1.20191125e-02	1.27028263e-04
7.57000000e-01	1.20473272e-02	1.27499568e-04
7.58000000e-01	1.20180286e-02	1.26653876e-04
7.59000000e-01	1.19550490e-02	1.26458497e-04
7.60000000e-01	1.19643770e-02	1.26428061e-04
7.61000000e-01	1.19103739e-02	1.25148712e-04
7.62000000e-01	1.19425681e-02	1.25799939e-04
7.63000000e-01	1.19997951e-02	1.25700518e-04
7.64000000e-01	1.18208456e-02	1.24291504e-04
7.65000000e-01	1.18658291e-02	1.24567435e-04
7.66000000e-01	1.18401510e-02	1.23960508e-04
7.67000000e-01	1.18315045e-02	1.23362525e-04
7.68000000e-01	1.17950080e-02	1.23425484e-04
7.69000000e-01	1.18063458e-02	1.23968062e-04
7.70000000e-01	1.19393236e-02	1.25404678e-04
7.71000000e-01	1.19436486e-02	1.24778234e-04
7.72000000e-01	1.18605615e-02	1.28325309e-04
7.73000000e-01	1.17981189e-02	1.31705045e-04
7.74000000e-01	1.18910483e-02	1.35054973e-04
7.75000000e-01	1.18385927e-02	1.37017478e-04
7.76000000e-01	1.17944845e-02	1.38884778e-04
7.77000000e-01	1.18650389e-02	1.41419800e-04
7.78000000e-01	1.18189474e-02	1.42746840e-04
7.79000000e-01	1.16834344e-02	1.43516275e-04
7.80000000e-01	1.17238049e-02	1.45417758e-04
7.81000000e-01	1.17165886e-02	1.46912704e-04
7.82000000e-01	1.17377032e-02	1.48603549e-04
7.83000000e-01	1.16741198e-02	1.49039448e-04
7.84000000e-01	1.17889316e-02	1.52296854e-04
7.85000000e-01	1.17942384e-02	1.54161116e-04
7.86000000e-01	1.16537912e-02	1.53783648e-04
7.87000000e-01	1.16752206e-02	1.55323418e-04
7.88000000e-01	1.17273039e-02	1.58037045e-04
7.89000000e-01	1.16506530e-02	1.58102250e-04
7.90000000e-01	1.16131953e-02	1.59450500e-04
7.91000000e-01	1.15911984e-02	1.61334643e-04
7.92000000e-01	1.15527987e-02	1.61565954e-04
7.93000000e-01	1.16980764e-02	1.64673250e-04
7.94000000e-01	1.16689241e-02	1.66222986e-04
7.95000000e-01	1.16190523e-02	1.67523867e-04
7.96000000e-01	1.13733986e-02	1.66053316e-04
7.97000000e-01	1.14859932e-02	1.69150403e-04
7.98000000e-01	1.14446519e-02	1.70051230e-04
7.99000000e-01	1.14462664e-02	1.73156128e-04
8.00000000e-01	1.14810684e-02	1.73974873e-04
8.01000000e-01	1.14503447e-02	1.76633923e-04
8.02000000e-01	1.14207973e-02	1.76706644e-04
8.03000000e-01	1.15925734e-02	1.81680656e-04
8.04000000e-01	1.14238297e-02	1.81169569e-04
8.05000000e-01	1.13975858e-02	1.82134205e-04
8.06000000e-01	1.15832063e-02	1.88648966e-04
8.07000000e-01	1.12225347e-02	1.83907867e-04
8.08000000e-01	1.12528472e-02	1.88005331e-04
8.09000000e-01	1.14742997e-02	1.91976682e-04
8.10000000e-01	1.14526077e-02	1.93611785e-04
8.11000000e-01	1.14471314e-02	1.94888074e-04
8.12000000e-01	1.13259142e-02	1.96398400e-04
8.13000000e-01	1.13178718e-02	1.98726030e-04
8.14000000e-01	1.13205964e-02	2.00213646e-04
8.15000000e-01	1.12490564e-02	2.00662429e-04
8.16000000e-01	1.12989947e-02	2.05059939e-04
8.17000000e-01	1.11394305e-02	2.05677183e-04
8.18000000e-01	1.13955034e-02	2.11582943e-04
8.19000000e-01	1.12213462e-02	2.13265749e-04
8.20000000e-01	1.10873607e-02	2.13085478e-04
8.21000000e-01	1.10985221e-02	2.15135254e-04
8.22000000e-01	1.10755309e-02	2.18303659e-04
8.23000000e-01	1.11185147e-02	2.20888273e-04
8.24000000e-01	1.12579743e-02	2.26660755e-04
8.25000000e-01	1.09585994e-02	2.25872221e-04
8.26000000e-01	1.11823983e-02	2.32610930e-04
8.27000000e-01	1.13662588e-02	2.38029665e-04
8.28000000e-01	1.11848813e-02	2.39373593e-04
8.29000000e-01	1.12812419e-02	2.44705631e-04
8.30000000e-01	1.12264926e-02	2.47450365e-04
8.31000000e-01	1.10226425e-02	2.47397758e-04
8.32000000e-01	1.09447304e-02	2.50634158e-04
8.33000000e-01	1.09693741e-02	2.54038742e-04
8.34000000e-01	1.12047299e-02	2.62506484e-04
8.35000000e-01	1.13345567e-02	2.70492937e-04
8.36000000e-01	1.10819971e-02	2.71546677e-04
8.37000000e-01	1.06299807e-02	2.67072169e-04
8.38000000e-01	1.07508062e-02	2.74795770e-04
8.39000000e-01	1.07115034e-02	2.78364980e-04
8.40000000e-01	1.09082611e-02	2.90004535e-04
8.41000000e-01	1.09259451e-02	2.95130620e-04
8.42000000e-01	1.08687198e-02	3.02111637e-04
8.43000000e-01	1.10799408e-02	3.12111786e-04
8.44000000e-01	1.07621417e-02	3.15181338e-04
8.45000000e-01	1.06229812e-02	3.20977955e-04
8.46000000e-01	1.09577749e-02	3.37201200e-04
8.47000000e-01	1.06132736e-02	3.38262554e-04
8.48000000e-01	1.09947515e-02	3.58168418e-04
8.49000000e-01	1.11475538e-02	3.76228012e-04
8.50000000e-01	1.05661402e-02	3.68839866e-04
8.51000000e-01	1.05603220e-02	3.88884049e-04
8.52000000e-01	1.10376893e-02	4.18822539e-04
8.53000000e-01	1.04397591e-02	4.14068275e-04
8.54000000e-01	1.08358078e-02	4.50117192e-04
8.55000000e-01	1.05180282e-02	4.50587318e-04
8.56000000e-01	1.06365794e-02	4.55428121e-04
8.57000000e-01	1.03065807e-02	4.61899630e-04
8.58000000e-01	1.06036659e-02	4.92684193e-04
8.59000000e-01	1.03142362e-02	4.90163535e-04
8.60000000e-01	1.08344984e-02	5.26029923e-04
8.61000000e-01	1.06073236e-02	5.28340801e-04
8.62000000e-01	1.06079070e-02	5.49871717e-04
8.63000000e-01	1.03865158e-02	5.71730410e-04
8.64000000e-01	1.12264525e-02	6.42079600e-04
8.65000000e-01	1.09688270e-02	6.40791326e-04
8.66000000e-01	1.12655423e-02	6.98368290e-04
8.67000000e-01	1.02477786e-02	6.80269365e-04
8.68000000e-01	1.02629635e-02	7.26098665e-04
8.69000000e-01	9.61553279e-03	7.61755903e-04
8.70000000e-01	9.97310470e-03	8.35594042e-04
8.71000000e-01	1.00524326e-02	9.21812734e-04
8.72000000e-01	1.04094167e-02	1.10444733e-03
8.73000000e-01	1.10506303e-02	1.30000173e-03
8.74000000e-01	9.01659470e-03	1.49098011e-03
8.75000000e-01	1.18348155e-02	3.73294415e-03
