% Filename : Sjunk_00049_00001.h5
% Date & Time : 31-Oct-2025 10:22:49
% X-ray Energy (keV) : 13.30001
% Exposure Time (s) : 0.100
% Beam Center : 1461.24000, 208.98300
% Sample to Detector Distance (SDD) (mm) : 1990.750
% Detector Pixel Size (mm) : 0.075
% Photodiode Value : 11819.000
% I0 of Sample : 0
% I0 of Standard : 1
% 
% q(A^-1)   I(q)    I(q)_SE
0.00000000e+00	1.52862866e-02	1.52862866e-02
2.50000000e-04	0.00000000e+00	0.00000000e+00
5.00000000e-04	0.00000000e+00	0.00000000e+00
7.50000000e-04	0.00000000e+00	0.00000000e+00
1.00000000e-03	0.00000000e+00	0.00000000e+00
1.25000000e-03	0.00000000e+00	0.00000000e+00
1.50000000e-03	0.00000000e+00	0.00000000e+00
1.75000000e-03	0.00000000e+00	0.00000000e+00
2.00000000e-03	0.00000000e+00	0.00000000e+00
2.25000000e-03	0.00000000e+00	0.00000000e+00
2.50000000e-03	0.00000000e+00	0.00000000e+00
2.75000000e-03	0.00000000e+00	0.00000000e+00
3.00000000e-03	0.00000000e+00	0.00000000e+00
3.25000000e-03	0.00000000e+00	0.00000000e+00
3.50000000e-03	0.00000000e+00	0.00000000e+00
3.75000000e-03	3.31175253e-03	2.34176267e-03
4.00000000e-03	0.00000000e+00	0.00000000e+00
4.25000000e-03	1.80641071e-03	1.27732526e-03
4.50000000e-03	0.00000000e+00	0.00000000e+00
4.75000000e-03	0.00000000e+00	0.00000000e+00
5.00000000e-03	1.08384667e-03	7.66395333e-04
5.25000000e-03	2.12898476e-03	1.06449238e-03
5.50000000e-03	2.48381571e-03	1.11079615e-03
5.75000000e-03	4.80738565e-04	4.80738565e-04
6.00000000e-03	8.89725228e-04	6.29130742e-04
6.25000000e-03	1.31496169e-03	7.59193487e-04
6.50000000e-03	1.25059300e-03	7.22030205e-04
6.75000000e-03	8.11042316e-04	5.73493522e-04
7.00000000e-03	7.74176852e-04	5.47425702e-04
7.25000000e-03	1.83986487e-03	8.22812582e-04
7.50000000e-03	2.57581110e-03	9.73565086e-04
7.75000000e-03	1.40262677e-03	7.01313383e-04
8.00000000e-03	6.85191319e-04	4.84503428e-04
8.25000000e-03	1.27511551e-03	6.37557756e-04
8.50000000e-03	0.00000000e+00	0.00000000e+00
8.75000000e-03	9.17102654e-04	5.29489464e-04
9.00000000e-03	1.49029195e-03	6.66478823e-04
9.25000000e-03	2.55478671e-03	1.02349050e-03
9.50000000e-03	8.47689266e-03	2.60852907e-03
9.75000000e-03	1.13804168e-02	2.62707702e-03
1.00000000e-02	1.99581079e-02	4.36274997e-03
1.02500000e-02	1.51546259e-01	4.04276033e-02
1.05000000e-02	2.51693995e-01	5.42441954e-02
1.07500000e-02	3.21756843e-01	7.53352119e-02
1.10000000e-02	3.04604390e-01	6.25857684e-02
1.12500000e-02	2.55965631e-01	5.42506900e-02
1.15000000e-02	2.32901833e-01	4.80024219e-02
1.17500000e-02	1.54858671e-01	3.43800749e-02
1.20000000e-02	1.33961573e-01	2.97252294e-02
1.22500000e-02	8.07507538e-02	1.30549002e-02
1.25000000e-02	4.92537429e-02	5.02466994e-03
1.27500000e-02	3.92615903e-02	3.92718131e-03
1.30000000e-02	4.47590671e-02	4.39282519e-03
1.32500000e-02	4.10190968e-02	3.87170626e-03
1.35000000e-02	4.94201698e-02	4.39766306e-03
1.37500000e-02	4.71528142e-02	4.35408960e-03
1.40000000e-02	4.41500673e-02	4.18628423e-03
1.42500000e-02	4.59245898e-02	4.04716391e-03
1.45000000e-02	4.10501334e-02	3.75230276e-03
1.47500000e-02	4.58145235e-02	3.95142446e-03
1.50000000e-02	4.61905551e-02	3.93247706e-03
1.52500000e-02	4.53051025e-02	3.98708744e-03
1.55000000e-02	4.68616494e-02	3.90803760e-03
1.57500000e-02	4.84141720e-02	3.97270825e-03
1.60000000e-02	4.29206566e-02	3.52602304e-03
1.62500000e-02	4.39760945e-02	3.62738565e-03
1.65000000e-02	4.63822250e-02	3.71597463e-03
1.67500000e-02	4.26233895e-02	3.48214596e-03
1.70000000e-02	3.95401701e-02	3.25084478e-03
1.72500000e-02	4.45223240e-02	3.39380132e-03
1.75000000e-02	4.20704001e-02	3.22626961e-03
1.77500000e-02	4.32116702e-02	3.35367512e-03
1.80000000e-02	4.06053819e-02	3.23258351e-03
1.82500000e-02	3.88361777e-02	2.90605068e-03
1.85000000e-02	4.54256376e-02	3.59961829e-03
1.87500000e-02	4.22481040e-02	3.11481619e-03
1.90000000e-02	4.02382549e-02	3.05662090e-03
1.92500000e-02	3.79470041e-02	2.90951365e-03
1.95000000e-02	3.94378103e-02	2.94800928e-03
1.97500000e-02	3.90835524e-02	3.01520770e-03
2.00000000e-02	3.93569420e-02	2.97077742e-03
2.02500000e-02	4.00381295e-02	3.01054176e-03
2.05000000e-02	4.12044437e-02	3.06468536e-03
2.07500000e-02	4.48616586e-02	3.09364475e-03
2.10000000e-02	4.24212632e-02	3.02187603e-03
2.12500000e-02	4.29358674e-02	3.05097312e-03
2.15000000e-02	4.23529781e-02	3.04300097e-03
2.17500000e-02	4.40559654e-02	3.16313494e-03
2.20000000e-02	3.99931774e-02	2.85128315e-03
2.22500000e-02	4.33432503e-02	3.06984644e-03
2.25000000e-02	4.46777451e-02	3.17425539e-03
2.27500000e-02	4.12136066e-02	2.93871379e-03
2.30000000e-02	4.25085349e-02	3.01835752e-03
2.32500000e-02	4.06449432e-02	2.98154516e-03
2.35000000e-02	3.82682621e-02	2.82128126e-03
2.37500000e-02	4.34675425e-02	3.01663697e-03
2.40000000e-02	4.29561763e-02	2.95038021e-03
2.42500000e-02	4.12228444e-02	2.87336722e-03
2.45000000e-02	3.75063240e-02	2.78259126e-03
2.47500000e-02	4.23723845e-02	3.01089104e-03
2.50000000e-02	3.65722392e-02	2.75845105e-03
2.52500000e-02	4.11464465e-02	2.91181507e-03
2.55000000e-02	4.58651160e-02	3.11086486e-03
2.57500000e-02	3.61035412e-02	2.67937546e-03
2.60000000e-02	3.98601797e-02	2.76632383e-03
2.62500000e-02	4.20939903e-02	2.96508552e-03
2.65000000e-02	3.90322565e-02	2.77390170e-03
2.67500000e-02	3.99757280e-02	2.83920192e-03
2.70000000e-02	3.46063273e-02	2.51965960e-03
2.72500000e-02	3.70130889e-02	2.68193921e-03
2.75000000e-02	4.02208244e-02	2.85289545e-03
2.77500000e-02	3.83141658e-02	2.75990822e-03
2.80000000e-02	3.56998374e-02	2.49589640e-03
2.82500000e-02	4.24672300e-02	2.88601504e-03
2.85000000e-02	4.17977039e-02	2.87097812e-03
2.87500000e-02	3.95499204e-02	2.80314284e-03
2.90000000e-02	4.02417747e-02	2.84551148e-03
2.92500000e-02	3.88734548e-02	2.65089938e-03
2.95000000e-02	3.86066641e-02	2.76276668e-03
2.97500000e-02	4.10743139e-02	2.80839752e-03
3.00000000e-02	3.84674440e-02	2.69946974e-03
3.02500000e-02	3.69781873e-02	2.59909898e-03
3.05000000e-02	3.90644034e-02	2.61502292e-03
3.07500000e-02	3.96324688e-02	2.71371686e-03
3.10000000e-02	4.14559323e-02	2.85862921e-03
3.12500000e-02	3.83308857e-02	2.59890176e-03
3.15000000e-02	4.21311970e-02	2.79383702e-03
3.17500000e-02	3.79263420e-02	2.63384939e-03
3.20000000e-02	4.25810964e-02	2.84192196e-03
3.22500000e-02	4.08164959e-02	2.80507390e-03
3.25000000e-02	3.80535261e-02	2.56691642e-03
3.27500000e-02	3.60209563e-02	2.39714339e-03
3.30000000e-02	3.99505170e-02	2.72491668e-03
3.32500000e-02	3.56026237e-02	2.40502969e-03
3.35000000e-02	3.96362225e-02	2.74850472e-03
3.37500000e-02	3.65341280e-02	2.59979270e-03
3.40000000e-02	4.03300282e-02	2.60018499e-03
3.42500000e-02	4.37979145e-02	2.81329352e-03
3.45000000e-02	3.93987807e-02	2.68159240e-03
3.47500000e-02	3.99464052e-02	2.55777248e-03
3.50000000e-02	4.12633843e-02	2.72608622e-03
3.52500000e-02	3.71315650e-02	2.46892581e-03
3.55000000e-02	3.71849701e-02	2.40561560e-03
3.57500000e-02	4.27687827e-02	2.75874674e-03
3.60000000e-02	3.87091364e-02	2.58324401e-03
3.62500000e-02	3.94416553e-02	2.51702716e-03
3.65000000e-02	3.79272691e-02	2.54211685e-03
3.67500000e-02	3.78829011e-02	2.47447284e-03
3.70000000e-02	3.64905335e-02	2.34163850e-03
3.72500000e-02	3.76715463e-02	2.40583539e-03
3.75000000e-02	3.80163240e-02	2.41568957e-03
3.77500000e-02	3.66931461e-02	2.43450354e-03
3.80000000e-02	3.79886053e-02	2.48975820e-03
3.82500000e-02	3.72001383e-02	2.32028752e-03
3.85000000e-02	3.75955564e-02	2.39224188e-03
3.87500000e-02	3.67435134e-02	2.44426942e-03
3.90000000e-02	3.92978865e-02	2.51276408e-03
3.92500000e-02	4.26082301e-02	2.60601035e-03
3.95000000e-02	3.86840758e-02	2.45801727e-03
3.97500000e-02	3.80638005e-02	2.44350953e-03
4.00000000e-02	3.65648979e-02	2.34732247e-03
4.02500000e-02	3.70627873e-02	2.37985485e-03
4.05000000e-02	4.28026613e-02	2.55263291e-03
4.07500000e-02	3.76751073e-02	2.34646474e-03
4.10000000e-02	3.73622879e-02	2.38093008e-03
4.12500000e-02	3.75990432e-02	2.37469076e-03
4.15000000e-02	3.90303892e-02	2.37107562e-03
4.17500000e-02	3.76845255e-02	2.31176602e-03
4.20000000e-02	3.64215852e-02	2.26043215e-03
4.22500000e-02	3.75125615e-02	2.30300655e-03
4.25000000e-02	3.77680078e-02	2.32506570e-03
4.27500000e-02	3.91606634e-02	2.38107995e-03
4.30000000e-02	3.86669337e-02	2.32739883e-03
4.32500000e-02	3.85898115e-02	2.35371382e-03
4.35000000e-02	3.83366463e-02	2.34291646e-03
4.37500000e-02	3.90348312e-02	2.33984753e-03
4.40000000e-02	3.92820905e-02	2.41029168e-03
4.42500000e-02	3.56834463e-02	2.24337313e-03
4.45000000e-02	3.94339942e-02	2.34770559e-03
4.47500000e-02	3.53308034e-02	2.14482385e-03
4.50000000e-02	3.49030946e-02	2.16010195e-03
4.52500000e-02	3.91855016e-02	2.44111939e-03
4.55000000e-02	3.87168319e-02	2.33282250e-03
4.57500000e-02	3.87253941e-02	2.26880137e-03
4.60000000e-02	3.92732853e-02	2.26932343e-03
4.62500000e-02	3.35804874e-02	2.06289583e-03
4.65000000e-02	3.93349628e-02	2.28830837e-03
4.67500000e-02	3.85321771e-02	2.27479236e-03
4.70000000e-02	3.85844894e-02	2.22263347e-03
4.72500000e-02	3.85797808e-02	2.32722151e-03
4.75000000e-02	3.55402842e-02	2.15107578e-03
4.77500000e-02	3.82337327e-02	2.19277438e-03
4.80000000e-02	3.66929252e-02	2.20434258e-03
4.82500000e-02	3.76272075e-02	2.21133485e-03
4.85000000e-02	3.76650946e-02	2.19299727e-03
4.87500000e-02	3.42138226e-02	2.07460146e-03
4.90000000e-02	3.91207255e-02	2.25861819e-03
4.92500000e-02	3.65490746e-02	2.12992270e-03
4.95000000e-02	3.60507198e-02	2.11695132e-03
4.97500000e-02	3.40215067e-02	2.12488524e-03
5.00000000e-02	3.96145794e-02	2.27572787e-03
5.02500000e-02	3.66694775e-02	2.13051777e-03
5.05000000e-02	3.58463545e-02	2.10845569e-03
5.07500000e-02	3.83853912e-02	2.21216839e-03
5.10000000e-02	3.69164576e-02	2.14144893e-03
5.12500000e-02	3.53710342e-02	2.06022410e-03
5.15000000e-02	3.50379084e-02	2.01710773e-03
5.17500000e-02	3.59979099e-02	2.09641101e-03
5.20000000e-02	3.51567322e-02	2.08909380e-03
5.22500000e-02	3.49217124e-02	2.03687208e-03
5.25000000e-02	3.74735079e-02	2.11552866e-03
5.27500000e-02	3.83462414e-02	2.13697219e-03
5.30000000e-02	3.69057914e-02	2.07575562e-03
5.32500000e-02	3.70672446e-02	2.11665117e-03
5.35000000e-02	3.75558547e-02	2.07251825e-03
5.37500000e-02	3.74425130e-02	2.04994083e-03
5.40000000e-02	3.87257405e-02	2.11975676e-03
5.42500000e-02	3.99371105e-02	2.21723864e-03
5.45000000e-02	3.67266150e-02	2.02958743e-03
5.47500000e-02	3.74758536e-02	2.09768493e-03
5.50000000e-02	3.65049018e-02	2.07809656e-03
5.52500000e-02	3.84629218e-02	2.19075635e-03
5.55000000e-02	4.01693801e-02	2.18205289e-03
5.57500000e-02	4.00555996e-02	2.21901754e-03
5.60000000e-02	3.76828810e-02	2.10442437e-03
5.62500000e-02	3.70923295e-02	2.07411777e-03
5.65000000e-02	3.82308767e-02	2.07215083e-03
5.67500000e-02	4.03090006e-02	2.21953416e-03
5.70000000e-02	3.90289372e-02	2.11747922e-03
5.72500000e-02	3.88177694e-02	2.16661749e-03
5.75000000e-02	3.64681033e-02	2.05551843e-03
5.77500000e-02	3.97227551e-02	2.08294740e-03
5.80000000e-02	3.97454272e-02	2.16011922e-03
5.82500000e-02	3.79264515e-02	2.04866380e-03
5.85000000e-02	3.90153912e-02	2.08513945e-03
5.87500000e-02	3.82584634e-02	2.07901038e-03
5.90000000e-02	3.52012911e-02	1.92198064e-03
5.92500000e-02	3.61608962e-02	1.95728846e-03
5.95000000e-02	3.65855901e-02	2.02058558e-03
5.97500000e-02	3.70162826e-02	2.00859985e-03
6.00000000e-02	3.53839430e-02	2.00286472e-03
6.02500000e-02	3.88152738e-02	2.03124939e-03
6.05000000e-02	3.77827877e-02	2.02331593e-03
6.07500000e-02	3.80418290e-02	2.00385345e-03
6.10000000e-02	3.89992884e-02	2.04537761e-03
6.12500000e-02	3.98988046e-02	2.08107712e-03
6.15000000e-02	3.84617415e-02	2.04317232e-03
6.17500000e-02	3.79039171e-02	2.01547417e-03
6.20000000e-02	3.60185099e-02	1.94612165e-03
6.22500000e-02	3.60307020e-02	1.90922799e-03
6.25000000e-02	3.58879178e-02	1.93016365e-03
6.27500000e-02	3.79626971e-02	2.00211612e-03
6.30000000e-02	3.83404062e-02	2.03681842e-03
6.32500000e-02	4.07047737e-02	2.13566187e-03
6.35000000e-02	3.66006074e-02	1.94454445e-03
6.37500000e-02	3.69347068e-02	1.90205764e-03
6.40000000e-02	3.79282014e-02	2.03751545e-03
6.42500000e-02	3.63823126e-02	1.91409479e-03
6.45000000e-02	3.74341775e-02	1.93531103e-03
6.47500000e-02	3.87402733e-02	2.02032769e-03
6.50000000e-02	3.77007792e-02	2.00598424e-03
6.52500000e-02	3.87560310e-02	2.05147457e-03
6.55000000e-02	3.77035916e-02	1.96072141e-03
6.57500000e-02	3.47217171e-02	1.86374109e-03
6.60000000e-02	3.85379364e-02	1.99639808e-03
6.62500000e-02	3.43867310e-02	1.81580721e-03
6.65000000e-02	3.93213924e-02	1.97027101e-03
6.67500000e-02	3.79677531e-02	1.94084361e-03
6.70000000e-02	3.69486898e-02	1.95599990e-03
6.72500000e-02	3.69658788e-02	1.91324646e-03
6.75000000e-02	3.67679674e-02	1.91843445e-03
6.77500000e-02	3.61191733e-02	1.88914868e-03
6.80000000e-02	3.38273039e-02	1.77144872e-03
6.82500000e-02	3.51132901e-02	1.80955309e-03
6.85000000e-02	3.56999664e-02	1.83320123e-03
6.87500000e-02	3.73520894e-02	1.87316398e-03
6.90000000e-02	3.69531466e-02	1.88713315e-03
6.92500000e-02	3.80960816e-02	1.96829585e-03
6.95000000e-02	3.61177272e-02	1.81163870e-03
6.97500000e-02	3.69308069e-02	1.95709584e-03
7.00000000e-02	3.76646919e-02	1.90925335e-03
7.02500000e-02	3.52148804e-02	1.83577252e-03
7.05000000e-02	3.51597992e-02	1.77676016e-03
7.07500000e-02	3.97084216e-02	1.98503870e-03
7.10000000e-02	3.82292219e-02	1.87819040e-03
7.12500000e-02	3.54958662e-02	1.81876793e-03
7.15000000e-02	3.74992895e-02	1.86986861e-03
7.17500000e-02	3.62664910e-02	1.82187561e-03
7.20000000e-02	3.81348610e-02	1.87726868e-03
7.22500000e-02	3.74635035e-02	1.85406458e-03
7.25000000e-02	3.70223399e-02	1.85741162e-03
7.27500000e-02	3.89507222e-02	1.90405864e-03
7.30000000e-02	3.90294408e-02	1.93876563e-03
7.32500000e-02	3.92073919e-02	1.90903064e-03
7.35000000e-02	3.83930528e-02	1.87937570e-03
7.37500000e-02	3.80022044e-02	1.87642386e-03
7.40000000e-02	3.68584383e-02	1.82011778e-03
7.42500000e-02	3.65012082e-02	1.77388926e-03
7.45000000e-02	3.73959972e-02	1.83536492e-03
7.47500000e-02	3.47798023e-02	1.70335447e-03
7.50000000e-02	3.64023232e-02	1.77012435e-03
7.52500000e-02	3.70090729e-02	1.81844619e-03
7.55000000e-02	3.69977961e-02	1.80674670e-03
7.57500000e-02	3.79218632e-02	1.86804200e-03
7.60000000e-02	3.98580930e-02	1.92950508e-03
7.62500000e-02	3.77976773e-02	1.84120443e-03
7.65000000e-02	3.78230248e-02	1.84657832e-03
7.67500000e-02	3.70205336e-02	1.79361418e-03
7.70000000e-02	3.73316376e-02	1.80484207e-03
7.72500000e-02	3.97674881e-02	1.93025392e-03
7.75000000e-02	3.95211067e-02	1.94621599e-03
7.77500000e-02	3.97489455e-02	1.98389581e-03
7.80000000e-02	3.78948171e-02	1.85418066e-03
7.82500000e-02	3.79850373e-02	1.90534966e-03
7.85000000e-02	3.53922157e-02	1.78751330e-03
7.87500000e-02	3.93552049e-02	1.97405861e-03
7.90000000e-02	3.99893794e-02	1.96225780e-03
7.92500000e-02	3.81833754e-02	1.93849610e-03
7.95000000e-02	3.75679427e-02	1.92949966e-03
7.97500000e-02	3.61302045e-02	1.91931594e-03
8.00000000e-02	4.00742277e-02	2.04365918e-03
8.02500000e-02	3.84176519e-02	1.93893092e-03
8.05000000e-02	4.22567952e-02	2.11752281e-03
8.07500000e-02	4.03543641e-02	2.07409975e-03
8.10000000e-02	3.75920229e-02	1.95035874e-03
8.12500000e-02	3.81246900e-02	1.95054497e-03
8.15000000e-02	3.68543286e-02	1.89006200e-03
8.17500000e-02	4.18762295e-02	2.15213820e-03
8.20000000e-02	3.78169694e-02	1.95489310e-03
8.22500000e-02	3.93701142e-02	2.01356913e-03
8.25000000e-02	4.06389215e-02	2.08483447e-03
8.27500000e-02	3.88035713e-02	1.98825098e-03
8.30000000e-02	3.68498356e-02	1.96144890e-03
8.32500000e-02	3.56210607e-02	1.88765194e-03
8.35000000e-02	4.07276262e-02	2.08830681e-03
8.37500000e-02	3.76214948e-02	1.95398292e-03
8.40000000e-02	3.55570253e-02	1.87122115e-03
8.42500000e-02	3.69418809e-02	1.99337825e-03
8.45000000e-02	3.82749324e-02	2.01894567e-03
8.47500000e-02	3.78129857e-02	2.03293876e-03
8.50000000e-02	3.75803333e-02	1.98575274e-03
8.52500000e-02	3.87863695e-02	2.02836259e-03
8.55000000e-02	4.09400959e-02	2.14893263e-03
8.57500000e-02	3.97944412e-02	2.07034617e-03
8.60000000e-02	3.61310333e-02	1.97108000e-03
8.62500000e-02	3.87504824e-02	2.05882928e-03
8.65000000e-02	3.59194276e-02	1.98519284e-03
8.67500000e-02	3.90833513e-02	2.04591173e-03
8.70000000e-02	4.13527878e-02	2.12552525e-03
8.72500000e-02	3.80439042e-02	1.96992975e-03
8.75000000e-02	3.75205402e-02	1.90251644e-03
8.77500000e-02	3.55047078e-02	1.80051776e-03
8.80000000e-02	3.59653502e-02	1.82515263e-03
8.82500000e-02	3.79018861e-02	1.91656682e-03
8.85000000e-02	3.97123578e-02	2.01121781e-03
8.87500000e-02	3.71262611e-02	1.80882913e-03
8.90000000e-02	3.53982277e-02	1.79676212e-03
8.92500000e-02	3.73165492e-02	1.84273988e-03
8.95000000e-02	3.94500920e-02	1.90996608e-03
8.97500000e-02	3.88632806e-02	1.88110207e-03
9.00000000e-02	3.81791318e-02	1.79099931e-03
9.02500000e-02	3.46633379e-02	1.73482857e-03
9.05000000e-02	3.95315297e-02	1.89129891e-03
9.07500000e-02	3.61908708e-02	1.79946829e-03
9.10000000e-02	3.64661573e-02	1.78078471e-03
9.12500000e-02	3.64631119e-02	1.75402874e-03
9.15000000e-02	3.63559228e-02	1.73424846e-03
9.17500000e-02	3.84054470e-02	1.86825481e-03
9.20000000e-02	3.58725690e-02	1.71633024e-03
9.22500000e-02	3.67267945e-02	1.77697089e-03
9.25000000e-02	3.79881931e-02	1.81131752e-03
9.27500000e-02	3.73727636e-02	1.81981588e-03
9.30000000e-02	3.88291055e-02	1.79746709e-03
9.32500000e-02	3.79693354e-02	1.77226017e-03
9.35000000e-02	3.61073616e-02	1.72472007e-03
9.37500000e-02	3.89486023e-02	1.82369319e-03
9.40000000e-02	3.86320884e-02	1.78776952e-03
9.42500000e-02	3.83766166e-02	1.80260416e-03
9.45000000e-02	3.60926351e-02	1.74622921e-03
9.47500000e-02	3.59506488e-02	1.72382960e-03
9.50000000e-02	3.77668988e-02	1.75776593e-03
9.52500000e-02	3.89632376e-02	1.82366623e-03
9.55000000e-02	3.84011809e-02	1.73363958e-03
9.57500000e-02	3.85808839e-02	1.78601253e-03
9.60000000e-02	3.71626806e-02	1.71846891e-03
9.62500000e-02	3.53803221e-02	1.66150897e-03
9.65000000e-02	3.78877384e-02	1.76289137e-03
9.67500000e-02	3.66537210e-02	1.70361469e-03
9.70000000e-02	3.91953056e-02	1.82255764e-03
9.72500000e-02	3.62092631e-02	1.69803543e-03
9.75000000e-02	3.73794146e-02	1.72616109e-03
9.77500000e-02	3.74736650e-02	1.68238929e-03
9.80000000e-02	3.68377055e-02	1.68490571e-03
9.82500000e-02	3.63327901e-02	1.72580214e-03
9.85000000e-02	3.95931911e-02	1.78932091e-03
9.87500000e-02	3.68547643e-02	1.68725149e-03
9.90000000e-02	3.78205099e-02	1.70218957e-03
9.92500000e-02	3.78769386e-02	1.73462143e-03
9.95000000e-02	3.67033394e-02	1.68122189e-03
9.97500000e-02	3.78519629e-02	1.69996804e-03
1.00000000e-01	3.79271017e-02	1.38604023e-03
1.00500000e-01	3.84243770e-02	1.21881056e-03
1.01000000e-01	3.68759021e-02	1.16975626e-03
1.01500000e-01	3.87186108e-02	1.22647322e-03
1.02000000e-01	3.78678228e-02	1.20607592e-03
1.02500000e-01	3.90299061e-02	1.21151743e-03
1.03000000e-01	3.72387060e-02	1.20910498e-03
1.03500000e-01	3.68037900e-02	1.17762413e-03
1.04000000e-01	3.78617457e-02	1.17179895e-03
1.04500000e-01	3.75609106e-02	1.18057844e-03
1.05000000e-01	3.60427934e-02	1.13761084e-03
1.05500000e-01	3.70399519e-02	1.15148995e-03
1.06000000e-01	3.62448625e-02	1.13434521e-03
1.06500000e-01	3.74306946e-02	1.15500635e-03
1.07000000e-01	3.92198168e-02	1.22034425e-03
1.07500000e-01	3.64119846e-02	1.17000082e-03
1.08000000e-01	3.88422919e-02	1.24561989e-03
1.08500000e-01	3.59789546e-02	1.17060503e-03
1.09000000e-01	3.74275644e-02	1.23368102e-03
1.09500000e-01	3.66111274e-02	1.21928031e-03
1.10000000e-01	3.72329028e-02	1.20379804e-03
1.10500000e-01	3.69680204e-02	1.19740146e-03
1.11000000e-01	3.81049962e-02	1.20465158e-03
1.11500000e-01	3.82503636e-02	1.18142681e-03
1.12000000e-01	3.75632120e-02	1.16205494e-03
1.12500000e-01	3.75647417e-02	1.13248895e-03
1.13000000e-01	4.01141537e-02	1.18746819e-03
1.13500000e-01	3.76709855e-02	1.15212265e-03
1.14000000e-01	3.60889562e-02	1.12182707e-03
1.14500000e-01	3.70480688e-02	1.11632206e-03
1.15000000e-01	3.68544372e-02	1.11108731e-03
1.15500000e-01	3.72580745e-02	1.11898559e-03
1.16000000e-01	3.72557589e-02	1.11449732e-03
1.16500000e-01	3.95403011e-02	1.16651191e-03
1.17000000e-01	3.97385727e-02	1.15907402e-03
1.17500000e-01	3.78893077e-02	1.12842755e-03
1.18000000e-01	3.83537935e-02	1.13737729e-03
1.18500000e-01	3.71421145e-02	1.10141904e-03
1.19000000e-01	3.65751029e-02	1.07481474e-03
1.19500000e-01	3.67837275e-02	1.09139125e-03
1.20000000e-01	3.80512259e-02	1.09878339e-03
1.20500000e-01	3.64762296e-02	1.07216958e-03
1.21000000e-01	3.77624253e-02	1.09122347e-03
1.21500000e-01	3.79424362e-02	1.09240999e-03
1.22000000e-01	3.75516294e-02	1.09060528e-03
1.22500000e-01	3.76304413e-02	1.08415017e-03
1.23000000e-01	3.73985867e-02	1.08392329e-03
1.23500000e-01	3.67716254e-02	1.07645198e-03
1.24000000e-01	3.83562064e-02	1.08751269e-03
1.24500000e-01	3.82155760e-02	1.08088503e-03
1.25000000e-01	3.93385272e-02	1.10940965e-03
1.25500000e-01	3.70246980e-02	1.06032172e-03
1.26000000e-01	3.74269712e-02	1.05882127e-03
1.26500000e-01	3.70107944e-02	1.05368619e-03
1.27000000e-01	3.84243925e-02	1.08882137e-03
1.27500000e-01	3.86015855e-02	1.08227884e-03
1.28000000e-01	3.71133275e-02	1.06078649e-03
1.28500000e-01	3.79386000e-02	1.07578283e-03
1.29000000e-01	3.82799875e-02	1.08011443e-03
1.29500000e-01	3.73142949e-02	1.04478057e-03
1.30000000e-01	3.68987446e-02	1.03460639e-03
1.30500000e-01	3.79575844e-02	1.05788752e-03
1.31000000e-01	3.68762211e-02	1.05890969e-03
1.31500000e-01	3.69644632e-02	1.04167475e-03
1.32000000e-01	3.82047517e-02	1.05768699e-03
1.32500000e-01	3.80500914e-02	1.05374696e-03
1.33000000e-01	3.86976480e-02	1.06054657e-03
1.33500000e-01	3.73836548e-02	1.02852710e-03
1.34000000e-01	3.82719533e-02	1.04189781e-03
1.34500000e-01	3.86979856e-02	1.05609275e-03
1.35000000e-01	3.85750935e-02	1.03565258e-03
1.35500000e-01	3.75139338e-02	1.01389007e-03
1.36000000e-01	3.80785924e-02	1.03283758e-03
1.36500000e-01	3.70846508e-02	1.00055875e-03
1.37000000e-01	3.76949924e-02	1.02666400e-03
1.37500000e-01	3.74140286e-02	1.00737985e-03
1.38000000e-01	3.75386202e-02	1.01120107e-03
1.38500000e-01	3.89274107e-02	1.04147236e-03
1.39000000e-01	3.69871271e-02	1.00097190e-03
1.39500000e-01	3.72202913e-02	1.00240644e-03
1.40000000e-01	3.77385164e-02	1.03091912e-03
1.40500000e-01	3.76078647e-02	1.02341869e-03
1.41000000e-01	3.69146891e-02	9.88963909e-04
1.41500000e-01	3.83291182e-02	1.02598028e-03
1.42000000e-01	3.84793344e-02	1.01293373e-03
1.42500000e-01	3.67532922e-02	9.89054285e-04
1.43000000e-01	3.73753903e-02	9.95569056e-04
1.43500000e-01	3.76024598e-02	1.00492360e-03
1.44000000e-01	3.78027534e-02	1.00166715e-03
1.44500000e-01	3.75626728e-02	9.98475822e-04
1.45000000e-01	3.85845738e-02	1.02692004e-03
1.45500000e-01	3.91807963e-02	1.02827165e-03
1.46000000e-01	3.68723097e-02	9.92684143e-04
1.46500000e-01	3.78882142e-02	1.00453260e-03
1.47000000e-01	3.81644843e-02	1.00302942e-03
1.47500000e-01	3.81040846e-02	9.97538378e-04
1.48000000e-01	3.84313644e-02	1.02048433e-03
1.48500000e-01	3.87804757e-02	1.01829728e-03
1.49000000e-01	3.72608513e-02	9.78599436e-04
1.49500000e-01	3.75527163e-02	9.88567562e-04
1.50000000e-01	3.77747107e-02	9.77846152e-04
1.50500000e-01	3.76260923e-02	9.91099460e-04
1.51000000e-01	3.74550520e-02	9.74142209e-04
1.51500000e-01	3.84074139e-02	9.78536425e-04
1.52000000e-01	3.86705856e-02	9.88560761e-04
1.52500000e-01	3.61291786e-02	9.43685107e-04
1.53000000e-01	3.81506160e-02	9.77079858e-04
1.53500000e-01	3.64141765e-02	9.38030153e-04
1.54000000e-01	4.03682726e-02	1.00755010e-03
1.54500000e-01	3.77324725e-02	1.00068635e-03
1.55000000e-01	3.94636127e-02	1.03925738e-03
1.55500000e-01	3.63907610e-02	9.84312819e-04
1.56000000e-01	3.80181120e-02	1.01612319e-03
1.56500000e-01	3.68018038e-02	9.94743508e-04
1.57000000e-01	3.85544591e-02	1.01690198e-03
1.57500000e-01	3.67462804e-02	9.84503803e-04
1.58000000e-01	3.74145914e-02	9.79779434e-04
1.58500000e-01	3.90578588e-02	9.97015803e-04
1.59000000e-01	3.72348851e-02	9.56684374e-04
1.59500000e-01	3.78917531e-02	9.67273272e-04
1.60000000e-01	3.78254836e-02	9.66925821e-04
1.60500000e-01	3.69494931e-02	9.56241292e-04
1.61000000e-01	3.72514017e-02	9.56697560e-04
1.61500000e-01	3.83408854e-02	9.73310353e-04
1.62000000e-01	3.69888098e-02	9.38074814e-04
1.62500000e-01	3.60600465e-02	9.19462347e-04
1.63000000e-01	3.84444878e-02	9.69411258e-04
1.63500000e-01	3.86271982e-02	9.78057321e-04
1.64000000e-01	3.74579862e-02	9.56013557e-04
1.64500000e-01	3.81971795e-02	9.55814724e-04
1.65000000e-01	3.74326685e-02	9.40305148e-04
1.65500000e-01	3.82519173e-02	9.51837407e-04
1.66000000e-01	3.68199960e-02	9.19329175e-04
1.66500000e-01	3.75984193e-02	9.31198397e-04
1.67000000e-01	3.83374586e-02	9.55955157e-04
1.67500000e-01	3.87418674e-02	9.58739747e-04
1.68000000e-01	3.84727789e-02	9.47130141e-04
1.68500000e-01	3.72690707e-02	9.32012548e-04
1.69000000e-01	3.75922578e-02	9.36752031e-04
1.69500000e-01	3.85069072e-02	9.36141670e-04
1.70000000e-01	3.69758377e-02	9.29571457e-04
1.70500000e-01	3.80195399e-02	9.27896463e-04
1.71000000e-01	3.76850174e-02	9.28131144e-04
1.71500000e-01	3.67756395e-02	9.13355172e-04
1.72000000e-01	3.70263669e-02	9.05603000e-04
1.72500000e-01	3.82066515e-02	9.35033324e-04
1.73000000e-01	3.85558758e-02	9.34561468e-04
1.73500000e-01	3.93791768e-02	9.38645900e-04
1.74000000e-01	3.71405717e-02	9.06278213e-04
1.74500000e-01	3.75674282e-02	9.08924847e-04
1.75000000e-01	3.75466319e-02	9.08070424e-04
1.75500000e-01	3.89377171e-02	9.25786716e-04
1.76000000e-01	3.69471843e-02	8.87412299e-04
1.76500000e-01	3.74283574e-02	8.99068420e-04
1.77000000e-01	3.79568710e-02	9.11519687e-04
1.77500000e-01	3.89483785e-02	9.33613381e-04
1.78000000e-01	3.67951464e-02	8.86462856e-04
1.78500000e-01	3.72897562e-02	8.84850736e-04
1.79000000e-01	3.84543254e-02	9.12501406e-04
1.79500000e-01	3.61642370e-02	8.85388093e-04
1.80000000e-01	3.60716099e-02	8.70423863e-04
1.80500000e-01	3.82852727e-02	9.02837969e-04
1.81000000e-01	3.73802318e-02	9.05880772e-04
1.81500000e-01	3.76931273e-02	9.03771257e-04
1.82000000e-01	3.73851572e-02	8.86755184e-04
1.82500000e-01	3.74759294e-02	8.79781374e-04
1.83000000e-01	3.65524593e-02	8.77230808e-04
1.83500000e-01	3.80584544e-02	9.10367994e-04
1.84000000e-01	3.89894179e-02	9.11133832e-04
1.84500000e-01	3.75715531e-02	8.94708395e-04
1.85000000e-01	3.71019130e-02	8.80296577e-04
1.85500000e-01	3.91002315e-02	9.08018638e-04
1.86000000e-01	3.69867521e-02	8.73675931e-04
1.86500000e-01	3.92871125e-02	9.17029415e-04
1.87000000e-01	3.83897059e-02	8.92190554e-04
1.87500000e-01	3.77948528e-02	8.77379180e-04
1.88000000e-01	3.59969380e-02	8.53267840e-04
1.88500000e-01	3.78813762e-02	8.86753954e-04
1.89000000e-01	3.66166671e-02	8.60784806e-04
1.89500000e-01	3.85934329e-02	8.95253910e-04
1.90000000e-01	3.73895599e-02	8.72228226e-04
1.90500000e-01	3.84788422e-02	8.87277081e-04
1.91000000e-01	3.73536307e-02	8.75722492e-04
1.91500000e-01	3.80909589e-02	8.83974333e-04
1.92000000e-01	3.82568391e-02	8.85636262e-04
1.92500000e-01	3.75230732e-02	8.63611983e-04
1.93000000e-01	3.75853526e-02	8.69215288e-04
1.93500000e-01	3.93747637e-02	9.03133577e-04
1.94000000e-01	3.76637943e-02	8.59157221e-04
1.94500000e-01	3.73759136e-02	8.60725635e-04
1.95000000e-01	3.86155708e-02	8.86397385e-04
1.95500000e-01	3.85563628e-02	8.73487371e-04
1.96000000e-01	3.68251634e-02	8.53108522e-04
1.96500000e-01	3.75639051e-02	8.56855535e-04
1.97000000e-01	3.83084743e-02	8.73548586e-04
1.97500000e-01	3.84462197e-02	8.67789629e-04
1.98000000e-01	3.67547539e-02	8.43297163e-04
1.98500000e-01	3.70384922e-02	8.46334973e-04
1.99000000e-01	3.72202996e-02	8.56524367e-04
1.99500000e-01	3.66670111e-02	8.40159565e-04
2.00000000e-01	3.77935141e-02	8.64217816e-04
2.00500000e-01	3.73574539e-02	8.55566674e-04
2.01000000e-01	3.85908293e-02	8.65099794e-04
2.01500000e-01	3.68127308e-02	8.35670679e-04
2.02000000e-01	3.74140320e-02	8.46716102e-04
2.02500000e-01	3.83308447e-02	8.61849451e-04
2.03000000e-01	3.70664832e-02	8.47141348e-04
2.03500000e-01	3.75401765e-02	8.59947491e-04
2.04000000e-01	3.79846495e-02	8.53728472e-04
2.04500000e-01	3.73761252e-02	8.47076491e-04
2.05000000e-01	3.67081704e-02	8.28246796e-04
2.05500000e-01	3.83011017e-02	8.54281095e-04
2.06000000e-01	3.82210596e-02	8.52369806e-04
2.06500000e-01	3.80038738e-02	8.55888473e-04
2.07000000e-01	3.73085213e-02	8.38820662e-04
2.07500000e-01	3.99890866e-02	8.79802430e-04
2.08000000e-01	3.92550346e-02	8.60458263e-04
2.08500000e-01	3.87517949e-02	8.54249715e-04
2.09000000e-01	3.71217080e-02	8.30237179e-04
2.09500000e-01	3.78364350e-02	8.39575043e-04
2.10000000e-01	3.81172360e-02	8.40821409e-04
2.10500000e-01	3.86567782e-02	8.48190187e-04
2.11000000e-01	3.68820126e-02	8.17234160e-04
2.11500000e-01	3.65549740e-02	8.21427904e-04
2.12000000e-01	3.82701396e-02	8.40316362e-04
2.12500000e-01	3.72945174e-02	8.27887628e-04
2.13000000e-01	3.81789869e-02	8.28581272e-04
2.13500000e-01	3.77537894e-02	8.31783015e-04
2.14000000e-01	3.67998418e-02	8.10979238e-04
2.14500000e-01	3.76675091e-02	8.23798720e-04
2.15000000e-01	3.64899038e-02	8.09264824e-04
2.15500000e-01	3.89568814e-02	8.41978243e-04
2.16000000e-01	3.72994480e-02	8.20473836e-04
2.16500000e-01	3.82569594e-02	8.23768415e-04
2.17000000e-01	3.70225764e-02	8.27750009e-04
2.17500000e-01	3.68485554e-02	8.45085980e-04
2.18000000e-01	3.76034444e-02	8.50590331e-04
2.18500000e-01	3.73786068e-02	8.52745659e-04
2.19000000e-01	3.64830010e-02	8.38668052e-04
2.19500000e-01	3.85425280e-02	8.78353569e-04
2.20000000e-01	3.79808256e-02	8.65414583e-04
2.20500000e-01	3.78575019e-02	8.74400172e-04
2.21000000e-01	3.69695644e-02	8.50163880e-04
2.21500000e-01	3.73005132e-02	8.64682648e-04
2.22000000e-01	3.73132192e-02	8.67745215e-04
2.22500000e-01	3.74216992e-02	8.62158011e-04
2.23000000e-01	3.82982683e-02	8.90133616e-04
2.23500000e-01	3.64359764e-02	8.55084699e-04
2.24000000e-01	3.78787391e-02	8.79422544e-04
2.24500000e-01	3.75365397e-02	8.80005239e-04
2.25000000e-01	3.82971337e-02	9.02184713e-04
2.25500000e-01	3.58936930e-02	8.46648120e-04
2.26000000e-01	3.75093317e-02	8.90706199e-04
2.26500000e-01	3.74797274e-02	8.72046939e-04
2.27000000e-01	3.68476285e-02	8.51863735e-04
2.27500000e-01	3.76210806e-02	8.63525135e-04
2.28000000e-01	3.85680076e-02	8.73111705e-04
2.28500000e-01	3.74383900e-02	8.52299755e-04
2.29000000e-01	3.63216489e-02	8.27403765e-04
2.29500000e-01	3.71750791e-02	8.37383147e-04
2.30000000e-01	3.71184181e-02	8.26142555e-04
2.30500000e-01	3.65984121e-02	8.23012553e-04
2.31000000e-01	3.72570656e-02	8.13979131e-04
2.31500000e-01	3.82667817e-02	8.51025817e-04
2.32000000e-01	3.76847544e-02	8.32935065e-04
2.32500000e-01	3.70694881e-02	8.19507687e-04
2.33000000e-01	3.77541078e-02	8.28737849e-04
2.33500000e-01	3.68077059e-02	8.03752636e-04
2.34000000e-01	3.75649071e-02	8.23908570e-04
2.34500000e-01	3.72959059e-02	8.17110714e-04
2.35000000e-01	3.77786532e-02	8.21968988e-04
2.35500000e-01	3.82468036e-02	8.28411578e-04
2.36000000e-01	3.82927174e-02	8.25027988e-04
2.36500000e-01	3.77322401e-02	8.18897816e-04
2.37000000e-01	3.75138980e-02	8.13977728e-04
2.37500000e-01	3.86421695e-02	8.38734218e-04
2.38000000e-01	3.68048775e-02	7.94045998e-04
2.38500000e-01	3.70247567e-02	8.00724151e-04
2.39000000e-01	3.66997409e-02	7.99453842e-04
2.39500000e-01	3.63443092e-02	7.85578305e-04
2.40000000e-01	3.68302623e-02	7.90283612e-04
2.40500000e-01	3.77683880e-02	8.02914160e-04
2.41000000e-01	3.77658725e-02	8.01437339e-04
2.41500000e-01	3.80690386e-02	8.07191885e-04
2.42000000e-01	3.83575254e-02	8.12944471e-04
2.42500000e-01	3.67730653e-02	7.99252878e-04
2.43000000e-01	3.69853518e-02	7.88902195e-04
2.43500000e-01	3.81615352e-02	8.08163970e-04
2.44000000e-01	3.68758086e-02	7.83302870e-04
2.44500000e-01	3.65093283e-02	7.79595301e-04
2.45000000e-01	3.73736006e-02	7.79888385e-04
2.45500000e-01	3.66318409e-02	7.79950425e-04
2.46000000e-01	3.83615877e-02	8.00564971e-04
2.46500000e-01	3.78741338e-02	7.93771373e-04
2.47000000e-01	3.62576498e-02	7.79599358e-04
2.47500000e-01	3.72363484e-02	7.81141477e-04
2.48000000e-01	3.64886487e-02	7.70761794e-04
2.48500000e-01	3.66048154e-02	7.74230330e-04
2.49000000e-01	3.72224337e-02	7.79238884e-04
2.49500000e-01	3.61762046e-02	7.67750288e-04
2.50000000e-01	3.70781022e-02	7.80502446e-04
2.50500000e-01	3.65098971e-02	7.62309295e-04
2.51000000e-01	3.65673643e-02	7.70334001e-04
2.51500000e-01	3.74103417e-02	7.74294177e-04
2.52000000e-01	3.62501243e-02	7.68068644e-04
2.52500000e-01	3.53987090e-02	7.47823172e-04
2.53000000e-01	3.76414196e-02	7.76284941e-04
2.53500000e-01	3.67048066e-02	7.67315876e-04
2.54000000e-01	3.63298608e-02	7.64670144e-04
2.54500000e-01	3.70672055e-02	7.69435995e-04
2.55000000e-01	3.71256379e-02	7.63292063e-04
2.55500000e-01	3.58283456e-02	7.44996890e-04
2.56000000e-01	3.67635071e-02	7.61015865e-04
2.56500000e-01	3.60426202e-02	7.59429879e-04
2.57000000e-01	3.64433222e-02	7.54782830e-04
2.57500000e-01	3.70166364e-02	7.55880051e-04
2.58000000e-01	3.65159414e-02	7.55929286e-04
2.58500000e-01	3.63443687e-02	7.51001443e-04
2.59000000e-01	3.54604337e-02	7.34311979e-04
2.59500000e-01	3.59024749e-02	7.41404766e-04
2.60000000e-01	3.68127287e-02	7.56121853e-04
2.60500000e-01	3.69128177e-02	7.55098394e-04
2.61000000e-01	3.59432329e-02	7.51350794e-04
2.61500000e-01	3.57806089e-02	7.41581682e-04
2.62000000e-01	3.64103130e-02	7.51704702e-04
2.62500000e-01	3.64390050e-02	7.51570200e-04
2.63000000e-01	3.71508588e-02	7.52927871e-04
2.63500000e-01	3.65980165e-02	7.48227633e-04
2.64000000e-01	3.62991743e-02	7.48987325e-04
2.64500000e-01	3.65990072e-02	7.43716305e-04
2.65000000e-01	3.65804513e-02	7.49568171e-04
2.65500000e-01	3.63318278e-02	7.41571375e-04
2.66000000e-01	3.74194416e-02	7.54267911e-04
2.66500000e-01	3.58434431e-02	7.34213116e-04
2.67000000e-01	3.63290262e-02	7.42632771e-04
2.67500000e-01	3.63267503e-02	7.29861520e-04
2.68000000e-01	3.66276644e-02	7.40589792e-04
2.68500000e-01	3.47043252e-02	7.08928058e-04
2.69000000e-01	3.67760531e-02	7.35865212e-04
2.69500000e-01	3.64052574e-02	7.38529695e-04
2.70000000e-01	3.59174925e-02	7.22405505e-04
2.70500000e-01	3.71264209e-02	7.40834132e-04
2.71000000e-01	3.74688661e-02	7.48977476e-04
2.71500000e-01	3.70494270e-02	7.49613710e-04
2.72000000e-01	3.65674041e-02	7.32004963e-04
2.72500000e-01	3.57142293e-02	7.23333446e-04
2.73000000e-01	3.60368478e-02	7.23511510e-04
2.73500000e-01	3.65561004e-02	7.36027899e-04
2.74000000e-01	3.70215868e-02	7.32575480e-04
2.74500000e-01	3.60111276e-02	7.19837867e-04
2.75000000e-01	3.62912882e-02	7.18463879e-04
2.75500000e-01	3.42847477e-02	6.98092092e-04
2.76000000e-01	3.57796924e-02	7.15256118e-04
2.76500000e-01	3.54306760e-02	7.04551689e-04
2.77000000e-01	3.52435810e-02	7.00939113e-04
2.77500000e-01	3.62310827e-02	7.20690777e-04
2.78000000e-01	3.64098407e-02	7.24987653e-04
2.78500000e-01	3.58997673e-02	7.21116700e-04
2.79000000e-01	3.47739788e-02	7.00056854e-04
2.79500000e-01	3.57263211e-02	7.13527827e-04
2.80000000e-01	3.50943843e-02	7.05389013e-04
2.80500000e-01	3.65858823e-02	7.24715217e-04
2.81000000e-01	3.56939374e-02	7.07096437e-04
2.81500000e-01	3.63788480e-02	7.25109504e-04
2.82000000e-01	3.57412980e-02	7.09840882e-04
2.82500000e-01	3.48240165e-02	6.95995266e-04
2.83000000e-01	3.70288768e-02	7.25436908e-04
2.83500000e-01	3.55086622e-02	7.00333701e-04
2.84000000e-01	3.53225389e-02	7.02140835e-04
2.84500000e-01	3.56099901e-02	7.08007471e-04
2.85000000e-01	3.58647523e-02	7.09577988e-04
2.85500000e-01	3.64015367e-02	7.19312550e-04
2.86000000e-01	3.61054936e-02	7.08181494e-04
2.86500000e-01	3.53732559e-02	6.97885511e-04
2.87000000e-01	3.65102384e-02	7.13578668e-04
2.87500000e-01	3.49630971e-02	6.84043073e-04
2.88000000e-01	3.62506953e-02	7.08145915e-04
2.88500000e-01	3.58188696e-02	7.00794633e-04
2.89000000e-01	3.51498880e-02	6.87206786e-04
2.89500000e-01	3.57839317e-02	6.97983966e-04
2.90000000e-01	3.58117938e-02	7.06272793e-04
2.90500000e-01	3.51013153e-02	6.96249723e-04
2.91000000e-01	3.51788609e-02	6.83769136e-04
2.91500000e-01	3.52525863e-02	6.83056837e-04
2.92000000e-01	3.55251802e-02	6.91726935e-04
2.92500000e-01	3.61754444e-02	6.98167102e-04
2.93000000e-01	3.47933793e-02	6.86250282e-04
2.93500000e-01	3.65714529e-02	7.03597917e-04
2.94000000e-01	3.51056567e-02	6.88630861e-04
2.94500000e-01	3.53651618e-02	6.82555995e-04
2.95000000e-01	3.66431638e-02	7.02557129e-04
2.95500000e-01	3.52231078e-02	6.85826860e-04
2.96000000e-01	3.59323225e-02	6.93454567e-04
2.96500000e-01	3.65967128e-02	6.97007609e-04
2.97000000e-01	3.62402027e-02	7.00105840e-04
2.97500000e-01	3.60454129e-02	6.91138930e-04
2.98000000e-01	3.61143607e-02	6.93604434e-04
2.98500000e-01	3.55455865e-02	6.89202435e-04
2.99000000e-01	3.54900076e-02	6.77771228e-04
2.99500000e-01	3.45594983e-02	6.71187594e-04
3.00000000e-01	3.53433424e-02	6.77435875e-04
3.00500000e-01	3.59231772e-02	6.88734551e-04
3.01000000e-01	3.51885159e-02	6.76989104e-04
3.01500000e-01	3.55264412e-02	6.79474456e-04
3.02000000e-01	3.51157103e-02	6.77057051e-04
3.02500000e-01	3.47787254e-02	6.72006172e-04
3.03000000e-01	3.48987515e-02	6.76208665e-04
3.03500000e-01	3.55662925e-02	6.77464085e-04
3.04000000e-01	3.49429430e-02	6.79414271e-04
3.04500000e-01	3.48113618e-02	6.70263607e-04
3.05000000e-01	3.37404754e-02	6.57966674e-04
3.05500000e-01	3.53551415e-02	6.68978329e-04
3.06000000e-01	3.51331769e-02	6.65917711e-04
3.06500000e-01	3.49911882e-02	6.69984040e-04
3.07000000e-01	3.57292737e-02	6.78298062e-04
3.07500000e-01	3.51922893e-02	6.62327971e-04
3.08000000e-01	3.48484714e-02	6.66629435e-04
3.08500000e-01	3.43077674e-02	6.56572158e-04
3.09000000e-01	3.45297177e-02	6.56290022e-04
3.09500000e-01	3.44399717e-02	6.56287059e-04
3.10000000e-01	3.53963738e-02	6.69532309e-04
3.10500000e-01	3.44028580e-02	6.61614268e-04
3.11000000e-01	3.55960416e-02	6.76694494e-04
3.11500000e-01	3.46331534e-02	6.54352535e-04
3.12000000e-01	3.48334049e-02	6.64235515e-04
3.12500000e-01	3.53061593e-02	6.63174723e-04
3.13000000e-01	3.45336006e-02	6.52947379e-04
3.13500000e-01	3.52291234e-02	6.65944230e-04
3.14000000e-01	3.55586329e-02	6.63928526e-04
3.14500000e-01	3.38411534e-02	6.45356868e-04
3.15000000e-01	3.46400973e-02	6.52219623e-04
3.15500000e-01	3.48515084e-02	6.55700030e-04
3.16000000e-01	3.47998037e-02	6.53582202e-04
3.16500000e-01	3.48685715e-02	6.52176999e-04
3.17000000e-01	3.52068848e-02	6.60551753e-04
3.17500000e-01	3.51033823e-02	6.54637258e-04
3.18000000e-01	3.42838042e-02	6.46922268e-04
3.18500000e-01	3.45364926e-02	6.45930138e-04
3.19000000e-01	3.45055922e-02	6.47105778e-04
3.19500000e-01	3.52371112e-02	6.59410130e-04
3.20000000e-01	3.42519270e-02	6.47749922e-04
3.20500000e-01	3.46720928e-02	6.48390473e-04
3.21000000e-01	3.47656672e-02	6.47465814e-04
3.21500000e-01	3.43739568e-02	6.41359495e-04
3.22000000e-01	3.40822276e-02	6.35811217e-04
3.22500000e-01	3.50507578e-02	6.47849395e-04
3.23000000e-01	3.37376532e-02	6.37526175e-04
3.23500000e-01	3.46483327e-02	6.43971227e-04
3.24000000e-01	3.44286369e-02	6.41448222e-04
3.24500000e-01	3.46899861e-02	6.47650885e-04
3.25000000e-01	3.36170453e-02	6.30701883e-04
3.25500000e-01	3.48795487e-02	6.45394975e-04
3.26000000e-01	3.50743632e-02	6.49859832e-04
3.26500000e-01	3.47156122e-02	6.40977143e-04
3.27000000e-01	3.48041672e-02	6.48482679e-04
3.27500000e-01	3.51865443e-02	6.46547779e-04
3.28000000e-01	3.41431073e-02	6.36190203e-04
3.28500000e-01	3.49843022e-02	6.48304627e-04
3.29000000e-01	3.45518237e-02	6.35621448e-04
3.29500000e-01	3.45096505e-02	6.40261976e-04
3.30000000e-01	3.46680485e-02	6.39284686e-04
3.30500000e-01	3.45660684e-02	6.47772491e-04
3.31000000e-01	3.35126989e-02	6.25877361e-04
3.31500000e-01	3.37789673e-02	6.23310718e-04
3.32000000e-01	3.45287342e-02	6.37754209e-04
3.32500000e-01	3.42918001e-02	6.35478702e-04
3.33000000e-01	3.55949683e-02	6.45961402e-04
3.33500000e-01	3.40933397e-02	6.27089147e-04
3.34000000e-01	3.39706405e-02	6.32078933e-04
3.34500000e-01	3.45835242e-02	6.39752296e-04
3.35000000e-01	3.39717103e-02	6.25884571e-04
3.35500000e-01	3.37902981e-02	6.19806820e-04
3.36000000e-01	3.42965103e-02	6.29818944e-04
3.36500000e-01	3.46779067e-02	6.35563848e-04
3.37000000e-01	3.34418320e-02	6.15194316e-04
3.37500000e-01	3.40838681e-02	6.24655726e-04
3.38000000e-01	3.38465758e-02	6.18014235e-04
3.38500000e-01	3.48219913e-02	6.37670089e-04
3.39000000e-01	3.42723441e-02	6.27736034e-04
3.39500000e-01	3.49211073e-02	6.37838886e-04
3.40000000e-01	3.41071437e-02	6.20749127e-04
3.40500000e-01	3.35143293e-02	6.15184104e-04
3.41000000e-01	3.44351614e-02	6.25564212e-04
3.41500000e-01	3.47425693e-02	6.30872580e-04
3.42000000e-01	3.45682445e-02	6.21245721e-04
3.42500000e-01	3.41261275e-02	6.21731148e-04
3.43000000e-01	3.36490946e-02	6.15796222e-04
3.43500000e-01	3.41386887e-02	6.24056592e-04
3.44000000e-01	3.41582617e-02	6.18780195e-04
3.44500000e-01	3.42158838e-02	6.18305504e-04
3.45000000e-01	3.45852186e-02	6.24044260e-04
3.45500000e-01	3.45885684e-02	6.26822321e-04
3.46000000e-01	3.44388181e-02	6.25868430e-04
3.46500000e-01	3.35633303e-02	6.16270964e-04
3.47000000e-01	3.33688489e-02	6.06248531e-04
3.47500000e-01	3.47426181e-02	6.29546471e-04
3.48000000e-01	3.39785611e-02	6.15637325e-04
3.48500000e-01	3.35036679e-02	6.10754571e-04
3.49000000e-01	3.37224486e-02	6.14874992e-04
3.49500000e-01	3.39953168e-02	6.13435068e-04
3.50000000e-01	3.38383416e-02	5.01973156e-04
3.51000000e-01	3.40271905e-02	4.35380720e-04
3.52000000e-01	3.40069846e-02	4.33613665e-04
3.53000000e-01	3.39733409e-02	4.29580027e-04
3.54000000e-01	3.31914711e-02	4.24568030e-04
3.55000000e-01	3.44340881e-02	4.31812524e-04
3.56000000e-01	3.39310293e-02	4.31049719e-04
3.57000000e-01	3.37050294e-02	4.36557244e-04
3.58000000e-01	3.37586965e-02	4.43335653e-04
3.59000000e-01	3.31806273e-02	4.39525853e-04
3.60000000e-01	3.31456346e-02	4.42336598e-04
3.61000000e-01	3.28730765e-02	4.42678799e-04
3.62000000e-01	3.38340078e-02	4.52976848e-04
3.63000000e-01	3.27873022e-02	4.44319599e-04
3.64000000e-01	3.26764478e-02	4.45325055e-04
3.65000000e-01	3.32949264e-02	4.55331606e-04
3.66000000e-01	3.27428176e-02	4.43401664e-04
3.67000000e-01	3.28918293e-02	4.37003259e-04
3.68000000e-01	3.26021866e-02	4.32057585e-04
3.69000000e-01	3.35716473e-02	4.36842403e-04
3.70000000e-01	3.26588763e-02	4.26210439e-04
3.71000000e-01	3.28349235e-02	4.34301079e-04
3.72000000e-01	3.31645665e-02	4.41013500e-04
3.73000000e-01	3.26379101e-02	4.35534045e-04
3.74000000e-01	3.32563279e-02	4.44200464e-04
3.75000000e-01	3.22344215e-02	4.33835443e-04
3.76000000e-01	3.28620550e-02	4.39057071e-04
3.77000000e-01	3.30445935e-02	4.40687249e-04
3.78000000e-01	3.25834348e-02	4.35830903e-04
3.79000000e-01	3.21787679e-02	4.34448472e-04
3.80000000e-01	3.21951039e-02	4.32331110e-04
3.81000000e-01	3.26000504e-02	4.34403180e-04
3.82000000e-01	3.26902182e-02	4.35252596e-04
3.83000000e-01	3.23567162e-02	4.31566402e-04
3.84000000e-01	3.23384108e-02	4.33993291e-04
3.85000000e-01	3.25855316e-02	4.38287333e-04
3.86000000e-01	3.23149715e-02	4.31157422e-04
3.87000000e-01	3.25318628e-02	4.34498347e-04
3.88000000e-01	3.19307536e-02	4.29331794e-04
3.89000000e-01	3.22949355e-02	4.33393784e-04
3.90000000e-01	3.23787888e-02	4.34487724e-04
3.91000000e-01	3.28047006e-02	4.35069989e-04
3.92000000e-01	3.21893689e-02	4.31767336e-04
3.93000000e-01	3.20404642e-02	4.31305327e-04
3.94000000e-01	3.24045067e-02	4.32888138e-04
3.95000000e-01	3.18594106e-02	4.29148616e-04
3.96000000e-01	3.23539124e-02	4.33301842e-04
3.97000000e-01	3.16565694e-02	4.25125482e-04
3.98000000e-01	3.16424283e-02	4.26934667e-04
3.99000000e-01	3.18384542e-02	4.25387453e-04
4.00000000e-01	3.12336638e-02	4.24009177e-04
4.01000000e-01	3.18218651e-02	4.25539795e-04
4.02000000e-01	3.10512215e-02	4.20118845e-04
4.03000000e-01	3.17419235e-02	4.29093250e-04
4.04000000e-01	3.23107581e-02	4.33229773e-04
4.05000000e-01	3.16597367e-02	4.25015594e-04
4.06000000e-01	3.17911741e-02	4.29080707e-04
4.07000000e-01	3.19056236e-02	4.28246913e-04
4.08000000e-01	3.16258886e-02	4.24921069e-04
4.09000000e-01	3.15273330e-02	4.24658672e-04
4.10000000e-01	3.14550525e-02	4.21100190e-04
4.11000000e-01	3.15458698e-02	4.24330135e-04
4.12000000e-01	3.18810076e-02	4.27430207e-04
4.13000000e-01	3.13257951e-02	4.21050918e-04
4.14000000e-01	3.17779793e-02	4.23903982e-04
4.15000000e-01	3.09937983e-02	4.16726058e-04
4.16000000e-01	3.13663984e-02	4.19380850e-04
4.17000000e-01	3.17387843e-02	4.25266175e-04
4.18000000e-01	3.22924623e-02	4.35537638e-04
4.19000000e-01	3.15849305e-02	4.32833171e-04
4.20000000e-01	3.18312828e-02	4.37499458e-04
4.21000000e-01	3.18621099e-02	4.39595371e-04
4.22000000e-01	3.24921261e-02	4.44944648e-04
4.23000000e-01	3.24154867e-02	4.46310064e-04
4.24000000e-01	3.13596486e-02	4.37503297e-04
4.25000000e-01	3.17915634e-02	4.44081432e-04
4.26000000e-01	3.23819701e-02	4.51463152e-04
4.27000000e-01	3.22520879e-02	4.47520498e-04
4.28000000e-01	3.21361098e-02	4.48905459e-04
4.29000000e-01	3.23364391e-02	4.49703147e-04
4.30000000e-01	3.28290133e-02	4.53792062e-04
4.31000000e-01	3.17614430e-02	4.42352864e-04
4.32000000e-01	3.20732547e-02	4.46277516e-04
4.33000000e-01	3.23333644e-02	4.51809292e-04
4.34000000e-01	3.24233498e-02	4.51342240e-04
4.35000000e-01	3.22915066e-02	4.50289363e-04
4.36000000e-01	3.25001844e-02	4.53600998e-04
4.37000000e-01	3.24501933e-02	4.50465115e-04
4.38000000e-01	3.23224517e-02	4.51787933e-04
4.39000000e-01	3.27198231e-02	4.57001598e-04
4.40000000e-01	3.23869745e-02	4.55175191e-04
4.41000000e-01	3.27287938e-02	4.57462531e-04
4.42000000e-01	3.28599063e-02	4.60876682e-04
4.43000000e-01	3.29978548e-02	4.58816654e-04
4.44000000e-01	3.22546864e-02	4.53459653e-04
4.45000000e-01	3.23573968e-02	4.55615711e-04
4.46000000e-01	3.25198281e-02	4.57150472e-04
4.47000000e-01	3.24367522e-02	4.57532764e-04
4.48000000e-01	3.21627568e-02	4.57715100e-04
4.49000000e-01	3.28302809e-02	4.62129664e-04
4.50000000e-01	3.21259287e-02	4.56619072e-04
4.51000000e-01	3.21779743e-02	4.57110911e-04
4.52000000e-01	3.16628262e-02	4.53435296e-04
4.53000000e-01	3.19601885e-02	4.55635989e-04
4.54000000e-01	3.24204751e-02	4.62085007e-04
4.55000000e-01	3.15779568e-02	4.52661152e-04
4.56000000e-01	3.23565702e-02	4.59262825e-04
4.57000000e-01	3.20806681e-02	4.60492203e-04
4.58000000e-01	3.26674114e-02	4.61212807e-04
4.59000000e-01	3.19246307e-02	4.59944084e-04
4.60000000e-01	3.21278142e-02	4.58252332e-04
4.61000000e-01	3.14960531e-02	4.54949342e-04
4.62000000e-01	3.17534961e-02	4.56443717e-04
4.63000000e-01	3.24898763e-02	4.59660546e-04
4.64000000e-01	3.26392815e-02	4.64112613e-04
4.65000000e-01	3.17786329e-02	4.56753128e-04
4.66000000e-01	3.15347879e-02	4.56687268e-04
4.67000000e-01	3.18741804e-02	4.57714998e-04
4.68000000e-01	3.18115951e-02	4.56959417e-04
4.69000000e-01	3.14036193e-02	4.54286628e-04
4.70000000e-01	3.22675326e-02	4.62465873e-04
4.71000000e-01	3.16366376e-02	4.57857870e-04
4.72000000e-01	3.20610340e-02	4.63696885e-04
4.73000000e-01	3.16462310e-02	4.58008913e-04
4.74000000e-01	3.17172512e-02	4.56697757e-04
4.75000000e-01	3.17343258e-02	4.57266406e-04
4.76000000e-01	3.13273182e-02	4.55709204e-04
4.77000000e-01	3.09257478e-02	4.47364098e-04
4.78000000e-01	3.05689553e-02	4.49322049e-04
4.79000000e-01	3.06404429e-02	4.48533289e-04
4.80000000e-01	3.08595583e-02	4.48067222e-04
4.81000000e-01	3.09845807e-02	4.53733605e-04
4.82000000e-01	3.22151241e-02	4.64501911e-04
4.83000000e-01	3.07615540e-02	4.52458657e-04
4.84000000e-01	3.07658941e-02	4.49890487e-04
4.85000000e-01	3.04776887e-02	4.50525044e-04
4.86000000e-01	3.13505720e-02	4.55138480e-04
4.87000000e-01	3.09412551e-02	4.49097957e-04
4.88000000e-01	3.08739138e-02	4.53171679e-04
4.89000000e-01	3.05335428e-02	4.48692720e-04
4.90000000e-01	3.10146864e-02	4.56705696e-04
4.91000000e-01	3.06291301e-02	4.49871401e-04
4.92000000e-01	3.16325510e-02	4.57927382e-04
4.93000000e-01	3.08197856e-02	4.52561124e-04
4.94000000e-01	3.03397515e-02	4.47281474e-04
4.95000000e-01	3.10381226e-02	4.59311868e-04
4.96000000e-01	3.07492110e-02	4.69224605e-04
4.97000000e-01	3.02959116e-02	4.70120019e-04
4.98000000e-01	3.05305519e-02	4.81508547e-04
4.99000000e-01	3.11483179e-02	4.94793122e-04
5.00000000e-01	3.09873269e-02	4.96517372e-04
5.01000000e-01	3.06001146e-02	4.97126710e-04
5.02000000e-01	3.07493025e-02	5.05116744e-04
5.03000000e-01	3.07851714e-02	5.11931697e-04
5.04000000e-01	3.14806703e-02	5.19689389e-04
5.05000000e-01	3.03750780e-02	5.00348055e-04
5.06000000e-01	2.96640941e-02	4.81321777e-04
5.07000000e-01	3.01702809e-02	4.82855030e-04
5.08000000e-01	2.99676130e-02	4.82247058e-04
5.09000000e-01	3.02675839e-02	4.80183842e-04
5.10000000e-01	3.01404114e-02	4.73567841e-04
5.11000000e-01	2.98366541e-02	4.73254954e-04
5.12000000e-01	3.04221344e-02	4.78336097e-04
5.13000000e-01	3.00441516e-02	4.71794501e-04
5.14000000e-01	2.99793445e-02	4.69800729e-04
5.15000000e-01	2.95780925e-02	4.62549755e-04
5.16000000e-01	3.01491987e-02	4.68693944e-04
5.17000000e-01	3.00993569e-02	4.68517199e-04
5.18000000e-01	2.93832517e-02	4.61820096e-04
5.19000000e-01	2.91579767e-02	4.55184019e-04
5.20000000e-01	2.95362762e-02	4.55858762e-04
5.21000000e-01	2.97204667e-02	4.60255692e-04
5.22000000e-01	2.99214538e-02	4.63301261e-04
5.23000000e-01	2.88405532e-02	4.50615886e-04
5.24000000e-01	2.92899781e-02	4.57700096e-04
5.25000000e-01	2.95259445e-02	4.55384653e-04
5.26000000e-01	2.95082586e-02	4.57700741e-04
5.27000000e-01	2.98419678e-02	4.58231669e-04
5.28000000e-01	2.97954658e-02	4.63055582e-04
5.29000000e-01	2.93273010e-02	4.56262805e-04
5.30000000e-01	2.90021477e-02	4.51074470e-04
5.31000000e-01	2.91957427e-02	4.54997784e-04
5.32000000e-01	2.86039928e-02	4.47123249e-04
5.33000000e-01	2.96668017e-02	4.59128909e-04
5.34000000e-01	2.86418688e-02	4.43500708e-04
5.35000000e-01	2.82023071e-02	4.44860503e-04
5.36000000e-01	2.87138622e-02	4.45137568e-04
5.37000000e-01	2.85885782e-02	4.48082615e-04
5.38000000e-01	2.88542127e-02	4.48814713e-04
5.39000000e-01	2.87100391e-02	4.48660761e-04
5.40000000e-01	2.85787615e-02	4.48186407e-04
5.41000000e-01	2.83389511e-02	4.43324831e-04
5.42000000e-01	2.87099240e-02	4.50451956e-04
5.43000000e-01	2.86814540e-02	4.48913950e-04
5.44000000e-01	2.88836330e-02	4.53813422e-04
5.45000000e-01	2.88999694e-02	4.49079251e-04
5.46000000e-01	2.82340773e-02	4.43964942e-04
5.47000000e-01	2.86072417e-02	4.48330571e-04
5.48000000e-01	2.85417356e-02	4.46260023e-04
5.49000000e-01	2.71699349e-02	4.31577942e-04
5.50000000e-01	2.83403566e-02	4.42174789e-04
5.51000000e-01	2.79088952e-02	4.36614187e-04
5.52000000e-01	2.79088811e-02	4.38144147e-04
5.53000000e-01	2.80429908e-02	4.37609658e-04
5.54000000e-01	2.83055534e-02	4.43130570e-04
5.55000000e-01	2.81656240e-02	4.39396700e-04
5.56000000e-01	2.72401714e-02	4.30325285e-04
5.57000000e-01	2.68267566e-02	4.22683052e-04
5.58000000e-01	2.73136149e-02	4.30506901e-04
5.59000000e-01	2.74377107e-02	4.28792546e-04
5.60000000e-01	2.76322847e-02	4.38210930e-04
5.61000000e-01	2.72453146e-02	4.29008381e-04
5.62000000e-01	2.75184994e-02	4.32837324e-04
5.63000000e-01	2.77958109e-02	4.36562244e-04
5.64000000e-01	2.76565078e-02	4.34034784e-04
5.65000000e-01	2.70267862e-02	4.27285385e-04
5.66000000e-01	2.75860077e-02	4.32383115e-04
5.67000000e-01	2.68664495e-02	4.24105940e-04
5.68000000e-01	2.70815444e-02	4.29697824e-04
5.69000000e-01	2.64434848e-02	4.18943211e-04
5.70000000e-01	2.74131082e-02	4.29040010e-04
5.71000000e-01	2.71412249e-02	4.25688340e-04
5.72000000e-01	2.70588206e-02	4.23002336e-04
5.73000000e-01	2.67370926e-02	4.24357018e-04
5.74000000e-01	2.64016125e-02	4.19338932e-04
5.75000000e-01	2.69656356e-02	4.26887508e-04
5.76000000e-01	2.63552973e-02	4.20320438e-04
5.77000000e-01	2.62066841e-02	4.21479823e-04
5.78000000e-01	2.69396848e-02	4.25323605e-04
5.79000000e-01	2.70160523e-02	4.27183488e-04
5.80000000e-01	2.70491630e-02	4.26163174e-04
5.81000000e-01	2.67214024e-02	4.27436983e-04
5.82000000e-01	2.61668243e-02	4.18922246e-04
5.83000000e-01	2.60986379e-02	4.17130923e-04
5.84000000e-01	2.69177443e-02	4.26767157e-04
5.85000000e-01	2.68008639e-02	4.21717809e-04
5.86000000e-01	2.63900117e-02	4.23479339e-04
5.87000000e-01	2.59588813e-02	4.17887000e-04
5.88000000e-01	2.55399265e-02	4.12240789e-04
5.89000000e-01	2.65380065e-02	4.23453737e-04
5.90000000e-01	2.63271239e-02	4.17708936e-04
5.91000000e-01	2.64417822e-02	4.20941283e-04
5.92000000e-01	2.66114025e-02	4.24719763e-04
5.93000000e-01	2.58186028e-02	4.18412466e-04
5.94000000e-01	2.58946510e-02	4.18218400e-04
5.95000000e-01	2.58233190e-02	4.19017133e-04
5.96000000e-01	2.62740799e-02	4.15647009e-04
5.97000000e-01	2.54209775e-02	4.10994192e-04
5.98000000e-01	2.57385145e-02	4.16784019e-04
5.99000000e-01	2.58213459e-02	4.13727940e-04
6.00000000e-01	2.55448144e-02	4.14726739e-04
6.01000000e-01	2.61141563e-02	4.20603162e-04
6.02000000e-01	2.59303639e-02	4.17758013e-04
6.03000000e-01	2.56683114e-02	4.13492483e-04
6.04000000e-01	2.58721167e-02	4.15535402e-04
6.05000000e-01	2.59933327e-02	4.17469071e-04
6.06000000e-01	2.54113692e-02	4.12466597e-04
6.07000000e-01	2.56245806e-02	4.12617097e-04
6.08000000e-01	2.47503316e-02	4.01551434e-04
6.09000000e-01	2.43845911e-02	4.00565310e-04
6.10000000e-01	2.46197768e-02	4.02719254e-04
6.11000000e-01	2.46729354e-02	4.02471993e-04
6.12000000e-01	2.49721532e-02	4.05297257e-04
6.13000000e-01	2.50506771e-02	4.07821469e-04
6.14000000e-01	2.52079662e-02	4.12018877e-04
6.15000000e-01	2.47711099e-02	4.03032642e-04
6.16000000e-01	2.46457799e-02	4.04367219e-04
6.17000000e-01	2.45023566e-02	4.01968903e-04
6.18000000e-01	2.47114459e-02	4.07609480e-04
6.19000000e-01	2.50006456e-02	4.08805304e-04
6.20000000e-01	2.43008067e-02	3.98030841e-04
6.21000000e-01	2.53729601e-02	4.08308274e-04
6.22000000e-01	2.45786682e-02	4.02468287e-04
6.23000000e-01	2.49036962e-02	4.05123142e-04
6.24000000e-01	2.47681504e-02	3.99360834e-04
6.25000000e-01	2.47861852e-02	4.01850114e-04
6.26000000e-01	2.48159152e-02	4.03411607e-04
6.27000000e-01	2.41085321e-02	3.93677054e-04
6.28000000e-01	2.44979292e-02	4.02057998e-04
6.29000000e-01	2.41959118e-02	3.97452316e-04
6.30000000e-01	2.46228899e-02	4.03653966e-04
6.31000000e-01	2.41988882e-02	3.99797227e-04
6.32000000e-01	2.42779384e-02	3.94813787e-04
6.33000000e-01	2.43949560e-02	3.98940574e-04
6.34000000e-01	2.43446531e-02	4.06910239e-04
6.35000000e-01	2.43324425e-02	4.19290251e-04
6.36000000e-01	2.46047078e-02	4.31227551e-04
6.37000000e-01	2.42388715e-02	4.36033546e-04
6.38000000e-01	2.46909468e-02	4.42756217e-04
6.39000000e-01	2.43215540e-02	4.44095513e-04
6.40000000e-01	2.45376080e-02	4.56879791e-04
6.41000000e-01	2.43366151e-02	4.50370247e-04
6.42000000e-01	2.37219548e-02	4.56136136e-04
6.43000000e-01	2.43090276e-02	4.56240791e-04
6.44000000e-01	2.44005507e-02	4.42096264e-04
6.45000000e-01	2.38834644e-02	4.33703509e-04
6.46000000e-01	2.46419453e-02	4.35429742e-04
6.47000000e-01	2.35776080e-02	4.27314846e-04
6.48000000e-01	2.39053906e-02	4.20802662e-04
6.49000000e-01	2.33880285e-02	4.14180454e-04
6.50000000e-01	2.38609621e-02	4.15782908e-04
6.51000000e-01	2.34057504e-02	4.09831507e-04
6.52000000e-01	2.42850001e-02	4.22505049e-04
6.53000000e-01	2.38824621e-02	4.16296788e-04
6.54000000e-01	2.34011021e-02	4.08982306e-04
6.55000000e-01	2.37317203e-02	4.09218877e-04
6.56000000e-01	2.35455653e-02	4.05028346e-04
6.57000000e-01	2.38597231e-02	4.10196901e-04
6.58000000e-01	2.33329559e-02	4.04125702e-04
6.59000000e-01	2.32129085e-02	4.02412880e-04
6.60000000e-01	2.26953018e-02	3.95341491e-04
6.61000000e-01	2.33482937e-02	4.03915360e-04
6.62000000e-01	2.35740878e-02	4.07763862e-04
6.63000000e-01	2.32817031e-02	4.03649247e-04
6.64000000e-01	2.28237135e-02	3.95252322e-04
6.65000000e-01	2.26350239e-02	3.92517059e-04
6.66000000e-01	2.33085060e-02	4.01851895e-04
6.67000000e-01	2.27752633e-02	3.95029138e-04
6.68000000e-01	2.32871046e-02	3.97388614e-04
6.69000000e-01	2.32459130e-02	3.99453166e-04
6.70000000e-01	2.26049829e-02	3.92258854e-04
6.71000000e-01	2.30143222e-02	3.97900656e-04
6.72000000e-01	2.29639788e-02	4.00036047e-04
6.73000000e-01	2.32780376e-02	4.01889424e-04
6.74000000e-01	2.28966369e-02	3.94534948e-04
6.75000000e-01	2.30660585e-02	3.97083391e-04
6.76000000e-01	2.26559608e-02	3.91391607e-04
6.77000000e-01	2.26044262e-02	3.91362477e-04
6.78000000e-01	2.25312676e-02	3.89555243e-04
6.79000000e-01	2.23392271e-02	3.89100506e-04
6.80000000e-01	2.25582238e-02	3.90366546e-04
6.81000000e-01	2.20230613e-02	3.86830814e-04
6.82000000e-01	2.20069740e-02	3.83960896e-04
6.83000000e-01	2.31229627e-02	3.94626461e-04
6.84000000e-01	2.22620660e-02	3.87543316e-04
6.85000000e-01	2.22410204e-02	3.86017753e-04
6.86000000e-01	2.22288464e-02	3.91880947e-04
6.87000000e-01	2.21142571e-02	3.85232606e-04
6.88000000e-01	2.21687100e-02	3.86070523e-04
6.89000000e-01	2.27323892e-02	3.91475781e-04
6.90000000e-01	2.15829791e-02	3.77127243e-04
6.91000000e-01	2.21418025e-02	3.86908711e-04
6.92000000e-01	2.25823007e-02	3.91534280e-04
6.93000000e-01	2.19155522e-02	3.82248209e-04
6.94000000e-01	2.18911021e-02	3.82237734e-04
6.95000000e-01	2.21782726e-02	3.84282233e-04
6.96000000e-01	2.18846499e-02	3.83570857e-04
6.97000000e-01	2.18895947e-02	3.80477605e-04
6.98000000e-01	2.16750001e-02	3.81020106e-04
6.99000000e-01	2.17503719e-02	3.79456845e-04
7.00000000e-01	2.16050515e-02	3.81223657e-04
7.01000000e-01	2.16306255e-02	3.76882268e-04
7.02000000e-01	2.18813148e-02	3.82462954e-04
7.03000000e-01	2.22058857e-02	3.89163969e-04
7.04000000e-01	2.13926560e-02	3.77738156e-04
7.05000000e-01	2.14438974e-02	3.79004300e-04
7.06000000e-01	2.20081837e-02	3.82854389e-04
7.07000000e-01	2.14167108e-02	3.78959927e-04
7.08000000e-01	2.11987228e-02	3.71669185e-04
7.09000000e-01	2.11452088e-02	3.71914064e-04
7.10000000e-01	2.16831686e-02	3.78835781e-04
7.11000000e-01	2.07919122e-02	3.72242944e-04
7.12000000e-01	2.11635737e-02	3.73747413e-04
7.13000000e-01	2.15779952e-02	3.74501990e-04
7.14000000e-01	2.14179982e-02	3.77474458e-04
7.15000000e-01	2.02980030e-02	3.63861907e-04
7.16000000e-01	2.12491431e-02	3.73820011e-04
7.17000000e-01	2.10275020e-02	3.73323956e-04
7.18000000e-01	2.13163081e-02	3.74500528e-04
7.19000000e-01	2.07137646e-02	3.67885036e-04
7.20000000e-01	2.12541663e-02	3.74066810e-04
7.21000000e-01	2.12027621e-02	3.75494613e-04
7.22000000e-01	2.08647781e-02	3.67619782e-04
7.23000000e-01	2.15344647e-02	3.75282945e-04
7.24000000e-01	2.05939844e-02	3.67236470e-04
7.25000000e-01	2.05981229e-02	3.67331538e-04
7.26000000e-01	2.06591301e-02	3.66892840e-04
7.27000000e-01	2.05415717e-02	3.66226586e-04
7.28000000e-01	2.03725471e-02	3.66073278e-04
7.29000000e-01	2.08569605e-02	3.69738014e-04
7.30000000e-01	2.01393247e-02	3.62329568e-04
7.31000000e-01	2.05809985e-02	3.65893037e-04
7.32000000e-01	2.08748604e-02	3.68384849e-04
7.33000000e-01	2.04523106e-02	3.65103391e-04
7.34000000e-01	2.02461145e-02	3.63762932e-04
7.35000000e-01	2.00346115e-02	3.60085513e-04
7.36000000e-01	2.02706274e-02	3.63525543e-04
7.37000000e-01	2.01005950e-02	3.55936646e-04
7.38000000e-01	2.02948719e-02	3.59817490e-04
7.39000000e-01	2.05392017e-02	3.67173354e-04
7.40000000e-01	2.05365220e-02	3.59504873e-04
7.41000000e-01	2.02558880e-02	3.61761672e-04
7.42000000e-01	2.05745125e-02	3.61335808e-04
7.43000000e-01	2.08851223e-02	3.68766914e-04
7.44000000e-01	2.06307501e-02	3.61441341e-04
7.45000000e-01	1.98642985e-02	3.55959717e-04
7.46000000e-01	2.04107271e-02	3.60419469e-04
7.47000000e-01	2.00737212e-02	3.58896708e-04
7.48000000e-01	1.96199194e-02	3.50854962e-04
7.49000000e-01	2.07587456e-02	3.66166366e-04
7.50000000e-01	1.98148087e-02	3.54089953e-04
7.51000000e-01	1.96854748e-02	3.49481863e-04
7.52000000e-01	1.97801410e-02	3.55523459e-04
7.53000000e-01	2.00301837e-02	3.55875928e-04
7.54000000e-01	1.98128288e-02	3.56665798e-04
7.55000000e-01	2.00383669e-02	3.55792989e-04
7.56000000e-01	2.01178077e-02	3.56673676e-04
7.57000000e-01	2.02049574e-02	3.57105355e-04
7.58000000e-01	1.97421675e-02	3.54615324e-04
7.59000000e-01	1.91529572e-02	3.45480139e-04
7.60000000e-01	1.99815146e-02	3.54861621e-04
7.61000000e-01	1.98838920e-02	3.53123986e-04
7.62000000e-01	1.95277095e-02	3.48125451e-04
7.63000000e-01	1.96496600e-02	3.48962206e-04
7.64000000e-01	1.99133806e-02	3.54503542e-04
7.65000000e-01	1.92849559e-02	3.44079671e-04
7.66000000e-01	1.90487523e-02	3.39967366e-04
7.67000000e-01	1.96634004e-02	3.48243290e-04
7.68000000e-01	1.97644352e-02	3.51970937e-04
7.69000000e-01	1.94648974e-02	3.48083754e-04
7.70000000e-01	1.91872011e-02	3.45752411e-04
7.71000000e-01	1.97130121e-02	3.51956392e-04
7.72000000e-01	1.90190972e-02	3.50298953e-04
7.73000000e-01	1.97146503e-02	3.73451323e-04
7.74000000e-01	1.95146861e-02	3.76621059e-04
7.75000000e-01	1.92795370e-02	3.80226406e-04
7.76000000e-01	1.94583993e-02	3.91528900e-04
7.77000000e-01	1.86653290e-02	3.85218123e-04
7.78000000e-01	1.93166087e-02	3.93438268e-04
7.79000000e-01	1.93643717e-02	3.99261077e-04
7.80000000e-01	1.93003841e-02	4.04938028e-04
7.81000000e-01	1.90644129e-02	4.06189628e-04
7.82000000e-01	1.87971425e-02	4.13073476e-04
7.83000000e-01	1.87817478e-02	4.13536097e-04
7.84000000e-01	2.04815616e-02	4.37575484e-04
7.85000000e-01	1.92294547e-02	4.26614469e-04
7.86000000e-01	1.88862996e-02	4.25994676e-04
7.87000000e-01	1.93440405e-02	4.34885583e-04
7.88000000e-01	1.91525333e-02	4.41029088e-04
7.89000000e-01	1.89760031e-02	4.40991863e-04
7.90000000e-01	1.89821054e-02	4.46644690e-04
7.91000000e-01	1.95270786e-02	4.55990401e-04
7.92000000e-01	1.95050397e-02	4.63639347e-04
7.93000000e-01	1.85872414e-02	4.55686764e-04
7.94000000e-01	1.86842822e-02	4.61005221e-04
7.95000000e-01	1.88716979e-02	4.69613859e-04
7.96000000e-01	1.90685814e-02	4.74230434e-04
7.97000000e-01	1.92592125e-02	4.83966630e-04
7.98000000e-01	1.94783128e-02	4.92626915e-04
7.99000000e-01	1.97298586e-02	4.99620164e-04
8.00000000e-01	1.89044449e-02	4.84751495e-04
8.01000000e-01	2.03376678e-02	5.20767394e-04
8.02000000e-01	1.83984391e-02	4.94907192e-04
8.03000000e-01	1.91106698e-02	5.09334684e-04
8.04000000e-01	1.84607222e-02	5.13723385e-04
8.05000000e-01	1.83326606e-02	5.10991319e-04
8.06000000e-01	1.89334844e-02	5.28594313e-04
8.07000000e-01	1.77835167e-02	5.12305345e-04
8.08000000e-01	1.87279091e-02	5.29838740e-04
8.09000000e-01	1.87751995e-02	5.42564447e-04
8.10000000e-01	1.82375880e-02	5.39268689e-04
8.11000000e-01	1.86525657e-02	5.50070458e-04
8.12000000e-01	1.91234841e-02	5.65552240e-04
8.13000000e-01	1.86060767e-02	5.54773581e-04
8.14000000e-01	1.89599202e-02	5.88633642e-04
8.15000000e-01	1.89843418e-02	5.77907816e-04
8.16000000e-01	1.84679866e-02	5.79162101e-04
8.17000000e-01	1.86928159e-02	5.87706340e-04
8.18000000e-01	1.77343832e-02	5.75825845e-04
8.19000000e-01	1.86929972e-02	6.14378461e-04
8.20000000e-01	1.77060015e-02	5.86686230e-04
8.21000000e-01	1.79316560e-02	6.03375784e-04
8.22000000e-01	1.81991440e-02	6.20541056e-04
8.23000000e-01	1.82628076e-02	6.12364198e-04
8.24000000e-01	1.79863931e-02	6.27679615e-04
8.25000000e-01	1.86008854e-02	6.41652816e-04
8.26000000e-01	1.85069684e-02	6.76324869e-04
8.27000000e-01	1.76726735e-02	6.45779961e-04
8.28000000e-01	1.80636163e-02	6.59974389e-04
8.29000000e-01	1.71234454e-02	6.59439152e-04
8.30000000e-01	1.76061484e-02	6.83543594e-04
8.31000000e-01	1.79027073e-02	6.96365327e-04
8.32000000e-01	1.87391839e-02	7.35593523e-04
8.33000000e-01	1.71084860e-02	6.98421116e-04
8.34000000e-01	1.83425299e-02	7.44578182e-04
8.35000000e-01	1.67612562e-02	7.28907489e-04
8.36000000e-01	1.67617214e-02	7.33471030e-04
8.37000000e-01	1.74955010e-02	7.71808213e-04
8.38000000e-01	1.68205901e-02	7.58669850e-04
8.39000000e-01	1.79200118e-02	8.06981982e-04
8.40000000e-01	1.80533791e-02	8.27249453e-04
8.41000000e-01	1.80816640e-02	8.49052088e-04
8.42000000e-01	1.62442059e-02	8.21178667e-04
8.43000000e-01	1.75925068e-02	8.77018789e-04
8.44000000e-01	1.63590504e-02	8.56824045e-04
8.45000000e-01	1.76053140e-02	9.28464317e-04
8.46000000e-01	1.66695259e-02	8.94306838e-04
8.47000000e-01	1.75909811e-02	9.89667134e-04
8.48000000e-01	1.81727034e-02	9.92536280e-04
8.49000000e-01	1.57236458e-02	9.57259280e-04
8.50000000e-01	1.83624971e-02	1.10480211e-03
8.51000000e-01	1.68610778e-02	1.07898561e-03
8.52000000e-01	1.69261722e-02	1.07086652e-03
8.53000000e-01	1.68526531e-02	1.17981024e-03
8.54000000e-01	1.72483922e-02	1.22250494e-03
8.55000000e-01	1.52871909e-02	1.24945330e-03
8.56000000e-01	1.78109721e-02	1.36502206e-03
8.57000000e-01	1.81659266e-02	1.39437557e-03
8.58000000e-01	1.61771556e-02	1.30819730e-03
8.59000000e-01	1.68226772e-02	1.42219812e-03
8.60000000e-01	1.67524487e-02	1.43627902e-03
8.61000000e-01	1.72565873e-02	1.56429488e-03
8.62000000e-01	1.51876030e-02	1.48016919e-03
8.63000000e-01	1.75292110e-02	1.70761726e-03
8.64000000e-01	1.72242898e-02	1.76126452e-03
8.65000000e-01	1.67339695e-02	1.80533463e-03
8.66000000e-01	1.50710217e-02	1.80665249e-03
8.67000000e-01	1.49063133e-02	1.88182839e-03
8.68000000e-01	1.64958735e-02	2.09359845e-03
8.69000000e-01	1.65591908e-02	2.23187610e-03
8.70000000e-01	1.91201161e-02	2.80872873e-03
8.71000000e-01	1.86985715e-02	2.83140090e-03
8.72000000e-01	1.70070659e-02	3.15121017e-03
8.73000000e-01	2.25242184e-02	4.68510892e-03
8.74000000e-01	1.47190420e-02	4.66831941e-03
8.75000000e-01	1.52858156e-02	8.82526976e-03
