% Filename : SNCHoHie_00047_00013.h5
% Date & Time : 30-Oct-2025 18:11:29
% X-ray Energy (keV) : 13.30001
% Exposure Time (s) : 0.500
% Beam Center : 1461.24000, 208.98300
% Sample to Detector Distance (SDD) (mm) : 1990.750
% Detector Pixel Size (mm) : 0.075
% Photodiode Value : 141028.000
% I0 of Sample : 0
% I0 of Standard : 1
% 
% q(A^-1)   I(q)    I(q)_SE
0.00000000e+00	1.02485735e-02	5.72912422e-03
2.50000000e-04	0.00000000e+00	0.00000000e+00
5.00000000e-04	0.00000000e+00	0.00000000e+00
7.50000000e-04	0.00000000e+00	0.00000000e+00
1.00000000e-03	0.00000000e+00	0.00000000e+00
1.25000000e-03	0.00000000e+00	0.00000000e+00
1.50000000e-03	0.00000000e+00	0.00000000e+00
1.75000000e-03	0.00000000e+00	0.00000000e+00
2.00000000e-03	0.00000000e+00	0.00000000e+00
2.25000000e-03	0.00000000e+00	0.00000000e+00
2.50000000e-03	0.00000000e+00	0.00000000e+00
2.75000000e-03	0.00000000e+00	0.00000000e+00
3.00000000e-03	0.00000000e+00	0.00000000e+00
3.25000000e-03	2.75254366e+03	2.72302645e+03
3.50000000e-03	1.07453700e+02	8.32515893e+01
3.75000000e-03	1.02873114e+02	8.80373200e+01
4.00000000e-03	1.60849162e+02	1.05911748e+02
4.25000000e-03	9.37377260e+01	6.34447221e+01
4.50000000e-03	9.88738692e+01	5.25856785e+01
4.75000000e-03	8.81201894e+01	4.79788442e+01
5.00000000e-03	6.43632934e+01	3.59896044e+01
5.25000000e-03	5.51212765e+01	3.01436168e+01
5.50000000e-03	4.51889012e+01	2.57545138e+01
5.75000000e-03	3.90473838e+01	2.22966452e+01
6.00000000e-03	2.85051714e+01	1.55552137e+01
6.25000000e-03	2.66825613e+01	1.42873596e+01
6.50000000e-03	2.25953638e+01	1.12271557e+01
6.75000000e-03	1.90673894e+01	9.30847934e+00
7.00000000e-03	1.63213250e+01	7.82185864e+00
7.25000000e-03	1.41296445e+01	6.69153422e+00
7.50000000e-03	1.19913139e+01	5.68730555e+00
7.75000000e-03	1.02513852e+01	5.05307154e+00
8.00000000e-03	8.74084172e+00	4.34792569e+00
8.25000000e-03	7.59313485e+00	3.88291493e+00
8.50000000e-03	6.75569212e+00	3.42372279e+00
8.75000000e-03	6.18500306e+00	3.10653980e+00
9.00000000e-03	5.40747510e+00	2.64323077e+00
9.25000000e-03	4.61085670e+00	2.14562618e+00
9.50000000e-03	4.14295654e+00	1.85810602e+00
9.75000000e-03	3.56617665e+00	1.54800791e+00
1.00000000e-02	3.50471270e+00	1.53112317e+00
1.02500000e-02	2.36018242e+00	1.09074334e+00
1.05000000e-02	2.86834321e+00	1.22408560e+00
1.07500000e-02	2.72280657e+00	1.22997586e+00
1.10000000e-02	2.46380424e+00	1.08954631e+00
1.12500000e-02	2.40758074e+00	1.12614764e+00
1.15000000e-02	2.05040005e+00	9.12686068e-01
1.17500000e-02	1.88552902e+00	8.22323417e-01
1.20000000e-02	1.83641910e+00	8.03096564e-01
1.22500000e-02	1.69666918e+00	7.23049171e-01
1.25000000e-02	1.53315347e+00	6.35021474e-01
1.27500000e-02	1.40916941e+00	5.66800483e-01
1.30000000e-02	1.32389600e+00	5.29630741e-01
1.32500000e-02	1.16433479e+00	4.56229039e-01
1.35000000e-02	1.13777752e+00	4.56212038e-01
1.37500000e-02	1.01780146e+00	3.92803294e-01
1.40000000e-02	9.37484705e-01	3.76552407e-01
1.42500000e-02	8.62182315e-01	3.43214488e-01
1.45000000e-02	7.97599459e-01	3.01399046e-01
1.47500000e-02	7.12982273e-01	2.58799279e-01
1.50000000e-02	6.66433816e-01	2.44577786e-01
1.52500000e-02	6.77008316e-01	2.49968447e-01
1.55000000e-02	4.77047764e-01	1.71132049e-01
1.57500000e-02	5.63150637e-01	1.97857779e-01
1.60000000e-02	5.06645624e-01	1.71521895e-01
1.62500000e-02	4.92268631e-01	1.64601581e-01
1.65000000e-02	4.56852956e-01	1.52368944e-01
1.67500000e-02	4.40270606e-01	1.49133072e-01
1.70000000e-02	4.11620401e-01	1.39784717e-01
1.72500000e-02	3.85219244e-01	1.29313526e-01
1.75000000e-02	3.75187579e-01	1.29390531e-01
1.77500000e-02	3.57000664e-01	1.18053850e-01
1.80000000e-02	3.46548532e-01	1.14130344e-01
1.82500000e-02	3.19598542e-01	1.00588805e-01
1.85000000e-02	3.23277940e-01	1.01104669e-01
1.87500000e-02	2.96910159e-01	8.94328252e-02
1.90000000e-02	2.94722009e-01	9.13477607e-02
1.92500000e-02	2.78855223e-01	8.65096515e-02
1.95000000e-02	2.59501572e-01	8.01742634e-02
1.97500000e-02	2.48315715e-01	7.65240296e-02
2.00000000e-02	2.44883684e-01	7.49495765e-02
2.02500000e-02	2.32036500e-01	6.86685762e-02
2.05000000e-02	2.23006074e-01	6.54606737e-02
2.07500000e-02	2.05137461e-01	5.81188836e-02
2.10000000e-02	2.05224902e-01	5.75304421e-02
2.12500000e-02	2.01045086e-01	5.48124073e-02
2.15000000e-02	1.81493127e-01	4.74400522e-02
2.17500000e-02	1.82323702e-01	4.91832272e-02
2.20000000e-02	1.74613598e-01	4.70985311e-02
2.22500000e-02	1.53748449e-01	4.11313068e-02
2.25000000e-02	1.64440078e-01	4.18290252e-02
2.27500000e-02	1.54924033e-01	3.99289992e-02
2.30000000e-02	1.56148017e-01	3.85484554e-02
2.32500000e-02	1.50031689e-01	3.68522193e-02
2.35000000e-02	1.48564435e-01	3.58121643e-02
2.37500000e-02	1.35794783e-01	3.17350527e-02
2.40000000e-02	1.29851446e-01	2.99929594e-02
2.42500000e-02	1.30927827e-01	2.98706038e-02
2.45000000e-02	1.32641279e-01	3.00220058e-02
2.47500000e-02	1.23269683e-01	2.73529038e-02
2.50000000e-02	1.25439208e-01	2.86026155e-02
2.52500000e-02	1.20576992e-01	2.69249683e-02
2.55000000e-02	1.18630594e-01	2.59029138e-02
2.57500000e-02	1.12533750e-01	2.44339290e-02
2.60000000e-02	1.09920101e-01	2.35455465e-02
2.62500000e-02	1.09298490e-01	2.43360167e-02
2.65000000e-02	1.09801245e-01	2.35245002e-02
2.67500000e-02	1.04463796e-01	2.17181312e-02
2.70000000e-02	1.05669308e-01	2.18585613e-02
2.72500000e-02	9.76766875e-02	1.97555590e-02
2.75000000e-02	9.68187339e-02	2.00087761e-02
2.77500000e-02	9.43942181e-02	1.76795698e-02
2.80000000e-02	9.13420369e-02	1.74449701e-02
2.82500000e-02	8.77572155e-02	1.68068657e-02
2.85000000e-02	8.64240220e-02	1.65442937e-02
2.87500000e-02	8.85354450e-02	1.63197742e-02
2.90000000e-02	8.34042553e-02	1.47910458e-02
2.92500000e-02	8.03537602e-02	1.41419732e-02
2.95000000e-02	7.35403781e-02	1.23435664e-02
2.97500000e-02	8.00840864e-02	1.38528561e-02
3.00000000e-02	7.78143471e-02	1.32301098e-02
3.02500000e-02	7.70616966e-02	1.25752688e-02
3.05000000e-02	7.31006638e-02	1.14335550e-02
3.07500000e-02	7.30900966e-02	1.16491190e-02
3.10000000e-02	7.18318874e-02	1.11887800e-02
3.12500000e-02	6.94299361e-02	1.12787384e-02
3.15000000e-02	6.74956419e-02	1.02355716e-02
3.17500000e-02	6.63261424e-02	1.02392526e-02
3.20000000e-02	6.66641947e-02	9.97532555e-03
3.22500000e-02	6.48306873e-02	9.65439671e-03
3.25000000e-02	6.46044403e-02	9.37735263e-03
3.27500000e-02	6.35001804e-02	9.01982352e-03
3.30000000e-02	6.14427781e-02	8.54006603e-03
3.32500000e-02	5.97176758e-02	8.09039668e-03
3.35000000e-02	5.82687544e-02	7.97971028e-03
3.37500000e-02	5.84080281e-02	8.02394836e-03
3.40000000e-02	5.72932235e-02	7.58112025e-03
3.42500000e-02	5.46756090e-02	7.26806904e-03
3.45000000e-02	5.58203882e-02	7.42999041e-03
3.47500000e-02	5.54855502e-02	6.92870795e-03
3.50000000e-02	5.41998922e-02	6.75400565e-03
3.52500000e-02	5.40268305e-02	6.85168435e-03
3.55000000e-02	5.19140276e-02	6.17677958e-03
3.57500000e-02	5.16424161e-02	6.28686225e-03
3.60000000e-02	5.12092051e-02	6.30596021e-03
3.62500000e-02	4.75547361e-02	5.14950597e-03
3.65000000e-02	4.83087475e-02	5.76519726e-03
3.67500000e-02	4.96239376e-02	5.70713557e-03
3.70000000e-02	4.69267216e-02	5.28532668e-03
3.72500000e-02	4.74623320e-02	5.09395668e-03
3.75000000e-02	4.82813838e-02	5.35785397e-03
3.77500000e-02	4.51661490e-02	4.84787888e-03
3.80000000e-02	4.63036268e-02	4.85036390e-03
3.82500000e-02	4.42304105e-02	4.56428602e-03
3.85000000e-02	4.47307693e-02	4.60451659e-03
3.87500000e-02	4.35897839e-02	4.39274527e-03
3.90000000e-02	4.37334849e-02	4.54322339e-03
3.92500000e-02	4.24548933e-02	4.41426005e-03
3.95000000e-02	4.36411629e-02	4.34542811e-03
3.97500000e-02	4.18606283e-02	4.04710560e-03
4.00000000e-02	4.18459656e-02	3.86055324e-03
4.02500000e-02	4.21761541e-02	3.76327977e-03
4.05000000e-02	4.04864995e-02	3.57007917e-03
4.07500000e-02	3.93205821e-02	3.55362466e-03
4.10000000e-02	3.91705223e-02	3.40604959e-03
4.12500000e-02	3.96422027e-02	3.34077083e-03
4.15000000e-02	3.74071988e-02	3.09603225e-03
4.17500000e-02	3.84759222e-02	3.36688368e-03
4.20000000e-02	3.75446348e-02	3.25817343e-03
4.22500000e-02	3.84559528e-02	3.16350967e-03
4.25000000e-02	3.65812664e-02	2.99643071e-03
4.27500000e-02	3.81667458e-02	3.05242338e-03
4.30000000e-02	3.61065954e-02	2.90656771e-03
4.32500000e-02	3.54586369e-02	2.74434846e-03
4.35000000e-02	3.55033887e-02	2.83372510e-03
4.37500000e-02	3.43527917e-02	2.61055576e-03
4.40000000e-02	3.50308881e-02	2.63851594e-03
4.42500000e-02	3.54689218e-02	2.69376810e-03
4.45000000e-02	3.43643348e-02	2.61821673e-03
4.47500000e-02	3.39977544e-02	2.50767264e-03
4.50000000e-02	3.46100133e-02	2.57733010e-03
4.52500000e-02	3.41028920e-02	2.48946313e-03
4.55000000e-02	3.33471919e-02	2.31852977e-03
4.57500000e-02	3.36098440e-02	2.28157706e-03
4.60000000e-02	3.27394291e-02	2.11152627e-03
4.62500000e-02	3.29162795e-02	2.20453198e-03
4.65000000e-02	3.22043472e-02	2.20658649e-03
4.67500000e-02	3.21162801e-02	2.04230383e-03
4.70000000e-02	3.31699629e-02	2.16375388e-03
4.72500000e-02	3.25363951e-02	2.11391814e-03
4.75000000e-02	3.20771123e-02	2.07638215e-03
4.77500000e-02	3.12827628e-02	1.97187170e-03
4.80000000e-02	3.10043710e-02	1.89232366e-03
4.82500000e-02	3.05027060e-02	1.87251228e-03
4.85000000e-02	3.05066530e-02	1.84459681e-03
4.87500000e-02	3.11480689e-02	1.91854777e-03
4.90000000e-02	3.04343822e-02	1.76259127e-03
4.92500000e-02	2.99184588e-02	1.70776296e-03
4.95000000e-02	2.96960619e-02	1.67078589e-03
4.97500000e-02	3.03270877e-02	1.77949780e-03
5.00000000e-02	2.94555128e-02	1.64050376e-03
5.02500000e-02	2.93639887e-02	1.61312599e-03
5.05000000e-02	2.94585221e-02	1.56319781e-03
5.07500000e-02	2.93262646e-02	1.60919706e-03
5.10000000e-02	2.91767329e-02	1.54761069e-03
5.12500000e-02	2.81062581e-02	1.50596368e-03
5.15000000e-02	2.86501389e-02	1.51445282e-03
5.17500000e-02	2.87045581e-02	1.49719440e-03
5.20000000e-02	2.74511772e-02	1.45856268e-03
5.22500000e-02	2.83777209e-02	1.49805378e-03
5.25000000e-02	2.71101455e-02	1.36040681e-03
5.27500000e-02	2.80345988e-02	1.39904613e-03
5.30000000e-02	2.75859193e-02	1.41362551e-03
5.32500000e-02	2.77358047e-02	1.38525331e-03
5.35000000e-02	2.78938258e-02	1.40084887e-03
5.37500000e-02	2.74734616e-02	1.36043816e-03
5.40000000e-02	2.74521270e-02	1.30940077e-03
5.42500000e-02	2.74342927e-02	1.32883394e-03
5.45000000e-02	2.67238098e-02	1.26156540e-03
5.47500000e-02	2.61945472e-02	1.24125552e-03
5.50000000e-02	2.72021060e-02	1.29610026e-03
5.52500000e-02	2.73394246e-02	1.22543921e-03
5.55000000e-02	2.55920343e-02	1.13343476e-03
5.57500000e-02	2.68311926e-02	1.21346464e-03
5.60000000e-02	2.59361036e-02	1.17128658e-03
5.62500000e-02	2.60356929e-02	1.17814675e-03
5.65000000e-02	2.64167181e-02	1.20823690e-03
5.67500000e-02	2.61746657e-02	1.15624748e-03
5.70000000e-02	2.64341352e-02	1.16675209e-03
5.72500000e-02	2.50925046e-02	1.08228586e-03
5.75000000e-02	2.54667832e-02	1.13785434e-03
5.77500000e-02	2.60004006e-02	1.14182922e-03
5.80000000e-02	2.58492289e-02	1.11150655e-03
5.82500000e-02	2.59022123e-02	1.11858364e-03
5.85000000e-02	2.51023167e-02	1.07538032e-03
5.87500000e-02	2.54747172e-02	1.09495363e-03
5.90000000e-02	2.51012692e-02	1.07633520e-03
5.92500000e-02	2.47397111e-02	1.04182825e-03
5.95000000e-02	2.42042372e-02	1.02644608e-03
5.97500000e-02	2.55717882e-02	1.07238136e-03
6.00000000e-02	2.51946127e-02	1.03985599e-03
6.02500000e-02	2.42411976e-02	9.93545989e-04
6.05000000e-02	2.51983203e-02	1.03742064e-03
6.07500000e-02	2.52157599e-02	1.02231179e-03
6.10000000e-02	2.47226169e-02	9.87053998e-04
6.12500000e-02	2.46362186e-02	9.99450919e-04
6.15000000e-02	2.38219714e-02	9.59288229e-04
6.17500000e-02	2.45462816e-02	9.79231687e-04
6.20000000e-02	2.47370105e-02	9.96051030e-04
6.22500000e-02	2.46618026e-02	9.83626226e-04
6.25000000e-02	2.41151894e-02	9.47498191e-04
6.27500000e-02	2.37385025e-02	9.36907657e-04
6.30000000e-02	2.37505940e-02	9.30568549e-04
6.32500000e-02	2.38684347e-02	9.52982147e-04
6.35000000e-02	2.37479343e-02	9.29087227e-04
6.37500000e-02	2.39220374e-02	9.18972984e-04
6.40000000e-02	2.33399484e-02	8.90945155e-04
6.42500000e-02	2.35362215e-02	9.06469666e-04
6.45000000e-02	2.36102602e-02	8.94080334e-04
6.47500000e-02	2.39389167e-02	9.23959163e-04
6.50000000e-02	2.43212137e-02	9.16778774e-04
6.52500000e-02	2.35401445e-02	8.90471166e-04
6.55000000e-02	2.38722332e-02	9.07065834e-04
6.57500000e-02	2.31652099e-02	8.75543477e-04
6.60000000e-02	2.29015971e-02	8.57306660e-04
6.62500000e-02	2.38060822e-02	9.01550503e-04
6.65000000e-02	2.33324464e-02	8.69733696e-04
6.67500000e-02	2.29393595e-02	8.47360158e-04
6.70000000e-02	2.34216338e-02	8.66388567e-04
6.72500000e-02	2.24768294e-02	8.38659577e-04
6.75000000e-02	2.31128496e-02	8.39567255e-04
6.77500000e-02	2.33039317e-02	8.52089611e-04
6.80000000e-02	2.27351484e-02	8.38996895e-04
6.82500000e-02	2.30143734e-02	8.40213259e-04
6.85000000e-02	2.30794419e-02	8.43446657e-04
6.87500000e-02	2.28777941e-02	8.33278012e-04
6.90000000e-02	2.24450851e-02	8.13662205e-04
6.92500000e-02	2.26107146e-02	8.08580075e-04
6.95000000e-02	2.27390316e-02	8.19417221e-04
6.97500000e-02	2.23634140e-02	8.08897248e-04
7.00000000e-02	2.24774243e-02	7.98296777e-04
7.02500000e-02	2.31422411e-02	8.26667297e-04
7.05000000e-02	2.25066261e-02	7.96549247e-04
7.07500000e-02	2.35013998e-02	8.41725128e-04
7.10000000e-02	2.24172170e-02	7.94960025e-04
7.12500000e-02	2.24969889e-02	8.02173096e-04
7.15000000e-02	2.22094601e-02	7.87796361e-04
7.17500000e-02	2.29057458e-02	8.08830080e-04
7.20000000e-02	2.28253281e-02	8.02239825e-04
7.22500000e-02	2.21547632e-02	7.85340125e-04
7.25000000e-02	2.20043971e-02	7.67529740e-04
7.27500000e-02	2.22535963e-02	7.73669953e-04
7.30000000e-02	2.22877834e-02	7.86101331e-04
7.32500000e-02	2.21194992e-02	7.59477275e-04
7.35000000e-02	2.17659164e-02	7.55861877e-04
7.37500000e-02	2.13970982e-02	7.46557440e-04
7.40000000e-02	2.25742525e-02	7.85434529e-04
7.42500000e-02	2.18635632e-02	7.60498086e-04
7.45000000e-02	2.17750894e-02	7.50796090e-04
7.47500000e-02	2.19347102e-02	7.60720520e-04
7.50000000e-02	2.19144463e-02	7.50284781e-04
7.52500000e-02	2.17804258e-02	7.61016022e-04
7.55000000e-02	2.23868900e-02	7.61102161e-04
7.57500000e-02	2.23062758e-02	7.61361711e-04
7.60000000e-02	2.19371027e-02	7.44069710e-04
7.62500000e-02	2.20041041e-02	7.48894202e-04
7.65000000e-02	2.22205608e-02	7.62077228e-04
7.67500000e-02	2.20403329e-02	7.44447700e-04
7.70000000e-02	2.13781336e-02	7.22041554e-04
7.72500000e-02	2.15855729e-02	7.38755963e-04
7.75000000e-02	2.11898553e-02	7.41627127e-04
7.77500000e-02	2.16190200e-02	7.58292024e-04
7.80000000e-02	2.17548182e-02	7.62250638e-04
7.82500000e-02	2.17415713e-02	7.65956126e-04
7.85000000e-02	2.25332195e-02	8.03956745e-04
7.87500000e-02	2.19137454e-02	7.75325112e-04
7.90000000e-02	2.20504875e-02	7.81509874e-04
7.92500000e-02	2.17236455e-02	7.66859805e-04
7.95000000e-02	2.18155106e-02	7.75636933e-04
7.97500000e-02	2.15348017e-02	7.70451074e-04
8.00000000e-02	2.18657370e-02	7.86222054e-04
8.02500000e-02	2.19192533e-02	7.85095975e-04
8.05000000e-02	2.21348759e-02	7.87967734e-04
8.07500000e-02	2.21582610e-02	7.97811761e-04
8.10000000e-02	2.16201494e-02	7.86814908e-04
8.12500000e-02	2.12079966e-02	7.64024108e-04
8.15000000e-02	2.17035055e-02	7.88811969e-04
8.17500000e-02	2.21261425e-02	8.05804943e-04
8.20000000e-02	2.14402534e-02	7.83772334e-04
8.22500000e-02	2.23004894e-02	8.15355090e-04
8.25000000e-02	2.15309637e-02	7.95601848e-04
8.27500000e-02	2.13043963e-02	7.77085262e-04
8.30000000e-02	2.10332686e-02	7.61921778e-04
8.32500000e-02	2.15046334e-02	7.87114934e-04
8.35000000e-02	2.22268989e-02	8.22878385e-04
8.37500000e-02	2.15457610e-02	7.82101787e-04
8.40000000e-02	2.12788099e-02	7.81548157e-04
8.42500000e-02	2.17422823e-02	8.01085957e-04
8.45000000e-02	2.14881230e-02	7.88746766e-04
8.47500000e-02	2.10935419e-02	7.88134411e-04
8.50000000e-02	2.02148832e-02	7.52433836e-04
8.52500000e-02	2.16573617e-02	8.02498992e-04
8.55000000e-02	2.12604106e-02	7.85555586e-04
8.57500000e-02	2.10116951e-02	7.83794058e-04
8.60000000e-02	2.10746550e-02	7.81273368e-04
8.62500000e-02	2.13276008e-02	7.91236356e-04
8.65000000e-02	2.11375362e-02	7.81960606e-04
8.67500000e-02	2.17639567e-02	8.04108317e-04
8.70000000e-02	2.11699195e-02	7.72815741e-04
8.72500000e-02	2.12911628e-02	7.60762207e-04
8.75000000e-02	2.16255932e-02	7.61191963e-04
8.77500000e-02	2.15403160e-02	7.55571580e-04
8.80000000e-02	2.10046071e-02	7.38855835e-04
8.82500000e-02	2.17258443e-02	7.56657872e-04
8.85000000e-02	2.11923951e-02	7.48846584e-04
8.87500000e-02	2.11528423e-02	7.22819305e-04
8.90000000e-02	2.12413303e-02	7.33441326e-04
8.92500000e-02	2.15118199e-02	7.39933773e-04
8.95000000e-02	2.09689894e-02	7.17108314e-04
8.97500000e-02	2.10075087e-02	7.06999909e-04
9.00000000e-02	2.12527962e-02	7.20850088e-04
9.02500000e-02	2.12725256e-02	7.16349368e-04
9.05000000e-02	2.08468669e-02	7.06888819e-04
9.07500000e-02	2.12859121e-02	7.20351128e-04
9.10000000e-02	2.08915209e-02	6.97871816e-04
9.12500000e-02	2.04515877e-02	6.84441136e-04
9.15000000e-02	2.12020957e-02	7.11055220e-04
9.17500000e-02	2.12030940e-02	7.11824473e-04
9.20000000e-02	2.09686536e-02	7.05844973e-04
9.22500000e-02	2.05902744e-02	6.87438062e-04
9.25000000e-02	2.14774976e-02	7.06578513e-04
9.27500000e-02	2.13613791e-02	7.06961880e-04
9.30000000e-02	2.09393261e-02	6.89729101e-04
9.32500000e-02	2.05779078e-02	6.85214519e-04
9.35000000e-02	2.07065915e-02	6.80520599e-04
9.37500000e-02	2.08534382e-02	6.85599573e-04
9.40000000e-02	2.13673123e-02	7.03173382e-04
9.42500000e-02	2.04802711e-02	6.70329149e-04
9.45000000e-02	2.05003486e-02	6.73551624e-04
9.47500000e-02	2.11968623e-02	6.89296593e-04
9.50000000e-02	2.06450490e-02	6.75264611e-04
9.52500000e-02	2.09819137e-02	6.78950886e-04
9.55000000e-02	2.07109373e-02	6.67397937e-04
9.57500000e-02	2.10123151e-02	6.81181527e-04
9.60000000e-02	2.13544913e-02	6.87816384e-04
9.62500000e-02	2.02933429e-02	6.58259079e-04
9.65000000e-02	2.02010518e-02	6.52809026e-04
9.67500000e-02	2.12263701e-02	6.79144345e-04
9.70000000e-02	2.04639975e-02	6.57095004e-04
9.72500000e-02	2.03795649e-02	6.54526640e-04
9.75000000e-02	2.04299588e-02	6.55137169e-04
9.77500000e-02	2.04214530e-02	6.49124230e-04
9.80000000e-02	2.08000608e-02	6.63375127e-04
9.82500000e-02	2.06866225e-02	6.61460192e-04
9.85000000e-02	2.12208144e-02	6.70246528e-04
9.87500000e-02	2.06661841e-02	6.54966842e-04
9.90000000e-02	2.08172407e-02	6.61805964e-04
9.92500000e-02	2.11432892e-02	6.71443484e-04
9.95000000e-02	2.08965682e-02	6.59594568e-04
9.97500000e-02	2.08067584e-02	6.58861884e-04
1.00000000e-01	2.09059013e-02	5.36809945e-04
1.00500000e-01	2.05352139e-02	4.58859635e-04
1.01000000e-01	2.07723425e-02	4.57478307e-04
1.01500000e-01	2.03934271e-02	4.50444741e-04
1.02000000e-01	2.07007033e-02	4.54735877e-04
1.02500000e-01	2.06328362e-02	4.52097291e-04
1.03000000e-01	2.04670994e-02	4.49040082e-04
1.03500000e-01	2.05034043e-02	4.47199220e-04
1.04000000e-01	2.07622866e-02	4.51136219e-04
1.04500000e-01	2.05289266e-02	4.47146586e-04
1.05000000e-01	2.05598978e-02	4.44618212e-04
1.05500000e-01	2.03785920e-02	4.39654033e-04
1.06000000e-01	2.08566545e-02	4.48313317e-04
1.06500000e-01	2.03263477e-02	4.36026227e-04
1.07000000e-01	2.06572663e-02	4.49916248e-04
1.07500000e-01	2.01809607e-02	4.46024049e-04
1.08000000e-01	2.05424513e-02	4.60093650e-04
1.08500000e-01	2.02805720e-02	4.57721643e-04
1.09000000e-01	2.03247964e-02	4.59048220e-04
1.09500000e-01	1.99310985e-02	4.55016680e-04
1.10000000e-01	2.01751173e-02	4.53273758e-04
1.10500000e-01	2.02573938e-02	4.44565842e-04
1.11000000e-01	2.04988468e-02	4.42355855e-04
1.11500000e-01	2.04761720e-02	4.39979935e-04
1.12000000e-01	2.06943015e-02	4.41673759e-04
1.12500000e-01	2.04064226e-02	4.32207092e-04
1.13000000e-01	2.06779917e-02	4.37782334e-04
1.13500000e-01	1.99917268e-02	4.19755119e-04
1.14000000e-01	2.03914268e-02	4.26115363e-04
1.14500000e-01	2.03009574e-02	4.26369229e-04
1.15000000e-01	2.05781152e-02	4.28458247e-04
1.15500000e-01	2.06484742e-02	4.28928869e-04
1.16000000e-01	2.04472552e-02	4.23794252e-04
1.16500000e-01	2.04317218e-02	4.21902163e-04
1.17000000e-01	2.06371160e-02	4.25617641e-04
1.17500000e-01	2.03130967e-02	4.16948186e-04
1.18000000e-01	2.05071749e-02	4.20207474e-04
1.18500000e-01	2.04479327e-02	4.17966510e-04
1.19000000e-01	1.98686223e-02	4.06451272e-04
1.19500000e-01	2.01722245e-02	4.11652136e-04
1.20000000e-01	2.01232600e-02	4.10590315e-04
1.20500000e-01	2.00076399e-02	4.07841018e-04
1.21000000e-01	2.03671392e-02	4.11130533e-04
1.21500000e-01	2.03910588e-02	4.13097369e-04
1.22000000e-01	2.02674819e-02	4.07855734e-04
1.22500000e-01	2.04639941e-02	4.11061946e-04
1.23000000e-01	2.00238748e-02	4.03288892e-04
1.23500000e-01	2.04035423e-02	4.07234457e-04
1.24000000e-01	2.02422473e-02	4.06555674e-04
1.24500000e-01	2.04804430e-02	4.07358690e-04
1.25000000e-01	2.01713148e-02	4.00413247e-04
1.25500000e-01	2.02240493e-02	4.01559234e-04
1.26000000e-01	2.07979212e-02	4.11499830e-04
1.26500000e-01	2.06385461e-02	4.07470148e-04
1.27000000e-01	2.02274440e-02	3.98169147e-04
1.27500000e-01	2.03370188e-02	4.00105746e-04
1.28000000e-01	2.01164072e-02	3.97637727e-04
1.28500000e-01	2.06928098e-02	4.06016289e-04
1.29000000e-01	2.01921255e-02	3.94383114e-04
1.29500000e-01	2.06542521e-02	4.01846996e-04
1.30000000e-01	2.05166206e-02	3.97722945e-04
1.30500000e-01	2.02956232e-02	3.95675423e-04
1.31000000e-01	2.04840237e-02	3.96524998e-04
1.31500000e-01	2.04337507e-02	3.95647429e-04
1.32000000e-01	2.05378326e-02	3.96353371e-04
1.32500000e-01	2.03885868e-02	3.90672319e-04
1.33000000e-01	2.02719488e-02	3.89307592e-04
1.33500000e-01	2.03409884e-02	3.90054074e-04
1.34000000e-01	2.03278393e-02	3.88738359e-04
1.34500000e-01	2.02764194e-02	3.84092091e-04
1.35000000e-01	2.04981704e-02	3.90696403e-04
1.35500000e-01	1.99636599e-02	3.78926660e-04
1.36000000e-01	2.06051205e-02	3.88148596e-04
1.36500000e-01	2.02101108e-02	3.82918522e-04
1.37000000e-01	2.01885340e-02	3.79827423e-04
1.37500000e-01	2.01122558e-02	3.80675346e-04
1.38000000e-01	2.03729142e-02	3.82548007e-04
1.38500000e-01	2.04091651e-02	3.82952736e-04
1.39000000e-01	1.99775527e-02	3.75950668e-04
1.39500000e-01	1.99440118e-02	3.73227790e-04
1.40000000e-01	2.05018582e-02	3.87797817e-04
1.40500000e-01	1.99429548e-02	3.74422308e-04
1.41000000e-01	2.01682970e-02	3.77993699e-04
1.41500000e-01	1.97217507e-02	3.69881561e-04
1.42000000e-01	1.99688545e-02	3.72611375e-04
1.42500000e-01	2.01148287e-02	3.75831468e-04
1.43000000e-01	1.98969333e-02	3.70086754e-04
1.43500000e-01	1.98098287e-02	3.67497017e-04
1.44000000e-01	1.99131800e-02	3.68300329e-04
1.44500000e-01	2.00744845e-02	3.69518433e-04
1.45000000e-01	1.98236789e-02	3.67373362e-04
1.45500000e-01	1.98778456e-02	3.65877761e-04
1.46000000e-01	1.98540719e-02	3.66473198e-04
1.46500000e-01	1.99960412e-02	3.69568015e-04
1.47000000e-01	1.99719344e-02	3.68444633e-04
1.47500000e-01	1.99066152e-02	3.65121702e-04
1.48000000e-01	2.01191972e-02	3.69501335e-04
1.48500000e-01	1.98115327e-02	3.60948505e-04
1.49000000e-01	2.00296227e-02	3.65380741e-04
1.49500000e-01	1.97482680e-02	3.60688082e-04
1.50000000e-01	1.96184506e-02	3.57949970e-04
1.50500000e-01	1.97602923e-02	3.58643333e-04
1.51000000e-01	1.97248111e-02	3.57047341e-04
1.51500000e-01	1.99149408e-02	3.59365315e-04
1.52000000e-01	1.94811858e-02	3.48601103e-04
1.52500000e-01	1.98543943e-02	3.56936167e-04
1.53000000e-01	1.94345334e-02	3.50398953e-04
1.53500000e-01	1.97597806e-02	3.54167773e-04
1.54000000e-01	1.95056985e-02	3.51895890e-04
1.54500000e-01	1.96708044e-02	3.59217544e-04
1.55000000e-01	1.97537983e-02	3.65952126e-04
1.55500000e-01	1.96891123e-02	3.65543233e-04
1.56000000e-01	1.96697857e-02	3.67868492e-04
1.56500000e-01	1.95750884e-02	3.66061591e-04
1.57000000e-01	1.96944389e-02	3.70645267e-04
1.57500000e-01	1.97958268e-02	3.63607198e-04
1.58000000e-01	1.94914821e-02	3.52632965e-04
1.58500000e-01	1.97135439e-02	3.54538157e-04
1.59000000e-01	1.94177784e-02	3.49633354e-04
1.59500000e-01	1.94246181e-02	3.48102486e-04
1.60000000e-01	1.96249319e-02	3.52800239e-04
1.60500000e-01	1.98166738e-02	3.51763196e-04
1.61000000e-01	1.94732811e-02	3.46363684e-04
1.61500000e-01	1.92654636e-02	3.41328105e-04
1.62000000e-01	1.94455331e-02	3.44243054e-04
1.62500000e-01	1.93695571e-02	3.43947479e-04
1.63000000e-01	1.96254124e-02	3.45036373e-04
1.63500000e-01	1.94131979e-02	3.42691844e-04
1.64000000e-01	1.90026428e-02	3.34331803e-04
1.64500000e-01	1.95366039e-02	3.44547207e-04
1.65000000e-01	1.95338699e-02	3.41630942e-04
1.65500000e-01	1.95487183e-02	3.41769791e-04
1.66000000e-01	1.92688585e-02	3.36274290e-04
1.66500000e-01	1.95945611e-02	3.39880917e-04
1.67000000e-01	1.93691936e-02	3.36993072e-04
1.67500000e-01	1.94340075e-02	3.37880925e-04
1.68000000e-01	1.95083994e-02	3.38701738e-04
1.68500000e-01	1.94377628e-02	3.36101905e-04
1.69000000e-01	1.91835332e-02	3.33533499e-04
1.69500000e-01	1.91620823e-02	3.30469213e-04
1.70000000e-01	1.91157544e-02	3.29391943e-04
1.70500000e-01	1.92493859e-02	3.31746398e-04
1.71000000e-01	1.95299100e-02	3.35102656e-04
1.71500000e-01	1.92168928e-02	3.30677549e-04
1.72000000e-01	1.92709208e-02	3.30470687e-04
1.72500000e-01	1.91558437e-02	3.27846612e-04
1.73000000e-01	1.90759786e-02	3.25513503e-04
1.73500000e-01	1.92669165e-02	3.27134302e-04
1.74000000e-01	1.91869445e-02	3.26574568e-04
1.74500000e-01	1.92764317e-02	3.26152379e-04
1.75000000e-01	1.93555419e-02	3.27230130e-04
1.75500000e-01	1.94438948e-02	3.26924583e-04
1.76000000e-01	1.90598737e-02	3.20364297e-04
1.76500000e-01	1.91122565e-02	3.20942964e-04
1.77000000e-01	1.90032669e-02	3.20409673e-04
1.77500000e-01	1.93267605e-02	3.24604809e-04
1.78000000e-01	1.91849612e-02	3.22042869e-04
1.78500000e-01	1.91539921e-02	3.21153337e-04
1.79000000e-01	1.92003751e-02	3.23176674e-04
1.79500000e-01	1.89195284e-02	3.17229398e-04
1.80000000e-01	1.89161971e-02	3.16988337e-04
1.80500000e-01	1.91445327e-02	3.20353500e-04
1.81000000e-01	1.91232671e-02	3.19346801e-04
1.81500000e-01	1.88093849e-02	3.14292374e-04
1.82000000e-01	1.89860930e-02	3.16537219e-04
1.82500000e-01	1.90792916e-02	3.17476453e-04
1.83000000e-01	1.91191364e-02	3.16942077e-04
1.83500000e-01	1.91033583e-02	3.17328276e-04
1.84000000e-01	1.89298123e-02	3.12819143e-04
1.84500000e-01	1.89836713e-02	3.13916988e-04
1.85000000e-01	1.87386438e-02	3.10262800e-04
1.85500000e-01	1.90552323e-02	3.13031190e-04
1.86000000e-01	1.90363319e-02	3.14613609e-04
1.86500000e-01	1.89734616e-02	3.12633311e-04
1.87000000e-01	1.91420175e-02	3.14708785e-04
1.87500000e-01	1.91229247e-02	3.13867570e-04
1.88000000e-01	1.90482355e-02	3.13266059e-04
1.88500000e-01	1.89505791e-02	3.09883606e-04
1.89000000e-01	1.88415111e-02	3.07459483e-04
1.89500000e-01	1.87112887e-02	3.07054983e-04
1.90000000e-01	1.88966122e-02	3.07889581e-04
1.90500000e-01	1.89708472e-02	3.07855497e-04
1.91000000e-01	1.86226275e-02	3.03977920e-04
1.91500000e-01	1.87643200e-02	3.05290973e-04
1.92000000e-01	1.88059093e-02	3.03816352e-04
1.92500000e-01	1.90769845e-02	3.08885626e-04
1.93000000e-01	1.89419173e-02	3.06716345e-04
1.93500000e-01	1.89200669e-02	3.04965878e-04
1.94000000e-01	1.89242729e-02	3.05345003e-04
1.94500000e-01	1.85418576e-02	2.99337856e-04
1.95000000e-01	1.88993921e-02	3.04812123e-04
1.95500000e-01	1.85327476e-02	2.99242186e-04
1.96000000e-01	1.90893736e-02	3.06394594e-04
1.96500000e-01	1.87178044e-02	3.02586158e-04
1.97000000e-01	1.89092201e-02	3.03816688e-04
1.97500000e-01	1.85317148e-02	2.96465596e-04
1.98000000e-01	1.86869752e-02	2.99327779e-04
1.98500000e-01	1.87672222e-02	2.99859673e-04
1.99000000e-01	1.87781857e-02	3.00542159e-04
1.99500000e-01	1.86958335e-02	2.97966806e-04
2.00000000e-01	1.86403385e-02	2.96733577e-04
2.00500000e-01	1.85865087e-02	2.97265720e-04
2.01000000e-01	1.85988234e-02	2.95130336e-04
2.01500000e-01	1.85804658e-02	2.94564192e-04
2.02000000e-01	1.86632569e-02	2.97102989e-04
2.02500000e-01	1.85045133e-02	2.93268508e-04
2.03000000e-01	1.90805941e-02	3.01638637e-04
2.03500000e-01	1.84306370e-02	2.90737023e-04
2.04000000e-01	1.84612330e-02	2.91261585e-04
2.04500000e-01	1.85473792e-02	2.92604138e-04
2.05000000e-01	1.86362460e-02	2.93813209e-04
2.05500000e-01	1.85463156e-02	2.92096042e-04
2.06000000e-01	1.86571499e-02	2.91836098e-04
2.06500000e-01	1.86841609e-02	2.93031804e-04
2.07000000e-01	1.84269407e-02	2.87879711e-04
2.07500000e-01	1.84891188e-02	2.89399862e-04
2.08000000e-01	1.84806192e-02	2.89020720e-04
2.08500000e-01	1.84766040e-02	2.86702116e-04
2.09000000e-01	1.84334893e-02	2.87675831e-04
2.09500000e-01	1.86905973e-02	2.90063840e-04
2.10000000e-01	1.84213272e-02	2.86182250e-04
2.10500000e-01	1.86670003e-02	2.90687201e-04
2.11000000e-01	1.85040254e-02	2.86739874e-04
2.11500000e-01	1.85513652e-02	2.88153637e-04
2.12000000e-01	1.84507554e-02	2.85307582e-04
2.12500000e-01	1.86483518e-02	2.89433995e-04
2.13000000e-01	1.83588891e-02	2.83202117e-04
2.13500000e-01	1.83811776e-02	2.83316124e-04
2.14000000e-01	1.85277595e-02	2.86667383e-04
2.14500000e-01	1.83901345e-02	2.83086380e-04
2.15000000e-01	1.81463938e-02	2.80959313e-04
2.15500000e-01	1.83796383e-02	2.81898978e-04
2.16000000e-01	1.84311556e-02	2.82151638e-04
2.16500000e-01	1.81268402e-02	2.77233596e-04
2.17000000e-01	1.83877339e-02	2.84973387e-04
2.17500000e-01	1.83266452e-02	2.88440328e-04
2.18000000e-01	1.82440452e-02	2.88282142e-04
2.18500000e-01	1.83425312e-02	2.91647803e-04
2.19000000e-01	1.82945580e-02	2.92754905e-04
2.19500000e-01	1.86832795e-02	2.99999328e-04
2.20000000e-01	1.82754553e-02	2.95783169e-04
2.20500000e-01	1.81513461e-02	2.93062608e-04
2.21000000e-01	1.84586110e-02	2.98625442e-04
2.21500000e-01	1.84713957e-02	3.00787204e-04
2.22000000e-01	1.82715523e-02	2.96571402e-04
2.22500000e-01	1.81207647e-02	2.96138574e-04
2.23000000e-01	1.81730984e-02	2.96803242e-04
2.23500000e-01	1.80667811e-02	2.96574760e-04
2.24000000e-01	1.82579731e-02	2.99881951e-04
2.24500000e-01	1.83424038e-02	3.01254211e-04
2.25000000e-01	1.81619593e-02	3.00680803e-04
2.25500000e-01	1.83569830e-02	3.03585559e-04
2.26000000e-01	1.81226177e-02	3.00668084e-04
2.26500000e-01	1.82889730e-02	2.98858923e-04
2.27000000e-01	1.82760508e-02	2.95077158e-04
2.27500000e-01	1.85360289e-02	2.95755577e-04
2.28000000e-01	1.81259903e-02	2.89788978e-04
2.28500000e-01	1.81974720e-02	2.89170685e-04
2.29000000e-01	1.81507772e-02	2.86643303e-04
2.29500000e-01	1.81631603e-02	2.86702761e-04
2.30000000e-01	1.79226809e-02	2.82138233e-04
2.30500000e-01	1.81289848e-02	2.83380103e-04
2.31000000e-01	1.82360472e-02	2.85157229e-04
2.31500000e-01	1.83135143e-02	2.86050992e-04
2.32000000e-01	1.81295537e-02	2.82232916e-04
2.32500000e-01	1.81454743e-02	2.82313870e-04
2.33000000e-01	1.82562886e-02	2.81714468e-04
2.33500000e-01	1.78313922e-02	2.75654891e-04
2.34000000e-01	1.81217445e-02	2.79178985e-04
2.34500000e-01	1.83005986e-02	2.80750298e-04
2.35000000e-01	1.84116434e-02	2.83132046e-04
2.35500000e-01	1.78658042e-02	2.74187514e-04
2.36000000e-01	1.81781998e-02	2.79036250e-04
2.36500000e-01	1.79114369e-02	2.74382668e-04
2.37000000e-01	1.82347539e-02	2.77685910e-04
2.37500000e-01	1.79807574e-02	2.74449880e-04
2.38000000e-01	1.79998163e-02	2.73696937e-04
2.38500000e-01	1.80288642e-02	2.73663749e-04
2.39000000e-01	1.80420207e-02	2.72708125e-04
2.39500000e-01	1.80608160e-02	2.73620426e-04
2.40000000e-01	1.80873445e-02	2.73283723e-04
2.40500000e-01	1.77713871e-02	2.68611362e-04
2.41000000e-01	1.79175297e-02	2.69239464e-04
2.41500000e-01	1.80531272e-02	2.70330917e-04
2.42000000e-01	1.78903293e-02	2.69134336e-04
2.42500000e-01	1.78349609e-02	2.67169674e-04
2.43000000e-01	1.79333786e-02	2.67426494e-04
2.43500000e-01	1.80061813e-02	2.69110116e-04
2.44000000e-01	1.79918140e-02	2.67810844e-04
2.44500000e-01	1.80133247e-02	2.68527808e-04
2.45000000e-01	1.79319182e-02	2.66276681e-04
2.45500000e-01	1.82626068e-02	2.70425386e-04
2.46000000e-01	1.77265804e-02	2.63993415e-04
2.46500000e-01	1.77904564e-02	2.63807716e-04
2.47000000e-01	1.80287471e-02	2.66996534e-04
2.47500000e-01	1.77314393e-02	2.62314724e-04
2.48000000e-01	1.78380141e-02	2.63326269e-04
2.48500000e-01	1.76202265e-02	2.59112428e-04
2.49000000e-01	1.79530151e-02	2.64512041e-04
2.49500000e-01	1.78610943e-02	2.62173562e-04
2.50000000e-01	1.78682148e-02	2.61632485e-04
2.50500000e-01	1.77277564e-02	2.61624893e-04
2.51000000e-01	1.75125267e-02	2.55909924e-04
2.51500000e-01	1.76202337e-02	2.58472452e-04
2.52000000e-01	1.77089761e-02	2.59005942e-04
2.52500000e-01	1.77247359e-02	2.59456953e-04
2.53000000e-01	1.78210738e-02	2.60647823e-04
2.53500000e-01	1.76935072e-02	2.58715199e-04
2.54000000e-01	1.77685754e-02	2.58488977e-04
2.54500000e-01	1.76397592e-02	2.56957524e-04
2.55000000e-01	1.75418929e-02	2.55129294e-04
2.55500000e-01	1.76085598e-02	2.56242257e-04
2.56000000e-01	1.79452118e-02	2.60169437e-04
2.56500000e-01	1.78977535e-02	2.59071516e-04
2.57000000e-01	1.77158242e-02	2.55693058e-04
2.57500000e-01	1.77066936e-02	2.56188597e-04
2.58000000e-01	1.77467142e-02	2.57380137e-04
2.58500000e-01	1.77421587e-02	2.56151483e-04
2.59000000e-01	1.77698621e-02	2.55470590e-04
2.59500000e-01	1.77597782e-02	2.55814868e-04
2.60000000e-01	1.77813005e-02	2.55390234e-04
2.60500000e-01	1.76253121e-02	2.53202962e-04
2.61000000e-01	1.77646317e-02	2.54078873e-04
2.61500000e-01	1.76032864e-02	2.53121134e-04
2.62000000e-01	1.75545611e-02	2.50677779e-04
2.62500000e-01	1.77526184e-02	2.54419735e-04
2.63000000e-01	1.75831507e-02	2.51604234e-04
2.63500000e-01	1.74517629e-02	2.48504406e-04
2.64000000e-01	1.77912584e-02	2.53892042e-04
2.64500000e-01	1.77871771e-02	2.52137341e-04
2.65000000e-01	1.75302785e-02	2.49361554e-04
2.65500000e-01	1.74594788e-02	2.48763821e-04
2.66000000e-01	1.77715786e-02	2.51630524e-04
2.66500000e-01	1.75024999e-02	2.48590226e-04
2.67000000e-01	1.76770924e-02	2.49693024e-04
2.67500000e-01	1.77048209e-02	2.50466444e-04
2.68000000e-01	1.74603606e-02	2.46793900e-04
2.68500000e-01	1.74792985e-02	2.47174899e-04
2.69000000e-01	1.76943997e-02	2.49466280e-04
2.69500000e-01	1.76291749e-02	2.47953914e-04
2.70000000e-01	1.74704651e-02	2.45792853e-04
2.70500000e-01	1.75425996e-02	2.46621121e-04
2.71000000e-01	1.75829749e-02	2.47878942e-04
2.71500000e-01	1.74646667e-02	2.44929950e-04
2.72000000e-01	1.75582097e-02	2.44510774e-04
2.72500000e-01	1.75722333e-02	2.45961633e-04
2.73000000e-01	1.75280395e-02	2.45439575e-04
2.73500000e-01	1.74159118e-02	2.42801130e-04
2.74000000e-01	1.74323962e-02	2.43321779e-04
2.74500000e-01	1.74586232e-02	2.43451888e-04
2.75000000e-01	1.74795254e-02	2.44001445e-04
2.75500000e-01	1.73266855e-02	2.41931448e-04
2.76000000e-01	1.75467077e-02	2.43901830e-04
2.76500000e-01	1.74740872e-02	2.43672421e-04
2.77000000e-01	1.74674277e-02	2.41554137e-04
2.77500000e-01	1.72066769e-02	2.39580848e-04
2.78000000e-01	1.73479076e-02	2.40723267e-04
2.78500000e-01	1.73815450e-02	2.40900541e-04
2.79000000e-01	1.75303396e-02	2.42657461e-04
2.79500000e-01	1.71752845e-02	2.37649167e-04
2.80000000e-01	1.75061116e-02	2.41601279e-04
2.80500000e-01	1.69802129e-02	2.34297971e-04
2.81000000e-01	1.73244189e-02	2.40131531e-04
2.81500000e-01	1.73708849e-02	2.39470539e-04
2.82000000e-01	1.71953446e-02	2.37327426e-04
2.82500000e-01	1.73230166e-02	2.39967303e-04
2.83000000e-01	1.73142240e-02	2.38071299e-04
2.83500000e-01	1.72840643e-02	2.37610937e-04
2.84000000e-01	1.74518154e-02	2.39241393e-04
2.84500000e-01	1.71684953e-02	2.35998565e-04
2.85000000e-01	1.73399747e-02	2.37673897e-04
2.85500000e-01	1.73120226e-02	2.37137829e-04
2.86000000e-01	1.73103027e-02	2.36719280e-04
2.86500000e-01	1.72554637e-02	2.34746873e-04
2.87000000e-01	1.72427303e-02	2.35732645e-04
2.87500000e-01	1.71654221e-02	2.33779969e-04
2.88000000e-01	1.71494127e-02	2.32773097e-04
2.88500000e-01	1.74349183e-02	2.37803179e-04
2.89000000e-01	1.71127540e-02	2.32399161e-04
2.89500000e-01	1.73236878e-02	2.34667976e-04
2.90000000e-01	1.71434323e-02	2.32118118e-04
2.90500000e-01	1.72251769e-02	2.33649995e-04
2.91000000e-01	1.72359138e-02	2.32600198e-04
2.91500000e-01	1.71277188e-02	2.30638101e-04
2.92000000e-01	1.71469403e-02	2.31510815e-04
2.92500000e-01	1.71976762e-02	2.30847680e-04
2.93000000e-01	1.73122023e-02	2.32941831e-04
2.93500000e-01	1.71877790e-02	2.31336968e-04
2.94000000e-01	1.71868985e-02	2.31196712e-04
2.94500000e-01	1.70696775e-02	2.29272844e-04
2.95000000e-01	1.71909874e-02	2.30318054e-04
2.95500000e-01	1.68825059e-02	2.27677552e-04
2.96000000e-01	1.71381731e-02	2.29374097e-04
2.96500000e-01	1.70705768e-02	2.28732476e-04
2.97000000e-01	1.71226044e-02	2.30520237e-04
2.97500000e-01	1.69786114e-02	2.27202065e-04
2.98000000e-01	1.70577651e-02	2.29165453e-04
2.98500000e-01	1.70124587e-02	2.27388101e-04
2.99000000e-01	1.68973236e-02	2.25631157e-04
2.99500000e-01	1.71670295e-02	2.29515136e-04
3.00000000e-01	1.71352341e-02	2.28847191e-04
3.00500000e-01	1.69591862e-02	2.26388570e-04
3.01000000e-01	1.72045051e-02	2.28674574e-04
3.01500000e-01	1.71629901e-02	2.28490895e-04
3.02000000e-01	1.68810254e-02	2.23771329e-04
3.02500000e-01	1.70900851e-02	2.26862874e-04
3.03000000e-01	1.70261106e-02	2.25908251e-04
3.03500000e-01	1.68481240e-02	2.23015244e-04
3.04000000e-01	1.69586380e-02	2.25052151e-04
3.04500000e-01	1.70607440e-02	2.24840673e-04
3.05000000e-01	1.68844879e-02	2.23312620e-04
3.05500000e-01	1.68821603e-02	2.23355972e-04
3.06000000e-01	1.69172010e-02	2.22720795e-04
3.06500000e-01	1.67872597e-02	2.21710783e-04
3.07000000e-01	1.70323921e-02	2.24592309e-04
3.07500000e-01	1.69075470e-02	2.22409539e-04
3.08000000e-01	1.67613790e-02	2.20580732e-04
3.08500000e-01	1.69663468e-02	2.22848395e-04
3.09000000e-01	1.69650839e-02	2.22923294e-04
3.09500000e-01	1.67581529e-02	2.20178115e-04
3.10000000e-01	1.67692756e-02	2.20394735e-04
3.10500000e-01	1.70199468e-02	2.23032623e-04
3.11000000e-01	1.68182415e-02	2.20881118e-04
3.11500000e-01	1.70136198e-02	2.22528228e-04
3.12000000e-01	1.67610365e-02	2.18520075e-04
3.12500000e-01	1.67911893e-02	2.19058965e-04
3.13000000e-01	1.68705318e-02	2.20577302e-04
3.13500000e-01	1.67083824e-02	2.18200686e-04
3.14000000e-01	1.67842046e-02	2.19327238e-04
3.14500000e-01	1.68225498e-02	2.19628503e-04
3.15000000e-01	1.69363181e-02	2.19651164e-04
3.15500000e-01	1.65475274e-02	2.15069820e-04
3.16000000e-01	1.69090361e-02	2.19214782e-04
3.16500000e-01	1.68210413e-02	2.17788000e-04
3.17000000e-01	1.67325868e-02	2.17265779e-04
3.17500000e-01	1.66456319e-02	2.16684685e-04
3.18000000e-01	1.67438534e-02	2.17463920e-04
3.18500000e-01	1.67964166e-02	2.17247973e-04
3.19000000e-01	1.67548628e-02	2.17189115e-04
3.19500000e-01	1.69180463e-02	2.18779389e-04
3.20000000e-01	1.67380096e-02	2.16411963e-04
3.20500000e-01	1.67200226e-02	2.15791816e-04
3.21000000e-01	1.67490169e-02	2.16547692e-04
3.21500000e-01	1.65384446e-02	2.14013418e-04
3.22000000e-01	1.66568143e-02	2.15493754e-04
3.22500000e-01	1.65793529e-02	2.13536355e-04
3.23000000e-01	1.66168300e-02	2.14403397e-04
3.23500000e-01	1.68269812e-02	2.15801780e-04
3.24000000e-01	1.65436904e-02	2.12385697e-04
3.24500000e-01	1.64395916e-02	2.11803612e-04
3.25000000e-01	1.64902700e-02	2.11005858e-04
3.25500000e-01	1.64641030e-02	2.11098935e-04
3.26000000e-01	1.64858132e-02	2.11364312e-04
3.26500000e-01	1.65349995e-02	2.11929228e-04
3.27000000e-01	1.66402796e-02	2.12902701e-04
3.27500000e-01	1.63306627e-02	2.08788173e-04
3.28000000e-01	1.65083619e-02	2.11245190e-04
3.28500000e-01	1.66320643e-02	2.11975204e-04
3.29000000e-01	1.64128674e-02	2.09226394e-04
3.29500000e-01	1.66318756e-02	2.12003171e-04
3.30000000e-01	1.67476312e-02	2.12505075e-04
3.30500000e-01	1.64456600e-02	2.10170968e-04
3.31000000e-01	1.66408052e-02	2.11588643e-04
3.31500000e-01	1.64101710e-02	2.08147932e-04
3.32000000e-01	1.65770686e-02	2.10645126e-04
3.32500000e-01	1.64705252e-02	2.08563979e-04
3.33000000e-01	1.65231188e-02	2.09980704e-04
3.33500000e-01	1.65388249e-02	2.08962821e-04
3.34000000e-01	1.64921585e-02	2.08816807e-04
3.34500000e-01	1.64951674e-02	2.08949012e-04
3.35000000e-01	1.63975962e-02	2.06355564e-04
3.35500000e-01	1.64210564e-02	2.07077214e-04
3.36000000e-01	1.62369991e-02	2.05717834e-04
3.36500000e-01	1.62809609e-02	2.06043377e-04
3.37000000e-01	1.63056455e-02	2.05908227e-04
3.37500000e-01	1.63664655e-02	2.05906243e-04
3.38000000e-01	1.61512060e-02	2.03935299e-04
3.38500000e-01	1.63729133e-02	2.05600333e-04
3.39000000e-01	1.64451638e-02	2.07471924e-04
3.39500000e-01	1.63865401e-02	2.05343966e-04
3.40000000e-01	1.62207883e-02	2.04409361e-04
3.40500000e-01	1.62715910e-02	2.04511937e-04
3.41000000e-01	1.63000736e-02	2.04414529e-04
3.41500000e-01	1.63569095e-02	2.05447379e-04
3.42000000e-01	1.63936720e-02	2.05101655e-04
3.42500000e-01	1.63429777e-02	2.04169062e-04
3.43000000e-01	1.62622476e-02	2.03776556e-04
3.43500000e-01	1.62298348e-02	2.02699737e-04
3.44000000e-01	1.61146779e-02	2.01516739e-04
3.44500000e-01	1.60304003e-02	2.00200908e-04
3.45000000e-01	1.61070870e-02	2.01496545e-04
3.45500000e-01	1.63565755e-02	2.03000432e-04
3.46000000e-01	1.61395803e-02	2.00891665e-04
3.46500000e-01	1.60572496e-02	2.00090584e-04
3.47000000e-01	1.62574252e-02	2.02331013e-04
3.47500000e-01	1.61192654e-02	2.00400995e-04
3.48000000e-01	1.61360570e-02	2.00101210e-04
3.48500000e-01	1.62121703e-02	2.00854547e-04
3.49000000e-01	1.62498938e-02	2.00746060e-04
3.49500000e-01	1.63908237e-02	2.03184516e-04
3.50000000e-01	1.60694692e-02	1.63130806e-04
3.51000000e-01	1.60824082e-02	1.40803067e-04
3.52000000e-01	1.61187458e-02	1.40973589e-04
3.53000000e-01	1.61402846e-02	1.40198626e-04
3.54000000e-01	1.61541418e-02	1.40147943e-04
3.55000000e-01	1.61630635e-02	1.40402934e-04
3.56000000e-01	1.60012074e-02	1.40131552e-04
3.57000000e-01	1.59851656e-02	1.41980303e-04
3.58000000e-01	1.59998266e-02	1.43474475e-04
3.59000000e-01	1.59365700e-02	1.43978778e-04
3.60000000e-01	1.59081220e-02	1.44808746e-04
3.61000000e-01	1.59263420e-02	1.45353653e-04
3.62000000e-01	1.57998222e-02	1.44982050e-04
3.63000000e-01	1.58807115e-02	1.46312376e-04
3.64000000e-01	1.58384915e-02	1.46581305e-04
3.65000000e-01	1.58285195e-02	1.46417777e-04
3.66000000e-01	1.58911438e-02	1.45318649e-04
3.67000000e-01	1.57382579e-02	1.42484125e-04
3.68000000e-01	1.58479718e-02	1.42025099e-04
3.69000000e-01	1.58211036e-02	1.41143490e-04
3.70000000e-01	1.57989783e-02	1.40343171e-04
3.71000000e-01	1.57385018e-02	1.41597085e-04
3.72000000e-01	1.59438094e-02	1.44542147e-04
3.73000000e-01	1.58387450e-02	1.43538211e-04
3.74000000e-01	1.57360758e-02	1.43176196e-04
3.75000000e-01	1.57328207e-02	1.43045446e-04
3.76000000e-01	1.58306076e-02	1.43784703e-04
3.77000000e-01	1.57357160e-02	1.42947163e-04
3.78000000e-01	1.57864917e-02	1.43180227e-04
3.79000000e-01	1.57349663e-02	1.42944222e-04
3.80000000e-01	1.55979821e-02	1.41770499e-04
3.81000000e-01	1.57299004e-02	1.42716321e-04
3.82000000e-01	1.55743298e-02	1.41697997e-04
3.83000000e-01	1.56018315e-02	1.41692709e-04
3.84000000e-01	1.57022915e-02	1.42592384e-04
3.85000000e-01	1.55055396e-02	1.40952823e-04
3.86000000e-01	1.56394624e-02	1.41675961e-04
3.87000000e-01	1.55874150e-02	1.41468106e-04
3.88000000e-01	1.54386956e-02	1.40386520e-04
3.89000000e-01	1.54790575e-02	1.40136527e-04
3.90000000e-01	1.55732838e-02	1.41213476e-04
3.91000000e-01	1.56739573e-02	1.41840620e-04
3.92000000e-01	1.55159225e-02	1.40484825e-04
3.93000000e-01	1.54298761e-02	1.39413145e-04
3.94000000e-01	1.53656243e-02	1.39241424e-04
3.95000000e-01	1.53969402e-02	1.38848235e-04
3.96000000e-01	1.55412613e-02	1.40263395e-04
3.97000000e-01	1.54161942e-02	1.39734808e-04
3.98000000e-01	1.55121451e-02	1.40441491e-04
3.99000000e-01	1.54090960e-02	1.39445692e-04
4.00000000e-01	1.52806567e-02	1.38338049e-04
4.01000000e-01	1.51968828e-02	1.37748240e-04
4.02000000e-01	1.53932334e-02	1.39268634e-04
4.03000000e-01	1.52975788e-02	1.38519678e-04
4.04000000e-01	1.52570097e-02	1.38335960e-04
4.05000000e-01	1.53208979e-02	1.38418148e-04
4.06000000e-01	1.54202756e-02	1.39332344e-04
4.07000000e-01	1.53831022e-02	1.39548519e-04
4.08000000e-01	1.52661184e-02	1.38044245e-04
4.09000000e-01	1.53113474e-02	1.38308813e-04
4.10000000e-01	1.53669661e-02	1.38824152e-04
4.11000000e-01	1.51936215e-02	1.37234974e-04
4.12000000e-01	1.54755567e-02	1.39526465e-04
4.13000000e-01	1.52688644e-02	1.37866952e-04
4.14000000e-01	1.53084116e-02	1.38015536e-04
4.15000000e-01	1.52184655e-02	1.37122803e-04
4.16000000e-01	1.53807860e-02	1.38295278e-04
4.17000000e-01	1.53530644e-02	1.38396064e-04
4.18000000e-01	1.53767966e-02	1.39847475e-04
4.19000000e-01	1.51858916e-02	1.40269626e-04
4.20000000e-01	1.53911857e-02	1.42542750e-04
4.21000000e-01	1.51970264e-02	1.41320873e-04
4.22000000e-01	1.53005930e-02	1.42677091e-04
4.23000000e-01	1.53355764e-02	1.43790776e-04
4.24000000e-01	1.53480834e-02	1.43823268e-04
4.25000000e-01	1.52836735e-02	1.43403065e-04
4.26000000e-01	1.53418573e-02	1.43810276e-04
4.27000000e-01	1.52922948e-02	1.43578911e-04
4.28000000e-01	1.51361306e-02	1.42763381e-04
4.29000000e-01	1.53134603e-02	1.44703445e-04
4.30000000e-01	1.52577499e-02	1.43721041e-04
4.31000000e-01	1.50797220e-02	1.41851001e-04
4.32000000e-01	1.51965344e-02	1.43223369e-04
4.33000000e-01	1.52112268e-02	1.43627877e-04
4.34000000e-01	1.51077125e-02	1.42831323e-04
4.35000000e-01	1.50062869e-02	1.42180214e-04
4.36000000e-01	1.51548475e-02	1.43312066e-04
4.37000000e-01	1.51888811e-02	1.44311865e-04
4.38000000e-01	1.50694377e-02	1.43737334e-04
4.39000000e-01	1.52215509e-02	1.44894349e-04
4.40000000e-01	1.49356041e-02	1.42231931e-04
4.41000000e-01	1.49453511e-02	1.42622593e-04
4.42000000e-01	1.49693692e-02	1.42916455e-04
4.43000000e-01	1.50625069e-02	1.44132022e-04
4.44000000e-01	1.49854108e-02	1.43655669e-04
4.45000000e-01	1.49428822e-02	1.43379697e-04
4.46000000e-01	1.49655306e-02	1.43328474e-04
4.47000000e-01	1.49955523e-02	1.43838606e-04
4.48000000e-01	1.48682845e-02	1.43297800e-04
4.49000000e-01	1.48543534e-02	1.43177217e-04
4.50000000e-01	1.49037534e-02	1.43684523e-04
4.51000000e-01	1.48434664e-02	1.43349434e-04
4.52000000e-01	1.47946875e-02	1.43324087e-04
4.53000000e-01	1.49612635e-02	1.44545141e-04
4.54000000e-01	1.50289317e-02	1.45409766e-04
4.55000000e-01	1.48823366e-02	1.44317239e-04
4.56000000e-01	1.48949543e-02	1.44396541e-04
4.57000000e-01	1.47997969e-02	1.43585582e-04
4.58000000e-01	1.48800725e-02	1.44270889e-04
4.59000000e-01	1.49036433e-02	1.44841531e-04
4.60000000e-01	1.48488184e-02	1.44576416e-04
4.61000000e-01	1.48724348e-02	1.44666451e-04
4.62000000e-01	1.48758508e-02	1.44993269e-04
4.63000000e-01	1.48805667e-02	1.44955337e-04
4.64000000e-01	1.46609485e-02	1.43140598e-04
4.65000000e-01	1.47767796e-02	1.44460472e-04
4.66000000e-01	1.47566220e-02	1.44708859e-04
4.67000000e-01	1.48352810e-02	1.45107720e-04
4.68000000e-01	1.48723074e-02	1.45062171e-04
4.69000000e-01	1.48470594e-02	1.45316647e-04
4.70000000e-01	1.48197741e-02	1.45271399e-04
4.71000000e-01	1.46947415e-02	1.43654725e-04
4.72000000e-01	1.47351828e-02	1.43851507e-04
4.73000000e-01	1.47446079e-02	1.44040801e-04
4.74000000e-01	1.47650537e-02	1.43929505e-04
4.75000000e-01	1.46909678e-02	1.43866985e-04
4.76000000e-01	1.48244995e-02	1.44507819e-04
4.77000000e-01	1.44955362e-02	1.42567533e-04
4.78000000e-01	1.44862530e-02	1.41890484e-04
4.79000000e-01	1.46300065e-02	1.43549883e-04
4.80000000e-01	1.47040253e-02	1.44495732e-04
4.81000000e-01	1.45573051e-02	1.42982085e-04
4.82000000e-01	1.46225041e-02	1.43578963e-04
4.83000000e-01	1.45392513e-02	1.43381312e-04
4.84000000e-01	1.45902259e-02	1.43513942e-04
4.85000000e-01	1.46518288e-02	1.44023537e-04
4.86000000e-01	1.45856057e-02	1.43753182e-04
4.87000000e-01	1.46045020e-02	1.43594388e-04
4.88000000e-01	1.44459514e-02	1.42309768e-04
4.89000000e-01	1.45533591e-02	1.43377131e-04
4.90000000e-01	1.45736180e-02	1.43728211e-04
4.91000000e-01	1.43650531e-02	1.41607970e-04
4.92000000e-01	1.46702742e-02	1.44812193e-04
4.93000000e-01	1.46777405e-02	1.44963367e-04
4.94000000e-01	1.46284052e-02	1.44690612e-04
4.95000000e-01	1.45818004e-02	1.44969559e-04
4.96000000e-01	1.46452207e-02	1.49959335e-04
4.97000000e-01	1.45797690e-02	1.51543624e-04
4.98000000e-01	1.44115235e-02	1.52190433e-04
4.99000000e-01	1.43261763e-02	1.53243770e-04
5.00000000e-01	1.44153273e-02	1.56500042e-04
5.01000000e-01	1.43793554e-02	1.57677063e-04
5.02000000e-01	1.43891864e-02	1.59037167e-04
5.03000000e-01	1.45167642e-02	1.61051151e-04
5.04000000e-01	1.45050690e-02	1.62715765e-04
5.05000000e-01	1.44251556e-02	1.58986393e-04
5.06000000e-01	1.45140513e-02	1.56884323e-04
5.07000000e-01	1.46140345e-02	1.56360039e-04
5.08000000e-01	1.46008452e-02	1.55025203e-04
5.09000000e-01	1.45794021e-02	1.54241892e-04
5.10000000e-01	1.46952554e-02	1.55076092e-04
5.11000000e-01	1.44287237e-02	1.51975234e-04
5.12000000e-01	1.44293503e-02	1.51695045e-04
5.13000000e-01	1.45336224e-02	1.52060633e-04
5.14000000e-01	1.45759787e-02	1.52004209e-04
5.15000000e-01	1.43278767e-02	1.49648484e-04
5.16000000e-01	1.45516649e-02	1.51519932e-04
5.17000000e-01	1.44483428e-02	1.50196568e-04
5.18000000e-01	1.42817437e-02	1.48670040e-04
5.19000000e-01	1.42975020e-02	1.48067067e-04
5.20000000e-01	1.44634608e-02	1.49071731e-04
5.21000000e-01	1.43479257e-02	1.48110997e-04
5.22000000e-01	1.42529053e-02	1.47149709e-04
5.23000000e-01	1.42167224e-02	1.46814820e-04
5.24000000e-01	1.41471027e-02	1.46144490e-04
5.25000000e-01	1.42378047e-02	1.46507962e-04
5.26000000e-01	1.41732719e-02	1.46289936e-04
5.27000000e-01	1.42760717e-02	1.47377082e-04
5.28000000e-01	1.43170235e-02	1.47748397e-04
5.29000000e-01	1.43613484e-02	1.47915684e-04
5.30000000e-01	1.43595597e-02	1.48389536e-04
5.31000000e-01	1.41945796e-02	1.46423279e-04
5.32000000e-01	1.41660653e-02	1.46323182e-04
5.33000000e-01	1.42209796e-02	1.46880962e-04
5.34000000e-01	1.42434705e-02	1.46603710e-04
5.35000000e-01	1.41486859e-02	1.45641051e-04
5.36000000e-01	1.39761690e-02	1.44447279e-04
5.37000000e-01	1.41857653e-02	1.45988047e-04
5.38000000e-01	1.40907000e-02	1.45237114e-04
5.39000000e-01	1.40360969e-02	1.45155930e-04
5.40000000e-01	1.41298228e-02	1.45556027e-04
5.41000000e-01	1.40903580e-02	1.45530590e-04
5.42000000e-01	1.40356444e-02	1.45216259e-04
5.43000000e-01	1.40849711e-02	1.44953685e-04
5.44000000e-01	1.41084355e-02	1.45553812e-04
5.45000000e-01	1.40180176e-02	1.45135107e-04
5.46000000e-01	1.40657760e-02	1.44991431e-04
5.47000000e-01	1.41294305e-02	1.45369173e-04
5.48000000e-01	1.40513381e-02	1.45102318e-04
5.49000000e-01	1.39965016e-02	1.44433230e-04
5.50000000e-01	1.39645754e-02	1.43845811e-04
5.51000000e-01	1.41545588e-02	1.45849633e-04
5.52000000e-01	1.39070947e-02	1.42511594e-04
5.53000000e-01	1.40341378e-02	1.43945693e-04
5.54000000e-01	1.40301425e-02	1.43859100e-04
5.55000000e-01	1.38998192e-02	1.42290219e-04
5.56000000e-01	1.40555444e-02	1.43869982e-04
5.57000000e-01	1.38690534e-02	1.41755378e-04
5.58000000e-01	1.40087630e-02	1.43717867e-04
5.59000000e-01	1.40138723e-02	1.43216587e-04
5.60000000e-01	1.38866967e-02	1.42709023e-04
5.61000000e-01	1.39893437e-02	1.43426870e-04
5.62000000e-01	1.39221265e-02	1.42746656e-04
5.63000000e-01	1.39365402e-02	1.43070347e-04
5.64000000e-01	1.39219082e-02	1.43270667e-04
5.65000000e-01	1.37040385e-02	1.40856673e-04
5.66000000e-01	1.37697134e-02	1.41572836e-04
5.67000000e-01	1.40621498e-02	1.44142100e-04
5.68000000e-01	1.38576576e-02	1.42326848e-04
5.69000000e-01	1.37950724e-02	1.41322522e-04
5.70000000e-01	1.38120840e-02	1.41202193e-04
5.71000000e-01	1.38077480e-02	1.41811811e-04
5.72000000e-01	1.36448270e-02	1.40048609e-04
5.73000000e-01	1.37970030e-02	1.42105708e-04
5.74000000e-01	1.37106467e-02	1.40574224e-04
5.75000000e-01	1.36149482e-02	1.40197797e-04
5.76000000e-01	1.37500990e-02	1.41365861e-04
5.77000000e-01	1.37474727e-02	1.41047071e-04
5.78000000e-01	1.37599040e-02	1.41895249e-04
5.79000000e-01	1.37954597e-02	1.42013264e-04
5.80000000e-01	1.37423436e-02	1.41331629e-04
5.81000000e-01	1.37200919e-02	1.41193434e-04
5.82000000e-01	1.36605263e-02	1.40981252e-04
5.83000000e-01	1.36808313e-02	1.40827961e-04
5.84000000e-01	1.35657822e-02	1.39913362e-04
5.85000000e-01	1.37757382e-02	1.41618482e-04
5.86000000e-01	1.36901110e-02	1.41365945e-04
5.87000000e-01	1.37045841e-02	1.41273402e-04
5.88000000e-01	1.36835662e-02	1.41338601e-04
5.89000000e-01	1.37015374e-02	1.41039146e-04
5.90000000e-01	1.33582569e-02	1.37708317e-04
5.91000000e-01	1.36606965e-02	1.40937657e-04
5.92000000e-01	1.36371833e-02	1.40684729e-04
5.93000000e-01	1.35210116e-02	1.39391344e-04
5.94000000e-01	1.35235081e-02	1.39431723e-04
5.95000000e-01	1.35123775e-02	1.39425841e-04
5.96000000e-01	1.36274479e-02	1.41067368e-04
5.97000000e-01	1.35575415e-02	1.40270388e-04
5.98000000e-01	1.35052210e-02	1.39796352e-04
5.99000000e-01	1.35504812e-02	1.40066650e-04
6.00000000e-01	1.34151683e-02	1.38871748e-04
6.01000000e-01	1.34829621e-02	1.39296869e-04
6.02000000e-01	1.35358013e-02	1.39932116e-04
6.03000000e-01	1.33977723e-02	1.38910097e-04
6.04000000e-01	1.35739376e-02	1.40050818e-04
6.05000000e-01	1.34996915e-02	1.39449408e-04
6.06000000e-01	1.34433626e-02	1.39410267e-04
6.07000000e-01	1.33419085e-02	1.38360269e-04
6.08000000e-01	1.34211930e-02	1.38935477e-04
6.09000000e-01	1.34226284e-02	1.38987954e-04
6.10000000e-01	1.34401362e-02	1.39574215e-04
6.11000000e-01	1.33505593e-02	1.38413173e-04
6.12000000e-01	1.34262159e-02	1.38946133e-04
6.13000000e-01	1.33042260e-02	1.37707783e-04
6.14000000e-01	1.34993643e-02	1.39409001e-04
6.15000000e-01	1.34134991e-02	1.38598695e-04
6.16000000e-01	1.32891660e-02	1.38301772e-04
6.17000000e-01	1.33195396e-02	1.38109457e-04
6.18000000e-01	1.33558528e-02	1.38253583e-04
6.19000000e-01	1.33562469e-02	1.38401879e-04
6.20000000e-01	1.35018499e-02	1.39452950e-04
6.21000000e-01	1.33058169e-02	1.38052508e-04
6.22000000e-01	1.34556983e-02	1.38882566e-04
6.23000000e-01	1.33552889e-02	1.37497978e-04
6.24000000e-01	1.32510945e-02	1.36193945e-04
6.25000000e-01	1.31766496e-02	1.36069765e-04
6.26000000e-01	1.32227901e-02	1.35954185e-04
6.27000000e-01	1.33095383e-02	1.36871771e-04
6.28000000e-01	1.31467489e-02	1.35337303e-04
6.29000000e-01	1.33726748e-02	1.37752683e-04
6.30000000e-01	1.33210976e-02	1.36585169e-04
6.31000000e-01	1.32810218e-02	1.36631911e-04
6.32000000e-01	1.32479128e-02	1.36343430e-04
6.33000000e-01	1.33301196e-02	1.36978304e-04
6.34000000e-01	1.33873938e-02	1.40812757e-04
6.35000000e-01	1.32526679e-02	1.43770953e-04
6.36000000e-01	1.34182090e-02	1.47926125e-04
6.37000000e-01	1.33093541e-02	1.49352592e-04
6.38000000e-01	1.34503674e-02	1.52491952e-04
6.39000000e-01	1.33906660e-02	1.53577404e-04
6.40000000e-01	1.31970680e-02	1.53910587e-04
6.41000000e-01	1.33086391e-02	1.57227041e-04
6.42000000e-01	1.33185818e-02	1.58632374e-04
6.43000000e-01	1.33134054e-02	1.58424762e-04
6.44000000e-01	1.34736655e-02	1.54430065e-04
6.45000000e-01	1.32271265e-02	1.49091283e-04
6.46000000e-01	1.34111532e-02	1.50573122e-04
6.47000000e-01	1.33395744e-02	1.48010101e-04
6.48000000e-01	1.33400511e-02	1.47397575e-04
6.49000000e-01	1.31330149e-02	1.44614393e-04
6.50000000e-01	1.32221019e-02	1.44778967e-04
6.51000000e-01	1.32314381e-02	1.44448314e-04
6.52000000e-01	1.33893746e-02	1.45032878e-04
6.53000000e-01	1.32902057e-02	1.43328170e-04
6.54000000e-01	1.31692204e-02	1.42496801e-04
6.55000000e-01	1.32350622e-02	1.42245086e-04
6.56000000e-01	1.31099457e-02	1.41585963e-04
6.57000000e-01	1.32463266e-02	1.42492016e-04
6.58000000e-01	1.32140404e-02	1.41433127e-04
6.59000000e-01	1.33025314e-02	1.42621180e-04
6.60000000e-01	1.32288373e-02	1.41791743e-04
6.61000000e-01	1.31809084e-02	1.41065412e-04
6.62000000e-01	1.32695461e-02	1.42179530e-04
6.63000000e-01	1.31374777e-02	1.41271589e-04
6.64000000e-01	1.32031095e-02	1.40891854e-04
6.65000000e-01	1.33467723e-02	1.43136853e-04
6.66000000e-01	1.31706459e-02	1.40496660e-04
6.67000000e-01	1.31327080e-02	1.40375564e-04
6.68000000e-01	1.30651740e-02	1.39541443e-04
6.69000000e-01	1.32278437e-02	1.40852041e-04
6.70000000e-01	1.31676086e-02	1.40721582e-04
6.71000000e-01	1.32336286e-02	1.40831617e-04
6.72000000e-01	1.31168389e-02	1.40232104e-04
6.73000000e-01	1.32139092e-02	1.41114949e-04
6.74000000e-01	1.30454535e-02	1.38893433e-04
6.75000000e-01	1.30862957e-02	1.39232290e-04
6.76000000e-01	1.31874065e-02	1.40331549e-04
6.77000000e-01	1.32055152e-02	1.40537889e-04
6.78000000e-01	1.29560450e-02	1.38073713e-04
6.79000000e-01	1.29740504e-02	1.38125998e-04
6.80000000e-01	1.30044976e-02	1.38873800e-04
6.81000000e-01	1.29598332e-02	1.38031041e-04
6.82000000e-01	1.30660557e-02	1.39542192e-04
6.83000000e-01	1.29899668e-02	1.38158347e-04
6.84000000e-01	1.29514873e-02	1.38237158e-04
6.85000000e-01	1.31691109e-02	1.40285922e-04
6.86000000e-01	1.29593878e-02	1.37693347e-04
6.87000000e-01	1.29897004e-02	1.38210600e-04
6.88000000e-01	1.31478227e-02	1.39739515e-04
6.89000000e-01	1.28339420e-02	1.36724574e-04
6.90000000e-01	1.31072773e-02	1.39250912e-04
6.91000000e-01	1.28374708e-02	1.36598208e-04
6.92000000e-01	1.28982728e-02	1.37342288e-04
6.93000000e-01	1.29663509e-02	1.37720647e-04
6.94000000e-01	1.28265778e-02	1.36356713e-04
6.95000000e-01	1.30173085e-02	1.37380662e-04
6.96000000e-01	1.28714546e-02	1.37266558e-04
6.97000000e-01	1.28586385e-02	1.36593898e-04
6.98000000e-01	1.27467836e-02	1.35658508e-04
6.99000000e-01	1.27790417e-02	1.36095322e-04
7.00000000e-01	1.28543088e-02	1.36813956e-04
7.01000000e-01	1.28215649e-02	1.36760228e-04
7.02000000e-01	1.28393818e-02	1.36172185e-04
7.03000000e-01	1.27130399e-02	1.34824631e-04
7.04000000e-01	1.28383522e-02	1.36577568e-04
7.05000000e-01	1.27559903e-02	1.35624847e-04
7.06000000e-01	1.29072320e-02	1.37381342e-04
7.07000000e-01	1.28516519e-02	1.36295048e-04
7.08000000e-01	1.27505307e-02	1.35093495e-04
7.09000000e-01	1.27129171e-02	1.35042572e-04
7.10000000e-01	1.27186184e-02	1.35287480e-04
7.11000000e-01	1.27797559e-02	1.35650018e-04
7.12000000e-01	1.27516216e-02	1.35370084e-04
7.13000000e-01	1.27617535e-02	1.35184178e-04
7.14000000e-01	1.25914090e-02	1.33736923e-04
7.15000000e-01	1.26659490e-02	1.33974530e-04
7.16000000e-01	1.25871619e-02	1.33990966e-04
7.17000000e-01	1.27919089e-02	1.36165323e-04
7.18000000e-01	1.27566804e-02	1.35422522e-04
7.19000000e-01	1.27967992e-02	1.35696192e-04
7.20000000e-01	1.25539394e-02	1.33454558e-04
7.21000000e-01	1.25797969e-02	1.33574898e-04
7.22000000e-01	1.25994100e-02	1.34393341e-04
7.23000000e-01	1.25623633e-02	1.33337066e-04
7.24000000e-01	1.25797004e-02	1.33218112e-04
7.25000000e-01	1.24522926e-02	1.32712658e-04
7.26000000e-01	1.26440150e-02	1.34457055e-04
7.27000000e-01	1.25048614e-02	1.33179142e-04
7.28000000e-01	1.26328566e-02	1.34399835e-04
7.29000000e-01	1.26182602e-02	1.33741466e-04
7.30000000e-01	1.24307178e-02	1.32459192e-04
7.31000000e-01	1.26755719e-02	1.34633440e-04
7.32000000e-01	1.23734148e-02	1.32177013e-04
7.33000000e-01	1.24029114e-02	1.32024102e-04
7.34000000e-01	1.25192816e-02	1.32628843e-04
7.35000000e-01	1.23802318e-02	1.31634703e-04
7.36000000e-01	1.23831946e-02	1.31401797e-04
7.37000000e-01	1.23637822e-02	1.30647740e-04
7.38000000e-01	1.23213401e-02	1.30472753e-04
7.39000000e-01	1.24306464e-02	1.31070257e-04
7.40000000e-01	1.24799777e-02	1.31550052e-04
7.41000000e-01	1.23167774e-02	1.30113709e-04
7.42000000e-01	1.24282210e-02	1.31021574e-04
7.43000000e-01	1.22870097e-02	1.29822011e-04
7.44000000e-01	1.24070199e-02	1.30291039e-04
7.45000000e-01	1.24509210e-02	1.31366172e-04
7.46000000e-01	1.22880100e-02	1.29313290e-04
7.47000000e-01	1.23923229e-02	1.30432699e-04
7.48000000e-01	1.22977104e-02	1.29922500e-04
7.49000000e-01	1.24532653e-02	1.31497894e-04
7.50000000e-01	1.23866865e-02	1.30607408e-04
7.51000000e-01	1.23333288e-02	1.29530099e-04
7.52000000e-01	1.22768218e-02	1.29502847e-04
7.53000000e-01	1.23555771e-02	1.30231142e-04
7.54000000e-01	1.22401478e-02	1.28974247e-04
7.55000000e-01	1.22538118e-02	1.29164431e-04
7.56000000e-01	1.23071113e-02	1.29641459e-04
7.57000000e-01	1.21124826e-02	1.27863535e-04
7.58000000e-01	1.23214724e-02	1.29413944e-04
7.59000000e-01	1.22349971e-02	1.29088838e-04
7.60000000e-01	1.21878033e-02	1.28258896e-04
7.61000000e-01	1.23268397e-02	1.29075313e-04
7.62000000e-01	1.21731307e-02	1.27384095e-04
7.63000000e-01	1.21812799e-02	1.27660959e-04
7.64000000e-01	1.21761462e-02	1.27381529e-04
7.65000000e-01	1.21338823e-02	1.27023542e-04
7.66000000e-01	1.21736849e-02	1.27289650e-04
7.67000000e-01	1.19932223e-02	1.25836600e-04
7.68000000e-01	1.21176008e-02	1.26682131e-04
7.69000000e-01	1.21375170e-02	1.27279466e-04
7.70000000e-01	1.21269620e-02	1.27195708e-04
7.71000000e-01	1.21132067e-02	1.26751006e-04
7.72000000e-01	1.20703668e-02	1.30129855e-04
7.73000000e-01	1.20998476e-02	1.34537749e-04
7.74000000e-01	1.20943474e-02	1.37216091e-04
7.75000000e-01	1.20724860e-02	1.39519889e-04
7.76000000e-01	1.20823526e-02	1.42126404e-04
7.77000000e-01	1.21799987e-02	1.44400103e-04
7.78000000e-01	1.20945828e-02	1.45937730e-04
7.79000000e-01	1.20754669e-02	1.46893602e-04
7.80000000e-01	1.20067214e-02	1.47897378e-04
7.81000000e-01	1.18812109e-02	1.48433767e-04
7.82000000e-01	1.19623316e-02	1.50339148e-04
7.83000000e-01	1.19532241e-02	1.51829816e-04
7.84000000e-01	1.18741591e-02	1.53570510e-04
7.85000000e-01	1.19520305e-02	1.56236814e-04
7.86000000e-01	1.19769943e-02	1.57774540e-04
7.87000000e-01	1.18319617e-02	1.57701732e-04
7.88000000e-01	1.17713640e-02	1.58081563e-04
7.89000000e-01	1.19035421e-02	1.60871068e-04
7.90000000e-01	1.18431095e-02	1.62267280e-04
7.91000000e-01	1.17068569e-02	1.61904159e-04
7.92000000e-01	1.18956117e-02	1.67174863e-04
7.93000000e-01	1.17618446e-02	1.66951312e-04
7.94000000e-01	1.17639972e-02	1.68867531e-04
7.95000000e-01	1.18665680e-02	1.71172113e-04
7.96000000e-01	1.19057167e-02	1.73109075e-04
7.97000000e-01	1.17824824e-02	1.74068805e-04
7.98000000e-01	1.17848061e-02	1.76380329e-04
7.99000000e-01	1.18021578e-02	1.76552032e-04
8.00000000e-01	1.19704048e-02	1.81032270e-04
8.01000000e-01	1.17515678e-02	1.80176919e-04
8.02000000e-01	1.17196415e-02	1.82493506e-04
8.03000000e-01	1.18458055e-02	1.84576504e-04
8.04000000e-01	1.18159111e-02	1.87830410e-04
8.05000000e-01	1.18444401e-02	1.89494243e-04
8.06000000e-01	1.16601200e-02	1.88813211e-04
8.07000000e-01	1.16799382e-02	1.89937293e-04
8.08000000e-01	1.18157790e-02	1.94502424e-04
8.09000000e-01	1.15951753e-02	1.94201436e-04
8.10000000e-01	1.16631247e-02	1.97800041e-04
8.11000000e-01	1.16323917e-02	2.00074641e-04
8.12000000e-01	1.15253466e-02	1.99834389e-04
8.13000000e-01	1.17100312e-02	2.05777746e-04
8.14000000e-01	1.17667354e-02	2.07650030e-04
8.15000000e-01	1.16688829e-02	2.08764857e-04
8.16000000e-01	1.16278405e-02	2.11119753e-04
8.17000000e-01	1.16269325e-02	2.12998144e-04
8.18000000e-01	1.14523477e-02	2.13108933e-04
8.19000000e-01	1.14173038e-02	2.15523333e-04
8.20000000e-01	1.15754742e-02	2.20063151e-04
8.21000000e-01	1.14484397e-02	2.22069612e-04
8.22000000e-01	1.14913769e-02	2.24234213e-04
8.23000000e-01	1.15703932e-02	2.28314610e-04
8.24000000e-01	1.14413137e-02	2.30644675e-04
8.25000000e-01	1.13422997e-02	2.32303776e-04
8.26000000e-01	1.13993702e-02	2.36286435e-04
8.27000000e-01	1.13518021e-02	2.40505600e-04
8.28000000e-01	1.13336577e-02	2.42171374e-04
8.29000000e-01	1.14121400e-02	2.45786538e-04
8.30000000e-01	1.14137297e-02	2.51465081e-04
8.31000000e-01	1.12827452e-02	2.52065939e-04
8.32000000e-01	1.14155149e-02	2.60573542e-04
8.33000000e-01	1.12923189e-02	2.60388638e-04
8.34000000e-01	1.11379756e-02	2.63256882e-04
8.35000000e-01	1.15059038e-02	2.76003214e-04
8.36000000e-01	1.13281473e-02	2.75851414e-04
8.37000000e-01	1.10547988e-02	2.77192497e-04
8.38000000e-01	1.13796624e-02	2.86832740e-04
8.39000000e-01	1.08572032e-02	2.81676376e-04
8.40000000e-01	1.11634871e-02	2.96436080e-04
8.41000000e-01	1.11238276e-02	3.01430468e-04
8.42000000e-01	1.08963197e-02	3.04503944e-04
8.43000000e-01	1.09584458e-02	3.11947726e-04
8.44000000e-01	1.10779193e-02	3.23230346e-04
8.45000000e-01	1.07916522e-02	3.23017984e-04
8.46000000e-01	1.08490860e-02	3.33105764e-04
8.47000000e-01	1.11005047e-02	3.51082845e-04
8.48000000e-01	1.09215305e-02	3.53788024e-04
8.49000000e-01	1.08268013e-02	3.63154652e-04
8.50000000e-01	1.10774484e-02	3.86061261e-04
8.51000000e-01	1.11718619e-02	4.04110160e-04
8.52000000e-01	1.09540782e-02	4.08896769e-04
8.53000000e-01	1.10840391e-02	4.35811984e-04
8.54000000e-01	1.05651989e-02	4.36969113e-04
8.55000000e-01	1.07454107e-02	4.60342830e-04
8.56000000e-01	1.10100539e-02	4.79331063e-04
8.57000000e-01	1.10619414e-02	4.91931362e-04
8.58000000e-01	1.05570287e-02	4.87664276e-04
8.59000000e-01	1.07037452e-02	5.06837491e-04
8.60000000e-01	1.09794471e-02	5.40009866e-04
8.61000000e-01	1.06803756e-02	5.37535024e-04
8.62000000e-01	1.14067579e-02	6.02087709e-04
8.63000000e-01	1.03043598e-02	5.73396040e-04
8.64000000e-01	1.07231536e-02	6.21606047e-04
8.65000000e-01	1.13194340e-02	6.67056522e-04
8.66000000e-01	1.12147395e-02	7.12607436e-04
8.67000000e-01	1.03062191e-02	7.00089157e-04
8.68000000e-01	1.03861383e-02	7.50702513e-04
8.69000000e-01	1.07551432e-02	8.28735143e-04
8.70000000e-01	1.05611660e-02	8.73016068e-04
8.71000000e-01	1.09392404e-02	9.80682897e-04
8.72000000e-01	1.00926346e-02	1.06475644e-03
8.73000000e-01	1.03551913e-02	1.28537945e-03
8.74000000e-01	9.10922006e-03	1.63250637e-03
8.75000000e-01	1.15293877e-02	4.02845028e-03
