% Filename : SNCHoHie_2_00048_00016.h5
% Date & Time : 30-Oct-2025 18:15:30
% X-ray Energy (keV) : 13.30001
% Exposure Time (s) : 0.500
% Beam Center : 1461.24000, 208.98300
% Sample to Detector Distance (SDD) (mm) : 1990.750
% Detector Pixel Size (mm) : 0.075
% Photodiode Value : 141322.000
% I0 of Sample : 0
% I0 of Standard : 1
% 
% q(A^-1)   I(q)    I(q)_SE
0.00000000e+00	5.11363017e-03	2.55681509e-03
2.50000000e-04	0.00000000e+00	0.00000000e+00
5.00000000e-04	0.00000000e+00	0.00000000e+00
7.50000000e-04	0.00000000e+00	0.00000000e+00
1.00000000e-03	0.00000000e+00	0.00000000e+00
1.25000000e-03	0.00000000e+00	0.00000000e+00
1.50000000e-03	0.00000000e+00	0.00000000e+00
1.75000000e-03	0.00000000e+00	0.00000000e+00
2.00000000e-03	0.00000000e+00	0.00000000e+00
2.25000000e-03	0.00000000e+00	0.00000000e+00
2.50000000e-03	0.00000000e+00	0.00000000e+00
2.75000000e-03	0.00000000e+00	0.00000000e+00
3.00000000e-03	0.00000000e+00	0.00000000e+00
3.25000000e-03	1.60877013e+03	1.59293367e+03
3.50000000e-03	7.70060797e+01	5.84113360e+01
3.75000000e-03	1.86333357e+02	1.32306998e+02
4.00000000e-03	1.12028159e+02	7.21564807e+01
4.25000000e-03	5.63846007e+01	3.80845671e+01
4.50000000e-03	6.84116248e+01	3.68764357e+01
4.75000000e-03	5.92947020e+01	3.03101092e+01
5.00000000e-03	4.67579553e+01	2.66020495e+01
5.25000000e-03	3.91906345e+01	2.25869797e+01
5.50000000e-03	2.66358421e+01	1.44174359e+01
5.75000000e-03	2.57535863e+01	1.46592294e+01
6.00000000e-03	2.15441160e+01	1.18887181e+01
6.25000000e-03	1.79072968e+01	9.34647423e+00
6.50000000e-03	1.44606814e+01	7.04943526e+00
6.75000000e-03	1.43194506e+01	7.09363959e+00
7.00000000e-03	1.32469762e+01	6.55463100e+00
7.25000000e-03	1.08459081e+01	5.28875928e+00
7.50000000e-03	1.06955159e+01	5.52577969e+00
7.75000000e-03	8.68205552e+00	4.45618996e+00
8.00000000e-03	7.17098755e+00	3.70823699e+00
8.25000000e-03	6.99428374e+00	3.88105578e+00
8.50000000e-03	5.31479889e+00	2.85906580e+00
8.75000000e-03	4.66242129e+00	2.42884707e+00
9.00000000e-03	3.73338649e+00	1.80075038e+00
9.25000000e-03	3.49077243e+00	1.61572759e+00
9.50000000e-03	3.36793107e+00	1.53491195e+00
9.75000000e-03	2.73378255e+00	1.17035700e+00
1.00000000e-02	2.45957379e+00	1.09918488e+00
1.02500000e-02	1.80654270e+00	9.42049131e-01
1.05000000e-02	2.36670519e+00	1.10883960e+00
1.07500000e-02	2.23753952e+00	1.07979166e+00
1.10000000e-02	1.94173813e+00	9.23610606e-01
1.12500000e-02	1.88337480e+00	9.38737785e-01
1.15000000e-02	1.58805419e+00	7.86566146e-01
1.17500000e-02	1.45173681e+00	6.90122747e-01
1.20000000e-02	1.40699693e+00	6.59254219e-01
1.22500000e-02	1.19722988e+00	5.23193780e-01
1.25000000e-02	1.06824516e+00	4.46789416e-01
1.27500000e-02	1.03018096e+00	4.27693338e-01
1.30000000e-02	9.72798837e-01	3.97724813e-01
1.32500000e-02	9.19437329e-01	3.86908843e-01
1.35000000e-02	8.46061856e-01	3.51470732e-01
1.37500000e-02	7.57146308e-01	3.13669683e-01
1.40000000e-02	7.28778638e-01	3.15219952e-01
1.42500000e-02	6.59585127e-01	2.88050336e-01
1.45000000e-02	6.31077084e-01	2.71662281e-01
1.47500000e-02	5.40100168e-01	2.15362617e-01
1.50000000e-02	5.31489810e-01	2.14101412e-01
1.52500000e-02	4.84329490e-01	1.84468487e-01
1.55000000e-02	3.67233982e-01	1.44620576e-01
1.57500000e-02	4.41708449e-01	1.69179350e-01
1.60000000e-02	3.94555560e-01	1.44630324e-01
1.62500000e-02	3.97760413e-01	1.48943378e-01
1.65000000e-02	4.06021921e-01	1.62259404e-01
1.67500000e-02	3.55756271e-01	1.35152593e-01
1.70000000e-02	3.56239548e-01	1.45222155e-01
1.72500000e-02	3.29665230e-01	1.31931119e-01
1.75000000e-02	3.00831064e-01	1.16420067e-01
1.77500000e-02	2.79913572e-01	1.06045835e-01
1.80000000e-02	2.72851921e-01	9.92101148e-02
1.82500000e-02	2.45071516e-01	8.26526859e-02
1.85000000e-02	2.36354390e-01	7.68705194e-02
1.87500000e-02	2.23500032e-01	7.14231707e-02
1.90000000e-02	2.19304135e-01	6.93643260e-02
1.92500000e-02	2.07116798e-01	6.61940789e-02
1.95000000e-02	2.03207117e-01	7.02777646e-02
1.97500000e-02	1.90900859e-01	6.49977827e-02
2.00000000e-02	1.85910118e-01	6.39307149e-02
2.02500000e-02	1.92892390e-01	6.90573950e-02
2.05000000e-02	1.66090986e-01	5.51706656e-02
2.07500000e-02	1.66600806e-01	5.50252055e-02
2.10000000e-02	1.54953448e-01	4.67966518e-02
2.12500000e-02	1.45932193e-01	4.13890999e-02
2.15000000e-02	1.43033381e-01	3.94467063e-02
2.17500000e-02	1.40197422e-01	3.80051437e-02
2.20000000e-02	1.36343765e-01	3.66405688e-02
2.22500000e-02	1.13648505e-01	3.06182849e-02
2.25000000e-02	1.33433475e-01	3.73711160e-02
2.27500000e-02	1.24124544e-01	3.61468696e-02
2.30000000e-02	1.29128659e-01	3.73227296e-02
2.32500000e-02	1.22144798e-01	3.64155142e-02
2.35000000e-02	1.22704658e-01	3.54316279e-02
2.37500000e-02	1.18790062e-01	3.30561265e-02
2.40000000e-02	1.09963963e-01	2.75367539e-02
2.42500000e-02	1.03787372e-01	2.60790490e-02
2.45000000e-02	1.04051785e-01	2.57524201e-02
2.47500000e-02	1.00085967e-01	2.36573962e-02
2.50000000e-02	9.95573881e-02	2.37186502e-02
2.52500000e-02	9.75648244e-02	2.35067595e-02
2.55000000e-02	9.15036209e-02	2.08473205e-02
2.57500000e-02	9.15349907e-02	2.23585362e-02
2.60000000e-02	8.96405195e-02	2.17858387e-02
2.62500000e-02	9.22831137e-02	2.27133657e-02
2.65000000e-02	8.72863202e-02	1.96171057e-02
2.67500000e-02	8.26229554e-02	1.82890287e-02
2.70000000e-02	8.25437775e-02	1.72985450e-02
2.72500000e-02	7.97299938e-02	1.66070499e-02
2.75000000e-02	7.50833981e-02	1.53432489e-02
2.77500000e-02	7.36486634e-02	1.41432282e-02
2.80000000e-02	7.11340183e-02	1.29225302e-02
2.82500000e-02	7.28364309e-02	1.47641775e-02
2.85000000e-02	7.42197023e-02	1.50437577e-02
2.87500000e-02	7.33078238e-02	1.45422519e-02
2.90000000e-02	7.02123807e-02	1.37182146e-02
2.92500000e-02	6.60926439e-02	1.21789023e-02
2.95000000e-02	6.13650753e-02	1.09738665e-02
2.97500000e-02	6.55457051e-02	1.18052864e-02
3.00000000e-02	6.61104210e-02	1.20236778e-02
3.02500000e-02	6.52434089e-02	1.15662096e-02
3.05000000e-02	6.09635382e-02	9.92729798e-03
3.07500000e-02	5.92300245e-02	9.55346885e-03
3.10000000e-02	6.21778486e-02	1.06431177e-02
3.12500000e-02	5.99946242e-02	9.83762960e-03
3.15000000e-02	5.99631340e-02	9.93345369e-03
3.17500000e-02	5.69705349e-02	9.16235588e-03
3.20000000e-02	5.55446081e-02	8.84288129e-03
3.22500000e-02	5.48144779e-02	8.73093669e-03
3.25000000e-02	5.29752422e-02	8.22549217e-03
3.27500000e-02	5.25160519e-02	7.64402000e-03
3.30000000e-02	5.05606934e-02	7.13482679e-03
3.32500000e-02	5.13187385e-02	7.16272017e-03
3.35000000e-02	5.06291462e-02	6.83385947e-03
3.37500000e-02	4.97088618e-02	6.60462090e-03
3.40000000e-02	4.97693282e-02	6.63590433e-03
3.42500000e-02	4.59981529e-02	6.22550986e-03
3.45000000e-02	4.82085971e-02	6.40567844e-03
3.47500000e-02	4.66687366e-02	6.14630909e-03
3.50000000e-02	4.53453536e-02	5.82531984e-03
3.52500000e-02	4.56703000e-02	5.42932111e-03
3.55000000e-02	4.30770784e-02	4.88185165e-03
3.57500000e-02	4.31581222e-02	5.09084746e-03
3.60000000e-02	4.31223232e-02	5.12732933e-03
3.62500000e-02	4.05397133e-02	4.18158974e-03
3.65000000e-02	4.32805879e-02	4.93767777e-03
3.67500000e-02	4.37737136e-02	5.00779294e-03
3.70000000e-02	4.15986646e-02	4.79829565e-03
3.72500000e-02	4.12330408e-02	4.51357477e-03
3.75000000e-02	4.06125696e-02	4.44163669e-03
3.77500000e-02	3.96516040e-02	4.16411841e-03
3.80000000e-02	3.92129829e-02	4.18207152e-03
3.82500000e-02	3.97592114e-02	3.83019713e-03
3.85000000e-02	3.80598626e-02	3.73429357e-03
3.87500000e-02	3.93051897e-02	3.94671441e-03
3.90000000e-02	3.76357761e-02	3.79067405e-03
3.92500000e-02	3.71026359e-02	3.47342167e-03
3.95000000e-02	3.81661630e-02	3.84406562e-03
3.97500000e-02	3.82000873e-02	3.57018357e-03
4.00000000e-02	3.65487241e-02	3.36124103e-03
4.02500000e-02	3.67007867e-02	3.34158917e-03
4.05000000e-02	3.60322005e-02	3.14813182e-03
4.07500000e-02	3.56517942e-02	3.20374655e-03
4.10000000e-02	3.50759746e-02	3.03634581e-03
4.12500000e-02	3.63773755e-02	3.12838251e-03
4.15000000e-02	3.36925773e-02	2.65630858e-03
4.17500000e-02	3.47950952e-02	2.81600350e-03
4.20000000e-02	3.34248637e-02	2.61944685e-03
4.22500000e-02	3.37805577e-02	2.64144315e-03
4.25000000e-02	3.39457343e-02	2.71807452e-03
4.27500000e-02	3.29188707e-02	2.51989391e-03
4.30000000e-02	3.47029293e-02	2.71640295e-03
4.32500000e-02	3.26640706e-02	2.41997677e-03
4.35000000e-02	3.24145630e-02	2.38419209e-03
4.37500000e-02	3.17137823e-02	2.39200984e-03
4.40000000e-02	3.33660508e-02	2.32238705e-03
4.42500000e-02	3.11769866e-02	2.26173622e-03
4.45000000e-02	3.16163648e-02	2.20555774e-03
4.47500000e-02	3.09651997e-02	2.20471912e-03
4.50000000e-02	3.17894600e-02	2.23370768e-03
4.52500000e-02	3.08668349e-02	1.93422543e-03
4.55000000e-02	3.10565114e-02	2.00174018e-03
4.57500000e-02	3.12334927e-02	2.06764693e-03
4.60000000e-02	2.99562323e-02	1.88916487e-03
4.62500000e-02	2.94361240e-02	1.77259333e-03
4.65000000e-02	2.99693276e-02	1.95021259e-03
4.67500000e-02	3.02524268e-02	1.82218573e-03
4.70000000e-02	3.03340883e-02	1.81616233e-03
4.72500000e-02	3.00980846e-02	1.91135841e-03
4.75000000e-02	2.98462213e-02	1.85284840e-03
4.77500000e-02	2.86516643e-02	1.69559826e-03
4.80000000e-02	2.95819247e-02	1.71132864e-03
4.82500000e-02	2.81222816e-02	1.61025268e-03
4.85000000e-02	2.82957717e-02	1.67574501e-03
4.87500000e-02	2.86799926e-02	1.63073555e-03
4.90000000e-02	2.80834616e-02	1.57932265e-03
4.92500000e-02	2.83441804e-02	1.52714557e-03
4.95000000e-02	2.76177688e-02	1.54776204e-03
4.97500000e-02	2.86371833e-02	1.57347523e-03
5.00000000e-02	2.76954096e-02	1.44049971e-03
5.02500000e-02	2.78173538e-02	1.49781041e-03
5.05000000e-02	2.73006313e-02	1.39032069e-03
5.07500000e-02	2.76440543e-02	1.43116831e-03
5.10000000e-02	2.71344825e-02	1.38808776e-03
5.12500000e-02	2.70082669e-02	1.37122749e-03
5.15000000e-02	2.73721898e-02	1.37313851e-03
5.17500000e-02	2.74317237e-02	1.37109487e-03
5.20000000e-02	2.64994922e-02	1.27538193e-03
5.22500000e-02	2.63674201e-02	1.32299623e-03
5.25000000e-02	2.63662547e-02	1.27563084e-03
5.27500000e-02	2.60065501e-02	1.25906076e-03
5.30000000e-02	2.69162302e-02	1.25803039e-03
5.32500000e-02	2.64208490e-02	1.31199882e-03
5.35000000e-02	2.59043837e-02	1.20430453e-03
5.37500000e-02	2.64252099e-02	1.30743127e-03
5.40000000e-02	2.59583005e-02	1.24107157e-03
5.42500000e-02	2.58760244e-02	1.18703449e-03
5.45000000e-02	2.57110184e-02	1.18586157e-03
5.47500000e-02	2.57864851e-02	1.18101338e-03
5.50000000e-02	2.56581729e-02	1.13134589e-03
5.52500000e-02	2.52274221e-02	1.12288531e-03
5.55000000e-02	2.52548980e-02	1.09311022e-03
5.57500000e-02	2.49655798e-02	1.10161369e-03
5.60000000e-02	2.49061280e-02	1.09348537e-03
5.62500000e-02	2.48048726e-02	1.09951378e-03
5.65000000e-02	2.55142106e-02	1.11786677e-03
5.67500000e-02	2.49532901e-02	1.07282034e-03
5.70000000e-02	2.52022272e-02	1.07337303e-03
5.72500000e-02	2.41210726e-02	1.04693363e-03
5.75000000e-02	2.50872376e-02	1.05783997e-03
5.77500000e-02	2.50661007e-02	1.03422275e-03
5.80000000e-02	2.51491245e-02	1.04312604e-03
5.82500000e-02	2.36348745e-02	9.78813347e-04
5.85000000e-02	2.43402660e-02	1.02286407e-03
5.87500000e-02	2.42571946e-02	1.00980766e-03
5.90000000e-02	2.40507180e-02	9.93971233e-04
5.92500000e-02	2.44971235e-02	9.85135708e-04
5.95000000e-02	2.43660542e-02	9.91556678e-04
5.97500000e-02	2.35264534e-02	9.85545906e-04
6.00000000e-02	2.39026768e-02	9.67417401e-04
6.02500000e-02	2.44242259e-02	9.62510653e-04
6.05000000e-02	2.36074831e-02	9.58494142e-04
6.07500000e-02	2.36641645e-02	9.48755453e-04
6.10000000e-02	2.35693011e-02	9.54927378e-04
6.12500000e-02	2.37192600e-02	9.30311396e-04
6.15000000e-02	2.35594283e-02	9.32307531e-04
6.17500000e-02	2.37068022e-02	9.28560132e-04
6.20000000e-02	2.30325958e-02	9.23676842e-04
6.22500000e-02	2.28328619e-02	8.79799938e-04
6.25000000e-02	2.33565904e-02	9.09181802e-04
6.27500000e-02	2.40087372e-02	9.32162098e-04
6.30000000e-02	2.39202933e-02	9.13297901e-04
6.32500000e-02	2.31881726e-02	8.91829163e-04
6.35000000e-02	2.32079215e-02	8.92873413e-04
6.37500000e-02	2.23545353e-02	8.62197028e-04
6.40000000e-02	2.30739150e-02	8.71496515e-04
6.42500000e-02	2.24243917e-02	8.34856995e-04
6.45000000e-02	2.29391865e-02	8.76295491e-04
6.47500000e-02	2.28214158e-02	8.57379754e-04
6.50000000e-02	2.29769524e-02	8.53810374e-04
6.52500000e-02	2.27248748e-02	8.45930363e-04
6.55000000e-02	2.27559654e-02	8.55793102e-04
6.57500000e-02	2.32875280e-02	8.55082585e-04
6.60000000e-02	2.25352524e-02	8.38395665e-04
6.62500000e-02	2.28358808e-02	8.59246954e-04
6.65000000e-02	2.24147628e-02	8.20318962e-04
6.67500000e-02	2.29778679e-02	8.36311767e-04
6.70000000e-02	2.30449394e-02	8.39310292e-04
6.72500000e-02	2.24759075e-02	8.17393056e-04
6.75000000e-02	2.31299785e-02	8.34977674e-04
6.77500000e-02	2.26002978e-02	8.21822139e-04
6.80000000e-02	2.20866810e-02	8.21791478e-04
6.82500000e-02	2.29414393e-02	8.37011472e-04
6.85000000e-02	2.24706720e-02	8.26562062e-04
6.87500000e-02	2.27408062e-02	8.28662381e-04
6.90000000e-02	2.24675070e-02	8.03793931e-04
6.92500000e-02	2.23170788e-02	7.90974874e-04
6.95000000e-02	2.24180322e-02	8.05830833e-04
6.97500000e-02	2.16695225e-02	7.73488611e-04
7.00000000e-02	2.18592747e-02	7.76548455e-04
7.02500000e-02	2.21853016e-02	7.84609240e-04
7.05000000e-02	2.20922451e-02	7.75620424e-04
7.07500000e-02	2.21113827e-02	7.85808230e-04
7.10000000e-02	2.19172865e-02	7.76357969e-04
7.12500000e-02	2.18130287e-02	7.69457275e-04
7.15000000e-02	2.19242224e-02	7.72609610e-04
7.17500000e-02	2.19318681e-02	7.84971312e-04
7.20000000e-02	2.20118375e-02	7.77285500e-04
7.22500000e-02	2.16262851e-02	7.54687896e-04
7.25000000e-02	2.14220018e-02	7.47741981e-04
7.27500000e-02	2.20358530e-02	7.67877579e-04
7.30000000e-02	2.15250231e-02	7.50099359e-04
7.32500000e-02	2.09602197e-02	7.22303220e-04
7.35000000e-02	2.18245169e-02	7.50733945e-04
7.37500000e-02	2.18232548e-02	7.55640862e-04
7.40000000e-02	2.20922739e-02	7.62591211e-04
7.42500000e-02	2.16354815e-02	7.51907972e-04
7.45000000e-02	2.23385581e-02	7.57760598e-04
7.47500000e-02	2.13165733e-02	7.27712001e-04
7.50000000e-02	2.17996654e-02	7.48397018e-04
7.52500000e-02	2.14721899e-02	7.34436413e-04
7.55000000e-02	2.20798023e-02	7.47249698e-04
7.57500000e-02	2.16319932e-02	7.36945226e-04
7.60000000e-02	2.15801040e-02	7.36767574e-04
7.62500000e-02	2.09747775e-02	7.13161624e-04
7.65000000e-02	2.19464377e-02	7.47403404e-04
7.67500000e-02	2.17995589e-02	7.44818887e-04
7.70000000e-02	2.13740895e-02	7.19488408e-04
7.72500000e-02	2.10401566e-02	7.26049021e-04
7.75000000e-02	2.13219877e-02	7.42700044e-04
7.77500000e-02	2.12897949e-02	7.43079985e-04
7.80000000e-02	2.16562557e-02	7.52985509e-04
7.82500000e-02	2.14406272e-02	7.46240999e-04
7.85000000e-02	2.12784189e-02	7.50225374e-04
7.87500000e-02	2.12652384e-02	7.53595689e-04
7.90000000e-02	2.20347442e-02	7.83400490e-04
7.92500000e-02	2.09833723e-02	7.49555287e-04
7.95000000e-02	2.22616773e-02	7.92757355e-04
7.97500000e-02	2.07563967e-02	7.46707594e-04
8.00000000e-02	2.21513214e-02	7.93545728e-04
8.02500000e-02	2.12978959e-02	7.65652860e-04
8.05000000e-02	2.11426750e-02	7.59578263e-04
8.07500000e-02	2.16412472e-02	7.84512577e-04
8.10000000e-02	2.15231207e-02	7.72656134e-04
8.12500000e-02	2.15924851e-02	7.84789681e-04
8.15000000e-02	2.09163458e-02	7.57273263e-04
8.17500000e-02	2.13881277e-02	7.81373303e-04
8.20000000e-02	2.10899228e-02	7.69932695e-04
8.22500000e-02	2.16770992e-02	7.93980005e-04
8.25000000e-02	2.12047164e-02	7.68588834e-04
8.27500000e-02	2.13022898e-02	7.75289110e-04
8.30000000e-02	2.11928263e-02	7.82673767e-04
8.32500000e-02	2.11056306e-02	7.73427156e-04
8.35000000e-02	2.05620704e-02	7.59948236e-04
8.37500000e-02	2.05543893e-02	7.49607710e-04
8.40000000e-02	2.11916008e-02	7.77665501e-04
8.42500000e-02	2.05425484e-02	7.70316658e-04
8.45000000e-02	2.11494508e-02	7.84616941e-04
8.47500000e-02	2.14538307e-02	7.89825510e-04
8.50000000e-02	2.12294495e-02	7.80288188e-04
8.52500000e-02	2.11944652e-02	7.84238710e-04
8.55000000e-02	2.12758689e-02	7.84465759e-04
8.57500000e-02	2.11492154e-02	7.83069145e-04
8.60000000e-02	2.13940764e-02	8.08302400e-04
8.62500000e-02	2.00011094e-02	7.43276853e-04
8.65000000e-02	2.07658534e-02	7.66369962e-04
8.67500000e-02	2.12432463e-02	7.78207652e-04
8.70000000e-02	2.04807329e-02	7.45544235e-04
8.72500000e-02	2.12978582e-02	7.53335399e-04
8.75000000e-02	2.07661475e-02	7.38797366e-04
8.77500000e-02	2.07704383e-02	7.28747947e-04
8.80000000e-02	2.05700883e-02	7.24139476e-04
8.82500000e-02	2.11385083e-02	7.41197679e-04
8.85000000e-02	2.13778618e-02	7.49153813e-04
8.87500000e-02	2.11370634e-02	7.25781396e-04
8.90000000e-02	2.12642053e-02	7.29119836e-04
8.92500000e-02	2.05057143e-02	7.04940225e-04
8.95000000e-02	2.16532875e-02	7.39024047e-04
8.97500000e-02	2.09080882e-02	7.07878091e-04
9.00000000e-02	2.04195117e-02	6.90692565e-04
9.02500000e-02	2.02189375e-02	6.94619657e-04
9.05000000e-02	2.06008964e-02	6.96495228e-04
9.07500000e-02	2.06217025e-02	6.91629398e-04
9.10000000e-02	2.06048017e-02	6.91272515e-04
9.12500000e-02	2.04494021e-02	6.85735452e-04
9.15000000e-02	2.04897935e-02	6.85193700e-04
9.17500000e-02	2.09472588e-02	7.01098832e-04
9.20000000e-02	2.11294818e-02	6.98292600e-04
9.22500000e-02	2.04062198e-02	6.77034898e-04
9.25000000e-02	2.09464042e-02	6.92758862e-04
9.27500000e-02	2.05443326e-02	6.82104318e-04
9.30000000e-02	2.04412242e-02	6.75492198e-04
9.32500000e-02	2.06184318e-02	6.82000278e-04
9.35000000e-02	2.08964645e-02	6.82985051e-04
9.37500000e-02	2.14194656e-02	6.95043413e-04
9.40000000e-02	2.08557473e-02	6.91533071e-04
9.42500000e-02	2.06678286e-02	6.73211965e-04
9.45000000e-02	2.05469795e-02	6.70009183e-04
9.47500000e-02	2.04586041e-02	6.74133960e-04
9.50000000e-02	2.09821347e-02	6.84934984e-04
9.52500000e-02	2.08666008e-02	6.77577769e-04
9.55000000e-02	2.06511029e-02	6.70600499e-04
9.57500000e-02	2.07837456e-02	6.75048224e-04
9.60000000e-02	2.04018367e-02	6.58165864e-04
9.62500000e-02	2.07996885e-02	6.78462413e-04
9.65000000e-02	2.02128721e-02	6.51016279e-04
9.67500000e-02	2.06390783e-02	6.59756697e-04
9.70000000e-02	2.05367308e-02	6.58051487e-04
9.72500000e-02	2.07141616e-02	6.63849276e-04
9.75000000e-02	2.06791175e-02	6.59338717e-04
9.77500000e-02	2.03427151e-02	6.48612484e-04
9.80000000e-02	2.07933691e-02	6.59332177e-04
9.82500000e-02	1.97283542e-02	6.27956211e-04
9.85000000e-02	2.04153227e-02	6.54319644e-04
9.87500000e-02	2.06432837e-02	6.50446488e-04
9.90000000e-02	2.04812863e-02	6.49151325e-04
9.92500000e-02	2.04472462e-02	6.52653887e-04
9.95000000e-02	2.06218820e-02	6.47929226e-04
9.97500000e-02	1.99203671e-02	6.28289640e-04
1.00000000e-01	1.98428677e-02	5.09469651e-04
1.00500000e-01	2.02958701e-02	4.51996224e-04
1.01000000e-01	2.07623107e-02	4.59450621e-04
1.01500000e-01	2.03158259e-02	4.49405695e-04
1.02000000e-01	2.05320420e-02	4.51343783e-04
1.02500000e-01	2.06282014e-02	4.50294817e-04
1.03000000e-01	2.02901997e-02	4.42990412e-04
1.03500000e-01	2.02285223e-02	4.41469005e-04
1.04000000e-01	2.00547653e-02	4.36850950e-04
1.04500000e-01	2.01543663e-02	4.38233262e-04
1.05000000e-01	2.00998157e-02	4.34883841e-04
1.05500000e-01	1.99992466e-02	4.32682549e-04
1.06000000e-01	2.00896953e-02	4.32113035e-04
1.06500000e-01	2.02564568e-02	4.32523341e-04
1.07000000e-01	2.01254159e-02	4.36293605e-04
1.07500000e-01	2.03326024e-02	4.48959619e-04
1.08000000e-01	2.01966070e-02	4.50833475e-04
1.08500000e-01	2.02222147e-02	4.54825239e-04
1.09000000e-01	2.02028301e-02	4.58944490e-04
1.09500000e-01	2.03338302e-02	4.62476170e-04
1.10000000e-01	2.00585263e-02	4.51651395e-04
1.10500000e-01	1.98915436e-02	4.37856940e-04
1.11000000e-01	2.00398000e-02	4.31170582e-04
1.11500000e-01	2.01222055e-02	4.32156863e-04
1.12000000e-01	2.03877947e-02	4.34900063e-04
1.12500000e-01	1.99822466e-02	4.25222197e-04
1.13000000e-01	2.03256016e-02	4.29351327e-04
1.13500000e-01	2.00282331e-02	4.23942910e-04
1.14000000e-01	2.01856229e-02	4.22531212e-04
1.14500000e-01	1.98241082e-02	4.14565456e-04
1.15000000e-01	2.01459209e-02	4.19202048e-04
1.15500000e-01	2.01497353e-02	4.19635991e-04
1.16000000e-01	2.01672939e-02	4.17871225e-04
1.16500000e-01	2.00876623e-02	4.15952675e-04
1.17000000e-01	1.99831002e-02	4.14736285e-04
1.17500000e-01	2.02505151e-02	4.15680771e-04
1.18000000e-01	1.99949021e-02	4.13295833e-04
1.18500000e-01	2.03118217e-02	4.15581416e-04
1.19000000e-01	2.02217619e-02	4.12862965e-04
1.19500000e-01	2.01269408e-02	4.09997443e-04
1.20000000e-01	2.02561747e-02	4.13027292e-04
1.20500000e-01	1.97374302e-02	4.02418453e-04
1.21000000e-01	2.03083883e-02	4.10321027e-04
1.21500000e-01	2.03960476e-02	4.11832566e-04
1.22000000e-01	1.99174258e-02	4.02654741e-04
1.22500000e-01	2.04198067e-02	4.10000151e-04
1.23000000e-01	2.02576239e-02	4.06346556e-04
1.23500000e-01	2.04730405e-02	4.09190645e-04
1.24000000e-01	2.01104073e-02	4.01837624e-04
1.24500000e-01	2.00294284e-02	4.00599950e-04
1.25000000e-01	2.03194304e-02	4.03330146e-04
1.25500000e-01	1.99866769e-02	3.97017278e-04
1.26000000e-01	2.03887192e-02	4.04778460e-04
1.26500000e-01	2.00677581e-02	3.99170746e-04
1.27000000e-01	2.05256713e-02	4.06998359e-04
1.27500000e-01	2.02652774e-02	3.99804910e-04
1.28000000e-01	2.00142738e-02	3.95987733e-04
1.28500000e-01	2.00201015e-02	3.92108035e-04
1.29000000e-01	2.02435127e-02	3.97229439e-04
1.29500000e-01	2.03780349e-02	3.98455692e-04
1.30000000e-01	1.99193571e-02	3.88188567e-04
1.30500000e-01	1.99830739e-02	3.89100663e-04
1.31000000e-01	2.00010497e-02	3.89053924e-04
1.31500000e-01	2.00926060e-02	3.87927987e-04
1.32000000e-01	2.02636839e-02	3.92822744e-04
1.32500000e-01	2.00095653e-02	3.87015094e-04
1.33000000e-01	2.01425468e-02	3.86837164e-04
1.33500000e-01	2.01617255e-02	3.85797521e-04
1.34000000e-01	1.99812742e-02	3.83942866e-04
1.34500000e-01	2.00230124e-02	3.80585867e-04
1.35000000e-01	2.00286489e-02	3.80461156e-04
1.35500000e-01	1.99120680e-02	3.76657929e-04
1.36000000e-01	2.00706750e-02	3.80196565e-04
1.36500000e-01	1.98921265e-02	3.77668973e-04
1.37000000e-01	2.01309630e-02	3.78447304e-04
1.37500000e-01	2.02604816e-02	3.80021093e-04
1.38000000e-01	2.03291166e-02	3.83674242e-04
1.38500000e-01	2.01633227e-02	3.79416193e-04
1.39000000e-01	1.98709306e-02	3.75013916e-04
1.39500000e-01	1.98519753e-02	3.72895699e-04
1.40000000e-01	2.00955252e-02	3.76998577e-04
1.40500000e-01	2.01044282e-02	3.75690663e-04
1.41000000e-01	1.98152443e-02	3.72699482e-04
1.41500000e-01	2.03939938e-02	3.81777170e-04
1.42000000e-01	1.95226337e-02	3.63648052e-04
1.42500000e-01	1.98842570e-02	3.71017909e-04
1.43000000e-01	1.97573423e-02	3.67892310e-04
1.43500000e-01	1.96670850e-02	3.66665757e-04
1.44000000e-01	1.99196974e-02	3.70546685e-04
1.44500000e-01	1.96583551e-02	3.63108465e-04
1.45000000e-01	1.95085340e-02	3.61438979e-04
1.45500000e-01	1.98540877e-02	3.66796031e-04
1.46000000e-01	1.98963664e-02	3.66549992e-04
1.46500000e-01	1.94568961e-02	3.58218538e-04
1.47000000e-01	1.98834082e-02	3.66015825e-04
1.47500000e-01	1.96716234e-02	3.61540996e-04
1.48000000e-01	1.97362126e-02	3.59703668e-04
1.48500000e-01	1.98274041e-02	3.62117926e-04
1.49000000e-01	1.95207240e-02	3.56889657e-04
1.49500000e-01	1.97994774e-02	3.61811568e-04
1.50000000e-01	2.00521673e-02	3.63234921e-04
1.50500000e-01	1.98800811e-02	3.61504469e-04
1.51000000e-01	1.96929167e-02	3.56660857e-04
1.51500000e-01	1.98110644e-02	3.56639487e-04
1.52000000e-01	1.98704065e-02	3.56928715e-04
1.52500000e-01	1.98519774e-02	3.57079349e-04
1.53000000e-01	1.94689931e-02	3.49240601e-04
1.53500000e-01	1.98443352e-02	3.54717276e-04
1.54000000e-01	1.98869678e-02	3.54101806e-04
1.54500000e-01	1.94628186e-02	3.54148121e-04
1.55000000e-01	1.94801647e-02	3.62305695e-04
1.55500000e-01	1.95766397e-02	3.65637269e-04
1.56000000e-01	1.96748448e-02	3.67306735e-04
1.56500000e-01	1.94857756e-02	3.63684680e-04
1.57000000e-01	1.94216591e-02	3.63122204e-04
1.57500000e-01	1.95351334e-02	3.59211354e-04
1.58000000e-01	1.95826139e-02	3.54039972e-04
1.58500000e-01	1.93105958e-02	3.47356811e-04
1.59000000e-01	1.94220688e-02	3.46719608e-04
1.59500000e-01	1.91957762e-02	3.43365366e-04
1.60000000e-01	1.90912553e-02	3.42092160e-04
1.60500000e-01	1.96035640e-02	3.47305443e-04
1.61000000e-01	1.95601606e-02	3.47774470e-04
1.61500000e-01	1.92590067e-02	3.41792813e-04
1.62000000e-01	1.91765800e-02	3.38912390e-04
1.62500000e-01	1.95657430e-02	3.45911447e-04
1.63000000e-01	1.92935243e-02	3.39534851e-04
1.63500000e-01	1.96213083e-02	3.47113664e-04
1.64000000e-01	1.94008808e-02	3.40969681e-04
1.64500000e-01	1.94274722e-02	3.41530147e-04
1.65000000e-01	1.92119570e-02	3.35764672e-04
1.65500000e-01	1.90418714e-02	3.32819360e-04
1.66000000e-01	1.93754647e-02	3.38806778e-04
1.66500000e-01	1.92786462e-02	3.36728214e-04
1.67000000e-01	1.93180591e-02	3.37645962e-04
1.67500000e-01	1.94726326e-02	3.39438399e-04
1.68000000e-01	1.91283718e-02	3.32151990e-04
1.68500000e-01	1.91371902e-02	3.31873624e-04
1.69000000e-01	1.93074686e-02	3.35228146e-04
1.69500000e-01	1.92870649e-02	3.32348862e-04
1.70000000e-01	1.90594936e-02	3.29196046e-04
1.70500000e-01	1.90484795e-02	3.27844455e-04
1.71000000e-01	1.94003370e-02	3.33560740e-04
1.71500000e-01	1.90423279e-02	3.27106893e-04
1.72000000e-01	1.92610188e-02	3.30318278e-04
1.72500000e-01	1.93296316e-02	3.31373452e-04
1.73000000e-01	1.88919302e-02	3.23447538e-04
1.73500000e-01	1.88801059e-02	3.22045784e-04
1.74000000e-01	1.90932586e-02	3.24706226e-04
1.74500000e-01	1.92204623e-02	3.25619878e-04
1.75000000e-01	1.93695323e-02	3.26428073e-04
1.75500000e-01	1.93178676e-02	3.24408821e-04
1.76000000e-01	1.89189494e-02	3.19000001e-04
1.76500000e-01	1.92097161e-02	3.24883337e-04
1.77000000e-01	1.91301603e-02	3.21992429e-04
1.77500000e-01	1.90381431e-02	3.19841274e-04
1.78000000e-01	1.89969230e-02	3.19007850e-04
1.78500000e-01	1.91420194e-02	3.21374239e-04
1.79000000e-01	1.92193287e-02	3.20855529e-04
1.79500000e-01	1.86631814e-02	3.13272577e-04
1.80000000e-01	1.90294639e-02	3.17751772e-04
1.80500000e-01	1.91457412e-02	3.20227202e-04
1.81000000e-01	1.88544158e-02	3.16575482e-04
1.81500000e-01	1.90731953e-02	3.17558948e-04
1.82000000e-01	1.88376439e-02	3.14932166e-04
1.82500000e-01	1.89043282e-02	3.13974725e-04
1.83000000e-01	1.90421480e-02	3.15490116e-04
1.83500000e-01	1.87675339e-02	3.12854693e-04
1.84000000e-01	1.91422605e-02	3.16773128e-04
1.84500000e-01	1.87608131e-02	3.11887381e-04
1.85000000e-01	1.91034917e-02	3.16475065e-04
1.85500000e-01	1.86444866e-02	3.07709515e-04
1.86000000e-01	1.88431405e-02	3.11222672e-04
1.86500000e-01	1.90754009e-02	3.13201855e-04
1.87000000e-01	1.88125565e-02	3.09254453e-04
1.87500000e-01	1.87672702e-02	3.09057465e-04
1.88000000e-01	1.86788374e-02	3.07383317e-04
1.88500000e-01	1.86423867e-02	3.06511375e-04
1.89000000e-01	1.86376960e-02	3.04897568e-04
1.89500000e-01	1.86396428e-02	3.04861647e-04
1.90000000e-01	1.86892412e-02	3.05589207e-04
1.90500000e-01	1.86951452e-02	3.04459467e-04
1.91000000e-01	1.86496869e-02	3.02425347e-04
1.91500000e-01	1.88425319e-02	3.07491676e-04
1.92000000e-01	1.86320489e-02	3.02112386e-04
1.92500000e-01	1.86450325e-02	3.02469828e-04
1.93000000e-01	1.88091146e-02	3.06004379e-04
1.93500000e-01	1.87589360e-02	3.02372565e-04
1.94000000e-01	1.81061873e-02	2.92892541e-04
1.94500000e-01	1.85320360e-02	2.99715961e-04
1.95000000e-01	1.89052857e-02	3.05601254e-04
1.95500000e-01	1.82394104e-02	2.93582631e-04
1.96000000e-01	1.86027156e-02	2.99656996e-04
1.96500000e-01	1.86523457e-02	2.99708822e-04
1.97000000e-01	1.86416909e-02	2.98354191e-04
1.97500000e-01	1.84506959e-02	2.95354271e-04
1.98000000e-01	1.85259527e-02	2.97184760e-04
1.98500000e-01	1.85735016e-02	2.96383593e-04
1.99000000e-01	1.85370302e-02	2.96675501e-04
1.99500000e-01	1.86379551e-02	2.97415757e-04
2.00000000e-01	1.86705319e-02	2.96987241e-04
2.00500000e-01	1.85748093e-02	2.95304095e-04
2.01000000e-01	1.84767146e-02	2.92904718e-04
2.01500000e-01	1.86997704e-02	2.96553690e-04
2.02000000e-01	1.83738332e-02	2.91911204e-04
2.02500000e-01	1.86221761e-02	2.94123075e-04
2.03000000e-01	1.88960984e-02	2.97898865e-04
2.03500000e-01	1.85435742e-02	2.93899382e-04
2.04000000e-01	1.86108454e-02	2.93113129e-04
2.04500000e-01	1.85421408e-02	2.93106829e-04
2.05000000e-01	1.82634883e-02	2.88737762e-04
2.05500000e-01	1.86188258e-02	2.93060976e-04
2.06000000e-01	1.83128959e-02	2.87736902e-04
2.06500000e-01	1.83931966e-02	2.89270665e-04
2.07000000e-01	1.86218000e-02	2.90801727e-04
2.07500000e-01	1.84208633e-02	2.88412198e-04
2.08000000e-01	1.83716656e-02	2.88045647e-04
2.08500000e-01	1.83551151e-02	2.85261965e-04
2.09000000e-01	1.83673188e-02	2.86934645e-04
2.09500000e-01	1.82089177e-02	2.84542644e-04
2.10000000e-01	1.84830107e-02	2.87718249e-04
2.10500000e-01	1.86138820e-02	2.89533323e-04
2.11000000e-01	1.85051482e-02	2.87403045e-04
2.11500000e-01	1.84349675e-02	2.85927802e-04
2.12000000e-01	1.84076676e-02	2.84445012e-04
2.12500000e-01	1.82650918e-02	2.83832688e-04
2.13000000e-01	1.81800778e-02	2.80825489e-04
2.13500000e-01	1.82203837e-02	2.81322464e-04
2.14000000e-01	1.83562198e-02	2.82879522e-04
2.14500000e-01	1.85903448e-02	2.85068732e-04
2.15000000e-01	1.83965582e-02	2.84183924e-04
2.15500000e-01	1.82971510e-02	2.79712769e-04
2.16000000e-01	1.83548945e-02	2.82109390e-04
2.16500000e-01	1.82705305e-02	2.81046435e-04
2.17000000e-01	1.83485312e-02	2.84290033e-04
2.17500000e-01	1.80574154e-02	2.85673296e-04
2.18000000e-01	1.83848426e-02	2.90780732e-04
2.18500000e-01	1.83243209e-02	2.92602540e-04
2.19000000e-01	1.81840436e-02	2.90560930e-04
2.19500000e-01	1.81842178e-02	2.91285562e-04
2.20000000e-01	1.83858661e-02	2.95375446e-04
2.20500000e-01	1.81422652e-02	2.94821857e-04
2.21000000e-01	1.84366834e-02	2.97982842e-04
2.21500000e-01	1.81645121e-02	2.95845242e-04
2.22000000e-01	1.82158223e-02	2.95695532e-04
2.22500000e-01	1.81292450e-02	2.95578381e-04
2.23000000e-01	1.83692687e-02	3.00719052e-04
2.23500000e-01	1.82832176e-02	2.99176628e-04
2.24000000e-01	1.82974360e-02	3.01586518e-04
2.24500000e-01	1.82048414e-02	3.00412716e-04
2.25000000e-01	1.79379134e-02	2.97404637e-04
2.25500000e-01	1.80604202e-02	2.98845795e-04
2.26000000e-01	1.82472291e-02	3.02642092e-04
2.26500000e-01	1.81516335e-02	2.96718734e-04
2.27000000e-01	1.81496595e-02	2.93777594e-04
2.27500000e-01	1.80797070e-02	2.90196368e-04
2.28000000e-01	1.83716779e-02	2.92624662e-04
2.28500000e-01	1.82437560e-02	2.89689217e-04
2.29000000e-01	1.83661537e-02	2.89951094e-04
2.29500000e-01	1.80406627e-02	2.84849301e-04
2.30000000e-01	1.81263448e-02	2.85017048e-04
2.30500000e-01	1.81689888e-02	2.84178894e-04
2.31000000e-01	1.78370021e-02	2.78322992e-04
2.31500000e-01	1.81411563e-02	2.82555572e-04
2.32000000e-01	1.83847271e-02	2.85118972e-04
2.32500000e-01	1.82598985e-02	2.84909710e-04
2.33000000e-01	1.79127803e-02	2.76998883e-04
2.33500000e-01	1.79680642e-02	2.76565501e-04
2.34000000e-01	1.79660368e-02	2.76259391e-04
2.34500000e-01	1.78389996e-02	2.75261113e-04
2.35000000e-01	1.80949424e-02	2.77919729e-04
2.35500000e-01	1.80647226e-02	2.76163512e-04
2.36000000e-01	1.81715806e-02	2.77334630e-04
2.36500000e-01	1.81111432e-02	2.76569353e-04
2.37000000e-01	1.79604497e-02	2.73955635e-04
2.37500000e-01	1.81150188e-02	2.76482713e-04
2.38000000e-01	1.79119544e-02	2.70829945e-04
2.38500000e-01	1.80193675e-02	2.73657349e-04
2.39000000e-01	1.83770610e-02	2.77383890e-04
2.39500000e-01	1.77215275e-02	2.68717679e-04
2.40000000e-01	1.79309382e-02	2.69932916e-04
2.40500000e-01	1.80056391e-02	2.71757313e-04
2.41000000e-01	1.80420432e-02	2.71860488e-04
2.41500000e-01	1.79380463e-02	2.69045485e-04
2.42000000e-01	1.80142991e-02	2.70114021e-04
2.42500000e-01	1.79836074e-02	2.68793300e-04
2.43000000e-01	1.79545812e-02	2.67718966e-04
2.43500000e-01	1.79416975e-02	2.65969747e-04
2.44000000e-01	1.78104997e-02	2.65824606e-04
2.44500000e-01	1.79446415e-02	2.67236160e-04
2.45000000e-01	1.77525795e-02	2.64040058e-04
2.45500000e-01	1.78573982e-02	2.64469938e-04
2.46000000e-01	1.76535291e-02	2.62309841e-04
2.46500000e-01	1.77962148e-02	2.63708759e-04
2.47000000e-01	1.79654992e-02	2.66109281e-04
2.47500000e-01	1.76631809e-02	2.61808826e-04
2.48000000e-01	1.79080982e-02	2.64642001e-04
2.48500000e-01	1.78991796e-02	2.63555008e-04
2.49000000e-01	1.78928513e-02	2.62193503e-04
2.49500000e-01	1.79254063e-02	2.63965266e-04
2.50000000e-01	1.77747689e-02	2.60345453e-04
2.50500000e-01	1.75751275e-02	2.59535368e-04
2.51000000e-01	1.74928196e-02	2.57001725e-04
2.51500000e-01	1.78444409e-02	2.62408909e-04
2.52000000e-01	1.77557900e-02	2.59251120e-04
2.52500000e-01	1.77702127e-02	2.59766955e-04
2.53000000e-01	1.78607188e-02	2.61311223e-04
2.53500000e-01	1.77138670e-02	2.58990643e-04
2.54000000e-01	1.77590201e-02	2.58764330e-04
2.54500000e-01	1.79980128e-02	2.61732511e-04
2.55000000e-01	1.74527053e-02	2.54041436e-04
2.55500000e-01	1.73831588e-02	2.52391257e-04
2.56000000e-01	1.76102321e-02	2.55453343e-04
2.56500000e-01	1.76655200e-02	2.56339542e-04
2.57000000e-01	1.77971338e-02	2.57063121e-04
2.57500000e-01	1.76389415e-02	2.56170400e-04
2.58000000e-01	1.76714984e-02	2.55108247e-04
2.58500000e-01	1.77214690e-02	2.55397244e-04
2.59000000e-01	1.75042704e-02	2.53156532e-04
2.59500000e-01	1.75962456e-02	2.53182061e-04
2.60000000e-01	1.75282586e-02	2.52568936e-04
2.60500000e-01	1.77060802e-02	2.54576639e-04
2.61000000e-01	1.75443048e-02	2.51198947e-04
2.61500000e-01	1.76661970e-02	2.53661035e-04
2.62000000e-01	1.74630531e-02	2.49923862e-04
2.62500000e-01	1.74815129e-02	2.51197986e-04
2.63000000e-01	1.75019923e-02	2.50314904e-04
2.63500000e-01	1.75538635e-02	2.50338471e-04
2.64000000e-01	1.76463082e-02	2.51637561e-04
2.64500000e-01	1.75528521e-02	2.50055584e-04
2.65000000e-01	1.72846478e-02	2.47012269e-04
2.65500000e-01	1.75301297e-02	2.49568649e-04
2.66000000e-01	1.73791294e-02	2.46717095e-04
2.66500000e-01	1.74285688e-02	2.47310852e-04
2.67000000e-01	1.74022834e-02	2.47108025e-04
2.67500000e-01	1.73800160e-02	2.45515384e-04
2.68000000e-01	1.72944295e-02	2.44033672e-04
2.68500000e-01	1.73840984e-02	2.45735623e-04
2.69000000e-01	1.72845035e-02	2.43773830e-04
2.69500000e-01	1.74307964e-02	2.44916358e-04
2.70000000e-01	1.74617980e-02	2.44484944e-04
2.70500000e-01	1.74938512e-02	2.45879156e-04
2.71000000e-01	1.76496498e-02	2.47629150e-04
2.71500000e-01	1.74857428e-02	2.45500329e-04
2.72000000e-01	1.76357659e-02	2.46023026e-04
2.72500000e-01	1.73677908e-02	2.43398589e-04
2.73000000e-01	1.72954679e-02	2.42796694e-04
2.73500000e-01	1.74175362e-02	2.42712040e-04
2.74000000e-01	1.72795508e-02	2.41214881e-04
2.74500000e-01	1.72978845e-02	2.41820584e-04
2.75000000e-01	1.73593978e-02	2.41809982e-04
2.75500000e-01	1.74923708e-02	2.43632415e-04
2.76000000e-01	1.73056531e-02	2.40387751e-04
2.76500000e-01	1.74844097e-02	2.43233066e-04
2.77000000e-01	1.73322654e-02	2.40972536e-04
2.77500000e-01	1.73321345e-02	2.41091568e-04
2.78000000e-01	1.74140650e-02	2.41045376e-04
2.78500000e-01	1.72729031e-02	2.39809863e-04
2.79000000e-01	1.73421381e-02	2.40329545e-04
2.79500000e-01	1.72938039e-02	2.39007339e-04
2.80000000e-01	1.71274112e-02	2.37714909e-04
2.80500000e-01	1.74877092e-02	2.40438530e-04
2.81000000e-01	1.71040734e-02	2.36450069e-04
2.81500000e-01	1.71143775e-02	2.36172574e-04
2.82000000e-01	1.73744993e-02	2.39804912e-04
2.82500000e-01	1.72987813e-02	2.38931177e-04
2.83000000e-01	1.74523619e-02	2.40113851e-04
2.83500000e-01	1.72795587e-02	2.36889743e-04
2.84000000e-01	1.73147025e-02	2.37495497e-04
2.84500000e-01	1.71233052e-02	2.35168019e-04
2.85000000e-01	1.70373174e-02	2.33507264e-04
2.85500000e-01	1.69995802e-02	2.32203815e-04
2.86000000e-01	1.71491729e-02	2.34809099e-04
2.86500000e-01	1.73604736e-02	2.35987382e-04
2.87000000e-01	1.72227885e-02	2.35110696e-04
2.87500000e-01	1.70872621e-02	2.32247256e-04
2.88000000e-01	1.72090591e-02	2.33810830e-04
2.88500000e-01	1.70175343e-02	2.32385471e-04
2.89000000e-01	1.70399156e-02	2.31672332e-04
2.89500000e-01	1.71738663e-02	2.33372567e-04
2.90000000e-01	1.70171183e-02	2.31499918e-04
2.90500000e-01	1.68243551e-02	2.28122752e-04
2.91000000e-01	1.70604323e-02	2.30932682e-04
2.91500000e-01	1.71801576e-02	2.31288648e-04
2.92000000e-01	1.70226119e-02	2.30288773e-04
2.92500000e-01	1.70213959e-02	2.29753144e-04
2.93000000e-01	1.70517576e-02	2.30042726e-04
2.93500000e-01	1.69519254e-02	2.29501333e-04
2.94000000e-01	1.70157141e-02	2.29018140e-04
2.94500000e-01	1.71251599e-02	2.30616441e-04
2.95000000e-01	1.70658301e-02	2.29658454e-04
2.95500000e-01	1.70787276e-02	2.29228164e-04
2.96000000e-01	1.69587889e-02	2.27334779e-04
2.96500000e-01	1.68972404e-02	2.26855580e-04
2.97000000e-01	1.71470139e-02	2.29790616e-04
2.97500000e-01	1.69626658e-02	2.26710362e-04
2.98000000e-01	1.69389791e-02	2.27630613e-04
2.98500000e-01	1.70672341e-02	2.29012695e-04
2.99000000e-01	1.70925554e-02	2.28048757e-04
2.99500000e-01	1.69542198e-02	2.26558698e-04
3.00000000e-01	1.70032164e-02	2.26473015e-04
3.00500000e-01	1.70423693e-02	2.27203188e-04
3.01000000e-01	1.68067553e-02	2.23793605e-04
3.01500000e-01	1.70716795e-02	2.26679567e-04
3.02000000e-01	1.69524019e-02	2.25290005e-04
3.02500000e-01	1.70674952e-02	2.26644726e-04
3.03000000e-01	1.68930157e-02	2.24510272e-04
3.03500000e-01	1.68205311e-02	2.22366439e-04
3.04000000e-01	1.68203288e-02	2.23731401e-04
3.04500000e-01	1.69799623e-02	2.24705618e-04
3.05000000e-01	1.69150637e-02	2.23941633e-04
3.05500000e-01	1.68009236e-02	2.22753010e-04
3.06000000e-01	1.68504709e-02	2.21822527e-04
3.06500000e-01	1.68989247e-02	2.23607841e-04
3.07000000e-01	1.69077513e-02	2.22979003e-04
3.07500000e-01	1.68321305e-02	2.21402977e-04
3.08000000e-01	1.68404590e-02	2.22436533e-04
3.08500000e-01	1.69584082e-02	2.22627909e-04
3.09000000e-01	1.69084089e-02	2.21713743e-04
3.09500000e-01	1.67585609e-02	2.20264627e-04
3.10000000e-01	1.68189877e-02	2.20903529e-04
3.10500000e-01	1.66170010e-02	2.18695574e-04
3.11000000e-01	1.67991617e-02	2.20293967e-04
3.11500000e-01	1.68260259e-02	2.20096470e-04
3.12000000e-01	1.69744912e-02	2.21966970e-04
3.12500000e-01	1.66697628e-02	2.17827103e-04
3.13000000e-01	1.67078635e-02	2.19750748e-04
3.13500000e-01	1.66414055e-02	2.17743770e-04
3.14000000e-01	1.67184337e-02	2.18471878e-04
3.14500000e-01	1.67483084e-02	2.18079681e-04
3.15000000e-01	1.67333316e-02	2.17968370e-04
3.15500000e-01	1.65424721e-02	2.15542286e-04
3.16000000e-01	1.66740446e-02	2.17423384e-04
3.16500000e-01	1.68991817e-02	2.18555014e-04
3.17000000e-01	1.66626941e-02	2.16659940e-04
3.17500000e-01	1.66864961e-02	2.17094029e-04
3.18000000e-01	1.66404462e-02	2.15463147e-04
3.18500000e-01	1.64862396e-02	2.13636149e-04
3.19000000e-01	1.65890989e-02	2.14723859e-04
3.19500000e-01	1.67622922e-02	2.16873523e-04
3.20000000e-01	1.66780159e-02	2.16143981e-04
3.20500000e-01	1.66287221e-02	2.15070724e-04
3.21000000e-01	1.66337485e-02	2.14567913e-04
3.21500000e-01	1.67090584e-02	2.15949733e-04
3.22000000e-01	1.65076114e-02	2.13406167e-04
3.22500000e-01	1.65531568e-02	2.13937828e-04
3.23000000e-01	1.65905376e-02	2.13362684e-04
3.23500000e-01	1.64562508e-02	2.12318038e-04
3.24000000e-01	1.65485257e-02	2.12393470e-04
3.24500000e-01	1.65877518e-02	2.13656854e-04
3.25000000e-01	1.64268886e-02	2.09814190e-04
3.25500000e-01	1.66298921e-02	2.13122168e-04
3.26000000e-01	1.66453473e-02	2.13357056e-04
3.26500000e-01	1.65175796e-02	2.10567356e-04
3.27000000e-01	1.65042268e-02	2.11443800e-04
3.27500000e-01	1.64128649e-02	2.09908568e-04
3.28000000e-01	1.63475719e-02	2.09722541e-04
3.28500000e-01	1.63620474e-02	2.09028713e-04
3.29000000e-01	1.63681016e-02	2.09486399e-04
3.29500000e-01	1.63583356e-02	2.09316573e-04
3.30000000e-01	1.62037397e-02	2.06096850e-04
3.30500000e-01	1.64139423e-02	2.09546431e-04
3.31000000e-01	1.62875401e-02	2.07248296e-04
3.31500000e-01	1.63289285e-02	2.07016538e-04
3.32000000e-01	1.62672972e-02	2.07212380e-04
3.32500000e-01	1.62830426e-02	2.06995468e-04
3.33000000e-01	1.65345133e-02	2.10429239e-04
3.33500000e-01	1.64766889e-02	2.08485329e-04
3.34000000e-01	1.63438877e-02	2.06605720e-04
3.34500000e-01	1.63739720e-02	2.06721326e-04
3.35000000e-01	1.62288047e-02	2.05231729e-04
3.35500000e-01	1.63598996e-02	2.07070425e-04
3.36000000e-01	1.63976589e-02	2.07542998e-04
3.36500000e-01	1.62550535e-02	2.05621123e-04
3.37000000e-01	1.61261898e-02	2.03771992e-04
3.37500000e-01	1.63659452e-02	2.05715564e-04
3.38000000e-01	1.61627502e-02	2.04119113e-04
3.38500000e-01	1.63109901e-02	2.05004473e-04
3.39000000e-01	1.63750331e-02	2.06120804e-04
3.39500000e-01	1.62600333e-02	2.03900259e-04
3.40000000e-01	1.61185800e-02	2.03151926e-04
3.40500000e-01	1.64244361e-02	2.06034907e-04
3.41000000e-01	1.62829979e-02	2.03703782e-04
3.41500000e-01	1.63313452e-02	2.04911189e-04
3.42000000e-01	1.63469828e-02	2.04219119e-04
3.42500000e-01	1.60424664e-02	2.01316614e-04
3.43000000e-01	1.61421774e-02	2.01826576e-04
3.43500000e-01	1.61960706e-02	2.01911620e-04
3.44000000e-01	1.63149166e-02	2.03789696e-04
3.44500000e-01	1.63426759e-02	2.03678138e-04
3.45000000e-01	1.61433835e-02	2.01850366e-04
3.45500000e-01	1.60810443e-02	2.00442069e-04
3.46000000e-01	1.61518638e-02	2.01821869e-04
3.46500000e-01	1.61909821e-02	2.01769151e-04
3.47000000e-01	1.61757434e-02	2.00616882e-04
3.47500000e-01	1.60176927e-02	1.98998850e-04
3.48000000e-01	1.60588250e-02	1.98970555e-04
3.48500000e-01	1.61932274e-02	2.00845442e-04
3.49000000e-01	1.61103504e-02	2.00548802e-04
3.49500000e-01	1.60370318e-02	1.99357745e-04
3.50000000e-01	1.59434643e-02	1.61271150e-04
3.51000000e-01	1.60120727e-02	1.39951191e-04
3.52000000e-01	1.60093092e-02	1.39828972e-04
3.53000000e-01	1.60444919e-02	1.39861649e-04
3.54000000e-01	1.61570063e-02	1.40674113e-04
3.55000000e-01	1.59316303e-02	1.38538741e-04
3.56000000e-01	1.61015609e-02	1.40465151e-04
3.57000000e-01	1.60237852e-02	1.42172006e-04
3.58000000e-01	1.58037710e-02	1.41948070e-04
3.59000000e-01	1.58819242e-02	1.43424800e-04
3.60000000e-01	1.56781759e-02	1.43024029e-04
3.61000000e-01	1.58757237e-02	1.44997259e-04
3.62000000e-01	1.59546083e-02	1.46445225e-04
3.63000000e-01	1.57215665e-02	1.44629429e-04
3.64000000e-01	1.59016306e-02	1.47219490e-04
3.65000000e-01	1.57703888e-02	1.46415978e-04
3.66000000e-01	1.58580846e-02	1.45616899e-04
3.67000000e-01	1.57260574e-02	1.42077273e-04
3.68000000e-01	1.57423057e-02	1.41187220e-04
3.69000000e-01	1.58513928e-02	1.41328232e-04
3.70000000e-01	1.57588954e-02	1.39891685e-04
3.71000000e-01	1.55799171e-02	1.40163464e-04
3.72000000e-01	1.57326564e-02	1.42616151e-04
3.73000000e-01	1.58930561e-02	1.44282015e-04
3.74000000e-01	1.58079313e-02	1.43421740e-04
3.75000000e-01	1.56972613e-02	1.42805692e-04
3.76000000e-01	1.57228605e-02	1.43035871e-04
3.77000000e-01	1.57763429e-02	1.43767460e-04
3.78000000e-01	1.56768985e-02	1.42759739e-04
3.79000000e-01	1.55854702e-02	1.41868440e-04
3.80000000e-01	1.56077400e-02	1.41593311e-04
3.81000000e-01	1.55681230e-02	1.41423532e-04
3.82000000e-01	1.55141021e-02	1.40868127e-04
3.83000000e-01	1.56889563e-02	1.42286243e-04
3.84000000e-01	1.54926598e-02	1.40543423e-04
3.85000000e-01	1.54538745e-02	1.40447627e-04
3.86000000e-01	1.55097936e-02	1.40962836e-04
3.87000000e-01	1.54407804e-02	1.40183345e-04
3.88000000e-01	1.53894419e-02	1.39774328e-04
3.89000000e-01	1.54586886e-02	1.40084642e-04
3.90000000e-01	1.54424458e-02	1.39730476e-04
3.91000000e-01	1.55403601e-02	1.40424732e-04
3.92000000e-01	1.53963734e-02	1.39068306e-04
3.93000000e-01	1.55765606e-02	1.41175162e-04
3.94000000e-01	1.54933647e-02	1.40108615e-04
3.95000000e-01	1.55188188e-02	1.40303969e-04
3.96000000e-01	1.53918113e-02	1.39136485e-04
3.97000000e-01	1.53513124e-02	1.38743559e-04
3.98000000e-01	1.53967408e-02	1.39665816e-04
3.99000000e-01	1.53317831e-02	1.39166648e-04
4.00000000e-01	1.54085602e-02	1.39357999e-04
4.01000000e-01	1.52686132e-02	1.38090545e-04
4.02000000e-01	1.53376949e-02	1.38739677e-04
4.03000000e-01	1.51257432e-02	1.37125173e-04
4.04000000e-01	1.52268146e-02	1.37864510e-04
4.05000000e-01	1.51663699e-02	1.37458606e-04
4.06000000e-01	1.52967695e-02	1.38163505e-04
4.07000000e-01	1.53054505e-02	1.37982364e-04
4.08000000e-01	1.52275819e-02	1.37568187e-04
4.09000000e-01	1.50588239e-02	1.35887121e-04
4.10000000e-01	1.50798351e-02	1.36238413e-04
4.11000000e-01	1.52487049e-02	1.37332633e-04
4.12000000e-01	1.51873093e-02	1.37067114e-04
4.13000000e-01	1.50956950e-02	1.36221079e-04
4.14000000e-01	1.52630804e-02	1.37627461e-04
4.15000000e-01	1.51012182e-02	1.35846613e-04
4.16000000e-01	1.51365330e-02	1.36658953e-04
4.17000000e-01	1.52458717e-02	1.37155572e-04
4.18000000e-01	1.50362849e-02	1.36949717e-04
4.19000000e-01	1.52049988e-02	1.40438269e-04
4.20000000e-01	1.52279883e-02	1.41128533e-04
4.21000000e-01	1.52074728e-02	1.41743141e-04
4.22000000e-01	1.51860282e-02	1.41523759e-04
4.23000000e-01	1.52831609e-02	1.43000314e-04
4.24000000e-01	1.52100362e-02	1.42817221e-04
4.25000000e-01	1.51949478e-02	1.42619446e-04
4.26000000e-01	1.51617643e-02	1.42386818e-04
4.27000000e-01	1.51805404e-02	1.42632180e-04
4.28000000e-01	1.51953565e-02	1.42988069e-04
4.29000000e-01	1.52193750e-02	1.43516280e-04
4.30000000e-01	1.51211725e-02	1.42719705e-04
4.31000000e-01	1.50624659e-02	1.41616524e-04
4.32000000e-01	1.50110765e-02	1.41888909e-04
4.33000000e-01	1.51816031e-02	1.43469155e-04
4.34000000e-01	1.49481385e-02	1.41232557e-04
4.35000000e-01	1.50247365e-02	1.41948398e-04
4.36000000e-01	1.50461075e-02	1.42591498e-04
4.37000000e-01	1.50502647e-02	1.42683464e-04
4.38000000e-01	1.50292267e-02	1.43126972e-04
4.39000000e-01	1.49903022e-02	1.42610863e-04
4.40000000e-01	1.49712117e-02	1.42773433e-04
4.41000000e-01	1.50180851e-02	1.43153811e-04
4.42000000e-01	1.49750383e-02	1.42952770e-04
4.43000000e-01	1.49546590e-02	1.42984820e-04
4.44000000e-01	1.49300685e-02	1.43193766e-04
4.45000000e-01	1.49093718e-02	1.42717688e-04
4.46000000e-01	1.48630644e-02	1.42709721e-04
4.47000000e-01	1.50272164e-02	1.44156081e-04
4.48000000e-01	1.48443099e-02	1.42950604e-04
4.49000000e-01	1.48991859e-02	1.43447282e-04
4.50000000e-01	1.49161087e-02	1.43886192e-04
4.51000000e-01	1.49025008e-02	1.43340562e-04
4.52000000e-01	1.47944342e-02	1.42873903e-04
4.53000000e-01	1.49340049e-02	1.44222626e-04
4.54000000e-01	1.48573867e-02	1.43639379e-04
4.55000000e-01	1.49539265e-02	1.44886624e-04
4.56000000e-01	1.49345198e-02	1.44740675e-04
4.57000000e-01	1.47679485e-02	1.43391875e-04
4.58000000e-01	1.48915676e-02	1.44719825e-04
4.59000000e-01	1.48251631e-02	1.44226361e-04
4.60000000e-01	1.47728213e-02	1.44273469e-04
4.61000000e-01	1.47536344e-02	1.43926175e-04
4.62000000e-01	1.49281000e-02	1.45624307e-04
4.63000000e-01	1.46144963e-02	1.42475802e-04
4.64000000e-01	1.47354768e-02	1.43807147e-04
4.65000000e-01	1.48104668e-02	1.44685102e-04
4.66000000e-01	1.47302145e-02	1.44083053e-04
4.67000000e-01	1.47509756e-02	1.44268681e-04
4.68000000e-01	1.47175666e-02	1.43947295e-04
4.69000000e-01	1.46514655e-02	1.43669472e-04
4.70000000e-01	1.46074525e-02	1.43502851e-04
4.71000000e-01	1.46382971e-02	1.43464878e-04
4.72000000e-01	1.47468944e-02	1.44663261e-04
4.73000000e-01	1.46077533e-02	1.42888172e-04
4.74000000e-01	1.47526011e-02	1.44438113e-04
4.75000000e-01	1.46181212e-02	1.43095555e-04
4.76000000e-01	1.46951796e-02	1.43867547e-04
4.77000000e-01	1.46617361e-02	1.43825278e-04
4.78000000e-01	1.46347466e-02	1.43314169e-04
4.79000000e-01	1.46897290e-02	1.43612408e-04
4.80000000e-01	1.45241398e-02	1.42772257e-04
4.81000000e-01	1.45219768e-02	1.42334835e-04
4.82000000e-01	1.45928048e-02	1.42968362e-04
4.83000000e-01	1.47443245e-02	1.44761973e-04
4.84000000e-01	1.45103444e-02	1.43070664e-04
4.85000000e-01	1.45467953e-02	1.43122107e-04
4.86000000e-01	1.45954333e-02	1.43572322e-04
4.87000000e-01	1.45476771e-02	1.43521165e-04
4.88000000e-01	1.46363872e-02	1.43561049e-04
4.89000000e-01	1.46292387e-02	1.43962000e-04
4.90000000e-01	1.45767404e-02	1.43637243e-04
4.91000000e-01	1.46060900e-02	1.44032435e-04
4.92000000e-01	1.43942894e-02	1.42369369e-04
4.93000000e-01	1.44780920e-02	1.43361189e-04
4.94000000e-01	1.46542055e-02	1.44605539e-04
4.95000000e-01	1.45533202e-02	1.44770323e-04
4.96000000e-01	1.46131826e-02	1.49534891e-04
4.97000000e-01	1.45294975e-02	1.51411700e-04
4.98000000e-01	1.44617245e-02	1.53417405e-04
4.99000000e-01	1.43889021e-02	1.54443811e-04
5.00000000e-01	1.44886317e-02	1.56980741e-04
5.01000000e-01	1.44821878e-02	1.58204268e-04
5.02000000e-01	1.45914630e-02	1.60737619e-04
5.03000000e-01	1.45153094e-02	1.61463392e-04
5.04000000e-01	1.44127800e-02	1.62012773e-04
5.05000000e-01	1.46131233e-02	1.60457191e-04
5.06000000e-01	1.46103300e-02	1.57879013e-04
5.07000000e-01	1.45455119e-02	1.55587937e-04
5.08000000e-01	1.45175943e-02	1.54456709e-04
5.09000000e-01	1.45553548e-02	1.54101630e-04
5.10000000e-01	1.43426719e-02	1.51295259e-04
5.11000000e-01	1.43854668e-02	1.51657939e-04
5.12000000e-01	1.45372499e-02	1.52500015e-04
5.13000000e-01	1.43024252e-02	1.50089685e-04
5.14000000e-01	1.44900866e-02	1.51538258e-04
5.15000000e-01	1.43597673e-02	1.49588477e-04
5.16000000e-01	1.43432856e-02	1.49724807e-04
5.17000000e-01	1.42122181e-02	1.48262172e-04
5.18000000e-01	1.41353197e-02	1.47290257e-04
5.19000000e-01	1.42326139e-02	1.47589467e-04
5.20000000e-01	1.42659909e-02	1.46633464e-04
5.21000000e-01	1.44106790e-02	1.48773787e-04
5.22000000e-01	1.43707566e-02	1.48292546e-04
5.23000000e-01	1.43637874e-02	1.48159610e-04
5.24000000e-01	1.42244177e-02	1.46543310e-04
5.25000000e-01	1.42951044e-02	1.47363377e-04
5.26000000e-01	1.41876281e-02	1.46474731e-04
5.27000000e-01	1.43155795e-02	1.47191149e-04
5.28000000e-01	1.42828828e-02	1.47529721e-04
5.29000000e-01	1.41928139e-02	1.46809423e-04
5.30000000e-01	1.41820030e-02	1.46511553e-04
5.31000000e-01	1.42705532e-02	1.47647035e-04
5.32000000e-01	1.42344049e-02	1.46752028e-04
5.33000000e-01	1.42415539e-02	1.46372550e-04
5.34000000e-01	1.42047324e-02	1.46510189e-04
5.35000000e-01	1.42195825e-02	1.46531255e-04
5.36000000e-01	1.41721882e-02	1.45561413e-04
5.37000000e-01	1.41273553e-02	1.45564328e-04
5.38000000e-01	1.40783505e-02	1.45324792e-04
5.39000000e-01	1.40634650e-02	1.45121094e-04
5.40000000e-01	1.39926143e-02	1.44586528e-04
5.41000000e-01	1.40792114e-02	1.45001024e-04
5.42000000e-01	1.40696730e-02	1.45052035e-04
5.43000000e-01	1.41772814e-02	1.46091342e-04
5.44000000e-01	1.40846115e-02	1.44991229e-04
5.45000000e-01	1.40184896e-02	1.44267787e-04
5.46000000e-01	1.40246712e-02	1.44402983e-04
5.47000000e-01	1.39350533e-02	1.43799283e-04
5.48000000e-01	1.40201358e-02	1.44468464e-04
5.49000000e-01	1.40901884e-02	1.45091566e-04
5.50000000e-01	1.41071539e-02	1.45583151e-04
5.51000000e-01	1.39746275e-02	1.43708107e-04
5.52000000e-01	1.39649270e-02	1.43095273e-04
5.53000000e-01	1.39537961e-02	1.43045956e-04
5.54000000e-01	1.39935587e-02	1.43082154e-04
5.55000000e-01	1.39086568e-02	1.42598371e-04
5.56000000e-01	1.38131535e-02	1.41754090e-04
5.57000000e-01	1.38908118e-02	1.42673465e-04
5.58000000e-01	1.39593876e-02	1.42915569e-04
5.59000000e-01	1.39816056e-02	1.42687487e-04
5.60000000e-01	1.38273752e-02	1.41815500e-04
5.61000000e-01	1.38265276e-02	1.42456595e-04
5.62000000e-01	1.38568856e-02	1.42224648e-04
5.63000000e-01	1.36013901e-02	1.39940222e-04
5.64000000e-01	1.37987458e-02	1.41725094e-04
5.65000000e-01	1.37651321e-02	1.41264791e-04
5.66000000e-01	1.37457435e-02	1.41098672e-04
5.67000000e-01	1.38771421e-02	1.42595787e-04
5.68000000e-01	1.38046769e-02	1.41874678e-04
5.69000000e-01	1.38150510e-02	1.41285821e-04
5.70000000e-01	1.37642190e-02	1.40951165e-04
5.71000000e-01	1.37291273e-02	1.40981060e-04
5.72000000e-01	1.37489609e-02	1.41097629e-04
5.73000000e-01	1.37432765e-02	1.41558676e-04
5.74000000e-01	1.38417305e-02	1.42464236e-04
5.75000000e-01	1.37794102e-02	1.41812999e-04
5.76000000e-01	1.37718622e-02	1.41405828e-04
5.77000000e-01	1.36771134e-02	1.40688125e-04
5.78000000e-01	1.36600783e-02	1.40615239e-04
5.79000000e-01	1.35981534e-02	1.39695535e-04
5.80000000e-01	1.36324359e-02	1.40226828e-04
5.81000000e-01	1.36966301e-02	1.41237103e-04
5.82000000e-01	1.36571230e-02	1.40799776e-04
5.83000000e-01	1.35342186e-02	1.39608345e-04
5.84000000e-01	1.36912382e-02	1.40997085e-04
5.85000000e-01	1.35814971e-02	1.39259006e-04
5.86000000e-01	1.36004852e-02	1.40195759e-04
5.87000000e-01	1.35791191e-02	1.39903187e-04
5.88000000e-01	1.35583502e-02	1.39803907e-04
5.89000000e-01	1.36514864e-02	1.40466851e-04
5.90000000e-01	1.34001414e-02	1.38596421e-04
5.91000000e-01	1.34930131e-02	1.39172150e-04
5.92000000e-01	1.35437689e-02	1.40089884e-04
5.93000000e-01	1.35219095e-02	1.39211938e-04
5.94000000e-01	1.35224397e-02	1.39620182e-04
5.95000000e-01	1.34615199e-02	1.39076097e-04
5.96000000e-01	1.33346007e-02	1.38044458e-04
5.97000000e-01	1.34481999e-02	1.39279306e-04
5.98000000e-01	1.33675942e-02	1.37898183e-04
5.99000000e-01	1.34331621e-02	1.38556145e-04
6.00000000e-01	1.34924491e-02	1.38985782e-04
6.01000000e-01	1.33865035e-02	1.38573843e-04
6.02000000e-01	1.34825261e-02	1.39232343e-04
6.03000000e-01	1.34198244e-02	1.39022408e-04
6.04000000e-01	1.32836777e-02	1.37830955e-04
6.05000000e-01	1.34173691e-02	1.38593124e-04
6.06000000e-01	1.34653396e-02	1.39477169e-04
6.07000000e-01	1.33381514e-02	1.38415601e-04
6.08000000e-01	1.33578739e-02	1.38181526e-04
6.09000000e-01	1.33714917e-02	1.38008991e-04
6.10000000e-01	1.32992738e-02	1.37851540e-04
6.11000000e-01	1.33385339e-02	1.38631548e-04
6.12000000e-01	1.34222950e-02	1.39227425e-04
6.13000000e-01	1.34409187e-02	1.39231401e-04
6.14000000e-01	1.34263924e-02	1.38521455e-04
6.15000000e-01	1.32607675e-02	1.37644511e-04
6.16000000e-01	1.33254143e-02	1.38008425e-04
6.17000000e-01	1.34345650e-02	1.38988120e-04
6.18000000e-01	1.32173250e-02	1.37293915e-04
6.19000000e-01	1.32629505e-02	1.37115942e-04
6.20000000e-01	1.33596581e-02	1.38214454e-04
6.21000000e-01	1.32648420e-02	1.36663358e-04
6.22000000e-01	1.32710875e-02	1.37093575e-04
6.23000000e-01	1.32897630e-02	1.36879978e-04
6.24000000e-01	1.32720328e-02	1.36828751e-04
6.25000000e-01	1.32449945e-02	1.36542225e-04
6.26000000e-01	1.33296171e-02	1.37206431e-04
6.27000000e-01	1.32981612e-02	1.37021364e-04
6.28000000e-01	1.33065716e-02	1.36971898e-04
6.29000000e-01	1.32692910e-02	1.36301651e-04
6.30000000e-01	1.33356765e-02	1.37387482e-04
6.31000000e-01	1.32506746e-02	1.36381277e-04
6.32000000e-01	1.33399489e-02	1.37419349e-04
6.33000000e-01	1.32298013e-02	1.36107325e-04
6.34000000e-01	1.31736365e-02	1.39147460e-04
6.35000000e-01	1.32073679e-02	1.43364275e-04
6.36000000e-01	1.32714151e-02	1.46668542e-04
6.37000000e-01	1.32386330e-02	1.48475535e-04
6.38000000e-01	1.32264687e-02	1.50281195e-04
6.39000000e-01	1.33613458e-02	1.53837797e-04
6.40000000e-01	1.32719187e-02	1.54575571e-04
6.41000000e-01	1.33354242e-02	1.57324700e-04
6.42000000e-01	1.32705430e-02	1.58481766e-04
6.43000000e-01	1.32971815e-02	1.58157114e-04
6.44000000e-01	1.33393059e-02	1.52964179e-04
6.45000000e-01	1.31129493e-02	1.48760246e-04
6.46000000e-01	1.32884231e-02	1.48713145e-04
6.47000000e-01	1.33418566e-02	1.48415491e-04
6.48000000e-01	1.32997188e-02	1.46758466e-04
6.49000000e-01	1.33022687e-02	1.46436050e-04
6.50000000e-01	1.31858050e-02	1.44607243e-04
6.51000000e-01	1.32476257e-02	1.44477500e-04
6.52000000e-01	1.31038041e-02	1.42626989e-04
6.53000000e-01	1.31521427e-02	1.42460399e-04
6.54000000e-01	1.32637112e-02	1.43398615e-04
6.55000000e-01	1.32922100e-02	1.43212192e-04
6.56000000e-01	1.31969560e-02	1.41614889e-04
6.57000000e-01	1.31188687e-02	1.41220662e-04
6.58000000e-01	1.30384237e-02	1.40324539e-04
6.59000000e-01	1.31315222e-02	1.40901316e-04
6.60000000e-01	1.33018999e-02	1.42490264e-04
6.61000000e-01	1.31216068e-02	1.40744423e-04
6.62000000e-01	1.32158475e-02	1.41267036e-04
6.63000000e-01	1.31606225e-02	1.41316129e-04
6.64000000e-01	1.31350403e-02	1.40348674e-04
6.65000000e-01	1.32539764e-02	1.41389295e-04
6.66000000e-01	1.30951730e-02	1.40210013e-04
6.67000000e-01	1.30932683e-02	1.39644663e-04
6.68000000e-01	1.29670378e-02	1.38585242e-04
6.69000000e-01	1.30656022e-02	1.39841156e-04
6.70000000e-01	1.29683143e-02	1.38505313e-04
6.71000000e-01	1.30832266e-02	1.39754451e-04
6.72000000e-01	1.28661299e-02	1.37365417e-04
6.73000000e-01	1.30660962e-02	1.38790872e-04
6.74000000e-01	1.29011782e-02	1.37526007e-04
6.75000000e-01	1.30897708e-02	1.39317441e-04
6.76000000e-01	1.29898332e-02	1.38543709e-04
6.77000000e-01	1.31059696e-02	1.38757357e-04
6.78000000e-01	1.30979840e-02	1.39034411e-04
6.79000000e-01	1.29743822e-02	1.38126807e-04
6.80000000e-01	1.29398230e-02	1.37843494e-04
6.81000000e-01	1.29477523e-02	1.37635952e-04
6.82000000e-01	1.30132322e-02	1.38548722e-04
6.83000000e-01	1.30607684e-02	1.39142221e-04
6.84000000e-01	1.30909131e-02	1.39118901e-04
6.85000000e-01	1.29122524e-02	1.37311224e-04
6.86000000e-01	1.29930482e-02	1.38311735e-04
6.87000000e-01	1.29127460e-02	1.37683966e-04
6.88000000e-01	1.29693754e-02	1.37955906e-04
6.89000000e-01	1.29372795e-02	1.37180332e-04
6.90000000e-01	1.29604467e-02	1.37770823e-04
6.91000000e-01	1.28922967e-02	1.36996471e-04
6.92000000e-01	1.29624315e-02	1.37778838e-04
6.93000000e-01	1.28607260e-02	1.36831354e-04
6.94000000e-01	1.29274888e-02	1.37653727e-04
6.95000000e-01	1.29281520e-02	1.37490532e-04
6.96000000e-01	1.28603187e-02	1.36585973e-04
6.97000000e-01	1.27103630e-02	1.35296918e-04
6.98000000e-01	1.27691912e-02	1.35706158e-04
6.99000000e-01	1.27693084e-02	1.35923501e-04
7.00000000e-01	1.28316729e-02	1.36908131e-04
7.01000000e-01	1.27735330e-02	1.35804009e-04
7.02000000e-01	1.28389479e-02	1.36235799e-04
7.03000000e-01	1.27576105e-02	1.35895712e-04
7.04000000e-01	1.27956252e-02	1.36028909e-04
7.05000000e-01	1.28197803e-02	1.36310770e-04
7.06000000e-01	1.27806797e-02	1.35733776e-04
7.07000000e-01	1.26354268e-02	1.34140949e-04
7.08000000e-01	1.27449248e-02	1.34501946e-04
7.09000000e-01	1.26289733e-02	1.34282672e-04
7.10000000e-01	1.27544491e-02	1.34865390e-04
7.11000000e-01	1.26997812e-02	1.34492826e-04
7.12000000e-01	1.26464452e-02	1.34644279e-04
7.13000000e-01	1.26367489e-02	1.34065778e-04
7.14000000e-01	1.26357331e-02	1.34581245e-04
7.15000000e-01	1.25895636e-02	1.34148014e-04
7.16000000e-01	1.27010812e-02	1.35135480e-04
7.17000000e-01	1.26627469e-02	1.34444141e-04
7.18000000e-01	1.26138050e-02	1.34017368e-04
7.19000000e-01	1.25499457e-02	1.33674394e-04
7.20000000e-01	1.25978413e-02	1.33641279e-04
7.21000000e-01	1.26221131e-02	1.34116505e-04
7.22000000e-01	1.25281296e-02	1.33156567e-04
7.23000000e-01	1.24398887e-02	1.32522417e-04
7.24000000e-01	1.25707356e-02	1.33589568e-04
7.25000000e-01	1.25382023e-02	1.33466794e-04
7.26000000e-01	1.26029778e-02	1.33859909e-04
7.27000000e-01	1.23874356e-02	1.31849154e-04
7.28000000e-01	1.25680659e-02	1.33128005e-04
7.29000000e-01	1.24326216e-02	1.32283780e-04
7.30000000e-01	1.24724904e-02	1.32608116e-04
7.31000000e-01	1.23572816e-02	1.31742162e-04
7.32000000e-01	1.25050782e-02	1.33120571e-04
7.33000000e-01	1.24949604e-02	1.32900981e-04
7.34000000e-01	1.25781243e-02	1.33070804e-04
7.35000000e-01	1.24537541e-02	1.32397725e-04
7.36000000e-01	1.24864655e-02	1.32104157e-04
7.37000000e-01	1.24460599e-02	1.31811822e-04
7.38000000e-01	1.23061953e-02	1.30341225e-04
7.39000000e-01	1.23750395e-02	1.30786484e-04
7.40000000e-01	1.24736819e-02	1.31125950e-04
7.41000000e-01	1.23711747e-02	1.30419972e-04
7.42000000e-01	1.23507071e-02	1.30327004e-04
7.43000000e-01	1.23143041e-02	1.29872085e-04
7.44000000e-01	1.22154392e-02	1.28982530e-04
7.45000000e-01	1.23113571e-02	1.29567722e-04
7.46000000e-01	1.23052425e-02	1.29544723e-04
7.47000000e-01	1.23725449e-02	1.30179217e-04
7.48000000e-01	1.22377038e-02	1.28812816e-04
7.49000000e-01	1.24710106e-02	1.31461846e-04
7.50000000e-01	1.22355721e-02	1.29180727e-04
7.51000000e-01	1.22752622e-02	1.29319398e-04
7.52000000e-01	1.23241637e-02	1.29928920e-04
7.53000000e-01	1.22145663e-02	1.28857782e-04
7.54000000e-01	1.21950774e-02	1.28728948e-04
7.55000000e-01	1.22495633e-02	1.29427480e-04
7.56000000e-01	1.22955201e-02	1.29592746e-04
7.57000000e-01	1.22010851e-02	1.28641473e-04
7.58000000e-01	1.22374443e-02	1.28950094e-04
7.59000000e-01	1.22075497e-02	1.28537673e-04
7.60000000e-01	1.21528968e-02	1.27366858e-04
7.61000000e-01	1.22369479e-02	1.28497484e-04
7.62000000e-01	1.19835832e-02	1.25917900e-04
7.63000000e-01	1.19916024e-02	1.25782907e-04
7.64000000e-01	1.20071783e-02	1.25944620e-04
7.65000000e-01	1.21172879e-02	1.26903074e-04
7.66000000e-01	1.19733998e-02	1.25838124e-04
7.67000000e-01	1.21454490e-02	1.26606039e-04
7.68000000e-01	1.19634947e-02	1.25286148e-04
7.69000000e-01	1.21680610e-02	1.27303633e-04
7.70000000e-01	1.21084135e-02	1.26710178e-04
7.71000000e-01	1.19666295e-02	1.25289222e-04
7.72000000e-01	1.21091996e-02	1.30560036e-04
7.73000000e-01	1.19861643e-02	1.33356743e-04
7.74000000e-01	1.19641785e-02	1.35845655e-04
7.75000000e-01	1.19209852e-02	1.37840012e-04
7.76000000e-01	1.20833764e-02	1.42073572e-04
7.77000000e-01	1.20458814e-02	1.43355464e-04
7.78000000e-01	1.19807457e-02	1.44450398e-04
7.79000000e-01	1.20418129e-02	1.46475452e-04
7.80000000e-01	1.19861106e-02	1.47950645e-04
7.81000000e-01	1.18061980e-02	1.47474147e-04
7.82000000e-01	1.18513143e-02	1.49775677e-04
7.83000000e-01	1.18927409e-02	1.51632116e-04
7.84000000e-01	1.20142403e-02	1.54981093e-04
7.85000000e-01	1.18802812e-02	1.54980340e-04
7.86000000e-01	1.18412147e-02	1.55906298e-04
7.87000000e-01	1.17927914e-02	1.57280768e-04
7.88000000e-01	1.19925027e-02	1.61016388e-04
7.89000000e-01	1.18136408e-02	1.60852964e-04
7.90000000e-01	1.18615407e-02	1.62791623e-04
7.91000000e-01	1.17969981e-02	1.62904457e-04
7.92000000e-01	1.20232254e-02	1.68467481e-04
7.93000000e-01	1.18606780e-02	1.67620798e-04
7.94000000e-01	1.18487965e-02	1.69589848e-04
7.95000000e-01	1.19310929e-02	1.71851515e-04
7.96000000e-01	1.18476004e-02	1.72436097e-04
7.97000000e-01	1.20158331e-02	1.76189891e-04
7.98000000e-01	1.16670195e-02	1.74021540e-04
7.99000000e-01	1.17034476e-02	1.75353009e-04
8.00000000e-01	1.17860892e-02	1.78565450e-04
8.01000000e-01	1.17741822e-02	1.80890688e-04
8.02000000e-01	1.14423743e-02	1.77576379e-04
8.03000000e-01	1.15657205e-02	1.82170523e-04
8.04000000e-01	1.19475894e-02	1.88540161e-04
8.05000000e-01	1.18079505e-02	1.89185707e-04
8.06000000e-01	1.15938457e-02	1.86805756e-04
8.07000000e-01	1.16290158e-02	1.90432238e-04
8.08000000e-01	1.17151740e-02	1.93534132e-04
8.09000000e-01	1.16206842e-02	1.94958121e-04
8.10000000e-01	1.15859170e-02	1.96752053e-04
8.11000000e-01	1.17805999e-02	2.01047522e-04
8.12000000e-01	1.15077439e-02	1.98737885e-04
8.13000000e-01	1.15170050e-02	2.02074306e-04
8.14000000e-01	1.15910260e-02	2.05762861e-04
8.15000000e-01	1.15122065e-02	2.06546961e-04
8.16000000e-01	1.13178461e-02	2.06442679e-04
8.17000000e-01	1.15369060e-02	2.11646320e-04
8.18000000e-01	1.14236186e-02	2.13061645e-04
8.19000000e-01	1.15822065e-02	2.17699301e-04
8.20000000e-01	1.15140584e-02	2.20505956e-04
8.21000000e-01	1.14431381e-02	2.20888345e-04
8.22000000e-01	1.17118615e-02	2.29172578e-04
8.23000000e-01	1.14251857e-02	2.26418357e-04
8.24000000e-01	1.14376215e-02	2.28824564e-04
8.25000000e-01	1.15407269e-02	2.35020531e-04
8.26000000e-01	1.13437273e-02	2.36230730e-04
8.27000000e-01	1.12346404e-02	2.36032696e-04
8.28000000e-01	1.11749323e-02	2.39634639e-04
8.29000000e-01	1.13584929e-02	2.47158361e-04
8.30000000e-01	1.15556749e-02	2.54434916e-04
8.31000000e-01	1.15700169e-02	2.57263977e-04
8.32000000e-01	1.13260945e-02	2.58400867e-04
8.33000000e-01	1.14162553e-02	2.66069350e-04
8.34000000e-01	1.14368283e-02	2.69628207e-04
8.35000000e-01	1.12851860e-02	2.70186808e-04
8.36000000e-01	1.11243783e-02	2.71568206e-04
8.37000000e-01	1.10317983e-02	2.75350372e-04
8.38000000e-01	1.11336334e-02	2.81959526e-04
8.39000000e-01	1.11357746e-02	2.88679831e-04
8.40000000e-01	1.14949443e-02	3.02992274e-04
8.41000000e-01	1.09867583e-02	3.00156561e-04
8.42000000e-01	1.09710818e-02	3.06343110e-04
8.43000000e-01	1.10771180e-02	3.15208823e-04
8.44000000e-01	1.12388721e-02	3.23947397e-04
8.45000000e-01	1.07441883e-02	3.23978515e-04
8.46000000e-01	1.05364922e-02	3.21921843e-04
8.47000000e-01	1.09830634e-02	3.46515094e-04
8.48000000e-01	1.07315947e-02	3.50481011e-04
8.49000000e-01	1.10135809e-02	3.66741184e-04
8.50000000e-01	1.10121019e-02	3.85536956e-04
8.51000000e-01	1.11577382e-02	4.04661073e-04
8.52000000e-01	1.08526509e-02	4.08105559e-04
8.53000000e-01	1.07715878e-02	4.18962658e-04
8.54000000e-01	1.08246861e-02	4.46655543e-04
8.55000000e-01	1.05413180e-02	4.50013668e-04
8.56000000e-01	1.06707766e-02	4.64604715e-04
8.57000000e-01	1.07322928e-02	4.82324900e-04
8.58000000e-01	1.07864357e-02	4.95553981e-04
8.59000000e-01	1.07757989e-02	5.12457051e-04
8.60000000e-01	1.10656692e-02	5.40907302e-04
8.61000000e-01	1.10705013e-02	5.62305858e-04
8.62000000e-01	1.16060259e-02	6.08993660e-04
8.63000000e-01	1.09949803e-02	6.00259173e-04
8.64000000e-01	1.02206874e-02	5.91185094e-04
8.65000000e-01	1.13458629e-02	6.77755213e-04
8.66000000e-01	1.02911049e-02	6.50984962e-04
8.67000000e-01	1.13444307e-02	7.53805894e-04
8.68000000e-01	1.06298348e-02	7.48932047e-04
8.69000000e-01	1.11604449e-02	8.42168078e-04
8.70000000e-01	1.06603107e-02	8.82909185e-04
8.71000000e-01	1.04954564e-02	1.00688136e-03
8.72000000e-01	1.13017542e-02	1.14939100e-03
8.73000000e-01	1.13562228e-02	1.35410688e-03
8.74000000e-01	1.07000115e-02	1.74343213e-03
8.75000000e-01	1.06531509e-02	3.43553786e-03
