% Filename : SSW19_00033_00027.h5
% Date & Time : 30-Oct-2025 17:24:30
% X-ray Energy (keV) : 13.30001
% Exposure Time (s) : 0.500
% Beam Center : 1461.24000, 208.98300
% Sample to Detector Distance (SDD) (mm) : 1990.750
% Detector Pixel Size (mm) : 0.075
% Photodiode Value : 140718.000
% I0 of Sample : 0
% I0 of Standard : 1
% 
% q(A^-1)   I(q)    I(q)_SE
0.00000000e+00	8.98726054e-03	4.97250176e-03
2.50000000e-04	0.00000000e+00	0.00000000e+00
5.00000000e-04	0.00000000e+00	0.00000000e+00
7.50000000e-04	0.00000000e+00	0.00000000e+00
1.00000000e-03	0.00000000e+00	0.00000000e+00
1.25000000e-03	0.00000000e+00	0.00000000e+00
1.50000000e-03	0.00000000e+00	0.00000000e+00
1.75000000e-03	0.00000000e+00	0.00000000e+00
2.00000000e-03	0.00000000e+00	0.00000000e+00
2.25000000e-03	0.00000000e+00	0.00000000e+00
2.50000000e-03	0.00000000e+00	0.00000000e+00
2.75000000e-03	0.00000000e+00	0.00000000e+00
3.00000000e-03	0.00000000e+00	0.00000000e+00
3.25000000e-03	4.23690760e+03	2.71275814e+03
3.50000000e-03	5.99546163e+02	2.97260852e+02
3.75000000e-03	5.16439134e+02	2.46394386e+02
4.00000000e-03	3.96003967e+02	1.73798144e+02
4.25000000e-03	2.58297776e+02	1.10530041e+02
4.50000000e-03	2.76886585e+02	8.40189262e+01
4.75000000e-03	3.76762415e+02	1.09861093e+02
5.00000000e-03	3.01148325e+02	8.45127033e+01
5.25000000e-03	2.51799320e+02	6.94050731e+01
5.50000000e-03	2.24008863e+02	6.35957951e+01
5.75000000e-03	2.08131293e+02	6.20788143e+01
6.00000000e-03	1.56988808e+02	4.38190100e+01
6.25000000e-03	1.50323828e+02	4.44839028e+01
6.50000000e-03	1.19904032e+02	3.35286197e+01
6.75000000e-03	1.09194642e+02	2.94576281e+01
7.00000000e-03	9.37591728e+01	2.37781973e+01
7.25000000e-03	8.11777443e+01	2.11051593e+01
7.50000000e-03	6.64444722e+01	1.67403164e+01
7.75000000e-03	5.89635134e+01	1.50278894e+01
8.00000000e-03	5.24960433e+01	1.22047164e+01
8.25000000e-03	4.78500472e+01	1.13653835e+01
8.50000000e-03	4.32063465e+01	1.00639605e+01
8.75000000e-03	3.92914786e+01	9.15657532e+00
9.00000000e-03	3.48796221e+01	8.00119250e+00
9.25000000e-03	3.08027801e+01	6.71361705e+00
9.50000000e-03	2.74145584e+01	6.06429835e+00
9.75000000e-03	2.51637236e+01	5.52572861e+00
1.00000000e-02	2.16982489e+01	4.60884103e+00
1.02500000e-02	1.99343901e+01	4.09822614e+00
1.05000000e-02	1.80005226e+01	3.71538165e+00
1.07500000e-02	1.60608468e+01	3.30387793e+00
1.10000000e-02	1.41248029e+01	2.79850145e+00
1.12500000e-02	1.34068882e+01	2.76551145e+00
1.15000000e-02	1.21497225e+01	2.38282953e+00
1.17500000e-02	1.05183250e+01	2.14800469e+00
1.20000000e-02	9.50349115e+00	1.81201874e+00
1.22500000e-02	9.28709579e+00	1.74368950e+00
1.25000000e-02	8.84134713e+00	1.63105969e+00
1.27500000e-02	8.45679207e+00	1.57268763e+00
1.30000000e-02	7.66648297e+00	1.39655863e+00
1.32500000e-02	7.27592163e+00	1.42370922e+00
1.35000000e-02	6.55337453e+00	1.21250985e+00
1.37500000e-02	6.38010250e+00	1.17089215e+00
1.40000000e-02	5.92738372e+00	1.08892778e+00
1.42500000e-02	5.25561442e+00	9.19547413e-01
1.45000000e-02	4.66030978e+00	7.59423186e-01
1.47500000e-02	4.62937300e+00	7.98662225e-01
1.50000000e-02	4.30889128e+00	7.37521503e-01
1.52500000e-02	4.04263101e+00	6.83062222e-01
1.55000000e-02	3.65228955e+00	5.96103313e-01
1.57500000e-02	3.51330307e+00	5.64572633e-01
1.60000000e-02	3.41831950e+00	5.70162127e-01
1.62500000e-02	3.24074876e+00	5.23867967e-01
1.65000000e-02	2.96094793e+00	4.74595904e-01
1.67500000e-02	2.86180805e+00	4.50504185e-01
1.70000000e-02	2.67893609e+00	4.22285610e-01
1.72500000e-02	2.48815898e+00	3.80880340e-01
1.75000000e-02	2.36095418e+00	3.66339441e-01
1.77500000e-02	2.17488348e+00	3.26403871e-01
1.80000000e-02	2.10960769e+00	3.14538180e-01
1.82500000e-02	1.90708028e+00	2.80779673e-01
1.85000000e-02	1.89479884e+00	2.80361803e-01
1.87500000e-02	1.75063603e+00	2.51382917e-01
1.90000000e-02	1.64987799e+00	2.24533516e-01
1.92500000e-02	1.54502843e+00	2.09080431e-01
1.95000000e-02	1.43007495e+00	1.97146704e-01
1.97500000e-02	1.45622734e+00	2.08866416e-01
2.00000000e-02	1.30325265e+00	1.77236490e-01
2.02500000e-02	1.18968368e+00	1.63107621e-01
2.05000000e-02	1.23393510e+00	1.67677206e-01
2.07500000e-02	1.20011603e+00	1.58580647e-01
2.10000000e-02	1.15939502e+00	1.53793850e-01
2.12500000e-02	1.13430539e+00	1.49539396e-01
2.15000000e-02	1.09122402e+00	1.46078583e-01
2.17500000e-02	1.03502554e+00	1.32247758e-01
2.20000000e-02	1.04352497e+00	1.36220831e-01
2.22500000e-02	9.73809510e-01	1.30006013e-01
2.25000000e-02	9.64119710e-01	1.22011609e-01
2.27500000e-02	9.16385840e-01	1.15760537e-01
2.30000000e-02	8.91576650e-01	1.08690435e-01
2.32500000e-02	8.62728384e-01	1.07217101e-01
2.35000000e-02	8.45922649e-01	1.03230926e-01
2.37500000e-02	8.08729915e-01	9.98649289e-02
2.40000000e-02	7.86052856e-01	9.75575528e-02
2.42500000e-02	7.34294831e-01	8.73111950e-02
2.45000000e-02	7.17344320e-01	8.74931328e-02
2.47500000e-02	6.91198746e-01	8.18052689e-02
2.50000000e-02	6.72943736e-01	7.75234284e-02
2.52500000e-02	6.61631325e-01	7.65871657e-02
2.55000000e-02	6.23894005e-01	6.98746670e-02
2.57500000e-02	6.18662075e-01	7.21352336e-02
2.60000000e-02	5.83008577e-01	6.52521725e-02
2.62500000e-02	5.64954944e-01	6.32430363e-02
2.65000000e-02	5.64690084e-01	6.39372439e-02
2.67500000e-02	5.37547956e-01	5.94449797e-02
2.70000000e-02	5.17147437e-01	5.74939533e-02
2.72500000e-02	4.90340636e-01	5.23576212e-02
2.75000000e-02	4.85421526e-01	5.37464073e-02
2.77500000e-02	4.74999617e-01	5.25343227e-02
2.80000000e-02	4.32367466e-01	4.49851323e-02
2.82500000e-02	4.30177516e-01	4.40068542e-02
2.85000000e-02	4.33935312e-01	4.61777249e-02
2.87500000e-02	4.31963084e-01	4.49989503e-02
2.90000000e-02	4.19712241e-01	4.37771267e-02
2.92500000e-02	3.95923223e-01	4.13381056e-02
2.95000000e-02	3.87509751e-01	3.94276191e-02
2.97500000e-02	3.89423853e-01	4.02149433e-02
3.00000000e-02	3.76825738e-01	3.81549636e-02
3.02500000e-02	3.63597750e-01	3.61871040e-02
3.05000000e-02	3.38945501e-01	3.36571614e-02
3.07500000e-02	3.40427729e-01	3.41605748e-02
3.10000000e-02	3.40336201e-01	3.38222097e-02
3.12500000e-02	3.21363455e-01	3.10620375e-02
3.15000000e-02	3.06446986e-01	2.96397855e-02
3.17500000e-02	2.99397952e-01	2.81625156e-02
3.20000000e-02	2.93610097e-01	2.80816137e-02
3.22500000e-02	2.91812427e-01	2.72639297e-02
3.25000000e-02	2.83179941e-01	2.69766406e-02
3.27500000e-02	2.71226655e-01	2.51708376e-02
3.30000000e-02	2.66296821e-01	2.49284691e-02
3.32500000e-02	2.60189868e-01	2.39294647e-02
3.35000000e-02	2.60283539e-01	2.42709254e-02
3.37500000e-02	2.49880604e-01	2.24918528e-02
3.40000000e-02	2.42417317e-01	2.19590882e-02
3.42500000e-02	2.35252636e-01	2.10502320e-02
3.45000000e-02	2.32011616e-01	2.07206323e-02
3.47500000e-02	2.25666439e-01	1.98568486e-02
3.50000000e-02	2.15684811e-01	1.87813438e-02
3.52500000e-02	2.17941964e-01	1.84579436e-02
3.55000000e-02	2.09385987e-01	1.83995282e-02
3.57500000e-02	2.03983246e-01	1.76112733e-02
3.60000000e-02	2.02230090e-01	1.76670405e-02
3.62500000e-02	1.90056370e-01	1.56911085e-02
3.65000000e-02	1.80827044e-01	1.49180162e-02
3.67500000e-02	1.92454305e-01	1.63283136e-02
3.70000000e-02	1.83285451e-01	1.53307052e-02
3.72500000e-02	1.78027220e-01	1.45207589e-02
3.75000000e-02	1.80368505e-01	1.50560684e-02
3.77500000e-02	1.73596512e-01	1.44750859e-02
3.80000000e-02	1.67804503e-01	1.34694320e-02
3.82500000e-02	1.63785232e-01	1.31142307e-02
3.85000000e-02	1.61671404e-01	1.28186583e-02
3.87500000e-02	1.57163426e-01	1.24924391e-02
3.90000000e-02	1.55515379e-01	1.23046021e-02
3.92500000e-02	1.48418766e-01	1.13771000e-02
3.95000000e-02	1.47119952e-01	1.13497117e-02
3.97500000e-02	1.46380487e-01	1.13429540e-02
4.00000000e-02	1.45749461e-01	1.10184643e-02
4.02500000e-02	1.40128364e-01	1.05936876e-02
4.05000000e-02	1.35450754e-01	1.01507004e-02
4.07500000e-02	1.34164237e-01	9.83414749e-03
4.10000000e-02	1.34745324e-01	9.94662268e-03
4.12500000e-02	1.29065817e-01	9.44278248e-03
4.15000000e-02	1.28358307e-01	9.61229470e-03
4.17500000e-02	1.26410481e-01	9.31204006e-03
4.20000000e-02	1.21177831e-01	8.72413900e-03
4.22500000e-02	1.19726807e-01	8.61237514e-03
4.25000000e-02	1.18588287e-01	8.49792045e-03
4.27500000e-02	1.14737798e-01	8.07639104e-03
4.30000000e-02	1.14393943e-01	8.02428581e-03
4.32500000e-02	1.10142132e-01	7.64661087e-03
4.35000000e-02	1.08524628e-01	7.61217371e-03
4.37500000e-02	1.09349682e-01	7.57083066e-03
4.40000000e-02	1.05091632e-01	7.21135232e-03
4.42500000e-02	9.86801917e-02	6.55122245e-03
4.45000000e-02	1.03915864e-01	7.07382886e-03
4.47500000e-02	1.01941743e-01	6.83049474e-03
4.50000000e-02	1.00121531e-01	6.81604647e-03
4.52500000e-02	9.99742231e-02	6.63965416e-03
4.55000000e-02	9.84087575e-02	6.36848830e-03
4.57500000e-02	9.60514332e-02	6.25710147e-03
4.60000000e-02	9.44596144e-02	6.20462264e-03
4.62500000e-02	9.27962154e-02	5.99320716e-03
4.65000000e-02	9.04312617e-02	5.77113911e-03
4.67500000e-02	8.90571196e-02	5.62066292e-03
4.70000000e-02	8.75338786e-02	5.45253831e-03
4.72500000e-02	8.68275188e-02	5.44953293e-03
4.75000000e-02	8.64220840e-02	5.37112867e-03
4.77500000e-02	8.62304672e-02	5.29685580e-03
4.80000000e-02	8.36448548e-02	5.14217832e-03
4.82500000e-02	8.09285679e-02	4.93495477e-03
4.85000000e-02	7.97002131e-02	4.90799121e-03
4.87500000e-02	8.00486019e-02	4.86215461e-03
4.90000000e-02	7.83022736e-02	4.64995528e-03
4.92500000e-02	7.69539902e-02	4.53818383e-03
4.95000000e-02	7.70154543e-02	4.59808459e-03
4.97500000e-02	7.62195629e-02	4.54238200e-03
5.00000000e-02	7.54417580e-02	4.41876891e-03
5.02500000e-02	7.11769334e-02	4.06389009e-03
5.05000000e-02	7.23160083e-02	4.25787184e-03
5.07500000e-02	7.11480033e-02	4.04788843e-03
5.10000000e-02	6.95428878e-02	3.94995890e-03
5.12500000e-02	6.95407900e-02	3.91706764e-03
5.15000000e-02	6.80371131e-02	3.81723019e-03
5.17500000e-02	6.67400070e-02	3.73324351e-03
5.20000000e-02	6.70733959e-02	3.67828756e-03
5.22500000e-02	6.47381233e-02	3.55998777e-03
5.25000000e-02	6.34834432e-02	3.42248261e-03
5.27500000e-02	6.40992601e-02	3.47994556e-03
5.30000000e-02	6.42474935e-02	3.51634760e-03
5.32500000e-02	6.31882893e-02	3.43864399e-03
5.35000000e-02	6.36321795e-02	3.44960581e-03
5.37500000e-02	6.23957102e-02	3.32204356e-03
5.40000000e-02	6.10840934e-02	3.20441886e-03
5.42500000e-02	6.10321246e-02	3.20873328e-03
5.45000000e-02	6.09394225e-02	3.15643143e-03
5.47500000e-02	5.99011180e-02	3.14170185e-03
5.50000000e-02	5.77050364e-02	2.98230812e-03
5.52500000e-02	5.83110082e-02	2.92309606e-03
5.55000000e-02	5.69218952e-02	2.91690569e-03
5.57500000e-02	5.71509188e-02	2.93973798e-03
5.60000000e-02	5.59840786e-02	2.83531574e-03
5.62500000e-02	5.55044280e-02	2.79176121e-03
5.65000000e-02	5.51746600e-02	2.73868663e-03
5.67500000e-02	5.48381144e-02	2.77721348e-03
5.70000000e-02	5.46499737e-02	2.65143073e-03
5.72500000e-02	5.39999566e-02	2.64126908e-03
5.75000000e-02	5.40091926e-02	2.67237587e-03
5.77500000e-02	5.24062195e-02	2.54291949e-03
5.80000000e-02	5.16095046e-02	2.52972922e-03
5.82500000e-02	5.15633358e-02	2.53226801e-03
5.85000000e-02	5.22698939e-02	2.52855312e-03
5.87500000e-02	4.99318923e-02	2.36022287e-03
5.90000000e-02	5.09625567e-02	2.38357155e-03
5.92500000e-02	5.06836163e-02	2.36482681e-03
5.95000000e-02	4.88852057e-02	2.22852577e-03
5.97500000e-02	4.94658576e-02	2.28927590e-03
6.00000000e-02	4.82460581e-02	2.22733050e-03
6.02500000e-02	4.73052498e-02	2.18103985e-03
6.05000000e-02	4.62783128e-02	2.10189055e-03
6.07500000e-02	4.67285021e-02	2.09289323e-03
6.10000000e-02	4.69038205e-02	2.13776298e-03
6.12500000e-02	4.68332452e-02	2.12015753e-03
6.15000000e-02	4.55331240e-02	2.03563528e-03
6.17500000e-02	4.58041708e-02	2.03561020e-03
6.20000000e-02	4.52144639e-02	2.01878465e-03
6.22500000e-02	4.57419893e-02	2.06441022e-03
6.25000000e-02	4.41438341e-02	1.96408526e-03
6.27500000e-02	4.36548036e-02	1.88481945e-03
6.30000000e-02	4.35000303e-02	1.88477092e-03
6.32500000e-02	4.36127841e-02	1.87578789e-03
6.35000000e-02	4.27804688e-02	1.85707034e-03
6.37500000e-02	4.36987487e-02	1.87614498e-03
6.40000000e-02	4.19723466e-02	1.81193215e-03
6.42500000e-02	4.15407498e-02	1.78254483e-03
6.45000000e-02	4.23485402e-02	1.80455560e-03
6.47500000e-02	4.10742184e-02	1.75497145e-03
6.50000000e-02	4.18064002e-02	1.76179047e-03
6.52500000e-02	4.09909109e-02	1.71148235e-03
6.55000000e-02	4.15681462e-02	1.73614988e-03
6.57500000e-02	4.15650657e-02	1.71819539e-03
6.60000000e-02	4.03287019e-02	1.66126781e-03
6.62500000e-02	4.00758841e-02	1.65534794e-03
6.65000000e-02	4.03155708e-02	1.63186939e-03
6.67500000e-02	3.95764445e-02	1.62170863e-03
6.70000000e-02	3.92833097e-02	1.61368326e-03
6.72500000e-02	3.96666241e-02	1.60545834e-03
6.75000000e-02	3.88111492e-02	1.58141741e-03
6.77500000e-02	3.89957670e-02	1.57178905e-03
6.80000000e-02	3.88734046e-02	1.55893724e-03
6.82500000e-02	3.84451450e-02	1.54638027e-03
6.85000000e-02	3.78689305e-02	1.51662473e-03
6.87500000e-02	3.79759113e-02	1.50269654e-03
6.90000000e-02	3.75024536e-02	1.46312800e-03
6.92500000e-02	3.77724953e-02	1.47325143e-03
6.95000000e-02	3.77769727e-02	1.50398321e-03
6.97500000e-02	3.65173827e-02	1.42480735e-03
7.00000000e-02	3.69563474e-02	1.43019223e-03
7.02500000e-02	3.67518872e-02	1.41042077e-03
7.05000000e-02	3.65834103e-02	1.40551396e-03
7.07500000e-02	3.67309114e-02	1.40366027e-03
7.10000000e-02	3.59785265e-02	1.35865332e-03
7.12500000e-02	3.52765513e-02	1.34797697e-03
7.15000000e-02	3.47607262e-02	1.32342679e-03
7.17500000e-02	3.59308255e-02	1.35301291e-03
7.20000000e-02	3.60890846e-02	1.37034041e-03
7.22500000e-02	3.60802016e-02	1.34941218e-03
7.25000000e-02	3.55116116e-02	1.31925625e-03
7.27500000e-02	3.49246701e-02	1.29205355e-03
7.30000000e-02	3.46917334e-02	1.28776366e-03
7.32500000e-02	3.49693350e-02	1.30261461e-03
7.35000000e-02	3.51203251e-02	1.28322126e-03
7.37500000e-02	3.44128036e-02	1.26275240e-03
7.40000000e-02	3.41050912e-02	1.23342270e-03
7.42500000e-02	3.44804089e-02	1.25888685e-03
7.45000000e-02	3.41440343e-02	1.24829034e-03
7.47500000e-02	3.38393104e-02	1.23476310e-03
7.50000000e-02	3.38636383e-02	1.20404239e-03
7.52500000e-02	3.33355739e-02	1.18825577e-03
7.55000000e-02	3.36084117e-02	1.21592387e-03
7.57500000e-02	3.38622191e-02	1.20600956e-03
7.60000000e-02	3.35644538e-02	1.20165247e-03
7.62500000e-02	3.34923543e-02	1.19417894e-03
7.65000000e-02	3.32234577e-02	1.17658537e-03
7.67500000e-02	3.31560935e-02	1.16103855e-03
7.70000000e-02	3.33988146e-02	1.17010360e-03
7.72500000e-02	3.32083742e-02	1.19925116e-03
7.75000000e-02	3.30122911e-02	1.19865541e-03
7.77500000e-02	3.20499918e-02	1.16567848e-03
7.80000000e-02	3.33805844e-02	1.20535684e-03
7.82500000e-02	3.33114143e-02	1.21903454e-03
7.85000000e-02	3.36411925e-02	1.24573950e-03
7.87500000e-02	3.32978980e-02	1.22262295e-03
7.90000000e-02	3.29166120e-02	1.22730937e-03
7.92500000e-02	3.26420781e-02	1.20898701e-03
7.95000000e-02	3.31414264e-02	1.23347733e-03
7.97500000e-02	3.33445386e-02	1.23747511e-03
8.00000000e-02	3.26867098e-02	1.20464832e-03
8.02500000e-02	3.35579359e-02	1.24819250e-03
8.05000000e-02	3.32985716e-02	1.21491459e-03
8.07500000e-02	3.23647369e-02	1.21646523e-03
8.10000000e-02	3.24363243e-02	1.19970821e-03
8.12500000e-02	3.21261723e-02	1.20289736e-03
8.15000000e-02	3.27833116e-02	1.21585064e-03
8.17500000e-02	3.23923098e-02	1.21137600e-03
8.20000000e-02	3.20221246e-02	1.18527669e-03
8.22500000e-02	3.18657483e-02	1.20124276e-03
8.25000000e-02	3.14609395e-02	1.16968886e-03
8.27500000e-02	3.15473982e-02	1.17368514e-03
8.30000000e-02	3.23206275e-02	1.20001205e-03
8.32500000e-02	3.14493280e-02	1.17391022e-03
8.35000000e-02	3.28172201e-02	1.25085943e-03
8.37500000e-02	3.18853247e-02	1.18866742e-03
8.40000000e-02	3.20586098e-02	1.19794115e-03
8.42500000e-02	3.10712838e-02	1.16878632e-03
8.45000000e-02	3.19724235e-02	1.20237042e-03
8.47500000e-02	3.06568552e-02	1.15028723e-03
8.50000000e-02	3.16018743e-02	1.17779163e-03
8.52500000e-02	3.16769270e-02	1.18681731e-03
8.55000000e-02	3.16230058e-02	1.17769343e-03
8.57500000e-02	3.15869752e-02	1.17528245e-03
8.60000000e-02	3.16678037e-02	1.18936606e-03
8.62500000e-02	3.11112266e-02	1.17749238e-03
8.65000000e-02	3.07942900e-02	1.14643397e-03
8.67500000e-02	3.10629704e-02	1.16367645e-03
8.70000000e-02	3.09459010e-02	1.13597270e-03
8.72500000e-02	3.01661994e-02	1.08321217e-03
8.75000000e-02	3.01387927e-02	1.07946619e-03
8.77500000e-02	3.02813289e-02	1.07762050e-03
8.80000000e-02	3.06000398e-02	1.07620601e-03
8.82500000e-02	3.01466992e-02	1.05979518e-03
8.85000000e-02	3.05685813e-02	1.07111027e-03
8.87500000e-02	3.04550036e-02	1.03901180e-03
8.90000000e-02	2.98033746e-02	1.03590342e-03
8.92500000e-02	2.91213420e-02	1.01161026e-03
8.95000000e-02	2.96120891e-02	1.02421905e-03
8.97500000e-02	2.89996700e-02	9.89616383e-04
9.00000000e-02	2.93532024e-02	9.97108513e-04
9.02500000e-02	2.89612277e-02	9.78609520e-04
9.05000000e-02	2.88420421e-02	9.83377677e-04
9.07500000e-02	2.94584980e-02	9.94448836e-04
9.10000000e-02	2.91261696e-02	9.82365847e-04
9.12500000e-02	2.83962494e-02	9.49547425e-04
9.15000000e-02	2.89997981e-02	9.64806711e-04
9.17500000e-02	2.94248933e-02	9.86673699e-04
9.20000000e-02	2.89958470e-02	9.66727299e-04
9.22500000e-02	2.81922841e-02	9.29685687e-04
9.25000000e-02	2.86146655e-02	9.50166896e-04
9.27500000e-02	2.90883184e-02	9.55224821e-04
9.30000000e-02	2.79293980e-02	9.21375543e-04
9.32500000e-02	2.84197236e-02	9.36202417e-04
9.35000000e-02	2.82169371e-02	9.19888491e-04
9.37500000e-02	2.78557805e-02	9.15140081e-04
9.40000000e-02	2.81644758e-02	9.22315513e-04
9.42500000e-02	2.82218751e-02	9.16514413e-04
9.45000000e-02	2.79576062e-02	9.05888525e-04
9.47500000e-02	2.80567235e-02	9.08142423e-04
9.50000000e-02	2.80269953e-02	9.06475595e-04
9.52500000e-02	2.75097307e-02	8.92510240e-04
9.55000000e-02	2.79052986e-02	8.98896906e-04
9.57500000e-02	2.73074117e-02	8.83017219e-04
9.60000000e-02	2.73805756e-02	8.85799047e-04
9.62500000e-02	2.73288620e-02	8.78663433e-04
9.65000000e-02	2.77456025e-02	8.89819340e-04
9.67500000e-02	2.81575599e-02	8.98052777e-04
9.70000000e-02	2.78375911e-02	8.92963154e-04
9.72500000e-02	2.72518192e-02	8.66395121e-04
9.75000000e-02	2.69520356e-02	8.58475450e-04
9.77500000e-02	2.68098648e-02	8.41989812e-04
9.80000000e-02	2.75319136e-02	8.74054117e-04
9.82500000e-02	2.69007890e-02	8.53583738e-04
9.85000000e-02	2.68302234e-02	8.43246743e-04
9.87500000e-02	2.69187677e-02	8.50605914e-04
9.90000000e-02	2.67371387e-02	8.40446583e-04
9.92500000e-02	2.71401701e-02	8.52633574e-04
9.95000000e-02	2.67917986e-02	8.43145528e-04
9.97500000e-02	2.67517115e-02	8.37480665e-04
1.00000000e-01	2.63811035e-02	6.74954779e-04
1.00500000e-01	2.69652203e-02	5.95782973e-04
1.01000000e-01	2.69027926e-02	5.90071622e-04
1.01500000e-01	2.68874055e-02	5.89840669e-04
1.02000000e-01	2.65077675e-02	5.80211526e-04
1.02500000e-01	2.60156149e-02	5.66071332e-04
1.03000000e-01	2.63802468e-02	5.72397906e-04
1.03500000e-01	2.61593326e-02	5.67415955e-04
1.04000000e-01	2.58926577e-02	5.59448202e-04
1.04500000e-01	2.59880025e-02	5.59357975e-04
1.05000000e-01	2.58533126e-02	5.52755861e-04
1.05500000e-01	2.60248002e-02	5.56015966e-04
1.06000000e-01	2.56492219e-02	5.46163252e-04
1.06500000e-01	2.55332165e-02	5.43079208e-04
1.07000000e-01	2.53251688e-02	5.44604842e-04
1.07500000e-01	2.47038064e-02	5.41639995e-04
1.08000000e-01	2.48814849e-02	5.49052684e-04
1.08500000e-01	2.37368070e-02	5.29830548e-04
1.09000000e-01	2.44303535e-02	5.47301839e-04
1.09500000e-01	2.45459981e-02	5.52233771e-04
1.10000000e-01	2.48840573e-02	5.53479059e-04
1.10500000e-01	2.48280724e-02	5.44112652e-04
1.11000000e-01	2.50178743e-02	5.39297686e-04
1.11500000e-01	2.52248885e-02	5.38516442e-04
1.12000000e-01	2.49933387e-02	5.25899346e-04
1.12500000e-01	2.51453138e-02	5.25353839e-04
1.13000000e-01	2.49584110e-02	5.22067663e-04
1.13500000e-01	2.46507684e-02	5.12545046e-04
1.14000000e-01	2.50483331e-02	5.20366618e-04
1.14500000e-01	2.48530578e-02	5.16480315e-04
1.15000000e-01	2.46330813e-02	5.09105973e-04
1.15500000e-01	2.44707405e-02	5.05156707e-04
1.16000000e-01	2.50037162e-02	5.12070695e-04
1.16500000e-01	2.44516282e-02	5.01970833e-04
1.17000000e-01	2.43991008e-02	4.99903807e-04
1.17500000e-01	2.48328650e-02	5.05616802e-04
1.18000000e-01	2.46539683e-02	5.00941395e-04
1.18500000e-01	2.43224079e-02	4.92950808e-04
1.19000000e-01	2.44515182e-02	4.94002878e-04
1.19500000e-01	2.44193031e-02	4.95072583e-04
1.20000000e-01	2.44746694e-02	4.90854554e-04
1.20500000e-01	2.43771797e-02	4.90635967e-04
1.21000000e-01	2.43881383e-02	4.86375804e-04
1.21500000e-01	2.43304235e-02	4.86918305e-04
1.22000000e-01	2.41040766e-02	4.80939384e-04
1.22500000e-01	2.36842773e-02	4.73131694e-04
1.23000000e-01	2.41407841e-02	4.81689318e-04
1.23500000e-01	2.39946946e-02	4.74674689e-04
1.24000000e-01	2.41359820e-02	4.79012105e-04
1.24500000e-01	2.40373704e-02	4.75179994e-04
1.25000000e-01	2.46254201e-02	4.84002740e-04
1.25500000e-01	2.45298494e-02	4.80483817e-04
1.26000000e-01	2.42333113e-02	4.75622141e-04
1.26500000e-01	2.42944608e-02	4.76074844e-04
1.27000000e-01	2.40923176e-02	4.69578043e-04
1.27500000e-01	2.42680728e-02	4.73956256e-04
1.28000000e-01	2.42931514e-02	4.72853697e-04
1.28500000e-01	2.38616480e-02	4.62752889e-04
1.29000000e-01	2.42790095e-02	4.71515429e-04
1.29500000e-01	2.37465360e-02	4.57380846e-04
1.30000000e-01	2.37052209e-02	4.56516415e-04
1.30500000e-01	2.37134537e-02	4.54736548e-04
1.31000000e-01	2.36641433e-02	4.54377642e-04
1.31500000e-01	2.40129660e-02	4.59207321e-04
1.32000000e-01	2.38054153e-02	4.55154433e-04
1.32500000e-01	2.40612276e-02	4.59544942e-04
1.33000000e-01	2.38860823e-02	4.54755775e-04
1.33500000e-01	2.36076128e-02	4.47141430e-04
1.34000000e-01	2.37252081e-02	4.49248316e-04
1.34500000e-01	2.34609335e-02	4.41085029e-04
1.35000000e-01	2.34153958e-02	4.40723117e-04
1.35500000e-01	2.43116926e-02	4.55388310e-04
1.36000000e-01	2.34995996e-02	4.39854414e-04
1.36500000e-01	2.38890075e-02	4.48531283e-04
1.37000000e-01	2.34942882e-02	4.35829767e-04
1.37500000e-01	2.33160868e-02	4.35619846e-04
1.38000000e-01	2.37994483e-02	4.41927093e-04
1.38500000e-01	2.33378459e-02	4.34040377e-04
1.39000000e-01	2.31281371e-02	4.30452465e-04
1.39500000e-01	2.29998891e-02	4.28250362e-04
1.40000000e-01	2.26365510e-02	4.22054652e-04
1.40500000e-01	2.28264943e-02	4.24022785e-04
1.41000000e-01	2.24683933e-02	4.15517224e-04
1.41500000e-01	2.23439984e-02	4.14161865e-04
1.42000000e-01	2.23750497e-02	4.12607909e-04
1.42500000e-01	2.25813049e-02	4.16482115e-04
1.43000000e-01	2.26660226e-02	4.18775023e-04
1.43500000e-01	2.22001140e-02	4.07749104e-04
1.44000000e-01	2.23149709e-02	4.09914596e-04
1.44500000e-01	2.21552353e-02	4.05215717e-04
1.45000000e-01	2.23882332e-02	4.09615014e-04
1.45500000e-01	2.19456071e-02	4.01600538e-04
1.46000000e-01	2.19791319e-02	4.00481460e-04
1.46500000e-01	2.23340255e-02	4.06482441e-04
1.47000000e-01	2.19987889e-02	4.01824732e-04
1.47500000e-01	2.20018280e-02	4.00615058e-04
1.48000000e-01	2.21213905e-02	4.00628686e-04
1.48500000e-01	2.22377454e-02	4.01077435e-04
1.49000000e-01	2.19665974e-02	3.95717453e-04
1.49500000e-01	2.22083112e-02	3.99979378e-04
1.50000000e-01	2.16153302e-02	3.90760375e-04
1.50500000e-01	2.21945342e-02	4.00897229e-04
1.51000000e-01	2.19280209e-02	3.94140671e-04
1.51500000e-01	2.16520985e-02	3.88354510e-04
1.52000000e-01	2.17339132e-02	3.86467866e-04
1.52500000e-01	2.17779434e-02	3.90557532e-04
1.53000000e-01	2.17609426e-02	3.88848797e-04
1.53500000e-01	2.15096051e-02	3.82523741e-04
1.54000000e-01	2.18569704e-02	3.87323320e-04
1.54500000e-01	2.14438699e-02	3.88750312e-04
1.55000000e-01	2.14607483e-02	3.92303265e-04
1.55500000e-01	2.12600390e-02	3.91031294e-04
1.56000000e-01	2.17896557e-02	4.04008066e-04
1.56500000e-01	2.15450381e-02	4.00178043e-04
1.57000000e-01	2.11655014e-02	3.95515616e-04
1.57500000e-01	2.15286765e-02	3.91900116e-04
1.58000000e-01	2.14343109e-02	3.84850968e-04
1.58500000e-01	2.14251309e-02	3.82286439e-04
1.59000000e-01	2.12928763e-02	3.78067307e-04
1.59500000e-01	2.13483007e-02	3.78423534e-04
1.60000000e-01	2.13589776e-02	3.79609571e-04
1.60500000e-01	2.10686820e-02	3.70124473e-04
1.61000000e-01	2.12959059e-02	3.76244453e-04
1.61500000e-01	2.11625346e-02	3.71592401e-04
1.62000000e-01	2.15586836e-02	3.77562823e-04
1.62500000e-01	2.13921999e-02	3.74944730e-04
1.63000000e-01	2.10993632e-02	3.69162848e-04
1.63500000e-01	2.12465826e-02	3.71101318e-04
1.64000000e-01	2.10749723e-02	3.66395042e-04
1.64500000e-01	2.11247904e-02	3.68048985e-04
1.65000000e-01	2.09098293e-02	3.63780277e-04
1.65500000e-01	2.11057661e-02	3.66614411e-04
1.66000000e-01	2.10219422e-02	3.63983612e-04
1.66500000e-01	2.11219612e-02	3.64800798e-04
1.67000000e-01	2.08549315e-02	3.61674175e-04
1.67500000e-01	2.09768879e-02	3.61671413e-04
1.68000000e-01	2.11838585e-02	3.64338774e-04
1.68500000e-01	2.06174484e-02	3.54095977e-04
1.69000000e-01	2.10071974e-02	3.60782484e-04
1.69500000e-01	2.09591714e-02	3.58971560e-04
1.70000000e-01	2.05681157e-02	3.52298357e-04
1.70500000e-01	2.08011745e-02	3.54417288e-04
1.71000000e-01	2.09351530e-02	3.56389698e-04
1.71500000e-01	2.10504560e-02	3.57645416e-04
1.72000000e-01	2.09213647e-02	3.56061441e-04
1.72500000e-01	2.11197146e-02	3.59472536e-04
1.73000000e-01	2.08798326e-02	3.55432842e-04
1.73500000e-01	2.05493800e-02	3.46139579e-04
1.74000000e-01	2.08998194e-02	3.51690864e-04
1.74500000e-01	2.06472709e-02	3.47369579e-04
1.75000000e-01	2.07433866e-02	3.49121303e-04
1.75500000e-01	2.05587708e-02	3.43609588e-04
1.76000000e-01	2.07009358e-02	3.45548046e-04
1.76500000e-01	2.07335195e-02	3.46089954e-04
1.77000000e-01	2.05325758e-02	3.42221235e-04
1.77500000e-01	2.07605673e-02	3.43609767e-04
1.78000000e-01	2.07148466e-02	3.45165698e-04
1.78500000e-01	2.06261320e-02	3.43259663e-04
1.79000000e-01	2.03274583e-02	3.39017499e-04
1.79500000e-01	2.05581646e-02	3.42377986e-04
1.80000000e-01	2.04872534e-02	3.41507306e-04
1.80500000e-01	2.06669782e-02	3.43236318e-04
1.81000000e-01	2.01856233e-02	3.36176612e-04
1.81500000e-01	2.06398920e-02	3.42221085e-04
1.82000000e-01	2.08836277e-02	3.46079758e-04
1.82500000e-01	2.03648174e-02	3.36601037e-04
1.83000000e-01	2.02461657e-02	3.34953148e-04
1.83500000e-01	2.06070689e-02	3.39769532e-04
1.84000000e-01	2.05750941e-02	3.37989206e-04
1.84500000e-01	2.03200101e-02	3.34864915e-04
1.85000000e-01	2.03499924e-02	3.35362525e-04
1.85500000e-01	2.02984831e-02	3.33472833e-04
1.86000000e-01	2.02572450e-02	3.31301596e-04
1.86500000e-01	2.01782963e-02	3.30504598e-04
1.87000000e-01	2.01824126e-02	3.28671228e-04
1.87500000e-01	2.04820288e-02	3.33400133e-04
1.88000000e-01	2.06521138e-02	3.37222192e-04
1.88500000e-01	2.05906072e-02	3.34889493e-04
1.89000000e-01	2.01939567e-02	3.28151366e-04
1.89500000e-01	2.03573538e-02	3.29480177e-04
1.90000000e-01	2.02452361e-02	3.27719486e-04
1.90500000e-01	2.01472190e-02	3.26650675e-04
1.91000000e-01	2.03681686e-02	3.29348060e-04
1.91500000e-01	2.02712520e-02	3.28221070e-04
1.92000000e-01	2.02691900e-02	3.27257552e-04
1.92500000e-01	2.03018977e-02	3.26779918e-04
1.93000000e-01	2.00779545e-02	3.22911716e-04
1.93500000e-01	2.01494477e-02	3.23671664e-04
1.94000000e-01	1.99621570e-02	3.20463543e-04
1.94500000e-01	2.00316591e-02	3.20246463e-04
1.95000000e-01	2.00431259e-02	3.21771113e-04
1.95500000e-01	2.01477285e-02	3.21731302e-04
1.96000000e-01	2.02254700e-02	3.21762897e-04
1.96500000e-01	2.01111908e-02	3.21460302e-04
1.97000000e-01	1.99093187e-02	3.16833394e-04
1.97500000e-01	1.97555370e-02	3.15461249e-04
1.98000000e-01	2.00663738e-02	3.19434341e-04
1.98500000e-01	1.97456661e-02	3.13487591e-04
1.99000000e-01	2.00251840e-02	3.18275109e-04
1.99500000e-01	1.97515406e-02	3.13280973e-04
2.00000000e-01	2.02725697e-02	3.19937319e-04
2.00500000e-01	1.99806282e-02	3.15528452e-04
2.01000000e-01	1.99602392e-02	3.15573798e-04
2.01500000e-01	1.98445997e-02	3.14368083e-04
2.02000000e-01	1.99856156e-02	3.15086078e-04
2.02500000e-01	1.99843574e-02	3.13960316e-04
2.03000000e-01	1.97587305e-02	3.11105220e-04
2.03500000e-01	1.98869429e-02	3.11200907e-04
2.04000000e-01	1.99259583e-02	3.12362381e-04
2.04500000e-01	2.00608371e-02	3.13324922e-04
2.05000000e-01	2.01194174e-02	3.13069134e-04
2.05500000e-01	1.97567003e-02	3.08645749e-04
2.06000000e-01	1.99184625e-02	3.09754986e-04
2.06500000e-01	2.00038630e-02	3.10808107e-04
2.07000000e-01	2.00565772e-02	3.11460037e-04
2.07500000e-01	1.97999834e-02	3.06942435e-04
2.08000000e-01	1.99229931e-02	3.08939537e-04
2.08500000e-01	2.00972462e-02	3.10721150e-04
2.09000000e-01	1.98393740e-02	3.07666601e-04
2.09500000e-01	1.97081924e-02	3.05264797e-04
2.10000000e-01	1.97321760e-02	3.04819811e-04
2.10500000e-01	1.97256802e-02	3.05523599e-04
2.11000000e-01	1.96474739e-02	3.02909324e-04
2.11500000e-01	1.95870718e-02	3.01871102e-04
2.12000000e-01	1.96167029e-02	3.01599858e-04
2.12500000e-01	1.97726323e-02	3.03238264e-04
2.13000000e-01	1.96844528e-02	3.00858308e-04
2.13500000e-01	1.96844206e-02	3.01930557e-04
2.14000000e-01	1.95176516e-02	3.00082516e-04
2.14500000e-01	1.97259554e-02	3.00174086e-04
2.15000000e-01	1.95661945e-02	3.00549202e-04
2.15500000e-01	1.95024675e-02	2.97175977e-04
2.16000000e-01	1.97358416e-02	2.99958649e-04
2.16500000e-01	1.94466741e-02	2.96643921e-04
2.17000000e-01	1.95563856e-02	3.02253350e-04
2.17500000e-01	1.95166782e-02	3.06012791e-04
2.18000000e-01	1.93751558e-02	3.05112015e-04
2.18500000e-01	1.90971806e-02	3.03413292e-04
2.19000000e-01	1.93677245e-02	3.07806286e-04
2.19500000e-01	1.95492322e-02	3.10724940e-04
2.20000000e-01	1.95164765e-02	3.13559906e-04
2.20500000e-01	1.92457396e-02	3.09563566e-04
2.21000000e-01	1.94091938e-02	3.12194058e-04
2.21500000e-01	1.93094193e-02	3.13460209e-04
2.22000000e-01	1.93208691e-02	3.11737563e-04
2.22500000e-01	1.94634474e-02	3.15187598e-04
2.23000000e-01	1.99215078e-02	3.23149714e-04
2.23500000e-01	1.94161576e-02	3.17679602e-04
2.24000000e-01	1.95469126e-02	3.19431673e-04
2.24500000e-01	1.92952443e-02	3.14967189e-04
2.25000000e-01	1.95630052e-02	3.21689614e-04
2.25500000e-01	1.91424933e-02	3.14380930e-04
2.26000000e-01	1.92568803e-02	3.17894478e-04
2.26500000e-01	1.92970551e-02	3.13356433e-04
2.27000000e-01	1.92481749e-02	3.09863987e-04
2.27500000e-01	1.91241057e-02	3.05773584e-04
2.28000000e-01	1.94391357e-02	3.07781371e-04
2.28500000e-01	1.94623455e-02	3.08253399e-04
2.29000000e-01	1.93525048e-02	3.03683313e-04
2.29500000e-01	1.93883600e-02	3.03959227e-04
2.30000000e-01	1.91827715e-02	2.99971670e-04
2.30500000e-01	1.92105890e-02	2.98875420e-04
2.31000000e-01	1.89505526e-02	2.95529086e-04
2.31500000e-01	1.93665579e-02	2.98582643e-04
2.32000000e-01	1.91195188e-02	2.96337885e-04
2.32500000e-01	1.91821446e-02	2.97869328e-04
2.33000000e-01	1.92254977e-02	2.95377287e-04
2.33500000e-01	1.92208043e-02	2.95210628e-04
2.34000000e-01	1.91592420e-02	2.93680911e-04
2.34500000e-01	1.91878898e-02	2.93920269e-04
2.35000000e-01	1.86769926e-02	2.84266154e-04
2.35500000e-01	1.92724049e-02	2.93509429e-04
2.36000000e-01	1.92347220e-02	2.91625593e-04
2.36500000e-01	1.91261209e-02	2.90277638e-04
2.37000000e-01	1.88656463e-02	2.86801806e-04
2.37500000e-01	1.88513766e-02	2.86225111e-04
2.38000000e-01	1.91063596e-02	2.88372164e-04
2.38500000e-01	1.91810801e-02	2.89642406e-04
2.39000000e-01	1.89839208e-02	2.85659104e-04
2.39500000e-01	1.89664764e-02	2.86144415e-04
2.40000000e-01	1.92178170e-02	2.88186069e-04
2.40500000e-01	1.89992165e-02	2.83758119e-04
2.41000000e-01	1.91408036e-02	2.86435920e-04
2.41500000e-01	1.89316294e-02	2.82637524e-04
2.42000000e-01	1.90655543e-02	2.84644032e-04
2.42500000e-01	1.87365938e-02	2.79152333e-04
2.43000000e-01	1.91910750e-02	2.84921326e-04
2.43500000e-01	1.88075348e-02	2.78695825e-04
2.44000000e-01	1.88061908e-02	2.79194473e-04
2.44500000e-01	1.87547553e-02	2.77301551e-04
2.45000000e-01	1.90114273e-02	2.79290077e-04
2.45500000e-01	1.89304794e-02	2.80106346e-04
2.46000000e-01	1.87266144e-02	2.76609445e-04
2.46500000e-01	1.89816386e-02	2.79048181e-04
2.47000000e-01	1.88293589e-02	2.77398989e-04
2.47500000e-01	1.90800854e-02	2.79302792e-04
2.48000000e-01	1.88837857e-02	2.76488111e-04
2.48500000e-01	1.87637436e-02	2.74667295e-04
2.49000000e-01	1.89184150e-02	2.75876485e-04
2.49500000e-01	1.89101501e-02	2.76364505e-04
2.50000000e-01	1.89771406e-02	2.76581681e-04
2.50500000e-01	1.89801692e-02	2.77963497e-04
2.51000000e-01	1.88847817e-02	2.74751670e-04
2.51500000e-01	1.88038606e-02	2.73921021e-04
2.52000000e-01	1.88107674e-02	2.73922193e-04
2.52500000e-01	1.87194730e-02	2.72688777e-04
2.53000000e-01	1.87011742e-02	2.71675165e-04
2.53500000e-01	1.88549635e-02	2.72993705e-04
2.54000000e-01	1.86435513e-02	2.70168503e-04
2.54500000e-01	1.88219917e-02	2.72575154e-04
2.55000000e-01	1.87960677e-02	2.71234224e-04
2.55500000e-01	1.90075137e-02	2.74383142e-04
2.56000000e-01	1.87854355e-02	2.70329011e-04
2.56500000e-01	1.88176254e-02	2.70583172e-04
2.57000000e-01	1.89571147e-02	2.72549355e-04
2.57500000e-01	1.87409253e-02	2.68639657e-04
2.58000000e-01	1.88144166e-02	2.70740755e-04
2.58500000e-01	1.87374179e-02	2.69611388e-04
2.59000000e-01	1.88186177e-02	2.69488088e-04
2.59500000e-01	1.85406243e-02	2.65901998e-04
2.60000000e-01	1.89126452e-02	2.69909728e-04
2.60500000e-01	1.86302676e-02	2.66481841e-04
2.61000000e-01	1.84993839e-02	2.63560491e-04
2.61500000e-01	1.85634676e-02	2.64731068e-04
2.62000000e-01	1.86200785e-02	2.64808518e-04
2.62500000e-01	1.84282357e-02	2.62829903e-04
2.63000000e-01	1.85580641e-02	2.63289904e-04
2.63500000e-01	1.84417646e-02	2.61821024e-04
2.64000000e-01	1.86522310e-02	2.64429044e-04
2.64500000e-01	1.86753112e-02	2.64324330e-04
2.65000000e-01	1.85470608e-02	2.62903669e-04
2.65500000e-01	1.85872682e-02	2.62863459e-04
2.66000000e-01	1.83820905e-02	2.59899745e-04
2.66500000e-01	1.87036581e-02	2.63490005e-04
2.67000000e-01	1.85437185e-02	2.61284797e-04
2.67500000e-01	1.85950783e-02	2.60582359e-04
2.68000000e-01	1.84754421e-02	2.59570089e-04
2.68500000e-01	1.84772371e-02	2.59273100e-04
2.69000000e-01	1.87653179e-02	2.62706230e-04
2.69500000e-01	1.84189038e-02	2.57486083e-04
2.70000000e-01	1.86486247e-02	2.61025318e-04
2.70500000e-01	1.85711868e-02	2.59029042e-04
2.71000000e-01	1.83813922e-02	2.56111753e-04
2.71500000e-01	1.84694318e-02	2.57648543e-04
2.72000000e-01	1.84607710e-02	2.56016544e-04
2.72500000e-01	1.83696744e-02	2.55344631e-04
2.73000000e-01	1.86391873e-02	2.59160205e-04
2.73500000e-01	1.85659385e-02	2.57581213e-04
2.74000000e-01	1.87305527e-02	2.60057092e-04
2.74500000e-01	1.81824280e-02	2.51999802e-04
2.75000000e-01	1.82031412e-02	2.52473465e-04
2.75500000e-01	1.84036365e-02	2.55099410e-04
2.76000000e-01	1.83066318e-02	2.52812035e-04
2.76500000e-01	1.84584112e-02	2.55813806e-04
2.77000000e-01	1.84562772e-02	2.55045274e-04
2.77500000e-01	1.83390343e-02	2.53507242e-04
2.78000000e-01	1.82788162e-02	2.51016850e-04
2.78500000e-01	1.84884542e-02	2.55360619e-04
2.79000000e-01	1.82950234e-02	2.52666874e-04
2.79500000e-01	1.83742175e-02	2.51817040e-04
2.80000000e-01	1.84581125e-02	2.52743056e-04
2.80500000e-01	1.83667765e-02	2.52192999e-04
2.81000000e-01	1.83274610e-02	2.51033450e-04
2.81500000e-01	1.81848667e-02	2.48889366e-04
2.82000000e-01	1.82814269e-02	2.50024935e-04
2.82500000e-01	1.82472409e-02	2.50857682e-04
2.83000000e-01	1.83466816e-02	2.50623285e-04
2.83500000e-01	1.83079474e-02	2.50334618e-04
2.84000000e-01	1.80536831e-02	2.47323924e-04
2.84500000e-01	1.80259440e-02	2.46492900e-04
2.85000000e-01	1.82896196e-02	2.49285978e-04
2.85500000e-01	1.79039353e-02	2.43061240e-04
2.86000000e-01	1.81206311e-02	2.47567941e-04
2.86500000e-01	1.80612703e-02	2.44792944e-04
2.87000000e-01	1.81526049e-02	2.46724294e-04
2.87500000e-01	1.81527108e-02	2.46130223e-04
2.88000000e-01	1.79609695e-02	2.42574173e-04
2.88500000e-01	1.79161296e-02	2.42962842e-04
2.89000000e-01	1.79868673e-02	2.43440281e-04
2.89500000e-01	1.79986016e-02	2.43109106e-04
2.90000000e-01	1.79940941e-02	2.42264028e-04
2.90500000e-01	1.80807109e-02	2.42939545e-04
2.91000000e-01	1.81180830e-02	2.44129068e-04
2.91500000e-01	1.80378114e-02	2.42700757e-04
2.92000000e-01	1.80216552e-02	2.42223719e-04
2.92500000e-01	1.79680407e-02	2.41117859e-04
2.93000000e-01	1.77855355e-02	2.39011843e-04
2.93500000e-01	1.79756920e-02	2.41321368e-04
2.94000000e-01	1.79752882e-02	2.40146139e-04
2.94500000e-01	1.81351770e-02	2.42771239e-04
2.95000000e-01	1.80312450e-02	2.40277867e-04
2.95500000e-01	1.80574409e-02	2.41493832e-04
2.96000000e-01	1.80322023e-02	2.41153929e-04
2.96500000e-01	1.78757553e-02	2.37822430e-04
2.97000000e-01	1.78627499e-02	2.39286967e-04
2.97500000e-01	1.78931210e-02	2.38229480e-04
2.98000000e-01	1.79437659e-02	2.39079427e-04
2.98500000e-01	1.79777676e-02	2.39381933e-04
2.99000000e-01	1.78046207e-02	2.36616706e-04
2.99500000e-01	1.78586108e-02	2.37427513e-04
3.00000000e-01	1.78401033e-02	2.36438198e-04
3.00500000e-01	1.77871641e-02	2.36122404e-04
3.01000000e-01	1.78965897e-02	2.37817533e-04
3.01500000e-01	1.79322948e-02	2.37391200e-04
3.02000000e-01	1.77909659e-02	2.35598443e-04
3.02500000e-01	1.78670858e-02	2.36269444e-04
3.03000000e-01	1.78511184e-02	2.35980268e-04
3.03500000e-01	1.77048926e-02	2.33805029e-04
3.04000000e-01	1.77175556e-02	2.33788259e-04
3.04500000e-01	1.77832938e-02	2.34732819e-04
3.05000000e-01	1.77964751e-02	2.34636938e-04
3.05500000e-01	1.78054344e-02	2.34786427e-04
3.06000000e-01	1.76916791e-02	2.31268635e-04
3.06500000e-01	1.76146058e-02	2.31220265e-04
3.07000000e-01	1.78007793e-02	2.33562534e-04
3.07500000e-01	1.78238633e-02	2.33683390e-04
3.08000000e-01	1.77629579e-02	2.31859218e-04
3.08500000e-01	1.76276086e-02	2.30908970e-04
3.09000000e-01	1.76627473e-02	2.31497177e-04
3.09500000e-01	1.77528229e-02	2.31623050e-04
3.10000000e-01	1.75956204e-02	2.29491786e-04
3.10500000e-01	1.73791665e-02	2.27169700e-04
3.11000000e-01	1.76221972e-02	2.29512177e-04
3.11500000e-01	1.76106764e-02	2.29597344e-04
3.12000000e-01	1.75295468e-02	2.28287072e-04
3.12500000e-01	1.78513454e-02	2.31429897e-04
3.13000000e-01	1.77477329e-02	2.30046777e-04
3.13500000e-01	1.75904074e-02	2.27940454e-04
3.14000000e-01	1.75562911e-02	2.27889179e-04
3.14500000e-01	1.75316028e-02	2.28109393e-04
3.15000000e-01	1.74263983e-02	2.26021456e-04
3.15500000e-01	1.74858692e-02	2.25795566e-04
3.16000000e-01	1.76624096e-02	2.28410107e-04
3.16500000e-01	1.74301122e-02	2.26461350e-04
3.17000000e-01	1.75465554e-02	2.26318285e-04
3.17500000e-01	1.75104038e-02	2.26391361e-04
3.18000000e-01	1.73901702e-02	2.25004672e-04
3.18500000e-01	1.73589340e-02	2.24285867e-04
3.19000000e-01	1.76336937e-02	2.26999939e-04
3.19500000e-01	1.74078993e-02	2.24286720e-04
3.20000000e-01	1.73738476e-02	2.23534880e-04
3.20500000e-01	1.73154183e-02	2.22696507e-04
3.21000000e-01	1.73777970e-02	2.23699797e-04
3.21500000e-01	1.73720944e-02	2.23355281e-04
3.22000000e-01	1.75225933e-02	2.24390020e-04
3.22500000e-01	1.74803456e-02	2.23932260e-04
3.23000000e-01	1.73695212e-02	2.23204769e-04
3.23500000e-01	1.75377417e-02	2.24715759e-04
3.24000000e-01	1.73437491e-02	2.21309134e-04
3.24500000e-01	1.73409338e-02	2.22683098e-04
3.25000000e-01	1.75232083e-02	2.23943794e-04
3.25500000e-01	1.72779012e-02	2.20824741e-04
3.26000000e-01	1.75093888e-02	2.23048971e-04
3.26500000e-01	1.73557898e-02	2.20753074e-04
3.27000000e-01	1.74387480e-02	2.22040531e-04
3.27500000e-01	1.71549819e-02	2.18309110e-04
3.28000000e-01	1.72371741e-02	2.19557407e-04
3.28500000e-01	1.73786128e-02	2.20250355e-04
3.29000000e-01	1.72973589e-02	2.18965901e-04
3.29500000e-01	1.75080831e-02	2.21849496e-04
3.30000000e-01	1.72538877e-02	2.18555353e-04
3.30500000e-01	1.72227265e-02	2.18901303e-04
3.31000000e-01	1.71923508e-02	2.17281349e-04
3.31500000e-01	1.71876583e-02	2.17360965e-04
3.32000000e-01	1.71577841e-02	2.16878655e-04
3.32500000e-01	1.73326462e-02	2.19069285e-04
3.33000000e-01	1.70707339e-02	2.16477791e-04
3.33500000e-01	1.73587526e-02	2.18416376e-04
3.34000000e-01	1.71539463e-02	2.16386288e-04
3.34500000e-01	1.70135589e-02	2.14374535e-04
3.35000000e-01	1.70423765e-02	2.14147930e-04
3.35500000e-01	1.71208448e-02	2.15438638e-04
3.36000000e-01	1.72638730e-02	2.16428704e-04
3.36500000e-01	1.71792343e-02	2.15678590e-04
3.37000000e-01	1.69830721e-02	2.12751708e-04
3.37500000e-01	1.72486047e-02	2.16787108e-04
3.38000000e-01	1.70279848e-02	2.13616931e-04
3.38500000e-01	1.70428349e-02	2.13672121e-04
3.39000000e-01	1.70102697e-02	2.12981685e-04
3.39500000e-01	1.71730393e-02	2.14112286e-04
3.40000000e-01	1.71619280e-02	2.14512612e-04
3.40500000e-01	1.72285418e-02	2.15221770e-04
3.41000000e-01	1.69114092e-02	2.10834794e-04
3.41500000e-01	1.71039377e-02	2.13899196e-04
3.42000000e-01	1.71472140e-02	2.13394184e-04
3.42500000e-01	1.71614069e-02	2.13560367e-04
3.43000000e-01	1.72267113e-02	2.14073723e-04
3.43500000e-01	1.71380719e-02	2.12221656e-04
3.44000000e-01	1.71000815e-02	2.13143134e-04
3.44500000e-01	1.70813052e-02	2.11547675e-04
3.45000000e-01	1.69107226e-02	2.09995238e-04
3.45500000e-01	1.68228636e-02	2.08723998e-04
3.46000000e-01	1.68510186e-02	2.08773577e-04
3.46500000e-01	1.68955879e-02	2.09399822e-04
3.47000000e-01	1.70676395e-02	2.10749727e-04
3.47500000e-01	1.69408868e-02	2.09557986e-04
3.48000000e-01	1.70107025e-02	2.10459771e-04
3.48500000e-01	1.67176768e-02	2.06523875e-04
3.49000000e-01	1.68756469e-02	2.07844057e-04
3.49500000e-01	1.66794081e-02	2.06911555e-04
3.50000000e-01	1.69321986e-02	1.69908336e-04
3.51000000e-01	1.68127096e-02	1.46556706e-04
3.52000000e-01	1.69080498e-02	1.47046768e-04
3.53000000e-01	1.68654792e-02	1.46187396e-04
3.54000000e-01	1.69510614e-02	1.46373410e-04
3.55000000e-01	1.68901933e-02	1.46312775e-04
3.56000000e-01	1.67679054e-02	1.46025783e-04
3.57000000e-01	1.67776954e-02	1.48309388e-04
3.58000000e-01	1.66695195e-02	1.48847799e-04
3.59000000e-01	1.66629977e-02	1.49799893e-04
3.60000000e-01	1.66677432e-02	1.50775489e-04
3.61000000e-01	1.66220698e-02	1.51163603e-04
3.62000000e-01	1.65958844e-02	1.51690496e-04
3.63000000e-01	1.66265613e-02	1.52381711e-04
3.64000000e-01	1.65443028e-02	1.52086148e-04
3.65000000e-01	1.65802532e-02	1.53176293e-04
3.66000000e-01	1.65327088e-02	1.50783538e-04
3.67000000e-01	1.64665496e-02	1.48167215e-04
3.68000000e-01	1.65652219e-02	1.48030110e-04
3.69000000e-01	1.63222464e-02	1.45189873e-04
3.70000000e-01	1.66158705e-02	1.46694838e-04
3.71000000e-01	1.64546544e-02	1.47511993e-04
3.72000000e-01	1.65274298e-02	1.49060259e-04
3.73000000e-01	1.64508316e-02	1.48735941e-04
3.74000000e-01	1.64751196e-02	1.49083067e-04
3.75000000e-01	1.63198220e-02	1.47627311e-04
3.76000000e-01	1.65044452e-02	1.49619974e-04
3.77000000e-01	1.64398123e-02	1.48993310e-04
3.78000000e-01	1.64969947e-02	1.49121293e-04
3.79000000e-01	1.63222143e-02	1.47357602e-04
3.80000000e-01	1.63890624e-02	1.47524211e-04
3.81000000e-01	1.63146837e-02	1.47245576e-04
3.82000000e-01	1.62994530e-02	1.47243300e-04
3.83000000e-01	1.64210532e-02	1.48035926e-04
3.84000000e-01	1.62389743e-02	1.46696162e-04
3.85000000e-01	1.62587387e-02	1.46702418e-04
3.86000000e-01	1.61729592e-02	1.46008648e-04
3.87000000e-01	1.63472313e-02	1.47130508e-04
3.88000000e-01	1.62421341e-02	1.46418902e-04
3.89000000e-01	1.62119915e-02	1.45932438e-04
3.90000000e-01	1.60760224e-02	1.45324927e-04
3.91000000e-01	1.61079412e-02	1.45227487e-04
3.92000000e-01	1.62596923e-02	1.46214027e-04
3.93000000e-01	1.60796967e-02	1.44948930e-04
3.94000000e-01	1.60790377e-02	1.45005457e-04
3.95000000e-01	1.60419859e-02	1.44369305e-04
3.96000000e-01	1.60310479e-02	1.44247286e-04
3.97000000e-01	1.61091953e-02	1.45069275e-04
3.98000000e-01	1.60880705e-02	1.45115813e-04
3.99000000e-01	1.59722660e-02	1.44203378e-04
4.00000000e-01	1.60019189e-02	1.44531860e-04
4.01000000e-01	1.60864711e-02	1.44951348e-04
4.02000000e-01	1.59622323e-02	1.43776425e-04
4.03000000e-01	1.59896379e-02	1.44015258e-04
4.04000000e-01	1.59551877e-02	1.43466141e-04
4.05000000e-01	1.59469801e-02	1.43586491e-04
4.06000000e-01	1.59254333e-02	1.43333114e-04
4.07000000e-01	1.58664609e-02	1.43181367e-04
4.08000000e-01	1.59287056e-02	1.43245880e-04
4.09000000e-01	1.59068410e-02	1.42966662e-04
4.10000000e-01	1.59176587e-02	1.43225097e-04
4.11000000e-01	1.57646000e-02	1.41570165e-04
4.12000000e-01	1.59118906e-02	1.43191876e-04
4.13000000e-01	1.58573039e-02	1.42599968e-04
4.14000000e-01	1.57958009e-02	1.42162960e-04
4.15000000e-01	1.57020238e-02	1.41081247e-04
4.16000000e-01	1.58296395e-02	1.42005529e-04
4.17000000e-01	1.58590868e-02	1.42246263e-04
4.18000000e-01	1.58433910e-02	1.43456772e-04
4.19000000e-01	1.58171367e-02	1.45377934e-04
4.20000000e-01	1.57591612e-02	1.45250949e-04
4.21000000e-01	1.59447250e-02	1.47607759e-04
4.22000000e-01	1.59525110e-02	1.47898673e-04
4.23000000e-01	1.57830327e-02	1.47320397e-04
4.24000000e-01	1.59792366e-02	1.48999199e-04
4.25000000e-01	1.58178796e-02	1.48259688e-04
4.26000000e-01	1.60545147e-02	1.50170573e-04
4.27000000e-01	1.59618889e-02	1.49130269e-04
4.28000000e-01	1.59292273e-02	1.49042653e-04
4.29000000e-01	1.56954719e-02	1.47784921e-04
4.30000000e-01	1.57904549e-02	1.48295669e-04
4.31000000e-01	1.57980835e-02	1.48251020e-04
4.32000000e-01	1.56854122e-02	1.47304996e-04
4.33000000e-01	1.57194007e-02	1.47439969e-04
4.34000000e-01	1.58525443e-02	1.48926225e-04
4.35000000e-01	1.56606409e-02	1.47424728e-04
4.36000000e-01	1.55694964e-02	1.46973410e-04
4.37000000e-01	1.56474793e-02	1.47949111e-04
4.38000000e-01	1.57509523e-02	1.48973838e-04
4.39000000e-01	1.56223290e-02	1.48064575e-04
4.40000000e-01	1.57281447e-02	1.49029023e-04
4.41000000e-01	1.56045923e-02	1.48386448e-04
4.42000000e-01	1.55817645e-02	1.48392794e-04
4.43000000e-01	1.56861988e-02	1.49224441e-04
4.44000000e-01	1.55215458e-02	1.48309007e-04
4.45000000e-01	1.56918325e-02	1.49963870e-04
4.46000000e-01	1.56564742e-02	1.49267043e-04
4.47000000e-01	1.54593418e-02	1.48335927e-04
4.48000000e-01	1.54687009e-02	1.48368417e-04
4.49000000e-01	1.54321171e-02	1.48202673e-04
4.50000000e-01	1.54890235e-02	1.48695008e-04
4.51000000e-01	1.55131809e-02	1.48855809e-04
4.52000000e-01	1.56236492e-02	1.50203152e-04
4.53000000e-01	1.56396404e-02	1.50112999e-04
4.54000000e-01	1.55627197e-02	1.49675287e-04
4.55000000e-01	1.55174884e-02	1.49729454e-04
4.56000000e-01	1.53578592e-02	1.48036464e-04
4.57000000e-01	1.54534954e-02	1.49352660e-04
4.58000000e-01	1.54041941e-02	1.49176998e-04
4.59000000e-01	1.54442158e-02	1.49569063e-04
4.60000000e-01	1.55243054e-02	1.49956698e-04
4.61000000e-01	1.54907168e-02	1.49776762e-04
4.62000000e-01	1.53249714e-02	1.48769899e-04
4.63000000e-01	1.54053012e-02	1.49809405e-04
4.64000000e-01	1.53085430e-02	1.48644763e-04
4.65000000e-01	1.54851464e-02	1.50669338e-04
4.66000000e-01	1.54056584e-02	1.49825814e-04
4.67000000e-01	1.54497115e-02	1.50283502e-04
4.68000000e-01	1.55108723e-02	1.51179584e-04
4.69000000e-01	1.53604819e-02	1.49826025e-04
4.70000000e-01	1.54473283e-02	1.50667797e-04
4.71000000e-01	1.52843950e-02	1.49013419e-04
4.72000000e-01	1.53315933e-02	1.49752773e-04
4.73000000e-01	1.53574666e-02	1.49459596e-04
4.74000000e-01	1.53262730e-02	1.49294754e-04
4.75000000e-01	1.51868773e-02	1.47804557e-04
4.76000000e-01	1.52621248e-02	1.48784033e-04
4.77000000e-01	1.52369535e-02	1.48113451e-04
4.78000000e-01	1.51855801e-02	1.47949492e-04
4.79000000e-01	1.52184956e-02	1.48560970e-04
4.80000000e-01	1.51667175e-02	1.48287333e-04
4.81000000e-01	1.53467245e-02	1.49822817e-04
4.82000000e-01	1.51688098e-02	1.48158585e-04
4.83000000e-01	1.53596525e-02	1.49562118e-04
4.84000000e-01	1.51266893e-02	1.48017845e-04
4.85000000e-01	1.52234803e-02	1.48892705e-04
4.86000000e-01	1.51825306e-02	1.48638575e-04
4.87000000e-01	1.51230353e-02	1.48694986e-04
4.88000000e-01	1.51540985e-02	1.48469996e-04
4.89000000e-01	1.51378302e-02	1.48649148e-04
4.90000000e-01	1.50934209e-02	1.48278795e-04
4.91000000e-01	1.51680295e-02	1.48804500e-04
4.92000000e-01	1.52545149e-02	1.49508533e-04
4.93000000e-01	1.50647594e-02	1.48179497e-04
4.94000000e-01	1.50999484e-02	1.49031178e-04
4.95000000e-01	1.51206155e-02	1.49839426e-04
4.96000000e-01	1.51028622e-02	1.54010740e-04
4.97000000e-01	1.50745383e-02	1.56677121e-04
4.98000000e-01	1.52489607e-02	1.60332597e-04
4.99000000e-01	1.50693195e-02	1.60914395e-04
5.00000000e-01	1.50932399e-02	1.62537520e-04
5.01000000e-01	1.49586144e-02	1.62902474e-04
5.02000000e-01	1.51794954e-02	1.66785947e-04
5.03000000e-01	1.51861978e-02	1.68166847e-04
5.04000000e-01	1.51376686e-02	1.68790955e-04
5.05000000e-01	1.51678264e-02	1.66773748e-04
5.06000000e-01	1.51934067e-02	1.63424298e-04
5.07000000e-01	1.51770368e-02	1.61580750e-04
5.08000000e-01	1.50896810e-02	1.59724651e-04
5.09000000e-01	1.51871116e-02	1.59757423e-04
5.10000000e-01	1.50221572e-02	1.58103004e-04
5.11000000e-01	1.51012414e-02	1.58079539e-04
5.12000000e-01	1.49994616e-02	1.57091523e-04
5.13000000e-01	1.49102700e-02	1.55663097e-04
5.14000000e-01	1.50475886e-02	1.56956612e-04
5.15000000e-01	1.49913131e-02	1.56151600e-04
5.16000000e-01	1.50296813e-02	1.55686810e-04
5.17000000e-01	1.50697871e-02	1.55848889e-04
5.18000000e-01	1.48641023e-02	1.53813496e-04
5.19000000e-01	1.49358334e-02	1.53969428e-04
5.20000000e-01	1.49960290e-02	1.54131569e-04
5.21000000e-01	1.49263590e-02	1.53088973e-04
5.22000000e-01	1.48832160e-02	1.52820996e-04
5.23000000e-01	1.49214430e-02	1.52941435e-04
5.24000000e-01	1.49091596e-02	1.53477048e-04
5.25000000e-01	1.49468776e-02	1.53587952e-04
5.26000000e-01	1.48875675e-02	1.52730782e-04
5.27000000e-01	1.47674284e-02	1.51546390e-04
5.28000000e-01	1.47950050e-02	1.51579589e-04
5.29000000e-01	1.47904612e-02	1.51645798e-04
5.30000000e-01	1.48106963e-02	1.52294053e-04
5.31000000e-01	1.47552414e-02	1.51438710e-04
5.32000000e-01	1.47699532e-02	1.51803986e-04
5.33000000e-01	1.48452954e-02	1.52002653e-04
5.34000000e-01	1.48279499e-02	1.52713537e-04
5.35000000e-01	1.47074736e-02	1.51276592e-04
5.36000000e-01	1.47957858e-02	1.51074745e-04
5.37000000e-01	1.47258729e-02	1.51440237e-04
5.38000000e-01	1.47592078e-02	1.51543489e-04
5.39000000e-01	1.48214187e-02	1.51918524e-04
5.40000000e-01	1.47495379e-02	1.51752980e-04
5.41000000e-01	1.47849700e-02	1.51838230e-04
5.42000000e-01	1.47150446e-02	1.50921264e-04
5.43000000e-01	1.46711544e-02	1.50245928e-04
5.44000000e-01	1.46861498e-02	1.50576473e-04
5.45000000e-01	1.46131727e-02	1.50133137e-04
5.46000000e-01	1.46058532e-02	1.49883231e-04
5.47000000e-01	1.45694258e-02	1.50008417e-04
5.48000000e-01	1.46485189e-02	1.50669951e-04
5.49000000e-01	1.46760099e-02	1.50378914e-04
5.50000000e-01	1.45258820e-02	1.49099864e-04
5.51000000e-01	1.46859656e-02	1.50157678e-04
5.52000000e-01	1.45496588e-02	1.49272520e-04
5.53000000e-01	1.46332083e-02	1.49365252e-04
5.54000000e-01	1.45761099e-02	1.48766907e-04
5.55000000e-01	1.46258302e-02	1.49063437e-04
5.56000000e-01	1.44134651e-02	1.47214126e-04
5.57000000e-01	1.44778603e-02	1.47775672e-04
5.58000000e-01	1.45878447e-02	1.48848827e-04
5.59000000e-01	1.45547317e-02	1.48609676e-04
5.60000000e-01	1.46825481e-02	1.49689667e-04
5.61000000e-01	1.45541888e-02	1.48400938e-04
5.62000000e-01	1.44001700e-02	1.46995394e-04
5.63000000e-01	1.44163206e-02	1.47078586e-04
5.64000000e-01	1.44686011e-02	1.47321410e-04
5.65000000e-01	1.43590454e-02	1.46602733e-04
5.66000000e-01	1.43808562e-02	1.47206652e-04
5.67000000e-01	1.44169447e-02	1.47187200e-04
5.68000000e-01	1.44010859e-02	1.47144199e-04
5.69000000e-01	1.43467877e-02	1.46602330e-04
5.70000000e-01	1.43255884e-02	1.46465605e-04
5.71000000e-01	1.42053789e-02	1.44702903e-04
5.72000000e-01	1.43661672e-02	1.46842504e-04
5.73000000e-01	1.45220257e-02	1.48330148e-04
5.74000000e-01	1.45305745e-02	1.48022804e-04
5.75000000e-01	1.43459600e-02	1.46867137e-04
5.76000000e-01	1.43740802e-02	1.46616335e-04
5.77000000e-01	1.43335252e-02	1.46318503e-04
5.78000000e-01	1.41469677e-02	1.45074024e-04
5.79000000e-01	1.41852842e-02	1.45485764e-04
5.80000000e-01	1.42885627e-02	1.46240147e-04
5.81000000e-01	1.44259381e-02	1.47658671e-04
5.82000000e-01	1.43720502e-02	1.46621983e-04
5.83000000e-01	1.43899189e-02	1.46816788e-04
5.84000000e-01	1.42428573e-02	1.45615994e-04
5.85000000e-01	1.41834846e-02	1.45501731e-04
5.86000000e-01	1.43276357e-02	1.46318700e-04
5.87000000e-01	1.42616934e-02	1.46382441e-04
5.88000000e-01	1.40886053e-02	1.44893027e-04
5.89000000e-01	1.42459723e-02	1.46009367e-04
5.90000000e-01	1.41416663e-02	1.44929478e-04
5.91000000e-01	1.41493838e-02	1.45044455e-04
5.92000000e-01	1.42897507e-02	1.46452711e-04
5.93000000e-01	1.42476401e-02	1.46597511e-04
5.94000000e-01	1.41556264e-02	1.45139975e-04
5.95000000e-01	1.42287482e-02	1.46405991e-04
5.96000000e-01	1.40999318e-02	1.45046855e-04
5.97000000e-01	1.41408732e-02	1.45016554e-04
5.98000000e-01	1.40380648e-02	1.44205063e-04
5.99000000e-01	1.41461788e-02	1.44836278e-04
6.00000000e-01	1.41112822e-02	1.44762105e-04
6.01000000e-01	1.41996891e-02	1.45480245e-04
6.02000000e-01	1.41370957e-02	1.45337970e-04
6.03000000e-01	1.39365548e-02	1.43740364e-04
6.04000000e-01	1.40023058e-02	1.43841381e-04
6.05000000e-01	1.40469102e-02	1.44471387e-04
6.06000000e-01	1.41072700e-02	1.45463878e-04
6.07000000e-01	1.40821218e-02	1.44644604e-04
6.08000000e-01	1.39290836e-02	1.43578985e-04
6.09000000e-01	1.41745389e-02	1.46161266e-04
6.10000000e-01	1.38336106e-02	1.42639102e-04
6.11000000e-01	1.40592710e-02	1.44977414e-04
6.12000000e-01	1.41226539e-02	1.45555558e-04
6.13000000e-01	1.41086405e-02	1.45276660e-04
6.14000000e-01	1.39625159e-02	1.43788021e-04
6.15000000e-01	1.39868126e-02	1.44306325e-04
6.16000000e-01	1.38908068e-02	1.42872214e-04
6.17000000e-01	1.39381143e-02	1.43519501e-04
6.18000000e-01	1.39362159e-02	1.43727909e-04
6.19000000e-01	1.39222467e-02	1.42941137e-04
6.20000000e-01	1.39868218e-02	1.44176420e-04
6.21000000e-01	1.39037342e-02	1.43233592e-04
6.22000000e-01	1.38952343e-02	1.42013346e-04
6.23000000e-01	1.39454353e-02	1.42630815e-04
6.24000000e-01	1.40078800e-02	1.43303495e-04
6.25000000e-01	1.39559395e-02	1.42830969e-04
6.26000000e-01	1.38047825e-02	1.41270110e-04
6.27000000e-01	1.38996846e-02	1.42293690e-04
6.28000000e-01	1.39081506e-02	1.42154345e-04
6.29000000e-01	1.39940584e-02	1.42870961e-04
6.30000000e-01	1.39930437e-02	1.42460903e-04
6.31000000e-01	1.39281685e-02	1.42453539e-04
6.32000000e-01	1.39115682e-02	1.42554029e-04
6.33000000e-01	1.38935537e-02	1.41860759e-04
6.34000000e-01	1.38571796e-02	1.45598412e-04
6.35000000e-01	1.38286150e-02	1.49885234e-04
6.36000000e-01	1.39320854e-02	1.52925740e-04
6.37000000e-01	1.38944541e-02	1.55471698e-04
6.38000000e-01	1.40102408e-02	1.58273985e-04
6.39000000e-01	1.38578708e-02	1.58686219e-04
6.40000000e-01	1.40962204e-02	1.62949781e-04
6.41000000e-01	1.39714172e-02	1.62954946e-04
6.42000000e-01	1.40506380e-02	1.66166583e-04
6.43000000e-01	1.38779105e-02	1.65149909e-04
6.44000000e-01	1.40772644e-02	1.60788202e-04
6.45000000e-01	1.37661584e-02	1.55205618e-04
6.46000000e-01	1.38648569e-02	1.55099391e-04
6.47000000e-01	1.40179374e-02	1.54484648e-04
6.48000000e-01	1.38788419e-02	1.52835535e-04
6.49000000e-01	1.39574323e-02	1.52331944e-04
6.50000000e-01	1.39197031e-02	1.51656559e-04
6.51000000e-01	1.38190040e-02	1.50074293e-04
6.52000000e-01	1.40278710e-02	1.51165981e-04
6.53000000e-01	1.39641010e-02	1.49856263e-04
6.54000000e-01	1.39211114e-02	1.49723267e-04
6.55000000e-01	1.39659570e-02	1.49863631e-04
6.56000000e-01	1.38931764e-02	1.48686435e-04
6.57000000e-01	1.39552678e-02	1.49181644e-04
6.58000000e-01	1.39882278e-02	1.48904947e-04
6.59000000e-01	1.38860416e-02	1.47606348e-04
6.60000000e-01	1.38492808e-02	1.47657009e-04
6.61000000e-01	1.39408607e-02	1.48314250e-04
6.62000000e-01	1.38912981e-02	1.47942666e-04
6.63000000e-01	1.40019942e-02	1.49148492e-04
6.64000000e-01	1.36815938e-02	1.45869286e-04
6.65000000e-01	1.39125534e-02	1.48340892e-04
6.66000000e-01	1.37895313e-02	1.46888198e-04
6.67000000e-01	1.38637668e-02	1.46839452e-04
6.68000000e-01	1.37399145e-02	1.45649552e-04
6.69000000e-01	1.37575576e-02	1.45799101e-04
6.70000000e-01	1.36932133e-02	1.45538781e-04
6.71000000e-01	1.38019792e-02	1.46401428e-04
6.72000000e-01	1.37557857e-02	1.45697599e-04
6.73000000e-01	1.36817997e-02	1.44912025e-04
6.74000000e-01	1.37633387e-02	1.46008748e-04
6.75000000e-01	1.38863066e-02	1.46684818e-04
6.76000000e-01	1.36732186e-02	1.44975208e-04
6.77000000e-01	1.37321252e-02	1.45310301e-04
6.78000000e-01	1.35612068e-02	1.43328395e-04
6.79000000e-01	1.35701329e-02	1.43960556e-04
6.80000000e-01	1.37033237e-02	1.45115771e-04
6.81000000e-01	1.37222965e-02	1.45057671e-04
6.82000000e-01	1.38466550e-02	1.46548454e-04
6.83000000e-01	1.36673370e-02	1.44345181e-04
6.84000000e-01	1.37167495e-02	1.44991373e-04
6.85000000e-01	1.36689669e-02	1.44398551e-04
6.86000000e-01	1.37093959e-02	1.44845727e-04
6.87000000e-01	1.36793019e-02	1.45090703e-04
6.88000000e-01	1.36846711e-02	1.44366820e-04
6.89000000e-01	1.36590007e-02	1.44428992e-04
6.90000000e-01	1.36943113e-02	1.44559051e-04
6.91000000e-01	1.37060743e-02	1.44664027e-04
6.92000000e-01	1.35580945e-02	1.43419652e-04
6.93000000e-01	1.36851282e-02	1.44502910e-04
6.94000000e-01	1.36398131e-02	1.43950247e-04
6.95000000e-01	1.35182833e-02	1.42455771e-04
6.96000000e-01	1.36119896e-02	1.43825574e-04
6.97000000e-01	1.35198742e-02	1.42880786e-04
6.98000000e-01	1.35498851e-02	1.43292831e-04
6.99000000e-01	1.34278313e-02	1.42014895e-04
7.00000000e-01	1.36069894e-02	1.43355864e-04
7.01000000e-01	1.35713218e-02	1.43526309e-04
7.02000000e-01	1.35756643e-02	1.43092358e-04
7.03000000e-01	1.36599843e-02	1.43927076e-04
7.04000000e-01	1.34585503e-02	1.42277919e-04
7.05000000e-01	1.36466989e-02	1.43800920e-04
7.06000000e-01	1.36023716e-02	1.43489487e-04
7.07000000e-01	1.34570463e-02	1.41862808e-04
7.08000000e-01	1.35452801e-02	1.41736168e-04
7.09000000e-01	1.33798058e-02	1.41127079e-04
7.10000000e-01	1.34372464e-02	1.41695601e-04
7.11000000e-01	1.34257652e-02	1.41613295e-04
7.12000000e-01	1.34782243e-02	1.41809761e-04
7.13000000e-01	1.33229830e-02	1.40475231e-04
7.14000000e-01	1.33174669e-02	1.40679342e-04
7.15000000e-01	1.32659790e-02	1.39942716e-04
7.16000000e-01	1.33385738e-02	1.40885780e-04
7.17000000e-01	1.34429872e-02	1.41669105e-04
7.18000000e-01	1.33352226e-02	1.40240718e-04
7.19000000e-01	1.34539250e-02	1.41697869e-04
7.20000000e-01	1.33584122e-02	1.40718980e-04
7.21000000e-01	1.33644892e-02	1.41674760e-04
7.22000000e-01	1.32237966e-02	1.39492318e-04
7.23000000e-01	1.31960923e-02	1.39038235e-04
7.24000000e-01	1.32731250e-02	1.40123691e-04
7.25000000e-01	1.32587844e-02	1.39711507e-04
7.26000000e-01	1.32784818e-02	1.39700105e-04
7.27000000e-01	1.33639772e-02	1.41018362e-04
7.28000000e-01	1.31424624e-02	1.39039937e-04
7.29000000e-01	1.31839030e-02	1.39017954e-04
7.30000000e-01	1.32563146e-02	1.39810970e-04
7.31000000e-01	1.32162418e-02	1.39589187e-04
7.32000000e-01	1.32112478e-02	1.39632538e-04
7.33000000e-01	1.33162614e-02	1.40520496e-04
7.34000000e-01	1.30977063e-02	1.38255742e-04
7.35000000e-01	1.32251639e-02	1.38938078e-04
7.36000000e-01	1.32108092e-02	1.38888876e-04
7.37000000e-01	1.30795704e-02	1.37500376e-04
7.38000000e-01	1.30508948e-02	1.36658225e-04
7.39000000e-01	1.32485181e-02	1.38472276e-04
7.40000000e-01	1.31286507e-02	1.37560803e-04
7.41000000e-01	1.32206817e-02	1.37727577e-04
7.42000000e-01	1.30998536e-02	1.36986180e-04
7.43000000e-01	1.30761415e-02	1.36939618e-04
7.44000000e-01	1.31143608e-02	1.37315322e-04
7.45000000e-01	1.31238498e-02	1.36993014e-04
7.46000000e-01	1.29930930e-02	1.36037370e-04
7.47000000e-01	1.31975321e-02	1.37786547e-04
7.48000000e-01	1.29181892e-02	1.35405219e-04
7.49000000e-01	1.31089377e-02	1.36955791e-04
7.50000000e-01	1.30795998e-02	1.36763906e-04
7.51000000e-01	1.30672580e-02	1.37018225e-04
7.52000000e-01	1.30933201e-02	1.36602127e-04
7.53000000e-01	1.30181001e-02	1.36334368e-04
7.54000000e-01	1.30700242e-02	1.36209062e-04
7.55000000e-01	1.30593273e-02	1.36443963e-04
7.56000000e-01	1.29699754e-02	1.36016436e-04
7.57000000e-01	1.29001531e-02	1.34822766e-04
7.58000000e-01	1.30535731e-02	1.36262588e-04
7.59000000e-01	1.29214455e-02	1.35189849e-04
7.60000000e-01	1.29832398e-02	1.35396939e-04
7.61000000e-01	1.30422551e-02	1.35639475e-04
7.62000000e-01	1.30734734e-02	1.35306805e-04
7.63000000e-01	1.28547810e-02	1.33842650e-04
7.64000000e-01	1.29850930e-02	1.34540590e-04
7.65000000e-01	1.29308167e-02	1.34410478e-04
7.66000000e-01	1.28619823e-02	1.33236312e-04
7.67000000e-01	1.28355511e-02	1.32935186e-04
7.68000000e-01	1.29528648e-02	1.34640904e-04
7.69000000e-01	1.27534081e-02	1.32561432e-04
7.70000000e-01	1.29065763e-02	1.33856097e-04
7.71000000e-01	1.27111267e-02	1.32347544e-04
7.72000000e-01	1.28956716e-02	1.37928462e-04
7.73000000e-01	1.29470592e-02	1.42688667e-04
7.74000000e-01	1.27718732e-02	1.43948277e-04
7.75000000e-01	1.27116096e-02	1.45703210e-04
7.76000000e-01	1.27543730e-02	1.48205333e-04
7.77000000e-01	1.27704123e-02	1.50927244e-04
7.78000000e-01	1.28410202e-02	1.53534959e-04
7.79000000e-01	1.28202236e-02	1.54914717e-04
7.80000000e-01	1.27145944e-02	1.55626457e-04
7.81000000e-01	1.25949133e-02	1.56206865e-04
7.82000000e-01	1.27591735e-02	1.59744064e-04
7.83000000e-01	1.25571895e-02	1.59036713e-04
7.84000000e-01	1.28159114e-02	1.63426702e-04
7.85000000e-01	1.27727618e-02	1.65051886e-04
7.86000000e-01	1.25306762e-02	1.63832475e-04
7.87000000e-01	1.26958131e-02	1.68007367e-04
7.88000000e-01	1.25659093e-02	1.68184178e-04
7.89000000e-01	1.26467133e-02	1.70044577e-04
7.90000000e-01	1.26160101e-02	1.71886810e-04
7.91000000e-01	1.26187938e-02	1.73356576e-04
7.92000000e-01	1.25247539e-02	1.73842503e-04
7.93000000e-01	1.25185867e-02	1.75644840e-04
7.94000000e-01	1.27000334e-02	1.79137111e-04
7.95000000e-01	1.24257886e-02	1.77546665e-04
7.96000000e-01	1.27030490e-02	1.82927792e-04
7.97000000e-01	1.25122461e-02	1.82968679e-04
7.98000000e-01	1.24243634e-02	1.83019235e-04
7.99000000e-01	1.25786017e-02	1.86991031e-04
8.00000000e-01	1.24894536e-02	1.88451773e-04
8.01000000e-01	1.24745673e-02	1.89774580e-04
8.02000000e-01	1.23623776e-02	1.89849795e-04
8.03000000e-01	1.23559847e-02	1.92196607e-04
8.04000000e-01	1.24158758e-02	1.94736920e-04
8.05000000e-01	1.25397203e-02	1.99797104e-04
8.06000000e-01	1.24387289e-02	1.99296405e-04
8.07000000e-01	1.25336683e-02	2.02711653e-04
8.08000000e-01	1.23282884e-02	2.02114760e-04
8.09000000e-01	1.22925690e-02	2.03630951e-04
8.10000000e-01	1.24311960e-02	2.08433169e-04
8.11000000e-01	1.21774519e-02	2.06334122e-04
8.12000000e-01	1.24183992e-02	2.13549242e-04
8.13000000e-01	1.24756659e-02	2.17073179e-04
8.14000000e-01	1.21902134e-02	2.14033607e-04
8.15000000e-01	1.24935652e-02	2.22751941e-04
8.16000000e-01	1.23317866e-02	2.21711946e-04
8.17000000e-01	1.24940563e-02	2.26781799e-04
8.18000000e-01	1.23018052e-02	2.27124728e-04
8.19000000e-01	1.20954790e-02	2.26127301e-04
8.20000000e-01	1.23665294e-02	2.33655117e-04
8.21000000e-01	1.25773298e-02	2.39475068e-04
8.22000000e-01	1.23130153e-02	2.37777354e-04
8.23000000e-01	1.22908208e-02	2.41484604e-04
8.24000000e-01	1.24361286e-02	2.48145001e-04
8.25000000e-01	1.21292416e-02	2.45178101e-04
8.26000000e-01	1.18917222e-02	2.45137501e-04
8.27000000e-01	1.20391281e-02	2.50183727e-04
8.28000000e-01	1.21600288e-02	2.57150815e-04
8.29000000e-01	1.22031015e-02	2.62420389e-04
8.30000000e-01	1.19140667e-02	2.60274168e-04
8.31000000e-01	1.20913527e-02	2.68255475e-04
8.32000000e-01	1.19903456e-02	2.68462819e-04
8.33000000e-01	1.20309260e-02	2.77114301e-04
8.34000000e-01	1.20817777e-02	2.81921078e-04
8.35000000e-01	1.20405823e-02	2.84584387e-04
8.36000000e-01	1.18413155e-02	2.87114029e-04
8.37000000e-01	1.20522071e-02	2.97453869e-04
8.38000000e-01	1.19812360e-02	3.01663359e-04
8.39000000e-01	1.20361465e-02	3.09687707e-04
8.40000000e-01	1.21280521e-02	3.16919980e-04
8.41000000e-01	1.18088635e-02	3.18441566e-04
8.42000000e-01	1.21189021e-02	3.31410909e-04
8.43000000e-01	1.22271816e-02	3.40499883e-04
8.44000000e-01	1.19040780e-02	3.41653206e-04
8.45000000e-01	1.18765610e-02	3.49440013e-04
8.46000000e-01	1.16938433e-02	3.56931555e-04
8.47000000e-01	1.17952672e-02	3.65640404e-04
8.48000000e-01	1.18263145e-02	3.83839275e-04
8.49000000e-01	1.16993526e-02	3.91076811e-04
8.50000000e-01	1.16711659e-02	4.03536305e-04
8.51000000e-01	1.18106030e-02	4.22216269e-04
8.52000000e-01	1.17038377e-02	4.32675505e-04
8.53000000e-01	1.12914475e-02	4.41586892e-04
8.54000000e-01	1.16720473e-02	4.68982552e-04
8.55000000e-01	1.10712078e-02	4.63072056e-04
8.56000000e-01	1.10872677e-02	4.78376710e-04
8.57000000e-01	1.16952252e-02	5.20798118e-04
8.58000000e-01	1.14118645e-02	5.31117196e-04
8.59000000e-01	1.19824047e-02	5.52999000e-04
8.60000000e-01	1.15765624e-02	5.56462292e-04
8.61000000e-01	1.14871213e-02	5.66939886e-04
8.62000000e-01	1.13539751e-02	5.86843370e-04
8.63000000e-01	1.19045124e-02	6.43992583e-04
8.64000000e-01	1.08616001e-02	6.24456096e-04
8.65000000e-01	1.13820107e-02	6.69114178e-04
8.66000000e-01	1.17263121e-02	7.08875709e-04
8.67000000e-01	1.15026702e-02	7.55907947e-04
8.68000000e-01	1.14392643e-02	8.06206035e-04
8.69000000e-01	1.12492530e-02	8.60979572e-04
8.70000000e-01	1.27499691e-02	1.03059775e-03
8.71000000e-01	1.19599834e-02	1.10309475e-03
8.72000000e-01	1.24312453e-02	1.26755939e-03
8.73000000e-01	1.11347200e-02	1.35022048e-03
8.74000000e-01	1.07459631e-02	1.81682361e-03
8.75000000e-01	1.06988754e-02	3.28718478e-03
