% Filename : SSW19_00030_00004.h5
% Date & Time : 30-Oct-2025 17:19:04
% X-ray Energy (keV) : 13.30001
% Exposure Time (s) : 0.500
% Beam Center : 1461.24000, 208.98300
% Sample to Detector Distance (SDD) (mm) : 1990.750
% Detector Pixel Size (mm) : 0.075
% Photodiode Value : 140377.000
% I0 of Sample : 0
% I0 of Standard : 1
% 
% q(A^-1)   I(q)    I(q)_SE
0.00000000e+00	9.00907699e-03	4.98456517e-03
2.50000000e-04	0.00000000e+00	0.00000000e+00
5.00000000e-04	0.00000000e+00	0.00000000e+00
7.50000000e-04	0.00000000e+00	0.00000000e+00
1.00000000e-03	0.00000000e+00	0.00000000e+00
1.25000000e-03	0.00000000e+00	0.00000000e+00
1.50000000e-03	0.00000000e+00	0.00000000e+00
1.75000000e-03	0.00000000e+00	0.00000000e+00
2.00000000e-03	0.00000000e+00	0.00000000e+00
2.25000000e-03	0.00000000e+00	0.00000000e+00
2.50000000e-03	0.00000000e+00	0.00000000e+00
2.75000000e-03	0.00000000e+00	0.00000000e+00
3.00000000e-03	0.00000000e+00	0.00000000e+00
3.25000000e-03	9.58624436e-01	5.55057813e-01
3.50000000e-03	1.19976346e+00	2.59185680e-01
3.75000000e-03	9.64201163e-01	1.63099817e-01
4.00000000e-03	8.21885345e-01	1.26457118e-01
4.25000000e-03	7.08816465e-01	8.90934908e-02
4.50000000e-03	7.63126475e-01	1.00539597e-01
4.75000000e-03	7.20775427e-01	8.54450160e-02
5.00000000e-03	5.76863125e-01	6.48654167e-02
5.25000000e-03	4.93338730e-01	5.42774769e-02
5.50000000e-03	4.21970680e-01	4.56119444e-02
5.75000000e-03	3.66385519e-01	3.80790409e-02
6.00000000e-03	3.23948953e-01	3.22556497e-02
6.25000000e-03	2.84273592e-01	2.87666596e-02
6.50000000e-03	2.52528462e-01	2.46845646e-02
6.75000000e-03	2.14143223e-01	2.05250370e-02
7.00000000e-03	1.93133048e-01	1.81228850e-02
7.25000000e-03	1.71450936e-01	1.55759621e-02
7.50000000e-03	1.57881112e-01	1.41953560e-02
7.75000000e-03	1.37638260e-01	1.20267333e-02
8.00000000e-03	1.33003097e-01	1.16180584e-02
8.25000000e-03	1.12538001e-01	9.65397626e-03
8.50000000e-03	1.07557134e-01	8.81722793e-03
8.75000000e-03	9.83206666e-02	8.00228164e-03
9.00000000e-03	8.84345622e-02	7.02891255e-03
9.25000000e-03	8.42234052e-02	6.41293905e-03
9.50000000e-03	7.42718307e-02	5.55209681e-03
9.75000000e-03	7.06080638e-02	5.21583753e-03
1.00000000e-02	6.42298163e-02	4.60872119e-03
1.02500000e-02	5.96033139e-02	4.42863847e-03
1.05000000e-02	5.66340634e-02	3.95301746e-03
1.07500000e-02	5.20206321e-02	3.66399597e-03
1.10000000e-02	5.03670838e-02	3.45608498e-03
1.12500000e-02	4.88583818e-02	3.34908216e-03
1.15000000e-02	4.52293255e-02	3.02080559e-03
1.17500000e-02	4.27633367e-02	2.78931715e-03
1.20000000e-02	4.22447771e-02	2.73768449e-03
1.22500000e-02	4.21275560e-02	2.69665615e-03
1.25000000e-02	4.05435539e-02	2.61501568e-03
1.27500000e-02	3.80405672e-02	2.41888313e-03
1.30000000e-02	3.63666423e-02	2.28530433e-03
1.32500000e-02	3.52298528e-02	2.15861107e-03
1.35000000e-02	3.52463634e-02	2.17282524e-03
1.37500000e-02	3.44875076e-02	2.09431125e-03
1.40000000e-02	3.18863770e-02	1.95464327e-03
1.42500000e-02	3.10844898e-02	1.86254048e-03
1.45000000e-02	3.00088657e-02	1.77820595e-03
1.47500000e-02	3.02481006e-02	1.79443042e-03
1.50000000e-02	2.89547068e-02	1.71627750e-03
1.52500000e-02	2.83789321e-02	1.64623368e-03
1.55000000e-02	2.89429810e-02	1.65759787e-03
1.57500000e-02	2.78264193e-02	1.59600512e-03
1.60000000e-02	2.66744006e-02	1.50919568e-03
1.62500000e-02	2.63567011e-02	1.51305361e-03
1.65000000e-02	2.56716942e-02	1.43283072e-03
1.67500000e-02	2.53888377e-02	1.41176380e-03
1.70000000e-02	2.58956129e-02	1.43407754e-03
1.72500000e-02	2.55982779e-02	1.39808172e-03
1.75000000e-02	2.38309814e-02	1.32009587e-03
1.77500000e-02	2.43146616e-02	1.31483394e-03
1.80000000e-02	2.41374024e-02	1.30317952e-03
1.82500000e-02	2.41462191e-02	1.26703838e-03
1.85000000e-02	2.40213718e-02	1.29241769e-03
1.87500000e-02	2.37828467e-02	1.25290858e-03
1.90000000e-02	2.43309083e-02	1.28300956e-03
1.92500000e-02	2.38791123e-02	1.22667279e-03
1.95000000e-02	2.35938585e-02	1.21006926e-03
1.97500000e-02	2.30676357e-02	1.19176064e-03
2.00000000e-02	2.31739354e-02	1.19653669e-03
2.02500000e-02	2.35327798e-02	1.20167859e-03
2.05000000e-02	2.23239681e-02	1.11470797e-03
2.07500000e-02	2.25600454e-02	1.13980102e-03
2.10000000e-02	2.34604017e-02	1.17786197e-03
2.12500000e-02	2.26223944e-02	1.12877791e-03
2.15000000e-02	2.27248604e-02	1.12873699e-03
2.17500000e-02	2.37854895e-02	1.20330495e-03
2.20000000e-02	2.37187383e-02	1.20961962e-03
2.22500000e-02	2.27739678e-02	1.14036740e-03
2.25000000e-02	2.24738718e-02	1.14379030e-03
2.27500000e-02	2.24515153e-02	1.12761456e-03
2.30000000e-02	2.31575705e-02	1.17877913e-03
2.32500000e-02	2.25443072e-02	1.12312051e-03
2.35000000e-02	2.21817186e-02	1.12836624e-03
2.37500000e-02	2.18538572e-02	1.11152961e-03
2.40000000e-02	2.21640429e-02	1.12047380e-03
2.42500000e-02	2.27261071e-02	1.13676033e-03
2.45000000e-02	2.12474119e-02	1.07319587e-03
2.47500000e-02	2.12722944e-02	1.07643657e-03
2.50000000e-02	2.28373173e-02	1.13429561e-03
2.52500000e-02	2.21215162e-02	1.10499244e-03
2.55000000e-02	2.17127682e-02	1.07126179e-03
2.57500000e-02	2.14497679e-02	1.06262768e-03
2.60000000e-02	2.16995813e-02	1.07998133e-03
2.62500000e-02	2.15001360e-02	1.07863613e-03
2.65000000e-02	2.13410935e-02	1.05094166e-03
2.67500000e-02	2.25367109e-02	1.10161690e-03
2.70000000e-02	2.18325646e-02	1.07895129e-03
2.72500000e-02	2.16588125e-02	1.05818492e-03
2.75000000e-02	2.31805803e-02	1.14150007e-03
2.77500000e-02	2.24807673e-02	1.10218053e-03
2.80000000e-02	2.16890182e-02	1.04862447e-03
2.82500000e-02	2.26481204e-02	1.09091088e-03
2.85000000e-02	2.24706078e-02	1.10599316e-03
2.87500000e-02	2.20083657e-02	1.07014416e-03
2.90000000e-02	2.23287450e-02	1.09077449e-03
2.92500000e-02	2.20054866e-02	1.04161916e-03
2.95000000e-02	2.27246563e-02	1.09892704e-03
2.97500000e-02	2.28337288e-02	1.08706150e-03
3.00000000e-02	2.28322763e-02	1.10190789e-03
3.02500000e-02	2.27841897e-02	1.09019924e-03
3.05000000e-02	2.30951995e-02	1.08398278e-03
3.07500000e-02	2.21655177e-02	1.05576531e-03
3.10000000e-02	2.27012187e-02	1.07616311e-03
3.12500000e-02	2.41762873e-02	1.14658665e-03
3.15000000e-02	2.30386691e-02	1.08589935e-03
3.17500000e-02	2.16378798e-02	1.00655921e-03
3.20000000e-02	2.22367138e-02	1.04064197e-03
3.22500000e-02	2.16230263e-02	1.02231642e-03
3.25000000e-02	2.24454902e-02	1.06176249e-03
3.27500000e-02	2.21693991e-02	1.03695928e-03
3.30000000e-02	2.20912881e-02	1.02683563e-03
3.32500000e-02	2.13052779e-02	9.90504386e-04
3.35000000e-02	2.19017901e-02	1.03070976e-03
3.37500000e-02	2.25862335e-02	1.03888380e-03
3.40000000e-02	2.13772819e-02	9.90076142e-04
3.42500000e-02	2.14168268e-02	9.83568120e-04
3.45000000e-02	2.16310661e-02	9.97188359e-04
3.47500000e-02	2.14494631e-02	9.88129063e-04
3.50000000e-02	2.16558719e-02	9.90214612e-04
3.52500000e-02	2.15499272e-02	9.87856002e-04
3.55000000e-02	2.16007087e-02	9.70994979e-04
3.57500000e-02	2.05947991e-02	9.44371516e-04
3.60000000e-02	2.21736992e-02	1.01334325e-03
3.62500000e-02	2.14540884e-02	9.78976258e-04
3.65000000e-02	2.15191731e-02	9.80466957e-04
3.67500000e-02	2.16756829e-02	9.83909035e-04
3.70000000e-02	2.18347568e-02	9.92521811e-04
3.72500000e-02	2.09269749e-02	9.44157398e-04
3.75000000e-02	2.07350857e-02	9.28876928e-04
3.77500000e-02	2.12039339e-02	9.49465773e-04
3.80000000e-02	2.11725412e-02	9.41958748e-04
3.82500000e-02	2.20116044e-02	9.68537961e-04
3.85000000e-02	2.02145032e-02	9.06010844e-04
3.87500000e-02	2.11107260e-02	9.41251146e-04
3.90000000e-02	2.08799813e-02	9.34471558e-04
3.92500000e-02	2.09251290e-02	9.31310156e-04
3.95000000e-02	2.09737848e-02	9.20488543e-04
3.97500000e-02	2.05953630e-02	9.15955307e-04
4.00000000e-02	2.12148595e-02	9.31748157e-04
4.02500000e-02	2.11275098e-02	9.28186269e-04
4.05000000e-02	2.09186259e-02	9.12398249e-04
4.07500000e-02	2.02814015e-02	8.77297892e-04
4.10000000e-02	2.07940473e-02	9.10473561e-04
4.12500000e-02	2.17399393e-02	9.46984709e-04
4.15000000e-02	2.15550567e-02	9.19401348e-04
4.17500000e-02	2.13657820e-02	9.14458260e-04
4.20000000e-02	2.20149783e-02	9.33980866e-04
4.22500000e-02	2.11076246e-02	8.96111681e-04
4.25000000e-02	2.17079860e-02	9.25077270e-04
4.27500000e-02	2.12546514e-02	9.07357833e-04
4.30000000e-02	2.04004731e-02	8.75164151e-04
4.32500000e-02	2.07764857e-02	8.83485400e-04
4.35000000e-02	2.05435453e-02	8.81526166e-04
4.37500000e-02	2.12299560e-02	8.90832080e-04
4.40000000e-02	2.07546758e-02	8.87831590e-04
4.42500000e-02	2.04382954e-02	8.60056492e-04
4.45000000e-02	2.08521443e-02	8.75045512e-04
4.47500000e-02	2.07445719e-02	8.67585610e-04
4.50000000e-02	2.04990901e-02	8.63021797e-04
4.52500000e-02	2.06130235e-02	8.58605109e-04
4.55000000e-02	2.05749947e-02	8.59459791e-04
4.57500000e-02	2.03484112e-02	8.45486253e-04
4.60000000e-02	2.12237749e-02	8.84482821e-04
4.62500000e-02	2.04333452e-02	8.57525375e-04
4.65000000e-02	2.06694599e-02	8.54157087e-04
4.67500000e-02	2.11655487e-02	8.69924559e-04
4.70000000e-02	2.15279986e-02	8.80295330e-04
4.72500000e-02	2.10894519e-02	8.60708173e-04
4.75000000e-02	2.11529673e-02	8.68350209e-04
4.77500000e-02	2.04923415e-02	8.30082067e-04
4.80000000e-02	2.09419064e-02	8.50181561e-04
4.82500000e-02	2.02846310e-02	8.21209082e-04
4.85000000e-02	2.05002832e-02	8.42954501e-04
4.87500000e-02	2.03648663e-02	8.33573919e-04
4.90000000e-02	2.16390709e-02	8.70302538e-04
4.92500000e-02	2.09501548e-02	8.42428008e-04
4.95000000e-02	2.03468861e-02	8.19602752e-04
4.97500000e-02	2.06544025e-02	8.39055985e-04
5.00000000e-02	2.05296924e-02	8.28421188e-04
5.02500000e-02	2.06231570e-02	8.22565839e-04
5.05000000e-02	2.06117031e-02	8.19487247e-04
5.07500000e-02	2.02006609e-02	8.09010690e-04
5.10000000e-02	1.98974376e-02	7.93428931e-04
5.12500000e-02	2.09109764e-02	8.33588614e-04
5.15000000e-02	2.07947144e-02	8.17795755e-04
5.17500000e-02	2.04613223e-02	8.12335597e-04
5.20000000e-02	2.03925843e-02	8.01789075e-04
5.22500000e-02	2.02690444e-02	8.07405959e-04
5.25000000e-02	2.10192571e-02	8.22187630e-04
5.27500000e-02	2.06478503e-02	8.02244698e-04
5.30000000e-02	2.08828822e-02	8.24593218e-04
5.32500000e-02	2.05307054e-02	8.04602483e-04
5.35000000e-02	2.02827965e-02	7.99926360e-04
5.37500000e-02	2.03104208e-02	7.91612454e-04
5.40000000e-02	2.03597529e-02	7.96267692e-04
5.42500000e-02	1.98168601e-02	7.74875866e-04
5.45000000e-02	2.07060617e-02	8.01198963e-04
5.47500000e-02	2.01925114e-02	7.81945237e-04
5.50000000e-02	2.03810105e-02	7.91664425e-04
5.52500000e-02	2.06896133e-02	7.97892618e-04
5.55000000e-02	1.99826700e-02	7.72455769e-04
5.57500000e-02	2.00719243e-02	7.77981510e-04
5.60000000e-02	2.05159978e-02	7.90697188e-04
5.62500000e-02	2.05805426e-02	7.96218349e-04
5.65000000e-02	2.03663551e-02	7.74145532e-04
5.67500000e-02	2.03687597e-02	7.81993585e-04
5.70000000e-02	2.04982887e-02	7.80103908e-04
5.72500000e-02	2.01424973e-02	7.68349752e-04
5.75000000e-02	2.03774985e-02	7.75943820e-04
5.77500000e-02	2.01352775e-02	7.49472444e-04
5.80000000e-02	2.02059392e-02	7.67400881e-04
5.82500000e-02	2.01987529e-02	7.62329660e-04
5.85000000e-02	1.99801950e-02	7.63260969e-04
5.87500000e-02	1.96342795e-02	7.44642393e-04
5.90000000e-02	1.95071521e-02	7.38315846e-04
5.92500000e-02	2.10063042e-02	7.85076402e-04
5.95000000e-02	1.96398051e-02	7.37916662e-04
5.97500000e-02	2.00782637e-02	7.48142072e-04
6.00000000e-02	1.99265159e-02	7.44121998e-04
6.02500000e-02	1.99440001e-02	7.47851378e-04
6.05000000e-02	1.97663405e-02	7.40309666e-04
6.07500000e-02	1.99665486e-02	7.41267712e-04
6.10000000e-02	1.97733055e-02	7.37602320e-04
6.12500000e-02	2.03762500e-02	7.52691843e-04
6.15000000e-02	2.00729065e-02	7.39894243e-04
6.17500000e-02	1.99361022e-02	7.33304152e-04
6.20000000e-02	1.99197007e-02	7.38131135e-04
6.22500000e-02	2.01439389e-02	7.44433462e-04
6.25000000e-02	2.05303611e-02	7.51448013e-04
6.27500000e-02	2.05718892e-02	7.53208289e-04
6.30000000e-02	1.99709261e-02	7.27925551e-04
6.32500000e-02	2.01700109e-02	7.38447481e-04
6.35000000e-02	2.01966794e-02	7.39893815e-04
6.37500000e-02	2.01162518e-02	7.35345870e-04
6.40000000e-02	1.98543298e-02	7.27346267e-04
6.42500000e-02	2.05926633e-02	7.38810493e-04
6.45000000e-02	2.05048530e-02	7.39844708e-04
6.47500000e-02	1.98033360e-02	7.20043440e-04
6.50000000e-02	2.03370636e-02	7.43721916e-04
6.52500000e-02	1.98702178e-02	7.17061167e-04
6.55000000e-02	2.00422535e-02	7.22704555e-04
6.57500000e-02	2.05313155e-02	7.36135227e-04
6.60000000e-02	1.94629666e-02	7.03583154e-04
6.62500000e-02	1.96414054e-02	7.07675764e-04
6.65000000e-02	1.97104098e-02	7.05282833e-04
6.67500000e-02	2.05792904e-02	7.30464968e-04
6.70000000e-02	2.00840320e-02	7.19104032e-04
6.72500000e-02	2.02070802e-02	7.19354188e-04
6.75000000e-02	1.99425670e-02	7.14128473e-04
6.77500000e-02	2.05169713e-02	7.23143906e-04
6.80000000e-02	2.05468615e-02	7.29071368e-04
6.82500000e-02	2.00487155e-02	7.10571253e-04
6.85000000e-02	1.92957839e-02	6.89468171e-04
6.87500000e-02	1.99440369e-02	7.00341079e-04
6.90000000e-02	1.98504303e-02	7.00196990e-04
6.92500000e-02	2.05606960e-02	7.23226897e-04
6.95000000e-02	1.97835236e-02	7.00345152e-04
6.97500000e-02	1.98950470e-02	6.96696195e-04
7.00000000e-02	2.01479768e-02	7.00119294e-04
7.02500000e-02	2.04265419e-02	7.12958906e-04
7.05000000e-02	1.94024201e-02	6.73471334e-04
7.07500000e-02	1.98022606e-02	6.96156335e-04
7.10000000e-02	2.03511045e-02	7.11050756e-04
7.12500000e-02	1.96030359e-02	6.77784912e-04
7.15000000e-02	2.00263447e-02	6.99755291e-04
7.17500000e-02	2.01034671e-02	6.96610553e-04
7.20000000e-02	1.97931790e-02	6.87224082e-04
7.22500000e-02	2.00456996e-02	6.94308954e-04
7.25000000e-02	1.97973140e-02	6.86890399e-04
7.27500000e-02	2.00554329e-02	6.96558231e-04
7.30000000e-02	1.97785248e-02	6.80094244e-04
7.32500000e-02	1.95049480e-02	6.71004610e-04
7.35000000e-02	1.98465487e-02	6.80538149e-04
7.37500000e-02	2.00748113e-02	6.83330341e-04
7.40000000e-02	1.99382548e-02	6.80067155e-04
7.42500000e-02	2.02256706e-02	6.91473655e-04
7.45000000e-02	2.04351325e-02	6.89103825e-04
7.47500000e-02	2.01400259e-02	6.86355910e-04
7.50000000e-02	1.99356695e-02	6.76795434e-04
7.52500000e-02	2.02328951e-02	6.84998998e-04
7.55000000e-02	1.99784492e-02	6.77237935e-04
7.57500000e-02	1.97428862e-02	6.71524846e-04
7.60000000e-02	1.96925139e-02	6.72253761e-04
7.62500000e-02	1.93889343e-02	6.57692744e-04
7.65000000e-02	1.95566745e-02	6.59739987e-04
7.67500000e-02	2.00478569e-02	6.72460332e-04
7.70000000e-02	2.02109795e-02	6.80584962e-04
7.72500000e-02	2.03624026e-02	6.94309526e-04
7.75000000e-02	1.98353532e-02	6.80583115e-04
7.77500000e-02	1.92602175e-02	6.76444648e-04
7.80000000e-02	2.02360425e-02	7.08173572e-04
7.82500000e-02	1.94561707e-02	6.87877290e-04
7.85000000e-02	1.92307536e-02	6.87363298e-04
7.87500000e-02	1.98859743e-02	7.02634948e-04
7.90000000e-02	1.98171540e-02	7.04498115e-04
7.92500000e-02	2.02017580e-02	7.12684573e-04
7.95000000e-02	2.02994578e-02	7.24416070e-04
7.97500000e-02	2.09735957e-02	7.47803230e-04
8.00000000e-02	2.04954847e-02	7.26852741e-04
8.02500000e-02	1.98886805e-02	7.13910173e-04
8.05000000e-02	1.97609696e-02	7.15993457e-04
8.07500000e-02	1.99379940e-02	7.26035896e-04
8.10000000e-02	1.93518663e-02	7.03956886e-04
8.12500000e-02	1.94961775e-02	7.08669890e-04
8.15000000e-02	2.02422385e-02	7.23284594e-04
8.17500000e-02	2.00324668e-02	7.35119241e-04
8.20000000e-02	2.00219819e-02	7.29562751e-04
8.22500000e-02	1.96540469e-02	7.22650521e-04
8.25000000e-02	1.93800544e-02	7.12051737e-04
8.27500000e-02	1.95917066e-02	7.14023257e-04
8.30000000e-02	1.94610296e-02	7.16025382e-04
8.32500000e-02	2.04047192e-02	7.44429981e-04
8.35000000e-02	1.96964658e-02	7.25129296e-04
8.37500000e-02	2.04904626e-02	7.48128848e-04
8.40000000e-02	1.97077119e-02	7.21222010e-04
8.42500000e-02	2.02988705e-02	7.45392047e-04
8.45000000e-02	1.88913578e-02	7.08854142e-04
8.47500000e-02	2.00531660e-02	7.39077887e-04
8.50000000e-02	1.93697220e-02	7.09554876e-04
8.52500000e-02	1.99035976e-02	7.41225726e-04
8.55000000e-02	2.02664737e-02	7.42520171e-04
8.57500000e-02	1.97766852e-02	7.36624181e-04
8.60000000e-02	1.95377765e-02	7.29570531e-04
8.62500000e-02	1.98281707e-02	7.29333630e-04
8.65000000e-02	1.96629646e-02	7.31622732e-04
8.67500000e-02	1.95968132e-02	7.26654778e-04
8.70000000e-02	1.93994841e-02	7.04336937e-04
8.72500000e-02	1.98858834e-02	7.13713096e-04
8.75000000e-02	1.94220028e-02	6.84435625e-04
8.77500000e-02	1.95993359e-02	6.92291256e-04
8.80000000e-02	1.91845568e-02	6.78689995e-04
8.82500000e-02	1.95254383e-02	6.90502686e-04
8.85000000e-02	1.94418774e-02	6.78868680e-04
8.87500000e-02	2.00337580e-02	6.86491379e-04
8.90000000e-02	1.99412941e-02	6.86889276e-04
8.92500000e-02	1.97617479e-02	6.79397118e-04
8.95000000e-02	2.00526562e-02	6.88565059e-04
8.97500000e-02	2.02588643e-02	6.88772979e-04
9.00000000e-02	1.95409017e-02	6.63796872e-04
9.02500000e-02	1.94177976e-02	6.64763629e-04
9.05000000e-02	1.96594891e-02	6.71711175e-04
9.07500000e-02	1.98886202e-02	6.71152395e-04
9.10000000e-02	2.01312733e-02	6.72280549e-04
9.12500000e-02	1.99595204e-02	6.69106415e-04
9.15000000e-02	2.00498447e-02	6.69959816e-04
9.17500000e-02	1.96597127e-02	6.66877462e-04
9.20000000e-02	1.98846308e-02	6.67344252e-04
9.22500000e-02	1.93706878e-02	6.43610891e-04
9.25000000e-02	1.98786362e-02	6.57845225e-04
9.27500000e-02	1.91667915e-02	6.37201509e-04
9.30000000e-02	1.93072300e-02	6.34547502e-04
9.32500000e-02	1.92647958e-02	6.40763950e-04
9.35000000e-02	1.98688894e-02	6.60281975e-04
9.37500000e-02	1.99477882e-02	6.55394233e-04
9.40000000e-02	1.99206484e-02	6.54976720e-04
9.42500000e-02	1.99144378e-02	6.50603687e-04
9.45000000e-02	1.97779365e-02	6.49335828e-04
9.47500000e-02	1.96273924e-02	6.40206051e-04
9.50000000e-02	1.97885592e-02	6.46338795e-04
9.52500000e-02	1.96999657e-02	6.40976368e-04
9.55000000e-02	1.94749330e-02	6.38956377e-04
9.57500000e-02	2.00608276e-02	6.51531526e-04
9.60000000e-02	1.99310149e-02	6.45612867e-04
9.62500000e-02	1.93749844e-02	6.28358158e-04
9.65000000e-02	1.95650079e-02	6.33160784e-04
9.67500000e-02	2.00116836e-02	6.46723887e-04
9.70000000e-02	1.97048700e-02	6.30716732e-04
9.72500000e-02	1.99171540e-02	6.38055951e-04
9.75000000e-02	1.96438324e-02	6.29445505e-04
9.77500000e-02	2.02038939e-02	6.41903725e-04
9.80000000e-02	1.94439534e-02	6.20570228e-04
9.82500000e-02	1.97587857e-02	6.32276366e-04
9.85000000e-02	1.99606682e-02	6.39853890e-04
9.87500000e-02	1.99286301e-02	6.33624286e-04
9.90000000e-02	1.98362084e-02	6.29088092e-04
9.92500000e-02	1.95272847e-02	6.20534052e-04
9.95000000e-02	1.95888275e-02	6.19099910e-04
9.97500000e-02	1.98462770e-02	6.29827201e-04
1.00000000e-01	2.00321436e-02	5.12810171e-04
1.00500000e-01	1.96647060e-02	4.41482775e-04
1.01000000e-01	1.94302686e-02	4.30661135e-04
1.01500000e-01	1.95672813e-02	4.34504251e-04
1.02000000e-01	1.92794054e-02	4.26019355e-04
1.02500000e-01	1.96761944e-02	4.32630516e-04
1.03000000e-01	2.00037273e-02	4.38483204e-04
1.03500000e-01	1.96000877e-02	4.28218549e-04
1.04000000e-01	1.92027668e-02	4.19113222e-04
1.04500000e-01	1.94035761e-02	4.22446099e-04
1.05000000e-01	1.96424572e-02	4.25861652e-04
1.05500000e-01	1.97346869e-02	4.26522154e-04
1.06000000e-01	1.96157293e-02	4.23930013e-04
1.06500000e-01	1.96202389e-02	4.21198084e-04
1.07000000e-01	2.00071831e-02	4.38081690e-04
1.07500000e-01	1.96484155e-02	4.33742754e-04
1.08000000e-01	1.95616650e-02	4.40740590e-04
1.08500000e-01	1.93411429e-02	4.38937974e-04
1.09000000e-01	1.98801397e-02	4.48479500e-04
1.09500000e-01	1.95638638e-02	4.45397467e-04
1.10000000e-01	1.97042505e-02	4.44009097e-04
1.10500000e-01	1.94790534e-02	4.29958957e-04
1.11000000e-01	1.95610048e-02	4.24441553e-04
1.11500000e-01	1.99274084e-02	4.31663914e-04
1.12000000e-01	1.95994865e-02	4.21656902e-04
1.12500000e-01	1.96151985e-02	4.17420491e-04
1.13000000e-01	1.95334663e-02	4.14667948e-04
1.13500000e-01	1.98378505e-02	4.18906170e-04
1.14000000e-01	1.98333692e-02	4.16990796e-04
1.14500000e-01	1.98199474e-02	4.14715187e-04
1.15000000e-01	1.94470021e-02	4.07083125e-04
1.15500000e-01	1.95456367e-02	4.10096018e-04
1.16000000e-01	1.96102384e-02	4.09188586e-04
1.16500000e-01	1.98727321e-02	4.09175592e-04
1.17000000e-01	1.96175617e-02	4.07944561e-04
1.17500000e-01	1.97099483e-02	4.05929144e-04
1.18000000e-01	1.96260115e-02	4.06813952e-04
1.18500000e-01	1.98126948e-02	4.07253914e-04
1.19000000e-01	1.95114692e-02	4.01345223e-04
1.19500000e-01	1.96109614e-02	4.01302049e-04
1.20000000e-01	1.97069758e-02	4.01530526e-04
1.20500000e-01	1.99746015e-02	4.04501165e-04
1.21000000e-01	1.98761745e-02	4.03468504e-04
1.21500000e-01	1.96906868e-02	4.00298402e-04
1.22000000e-01	1.98899990e-02	4.02799952e-04
1.22500000e-01	1.96989563e-02	3.97609955e-04
1.23000000e-01	1.97956982e-02	3.98149144e-04
1.23500000e-01	1.95756504e-02	3.93982903e-04
1.24000000e-01	1.93392366e-02	3.88705837e-04
1.24500000e-01	1.95778057e-02	3.91583704e-04
1.25000000e-01	1.96764325e-02	3.91847020e-04
1.25500000e-01	1.98215471e-02	3.95519843e-04
1.26000000e-01	1.95156441e-02	3.87462359e-04
1.26500000e-01	1.96415739e-02	3.89631311e-04
1.27000000e-01	1.91667392e-02	3.80223922e-04
1.27500000e-01	1.93349860e-02	3.82945070e-04
1.28000000e-01	1.93413663e-02	3.83397152e-04
1.28500000e-01	1.96864085e-02	3.86767585e-04
1.29000000e-01	1.96183601e-02	3.85529703e-04
1.29500000e-01	1.92720573e-02	3.77798814e-04
1.30000000e-01	1.94538367e-02	3.81850360e-04
1.30500000e-01	1.96751686e-02	3.82400677e-04
1.31000000e-01	1.96378999e-02	3.81460139e-04
1.31500000e-01	1.96794526e-02	3.83244751e-04
1.32000000e-01	1.99581844e-02	3.87567127e-04
1.32500000e-01	1.93769509e-02	3.74310897e-04
1.33000000e-01	1.97259428e-02	3.80722656e-04
1.33500000e-01	1.93602399e-02	3.70197766e-04
1.34000000e-01	1.95797180e-02	3.75351150e-04
1.34500000e-01	1.95955998e-02	3.75853126e-04
1.35000000e-01	1.97380832e-02	3.77342063e-04
1.35500000e-01	1.96019302e-02	3.72889039e-04
1.36000000e-01	1.92217492e-02	3.64713820e-04
1.36500000e-01	1.92881372e-02	3.67711181e-04
1.37000000e-01	1.97562933e-02	3.75215403e-04
1.37500000e-01	1.95386731e-02	3.69210617e-04
1.38000000e-01	1.95273463e-02	3.68674563e-04
1.38500000e-01	1.94985295e-02	3.67777956e-04
1.39000000e-01	1.96387501e-02	3.70718090e-04
1.39500000e-01	1.96096224e-02	3.71419722e-04
1.40000000e-01	1.92161440e-02	3.62773026e-04
1.40500000e-01	1.95168690e-02	3.65540611e-04
1.41000000e-01	1.95132620e-02	3.69006569e-04
1.41500000e-01	1.93598375e-02	3.64448701e-04
1.42000000e-01	1.94719083e-02	3.63480562e-04
1.42500000e-01	1.97596634e-02	3.69731588e-04
1.43000000e-01	1.93194645e-02	3.61381868e-04
1.43500000e-01	1.92870207e-02	3.59691418e-04
1.44000000e-01	1.94249581e-02	3.61194220e-04
1.44500000e-01	1.93701077e-02	3.59348395e-04
1.45000000e-01	1.92749427e-02	3.57448336e-04
1.45500000e-01	1.92410471e-02	3.56041373e-04
1.46000000e-01	1.94140313e-02	3.58624903e-04
1.46500000e-01	1.93910484e-02	3.56852180e-04
1.47000000e-01	1.94781166e-02	3.56760482e-04
1.47500000e-01	1.93941262e-02	3.53994077e-04
1.48000000e-01	1.92989338e-02	3.55218545e-04
1.48500000e-01	1.92271319e-02	3.53977702e-04
1.49000000e-01	1.93305787e-02	3.54314221e-04
1.49500000e-01	1.92040523e-02	3.50620594e-04
1.50000000e-01	1.93517986e-02	3.53438006e-04
1.50500000e-01	1.94668944e-02	3.56390787e-04
1.51000000e-01	1.92418430e-02	3.49146167e-04
1.51500000e-01	1.92136060e-02	3.48080363e-04
1.52000000e-01	1.94078274e-02	3.49860891e-04
1.52500000e-01	1.91138985e-02	3.46078001e-04
1.53000000e-01	1.92191821e-02	3.48509472e-04
1.53500000e-01	1.92640589e-02	3.46675007e-04
1.54000000e-01	1.94005421e-02	3.48464776e-04
1.54500000e-01	1.90225368e-02	3.48649065e-04
1.55000000e-01	1.91348823e-02	3.54429812e-04
1.55500000e-01	1.93816835e-02	3.61530776e-04
1.56000000e-01	1.90652735e-02	3.58005930e-04
1.56500000e-01	1.92885114e-02	3.62629748e-04
1.57000000e-01	1.93401221e-02	3.62229272e-04
1.57500000e-01	1.91311165e-02	3.54538127e-04
1.58000000e-01	1.88337228e-02	3.41446176e-04
1.58500000e-01	1.92701181e-02	3.48936477e-04
1.59000000e-01	1.92520426e-02	3.44997429e-04
1.59500000e-01	1.93993415e-02	3.47671978e-04
1.60000000e-01	1.90838734e-02	3.42610167e-04
1.60500000e-01	1.90698927e-02	3.39515640e-04
1.61000000e-01	1.89782172e-02	3.38001594e-04
1.61500000e-01	1.88834425e-02	3.35718056e-04
1.62000000e-01	1.88881057e-02	3.36669940e-04
1.62500000e-01	1.88416454e-02	3.35170266e-04
1.63000000e-01	1.90895851e-02	3.36479525e-04
1.63500000e-01	1.91742539e-02	3.39814300e-04
1.64000000e-01	1.93853973e-02	3.40529916e-04
1.64500000e-01	1.87616431e-02	3.30114850e-04
1.65000000e-01	1.88313403e-02	3.29287853e-04
1.65500000e-01	1.90140266e-02	3.32410607e-04
1.66000000e-01	1.89456913e-02	3.32276455e-04
1.66500000e-01	1.89233681e-02	3.29453442e-04
1.67000000e-01	1.91364802e-02	3.34286049e-04
1.67500000e-01	1.87499686e-02	3.26784513e-04
1.68000000e-01	1.88035083e-02	3.27645501e-04
1.68500000e-01	1.88223661e-02	3.28032575e-04
1.69000000e-01	1.90728869e-02	3.30536364e-04
1.69500000e-01	1.87673019e-02	3.25029655e-04
1.70000000e-01	1.88616585e-02	3.26497207e-04
1.70500000e-01	1.87499848e-02	3.24046605e-04
1.71000000e-01	1.89241672e-02	3.26506709e-04
1.71500000e-01	1.92577055e-02	3.32096150e-04
1.72000000e-01	1.90131299e-02	3.26707811e-04
1.72500000e-01	1.86485432e-02	3.20797129e-04
1.73000000e-01	1.89981802e-02	3.26010807e-04
1.73500000e-01	1.88470736e-02	3.22582515e-04
1.74000000e-01	1.89361533e-02	3.21490754e-04
1.74500000e-01	1.85967616e-02	3.14162833e-04
1.75000000e-01	1.87807406e-02	3.16722609e-04
1.75500000e-01	1.87144787e-02	3.16398238e-04
1.76000000e-01	1.87132560e-02	3.16019588e-04
1.76500000e-01	1.85905649e-02	3.14245061e-04
1.77000000e-01	1.87000766e-02	3.15616081e-04
1.77500000e-01	1.85478554e-02	3.13064206e-04
1.78000000e-01	1.86000731e-02	3.11675534e-04
1.78500000e-01	1.88196408e-02	3.15700739e-04
1.79000000e-01	1.88363244e-02	3.16063032e-04
1.79500000e-01	1.88347498e-02	3.15975812e-04
1.80000000e-01	1.86842919e-02	3.14681905e-04
1.80500000e-01	1.87833554e-02	3.16147110e-04
1.81000000e-01	1.86838881e-02	3.13050664e-04
1.81500000e-01	1.88513088e-02	3.14170132e-04
1.82000000e-01	1.88680660e-02	3.15330487e-04
1.82500000e-01	1.86307281e-02	3.11152142e-04
1.83000000e-01	1.86601718e-02	3.11396783e-04
1.83500000e-01	1.87020977e-02	3.11982145e-04
1.84000000e-01	1.86307567e-02	3.09753642e-04
1.84500000e-01	1.87691384e-02	3.10882229e-04
1.85000000e-01	1.86358936e-02	3.09045290e-04
1.85500000e-01	1.86714544e-02	3.08223095e-04
1.86000000e-01	1.84844953e-02	3.06243085e-04
1.86500000e-01	1.85049449e-02	3.04302103e-04
1.87000000e-01	1.86841964e-02	3.07627337e-04
1.87500000e-01	1.84674695e-02	3.04019065e-04
1.88000000e-01	1.85507696e-02	3.04812812e-04
1.88500000e-01	1.85740057e-02	3.04759630e-04
1.89000000e-01	1.84561448e-02	3.02212827e-04
1.89500000e-01	1.84187225e-02	3.00906561e-04
1.90000000e-01	1.83867913e-02	2.99410949e-04
1.90500000e-01	1.82407041e-02	2.97818035e-04
1.91000000e-01	1.86311809e-02	3.03812330e-04
1.91500000e-01	1.84466368e-02	3.00985781e-04
1.92000000e-01	1.84621910e-02	3.00307912e-04
1.92500000e-01	1.84080293e-02	2.99506052e-04
1.93000000e-01	1.84185937e-02	2.98909715e-04
1.93500000e-01	1.85049790e-02	2.99525573e-04
1.94000000e-01	1.82871835e-02	2.97400672e-04
1.94500000e-01	1.83073707e-02	2.95723307e-04
1.95000000e-01	1.85443010e-02	2.99223379e-04
1.95500000e-01	1.82206086e-02	2.94424221e-04
1.96000000e-01	1.85014317e-02	2.98711899e-04
1.96500000e-01	1.83815489e-02	2.96761702e-04
1.97000000e-01	1.83189612e-02	2.95055990e-04
1.97500000e-01	1.85189192e-02	2.96069684e-04
1.98000000e-01	1.82451738e-02	2.92861644e-04
1.98500000e-01	1.83719284e-02	2.94163280e-04
1.99000000e-01	1.81830504e-02	2.90832726e-04
1.99500000e-01	1.86326545e-02	2.95440928e-04
2.00000000e-01	1.81662580e-02	2.91109371e-04
2.00500000e-01	1.83750666e-02	2.93456490e-04
2.01000000e-01	1.82901792e-02	2.91695283e-04
2.01500000e-01	1.82605752e-02	2.92188426e-04
2.02000000e-01	1.80876861e-02	2.88265235e-04
2.02500000e-01	1.82314148e-02	2.89417821e-04
2.03000000e-01	1.83350816e-02	2.90445721e-04
2.03500000e-01	1.82975511e-02	2.89966456e-04
2.04000000e-01	1.81071565e-02	2.86778087e-04
2.04500000e-01	1.80182366e-02	2.84058147e-04
2.05000000e-01	1.81577170e-02	2.86069897e-04
2.05500000e-01	1.81260965e-02	2.84957485e-04
2.06000000e-01	1.81170020e-02	2.84951120e-04
2.06500000e-01	1.80924049e-02	2.84148502e-04
2.07000000e-01	1.82931527e-02	2.86990237e-04
2.07500000e-01	1.80901496e-02	2.82689594e-04
2.08000000e-01	1.80363849e-02	2.82600241e-04
2.08500000e-01	1.83748886e-02	2.87011818e-04
2.09000000e-01	1.79713447e-02	2.80962543e-04
2.09500000e-01	1.81857816e-02	2.84009410e-04
2.10000000e-01	1.81174635e-02	2.82912637e-04
2.10500000e-01	1.81774061e-02	2.83461100e-04
2.11000000e-01	1.83999137e-02	2.85516412e-04
2.11500000e-01	1.81359040e-02	2.82769224e-04
2.12000000e-01	1.81811464e-02	2.81529318e-04
2.12500000e-01	1.81852860e-02	2.81753760e-04
2.13000000e-01	1.79561010e-02	2.77332484e-04
2.13500000e-01	1.81970577e-02	2.80432333e-04
2.14000000e-01	1.79536562e-02	2.77920485e-04
2.14500000e-01	1.79915343e-02	2.77378202e-04
2.15000000e-01	1.79558008e-02	2.77495915e-04
2.15500000e-01	1.79080040e-02	2.75074943e-04
2.16000000e-01	1.80343490e-02	2.77576466e-04
2.16500000e-01	1.79910125e-02	2.77570084e-04
2.17000000e-01	1.80950902e-02	2.81144110e-04
2.17500000e-01	1.82046082e-02	2.87802502e-04
2.18000000e-01	1.77324301e-02	2.81680486e-04
2.18500000e-01	1.80761332e-02	2.88910764e-04
2.19000000e-01	1.79701117e-02	2.88065664e-04
2.19500000e-01	1.79135979e-02	2.87209299e-04
2.20000000e-01	1.79953946e-02	2.91307489e-04
2.20500000e-01	1.80581595e-02	2.91776934e-04
2.21000000e-01	1.78912113e-02	2.90239658e-04
2.21500000e-01	1.79096824e-02	2.92955668e-04
2.22000000e-01	1.78368877e-02	2.92394516e-04
2.22500000e-01	1.79575609e-02	2.93526545e-04
2.23000000e-01	1.79613452e-02	2.94981552e-04
2.23500000e-01	1.79321288e-02	2.95230234e-04
2.24000000e-01	1.79036769e-02	2.95822107e-04
2.24500000e-01	1.77032811e-02	2.94371765e-04
2.25000000e-01	1.78905516e-02	2.96620303e-04
2.25500000e-01	1.77491988e-02	2.95542872e-04
2.26000000e-01	1.78918327e-02	2.96545167e-04
2.26500000e-01	1.77834953e-02	2.92260333e-04
2.27000000e-01	1.77028828e-02	2.87100334e-04
2.27500000e-01	1.80063697e-02	2.87169141e-04
2.28000000e-01	1.78118349e-02	2.85405410e-04
2.28500000e-01	1.77576734e-02	2.82933084e-04
2.29000000e-01	1.80294986e-02	2.86113359e-04
2.29500000e-01	1.78082394e-02	2.80963223e-04
2.30000000e-01	1.79921595e-02	2.83061359e-04
2.30500000e-01	1.75417204e-02	2.74810031e-04
2.31000000e-01	1.79715434e-02	2.81096191e-04
2.31500000e-01	1.76392305e-02	2.76192114e-04
2.32000000e-01	1.78844156e-02	2.78642118e-04
2.32500000e-01	1.76900999e-02	2.75248772e-04
2.33000000e-01	1.75974640e-02	2.73288387e-04
2.33500000e-01	1.78727032e-02	2.76661621e-04
2.34000000e-01	1.77941852e-02	2.74028628e-04
2.34500000e-01	1.79777092e-02	2.76149195e-04
2.35000000e-01	1.78387134e-02	2.75619554e-04
2.35500000e-01	1.80170923e-02	2.76221788e-04
2.36000000e-01	1.75613407e-02	2.70209610e-04
2.36500000e-01	1.76306693e-02	2.70084946e-04
2.37000000e-01	1.75752330e-02	2.67785248e-04
2.37500000e-01	1.75529895e-02	2.67904584e-04
2.38000000e-01	1.80334425e-02	2.74004074e-04
2.38500000e-01	1.77204243e-02	2.70103792e-04
2.39000000e-01	1.77316731e-02	2.68970266e-04
2.39500000e-01	1.78849917e-02	2.71741641e-04
2.40000000e-01	1.78017043e-02	2.69269881e-04
2.40500000e-01	1.76299919e-02	2.65388917e-04
2.41000000e-01	1.77115599e-02	2.67185698e-04
2.41500000e-01	1.77696771e-02	2.68327062e-04
2.42000000e-01	1.76576170e-02	2.65051656e-04
2.42500000e-01	1.75180889e-02	2.63081446e-04
2.43000000e-01	1.73202535e-02	2.60543345e-04
2.43500000e-01	1.76807100e-02	2.64814218e-04
2.44000000e-01	1.78518632e-02	2.66353513e-04
2.44500000e-01	1.76063658e-02	2.62738206e-04
2.45000000e-01	1.76554351e-02	2.61820787e-04
2.45500000e-01	1.75150673e-02	2.61301035e-04
2.46000000e-01	1.76986689e-02	2.62781394e-04
2.46500000e-01	1.75732831e-02	2.60062842e-04
2.47000000e-01	1.73841641e-02	2.58388771e-04
2.47500000e-01	1.73288502e-02	2.56123051e-04
2.48000000e-01	1.74411156e-02	2.57294178e-04
2.48500000e-01	1.75332784e-02	2.58307736e-04
2.49000000e-01	1.73744370e-02	2.55738727e-04
2.49500000e-01	1.74459326e-02	2.57522971e-04
2.50000000e-01	1.75528241e-02	2.57302338e-04
2.50500000e-01	1.72383891e-02	2.55230275e-04
2.51000000e-01	1.72746663e-02	2.53488897e-04
2.51500000e-01	1.74697271e-02	2.56420007e-04
2.52000000e-01	1.74837046e-02	2.56579649e-04
2.52500000e-01	1.73195559e-02	2.53955643e-04
2.53000000e-01	1.74990676e-02	2.56400456e-04
2.53500000e-01	1.73651823e-02	2.54152304e-04
2.54000000e-01	1.73676601e-02	2.53896167e-04
2.54500000e-01	1.74448205e-02	2.54353048e-04
2.55000000e-01	1.74715545e-02	2.54146734e-04
2.55500000e-01	1.73308872e-02	2.52745119e-04
2.56000000e-01	1.73912636e-02	2.51909508e-04
2.56500000e-01	1.72276726e-02	2.51123744e-04
2.57000000e-01	1.72786619e-02	2.51304140e-04
2.57500000e-01	1.74300516e-02	2.52638473e-04
2.58000000e-01	1.72687563e-02	2.51049112e-04
2.58500000e-01	1.73558039e-02	2.50918399e-04
2.59000000e-01	1.72580919e-02	2.49490389e-04
2.59500000e-01	1.74265451e-02	2.50654647e-04
2.60000000e-01	1.74271299e-02	2.51605248e-04
2.60500000e-01	1.74819357e-02	2.50969818e-04
2.61000000e-01	1.73641407e-02	2.48663472e-04
2.61500000e-01	1.73843141e-02	2.50241355e-04
2.62000000e-01	1.74931617e-02	2.51285038e-04
2.62500000e-01	1.71349374e-02	2.46391492e-04
2.63000000e-01	1.73256958e-02	2.48838954e-04
2.63500000e-01	1.70286904e-02	2.44057033e-04
2.64000000e-01	1.72888932e-02	2.47818142e-04
2.64500000e-01	1.71950532e-02	2.46440015e-04
2.65000000e-01	1.72365229e-02	2.46657289e-04
2.65500000e-01	1.73646544e-02	2.47093957e-04
2.66000000e-01	1.71485244e-02	2.44378227e-04
2.66500000e-01	1.69942666e-02	2.41684849e-04
2.67000000e-01	1.73787938e-02	2.46268782e-04
2.67500000e-01	1.70140922e-02	2.41626430e-04
2.68000000e-01	1.71584873e-02	2.43498824e-04
2.68500000e-01	1.69867308e-02	2.40737121e-04
2.69000000e-01	1.73504184e-02	2.43941810e-04
2.69500000e-01	1.72721691e-02	2.43778264e-04
2.70000000e-01	1.72356873e-02	2.42652282e-04
2.70500000e-01	1.71782862e-02	2.42178117e-04
2.71000000e-01	1.72579571e-02	2.42250849e-04
2.71500000e-01	1.73637998e-02	2.43901292e-04
2.72000000e-01	1.72728774e-02	2.41331203e-04
2.72500000e-01	1.68893117e-02	2.37143197e-04
2.73000000e-01	1.69451121e-02	2.38830699e-04
2.73500000e-01	1.70187688e-02	2.37713790e-04
2.74000000e-01	1.70529257e-02	2.37733680e-04
2.74500000e-01	1.70135144e-02	2.37828009e-04
2.75000000e-01	1.72764562e-02	2.41025378e-04
2.75500000e-01	1.70754031e-02	2.39917259e-04
2.76000000e-01	1.70428503e-02	2.37763591e-04
2.76500000e-01	1.71056916e-02	2.39072349e-04
2.77000000e-01	1.69989841e-02	2.36549436e-04
2.77500000e-01	1.69466929e-02	2.36642913e-04
2.78000000e-01	1.71653857e-02	2.38345594e-04
2.78500000e-01	1.69009676e-02	2.36322604e-04
2.79000000e-01	1.71503798e-02	2.37800779e-04
2.79500000e-01	1.69421182e-02	2.34455537e-04
2.80000000e-01	1.71859023e-02	2.39193736e-04
2.80500000e-01	1.70894421e-02	2.36355969e-04
2.81000000e-01	1.69643704e-02	2.34881094e-04
2.81500000e-01	1.70203505e-02	2.35318635e-04
2.82000000e-01	1.70668657e-02	2.35789214e-04
2.82500000e-01	1.71738716e-02	2.37276462e-04
2.83000000e-01	1.68913658e-02	2.32978888e-04
2.83500000e-01	1.71035457e-02	2.35775919e-04
2.84000000e-01	1.68752987e-02	2.31857389e-04
2.84500000e-01	1.71035968e-02	2.34772123e-04
2.85000000e-01	1.67384441e-02	2.31134882e-04
2.85500000e-01	1.71205759e-02	2.34183215e-04
2.86000000e-01	1.69006519e-02	2.32645098e-04
2.86500000e-01	1.68182587e-02	2.30015808e-04
2.87000000e-01	1.68991749e-02	2.31712237e-04
2.87500000e-01	1.68995187e-02	2.30376917e-04
2.88000000e-01	1.70940155e-02	2.32726728e-04
2.88500000e-01	1.68724404e-02	2.29846258e-04
2.89000000e-01	1.69469974e-02	2.30068354e-04
2.89500000e-01	1.67361925e-02	2.28433790e-04
2.90000000e-01	1.69326281e-02	2.30215027e-04
2.90500000e-01	1.67294906e-02	2.27879844e-04
2.91000000e-01	1.66560572e-02	2.26619377e-04
2.91500000e-01	1.69525990e-02	2.29310047e-04
2.92000000e-01	1.67544915e-02	2.26682116e-04
2.92500000e-01	1.69461977e-02	2.29355216e-04
2.93000000e-01	1.67359811e-02	2.26395305e-04
2.93500000e-01	1.69021924e-02	2.27098359e-04
2.94000000e-01	1.69027908e-02	2.27368965e-04
2.94500000e-01	1.69329591e-02	2.28209181e-04
2.95000000e-01	1.67708128e-02	2.25288598e-04
2.95500000e-01	1.66855533e-02	2.25463200e-04
2.96000000e-01	1.66683615e-02	2.24479192e-04
2.96500000e-01	1.66479964e-02	2.24111228e-04
2.97000000e-01	1.68478371e-02	2.26821370e-04
2.97500000e-01	1.68685432e-02	2.25858209e-04
2.98000000e-01	1.68657224e-02	2.25738292e-04
2.98500000e-01	1.66710007e-02	2.23577938e-04
2.99000000e-01	1.68104141e-02	2.24424140e-04
2.99500000e-01	1.69701552e-02	2.26760497e-04
3.00000000e-01	1.68467187e-02	2.25431312e-04
3.00500000e-01	1.68214983e-02	2.23723578e-04
3.01000000e-01	1.66622707e-02	2.22300086e-04
3.01500000e-01	1.69032473e-02	2.25745550e-04
3.02000000e-01	1.66727279e-02	2.21698094e-04
3.02500000e-01	1.67221794e-02	2.22816165e-04
3.03000000e-01	1.67908181e-02	2.24031709e-04
3.03500000e-01	1.68395890e-02	2.23613596e-04
3.04000000e-01	1.65042468e-02	2.20581825e-04
3.04500000e-01	1.67295193e-02	2.20949196e-04
3.05000000e-01	1.66695763e-02	2.20136618e-04
3.05500000e-01	1.67945479e-02	2.22448392e-04
3.06000000e-01	1.65896773e-02	2.18340070e-04
3.06500000e-01	1.67828222e-02	2.21843275e-04
3.07000000e-01	1.67440464e-02	2.19946431e-04
3.07500000e-01	1.67300360e-02	2.20579002e-04
3.08000000e-01	1.66528642e-02	2.20286722e-04
3.08500000e-01	1.65230776e-02	2.18290377e-04
3.09000000e-01	1.66334393e-02	2.18510750e-04
3.09500000e-01	1.64626912e-02	2.17275317e-04
3.10000000e-01	1.66941446e-02	2.18959800e-04
3.10500000e-01	1.66251534e-02	2.18054061e-04
3.11000000e-01	1.66026091e-02	2.18097869e-04
3.11500000e-01	1.66648252e-02	2.17782045e-04
3.12000000e-01	1.66299927e-02	2.18793184e-04
3.12500000e-01	1.66849336e-02	2.18348503e-04
3.13000000e-01	1.62794769e-02	2.13488586e-04
3.13500000e-01	1.66323000e-02	2.17815007e-04
3.14000000e-01	1.64602183e-02	2.15641821e-04
3.14500000e-01	1.66029309e-02	2.16969121e-04
3.15000000e-01	1.64046419e-02	2.15053565e-04
3.15500000e-01	1.64232148e-02	2.14857057e-04
3.16000000e-01	1.64352497e-02	2.13781139e-04
3.16500000e-01	1.64028846e-02	2.12900532e-04
3.17000000e-01	1.64883836e-02	2.13719948e-04
3.17500000e-01	1.65426519e-02	2.15486662e-04
3.18000000e-01	1.62815852e-02	2.10970543e-04
3.18500000e-01	1.66735028e-02	2.16568189e-04
3.19000000e-01	1.65248402e-02	2.14492922e-04
3.19500000e-01	1.61774112e-02	2.10138818e-04
3.20000000e-01	1.63581709e-02	2.12441264e-04
3.20500000e-01	1.62641513e-02	2.11155192e-04
3.21000000e-01	1.63182243e-02	2.11283635e-04
3.21500000e-01	1.65454825e-02	2.13691957e-04
3.22000000e-01	1.62154300e-02	2.09947376e-04
3.22500000e-01	1.63215603e-02	2.11044655e-04
3.23000000e-01	1.64157345e-02	2.11504586e-04
3.23500000e-01	1.64597259e-02	2.13022734e-04
3.24000000e-01	1.63138410e-02	2.10015346e-04
3.24500000e-01	1.64362339e-02	2.12378826e-04
3.25000000e-01	1.63179397e-02	2.09299935e-04
3.25500000e-01	1.61969521e-02	2.08141286e-04
3.26000000e-01	1.64376855e-02	2.10358421e-04
3.26500000e-01	1.61558724e-02	2.06692290e-04
3.27000000e-01	1.61485086e-02	2.07841219e-04
3.27500000e-01	1.65827816e-02	2.12016523e-04
3.28000000e-01	1.64208888e-02	2.09819451e-04
3.28500000e-01	1.62938136e-02	2.08681198e-04
3.29000000e-01	1.61946138e-02	2.06493787e-04
3.29500000e-01	1.60176648e-02	2.04853513e-04
3.30000000e-01	1.63147000e-02	2.08050050e-04
3.30500000e-01	1.62130705e-02	2.07441980e-04
3.31000000e-01	1.63210445e-02	2.07138943e-04
3.31500000e-01	1.63196760e-02	2.07334151e-04
3.32000000e-01	1.62010147e-02	2.05961174e-04
3.32500000e-01	1.60642582e-02	2.04434482e-04
3.33000000e-01	1.61981227e-02	2.05588437e-04
3.33500000e-01	1.62184842e-02	2.06516196e-04
3.34000000e-01	1.62418202e-02	2.06482249e-04
3.34500000e-01	1.60611460e-02	2.04191381e-04
3.35000000e-01	1.60144988e-02	2.02024454e-04
3.35500000e-01	1.60883155e-02	2.03269921e-04
3.36000000e-01	1.59909771e-02	2.02289402e-04
3.36500000e-01	1.61640792e-02	2.05283565e-04
3.37000000e-01	1.61881599e-02	2.04744036e-04
3.37500000e-01	1.61330580e-02	2.03790480e-04
3.38000000e-01	1.60578278e-02	2.02827221e-04
3.38500000e-01	1.60201673e-02	2.02526265e-04
3.39000000e-01	1.60243635e-02	2.02314810e-04
3.39500000e-01	1.59754435e-02	2.00961790e-04
3.40000000e-01	1.61782926e-02	2.04377580e-04
3.40500000e-01	1.59936499e-02	2.01271420e-04
3.41000000e-01	1.59773957e-02	2.00880490e-04
3.41500000e-01	1.59841948e-02	2.00850501e-04
3.42000000e-01	1.58971377e-02	1.99311721e-04
3.42500000e-01	1.61226018e-02	2.01384525e-04
3.43000000e-01	1.62068321e-02	2.03143199e-04
3.43500000e-01	1.61417131e-02	2.01700933e-04
3.44000000e-01	1.59468302e-02	2.00448511e-04
3.44500000e-01	1.60063555e-02	1.99708925e-04
3.45000000e-01	1.58736566e-02	1.98978900e-04
3.45500000e-01	1.59640921e-02	2.00041073e-04
3.46000000e-01	1.58264996e-02	1.97695811e-04
3.46500000e-01	1.58584378e-02	1.98523493e-04
3.47000000e-01	1.59753138e-02	1.99000492e-04
3.47500000e-01	1.59301544e-02	1.98493571e-04
3.48000000e-01	1.57523020e-02	1.95732156e-04
3.48500000e-01	1.59003687e-02	1.98316775e-04
3.49000000e-01	1.57007479e-02	1.95684942e-04
3.49500000e-01	1.57294977e-02	1.95308698e-04
3.50000000e-01	1.58828813e-02	1.60292593e-04
3.51000000e-01	1.58181400e-02	1.38694159e-04
3.52000000e-01	1.58602103e-02	1.38915987e-04
3.53000000e-01	1.57664548e-02	1.37953575e-04
3.54000000e-01	1.57677667e-02	1.37472001e-04
3.55000000e-01	1.58400319e-02	1.37876348e-04
3.56000000e-01	1.59770038e-02	1.39788890e-04
3.57000000e-01	1.56297078e-02	1.39279065e-04
3.58000000e-01	1.55975786e-02	1.40328134e-04
3.59000000e-01	1.57376657e-02	1.42236957e-04
3.60000000e-01	1.55680748e-02	1.41559078e-04
3.61000000e-01	1.55783339e-02	1.42842137e-04
3.62000000e-01	1.55830939e-02	1.43318669e-04
3.63000000e-01	1.55217262e-02	1.43264361e-04
3.64000000e-01	1.55794411e-02	1.44201277e-04
3.65000000e-01	1.55556350e-02	1.44376000e-04
3.66000000e-01	1.55695866e-02	1.43174597e-04
3.67000000e-01	1.55094947e-02	1.40777808e-04
3.68000000e-01	1.55975347e-02	1.40094239e-04
3.69000000e-01	1.54356179e-02	1.38019732e-04
3.70000000e-01	1.55613763e-02	1.38453256e-04
3.71000000e-01	1.56202109e-02	1.40703285e-04
3.72000000e-01	1.54654017e-02	1.40803615e-04
3.73000000e-01	1.56537089e-02	1.42307202e-04
3.74000000e-01	1.54441493e-02	1.40850667e-04
3.75000000e-01	1.55677204e-02	1.42047156e-04
3.76000000e-01	1.54616103e-02	1.40990720e-04
3.77000000e-01	1.54634928e-02	1.41175227e-04
3.78000000e-01	1.53599894e-02	1.40313698e-04
3.79000000e-01	1.54227461e-02	1.40632082e-04
3.80000000e-01	1.55107377e-02	1.41045742e-04
3.81000000e-01	1.53536207e-02	1.39631668e-04
3.82000000e-01	1.54262173e-02	1.40161826e-04
3.83000000e-01	1.52646184e-02	1.39011405e-04
3.84000000e-01	1.53155531e-02	1.39567613e-04
3.85000000e-01	1.52953727e-02	1.39488042e-04
3.86000000e-01	1.53444239e-02	1.39523010e-04
3.87000000e-01	1.53556107e-02	1.39657898e-04
3.88000000e-01	1.52835151e-02	1.38943605e-04
3.89000000e-01	1.53126308e-02	1.38762874e-04
3.90000000e-01	1.52972364e-02	1.38358250e-04
3.91000000e-01	1.53493518e-02	1.39536522e-04
3.92000000e-01	1.52783403e-02	1.38652764e-04
3.93000000e-01	1.53332984e-02	1.38721128e-04
3.94000000e-01	1.51815060e-02	1.37763362e-04
3.95000000e-01	1.52868990e-02	1.38584785e-04
3.96000000e-01	1.53918677e-02	1.39204947e-04
3.97000000e-01	1.52028630e-02	1.37955965e-04
3.98000000e-01	1.52527465e-02	1.38440264e-04
3.99000000e-01	1.50857954e-02	1.37361318e-04
4.00000000e-01	1.51233271e-02	1.37201630e-04
4.01000000e-01	1.52477342e-02	1.37885150e-04
4.02000000e-01	1.51525044e-02	1.37628841e-04
4.03000000e-01	1.50623462e-02	1.36427495e-04
4.04000000e-01	1.50500330e-02	1.36403207e-04
4.05000000e-01	1.49683173e-02	1.36383708e-04
4.06000000e-01	1.50091944e-02	1.36232195e-04
4.07000000e-01	1.49995347e-02	1.36007606e-04
4.08000000e-01	1.50292702e-02	1.36167048e-04
4.09000000e-01	1.51407044e-02	1.36835121e-04
4.10000000e-01	1.50922147e-02	1.36536769e-04
4.11000000e-01	1.49533597e-02	1.35553126e-04
4.12000000e-01	1.50404363e-02	1.36166130e-04
4.13000000e-01	1.49842444e-02	1.35672844e-04
4.14000000e-01	1.50702606e-02	1.35979132e-04
4.15000000e-01	1.48865361e-02	1.34487734e-04
4.16000000e-01	1.48741812e-02	1.34498315e-04
4.17000000e-01	1.50870385e-02	1.36133989e-04
4.18000000e-01	1.49844121e-02	1.36630997e-04
4.19000000e-01	1.50211405e-02	1.38908525e-04
4.20000000e-01	1.49189924e-02	1.38845566e-04
4.21000000e-01	1.49681192e-02	1.39405727e-04
4.22000000e-01	1.49253555e-02	1.39956233e-04
4.23000000e-01	1.50562998e-02	1.41683171e-04
4.24000000e-01	1.48449138e-02	1.40473003e-04
4.25000000e-01	1.51256301e-02	1.42359239e-04
4.26000000e-01	1.50352066e-02	1.41683914e-04
4.27000000e-01	1.49521049e-02	1.40862499e-04
4.28000000e-01	1.50469288e-02	1.42114204e-04
4.29000000e-01	1.49178481e-02	1.41466415e-04
4.30000000e-01	1.50514619e-02	1.42021137e-04
4.31000000e-01	1.49984218e-02	1.41355968e-04
4.32000000e-01	1.48816739e-02	1.41116141e-04
4.33000000e-01	1.49127809e-02	1.41430201e-04
4.34000000e-01	1.48128185e-02	1.40812835e-04
4.35000000e-01	1.48558052e-02	1.40857966e-04
4.36000000e-01	1.48521459e-02	1.40748304e-04
4.37000000e-01	1.48273384e-02	1.40818749e-04
4.38000000e-01	1.48040818e-02	1.41293684e-04
4.39000000e-01	1.47272055e-02	1.40317696e-04
4.40000000e-01	1.47091551e-02	1.40157912e-04
4.41000000e-01	1.47849129e-02	1.41686299e-04
4.42000000e-01	1.48129707e-02	1.41871386e-04
4.43000000e-01	1.47926691e-02	1.42231354e-04
4.44000000e-01	1.48067310e-02	1.41826627e-04
4.45000000e-01	1.46963472e-02	1.41509931e-04
4.46000000e-01	1.47326866e-02	1.41698186e-04
4.47000000e-01	1.46696575e-02	1.41256653e-04
4.48000000e-01	1.47092689e-02	1.41662455e-04
4.49000000e-01	1.47257780e-02	1.42311380e-04
4.50000000e-01	1.46584829e-02	1.41527119e-04
4.51000000e-01	1.47175301e-02	1.42135751e-04
4.52000000e-01	1.45415035e-02	1.41098851e-04
4.53000000e-01	1.46822152e-02	1.42128422e-04
4.54000000e-01	1.46636302e-02	1.41933248e-04
4.55000000e-01	1.46451830e-02	1.42019756e-04
4.56000000e-01	1.46088926e-02	1.41738144e-04
4.57000000e-01	1.45596225e-02	1.41502559e-04
4.58000000e-01	1.46071908e-02	1.41948759e-04
4.59000000e-01	1.46699441e-02	1.42752830e-04
4.60000000e-01	1.45547508e-02	1.41871078e-04
4.61000000e-01	1.46488301e-02	1.42903217e-04
4.62000000e-01	1.46022854e-02	1.42725931e-04
4.63000000e-01	1.46238042e-02	1.42983622e-04
4.64000000e-01	1.45624220e-02	1.42016427e-04
4.65000000e-01	1.46370240e-02	1.43221918e-04
4.66000000e-01	1.46204891e-02	1.42849904e-04
4.67000000e-01	1.45299887e-02	1.42541813e-04
4.68000000e-01	1.45413630e-02	1.42484172e-04
4.69000000e-01	1.45589353e-02	1.43148122e-04
4.70000000e-01	1.45074877e-02	1.42696390e-04
4.71000000e-01	1.44962369e-02	1.42369862e-04
4.72000000e-01	1.44221788e-02	1.41735841e-04
4.73000000e-01	1.43648174e-02	1.40589599e-04
4.74000000e-01	1.44924688e-02	1.42245197e-04
4.75000000e-01	1.44152852e-02	1.41105345e-04
4.76000000e-01	1.44364663e-02	1.41669458e-04
4.77000000e-01	1.45313184e-02	1.42803607e-04
4.78000000e-01	1.44293231e-02	1.41820589e-04
4.79000000e-01	1.45231931e-02	1.42484678e-04
4.80000000e-01	1.44028019e-02	1.41624926e-04
4.81000000e-01	1.44013748e-02	1.41740198e-04
4.82000000e-01	1.44096162e-02	1.41926604e-04
4.83000000e-01	1.44795041e-02	1.42497209e-04
4.84000000e-01	1.43678107e-02	1.41492301e-04
4.85000000e-01	1.43445047e-02	1.41820764e-04
4.86000000e-01	1.43144219e-02	1.41427551e-04
4.87000000e-01	1.43141384e-02	1.41253514e-04
4.88000000e-01	1.42241607e-02	1.40695994e-04
4.89000000e-01	1.44283365e-02	1.42782034e-04
4.90000000e-01	1.41285369e-02	1.39846356e-04
4.91000000e-01	1.44335023e-02	1.42473219e-04
4.92000000e-01	1.41773430e-02	1.40781275e-04
4.93000000e-01	1.43887928e-02	1.42462094e-04
4.94000000e-01	1.42955628e-02	1.41406272e-04
4.95000000e-01	1.42562407e-02	1.42123513e-04
4.96000000e-01	1.43144182e-02	1.46773524e-04
4.97000000e-01	1.42319543e-02	1.48958614e-04
4.98000000e-01	1.43774532e-02	1.52394800e-04
4.99000000e-01	1.41446353e-02	1.51906998e-04
5.00000000e-01	1.42424763e-02	1.54745141e-04
5.01000000e-01	1.42899784e-02	1.56434510e-04
5.02000000e-01	1.43651595e-02	1.58716569e-04
5.03000000e-01	1.41378563e-02	1.58080544e-04
5.04000000e-01	1.42459365e-02	1.60444748e-04
5.05000000e-01	1.42822702e-02	1.58187180e-04
5.06000000e-01	1.42936736e-02	1.55168792e-04
5.07000000e-01	1.41384988e-02	1.51894393e-04
5.08000000e-01	1.42354738e-02	1.51527368e-04
5.09000000e-01	1.42556055e-02	1.51529135e-04
5.10000000e-01	1.43067008e-02	1.51245359e-04
5.11000000e-01	1.43569325e-02	1.51100853e-04
5.12000000e-01	1.43163907e-02	1.50325097e-04
5.13000000e-01	1.40813760e-02	1.47792774e-04
5.14000000e-01	1.41877894e-02	1.49116549e-04
5.15000000e-01	1.41528094e-02	1.48578785e-04
5.16000000e-01	1.40657450e-02	1.46827159e-04
5.17000000e-01	1.40703354e-02	1.47241171e-04
5.18000000e-01	1.41466096e-02	1.47388502e-04
5.19000000e-01	1.41816753e-02	1.47173432e-04
5.20000000e-01	1.41030590e-02	1.45824914e-04
5.21000000e-01	1.41327842e-02	1.46244365e-04
5.22000000e-01	1.41345818e-02	1.45970758e-04
5.23000000e-01	1.39505151e-02	1.44533594e-04
5.24000000e-01	1.41120397e-02	1.45997091e-04
5.25000000e-01	1.39876209e-02	1.44474704e-04
5.26000000e-01	1.40465430e-02	1.44526311e-04
5.27000000e-01	1.40468729e-02	1.44915187e-04
5.28000000e-01	1.41108359e-02	1.45321728e-04
5.29000000e-01	1.37658815e-02	1.42466571e-04
5.30000000e-01	1.40179847e-02	1.45069799e-04
5.31000000e-01	1.39749044e-02	1.44681011e-04
5.32000000e-01	1.40890405e-02	1.45767313e-04
5.33000000e-01	1.39326593e-02	1.44174689e-04
5.34000000e-01	1.40775435e-02	1.45214110e-04
5.35000000e-01	1.39395109e-02	1.43511330e-04
5.36000000e-01	1.40091792e-02	1.44420607e-04
5.37000000e-01	1.40100541e-02	1.45329282e-04
5.38000000e-01	1.38208496e-02	1.43025034e-04
5.39000000e-01	1.39012820e-02	1.43730442e-04
5.40000000e-01	1.38625740e-02	1.43718364e-04
5.41000000e-01	1.39863261e-02	1.44282290e-04
5.42000000e-01	1.39595031e-02	1.44092389e-04
5.43000000e-01	1.39384218e-02	1.43708528e-04
5.44000000e-01	1.37474941e-02	1.42474224e-04
5.45000000e-01	1.38248685e-02	1.42969395e-04
5.46000000e-01	1.37303751e-02	1.42305565e-04
5.47000000e-01	1.39862435e-02	1.44616565e-04
5.48000000e-01	1.37451207e-02	1.42019574e-04
5.49000000e-01	1.38248467e-02	1.42640363e-04
5.50000000e-01	1.36706869e-02	1.41771601e-04
5.51000000e-01	1.37116596e-02	1.41440341e-04
5.52000000e-01	1.37378683e-02	1.41568524e-04
5.53000000e-01	1.37325013e-02	1.41205230e-04
5.54000000e-01	1.37235583e-02	1.41528235e-04
5.55000000e-01	1.36754987e-02	1.40861417e-04
5.56000000e-01	1.36355603e-02	1.40319717e-04
5.57000000e-01	1.35273350e-02	1.39404047e-04
5.58000000e-01	1.36749792e-02	1.40672680e-04
5.59000000e-01	1.35856565e-02	1.40192641e-04
5.60000000e-01	1.35661628e-02	1.39799948e-04
5.61000000e-01	1.37090749e-02	1.40640352e-04
5.62000000e-01	1.37212271e-02	1.40968395e-04
5.63000000e-01	1.37172647e-02	1.41194094e-04
5.64000000e-01	1.37678020e-02	1.41793808e-04
5.65000000e-01	1.36365985e-02	1.40223613e-04
5.66000000e-01	1.35856171e-02	1.40035025e-04
5.67000000e-01	1.36766113e-02	1.40759425e-04
5.68000000e-01	1.36124941e-02	1.40060769e-04
5.69000000e-01	1.37629971e-02	1.41266514e-04
5.70000000e-01	1.35365355e-02	1.39482545e-04
5.71000000e-01	1.35076023e-02	1.39094713e-04
5.72000000e-01	1.34663937e-02	1.38678800e-04
5.73000000e-01	1.34960986e-02	1.39206834e-04
5.74000000e-01	1.36182526e-02	1.39995133e-04
5.75000000e-01	1.35800595e-02	1.40271816e-04
5.76000000e-01	1.34502579e-02	1.39001139e-04
5.77000000e-01	1.33782625e-02	1.37966698e-04
5.78000000e-01	1.33896951e-02	1.38619851e-04
5.79000000e-01	1.33678942e-02	1.38299720e-04
5.80000000e-01	1.33762587e-02	1.38291385e-04
5.81000000e-01	1.35192682e-02	1.39565536e-04
5.82000000e-01	1.34295531e-02	1.38295464e-04
5.83000000e-01	1.34098878e-02	1.38227201e-04
5.84000000e-01	1.34716235e-02	1.38921501e-04
5.85000000e-01	1.34798300e-02	1.39425639e-04
5.86000000e-01	1.34174125e-02	1.38420609e-04
5.87000000e-01	1.32584429e-02	1.36598671e-04
5.88000000e-01	1.34887338e-02	1.39472041e-04
5.89000000e-01	1.33722422e-02	1.38303033e-04
5.90000000e-01	1.34462148e-02	1.38707916e-04
5.91000000e-01	1.33275323e-02	1.37801783e-04
5.92000000e-01	1.32838748e-02	1.37743233e-04
5.93000000e-01	1.32820318e-02	1.37727224e-04
5.94000000e-01	1.32959789e-02	1.37967903e-04
5.95000000e-01	1.32915210e-02	1.37699050e-04
5.96000000e-01	1.33369276e-02	1.38370390e-04
5.97000000e-01	1.33386696e-02	1.38165847e-04
5.98000000e-01	1.33560069e-02	1.38420228e-04
5.99000000e-01	1.32081627e-02	1.36640495e-04
6.00000000e-01	1.31901153e-02	1.36703614e-04
6.01000000e-01	1.32237054e-02	1.37095729e-04
6.02000000e-01	1.31466064e-02	1.36467190e-04
6.03000000e-01	1.33154596e-02	1.37805585e-04
6.04000000e-01	1.33663791e-02	1.38213908e-04
6.05000000e-01	1.33114353e-02	1.38027922e-04
6.06000000e-01	1.33168584e-02	1.37672299e-04
6.07000000e-01	1.32548541e-02	1.37837925e-04
6.08000000e-01	1.29889005e-02	1.35378247e-04
6.09000000e-01	1.31568951e-02	1.36828834e-04
6.10000000e-01	1.31187068e-02	1.35876292e-04
6.11000000e-01	1.30854756e-02	1.35834619e-04
6.12000000e-01	1.31960468e-02	1.37362439e-04
6.13000000e-01	1.31893347e-02	1.36719943e-04
6.14000000e-01	1.30208693e-02	1.36118688e-04
6.15000000e-01	1.31871052e-02	1.36828934e-04
6.16000000e-01	1.31300294e-02	1.36594935e-04
6.17000000e-01	1.30038040e-02	1.35446132e-04
6.18000000e-01	1.32003699e-02	1.36966030e-04
6.19000000e-01	1.31109387e-02	1.36184318e-04
6.20000000e-01	1.31941879e-02	1.36543076e-04
6.21000000e-01	1.29786076e-02	1.34692329e-04
6.22000000e-01	1.31598972e-02	1.36482272e-04
6.23000000e-01	1.32202009e-02	1.36404878e-04
6.24000000e-01	1.30976826e-02	1.35896606e-04
6.25000000e-01	1.30570541e-02	1.34911247e-04
6.26000000e-01	1.31071723e-02	1.35235750e-04
6.27000000e-01	1.29830486e-02	1.33888142e-04
6.28000000e-01	1.30376241e-02	1.34624039e-04
6.29000000e-01	1.30648660e-02	1.34925909e-04
6.30000000e-01	1.30004383e-02	1.34857889e-04
6.31000000e-01	1.29919121e-02	1.33728864e-04
6.32000000e-01	1.28977207e-02	1.33024692e-04
6.33000000e-01	1.30011605e-02	1.34397836e-04
6.34000000e-01	1.29603977e-02	1.37342120e-04
6.35000000e-01	1.30141850e-02	1.41733799e-04
6.36000000e-01	1.29791393e-02	1.44011913e-04
6.37000000e-01	1.30515206e-02	1.46399933e-04
6.38000000e-01	1.29974488e-02	1.48858308e-04
6.39000000e-01	1.28585903e-02	1.48786214e-04
6.40000000e-01	1.30919697e-02	1.53343258e-04
6.41000000e-01	1.29465124e-02	1.53514459e-04
6.42000000e-01	1.29373292e-02	1.55438320e-04
6.43000000e-01	1.31053364e-02	1.57154186e-04
6.44000000e-01	1.31255644e-02	1.51372093e-04
6.45000000e-01	1.30689354e-02	1.48045750e-04
6.46000000e-01	1.30146272e-02	1.46778018e-04
6.47000000e-01	1.30413389e-02	1.45582467e-04
6.48000000e-01	1.30839525e-02	1.44817348e-04
6.49000000e-01	1.29516920e-02	1.43625948e-04
6.50000000e-01	1.30604946e-02	1.43189239e-04
6.51000000e-01	1.29064168e-02	1.41471852e-04
6.52000000e-01	1.30529134e-02	1.41842392e-04
6.53000000e-01	1.30918957e-02	1.42557272e-04
6.54000000e-01	1.28681895e-02	1.39673894e-04
6.55000000e-01	1.29674232e-02	1.40129401e-04
6.56000000e-01	1.28696386e-02	1.39586501e-04
6.57000000e-01	1.29762131e-02	1.39677843e-04
6.58000000e-01	1.29027262e-02	1.39158012e-04
6.59000000e-01	1.30272413e-02	1.39857501e-04
6.60000000e-01	1.29842855e-02	1.39524686e-04
6.61000000e-01	1.29303780e-02	1.38783604e-04
6.62000000e-01	1.29917367e-02	1.39897844e-04
6.63000000e-01	1.29807434e-02	1.39497782e-04
6.64000000e-01	1.29495466e-02	1.38948834e-04
6.65000000e-01	1.29499715e-02	1.39228306e-04
6.66000000e-01	1.28449587e-02	1.37847661e-04
6.67000000e-01	1.29622261e-02	1.39026975e-04
6.68000000e-01	1.29547423e-02	1.38603340e-04
6.69000000e-01	1.27903414e-02	1.36748944e-04
6.70000000e-01	1.29479262e-02	1.38221680e-04
6.71000000e-01	1.28672962e-02	1.37906408e-04
6.72000000e-01	1.28769306e-02	1.37726378e-04
6.73000000e-01	1.27584832e-02	1.36609152e-04
6.74000000e-01	1.28027772e-02	1.37629033e-04
6.75000000e-01	1.26712871e-02	1.35465743e-04
6.76000000e-01	1.27944532e-02	1.36714315e-04
6.77000000e-01	1.26963025e-02	1.35947981e-04
6.78000000e-01	1.27410784e-02	1.36325889e-04
6.79000000e-01	1.27758253e-02	1.36789871e-04
6.80000000e-01	1.26340042e-02	1.34791637e-04
6.81000000e-01	1.27673510e-02	1.36128679e-04
6.82000000e-01	1.26607249e-02	1.35338627e-04
6.83000000e-01	1.28241528e-02	1.36945459e-04
6.84000000e-01	1.27513869e-02	1.36167920e-04
6.85000000e-01	1.28097149e-02	1.36379908e-04
6.86000000e-01	1.28733489e-02	1.37290044e-04
6.87000000e-01	1.26756455e-02	1.35359287e-04
6.88000000e-01	1.26722507e-02	1.35250966e-04
6.89000000e-01	1.27360358e-02	1.35974782e-04
6.90000000e-01	1.27546553e-02	1.36066046e-04
6.91000000e-01	1.26142827e-02	1.34350022e-04
6.92000000e-01	1.26733303e-02	1.35366394e-04
6.93000000e-01	1.27018872e-02	1.35535196e-04
6.94000000e-01	1.27422726e-02	1.36149813e-04
6.95000000e-01	1.27482503e-02	1.35499227e-04
6.96000000e-01	1.27384773e-02	1.35970539e-04
6.97000000e-01	1.26078678e-02	1.34111497e-04
6.98000000e-01	1.25844551e-02	1.34261910e-04
6.99000000e-01	1.24866973e-02	1.33623891e-04
7.00000000e-01	1.26261179e-02	1.34441036e-04
7.01000000e-01	1.26386972e-02	1.34333402e-04
7.02000000e-01	1.25157502e-02	1.33226853e-04
7.03000000e-01	1.25868524e-02	1.34339524e-04
7.04000000e-01	1.25484931e-02	1.34060252e-04
7.05000000e-01	1.26266649e-02	1.35039659e-04
7.06000000e-01	1.24920750e-02	1.33555380e-04
7.07000000e-01	1.25945496e-02	1.34225273e-04
7.08000000e-01	1.25395855e-02	1.32766431e-04
7.09000000e-01	1.24489672e-02	1.32343903e-04
7.10000000e-01	1.25123207e-02	1.33158716e-04
7.11000000e-01	1.25797872e-02	1.33919900e-04
7.12000000e-01	1.25047769e-02	1.32954097e-04
7.13000000e-01	1.24133125e-02	1.32918766e-04
7.14000000e-01	1.22775078e-02	1.31091815e-04
7.15000000e-01	1.25029621e-02	1.33243257e-04
7.16000000e-01	1.24265399e-02	1.32579728e-04
7.17000000e-01	1.24733623e-02	1.33226342e-04
7.18000000e-01	1.23832427e-02	1.32484388e-04
7.19000000e-01	1.24259271e-02	1.32554520e-04
7.20000000e-01	1.23343182e-02	1.32111035e-04
7.21000000e-01	1.24238682e-02	1.32682664e-04
7.22000000e-01	1.23550868e-02	1.31882967e-04
7.23000000e-01	1.22343157e-02	1.30437780e-04
7.24000000e-01	1.22759134e-02	1.31301610e-04
7.25000000e-01	1.22436795e-02	1.31095805e-04
7.26000000e-01	1.22853142e-02	1.31139888e-04
7.27000000e-01	1.22607777e-02	1.30822257e-04
7.28000000e-01	1.23058298e-02	1.31489371e-04
7.29000000e-01	1.22696346e-02	1.30867108e-04
7.30000000e-01	1.22481977e-02	1.30397674e-04
7.31000000e-01	1.23592699e-02	1.32094443e-04
7.32000000e-01	1.23495014e-02	1.31190785e-04
7.33000000e-01	1.22359157e-02	1.31136645e-04
7.34000000e-01	1.21837479e-02	1.29975987e-04
7.35000000e-01	1.21148638e-02	1.29179779e-04
7.36000000e-01	1.20006757e-02	1.28062049e-04
7.37000000e-01	1.21006478e-02	1.28155368e-04
7.38000000e-01	1.21636727e-02	1.28877473e-04
7.39000000e-01	1.19816086e-02	1.26906219e-04
7.40000000e-01	1.21240750e-02	1.28362031e-04
7.41000000e-01	1.21438989e-02	1.28140437e-04
7.42000000e-01	1.20375694e-02	1.27192310e-04
7.43000000e-01	1.21250948e-02	1.28620459e-04
7.44000000e-01	1.20916850e-02	1.27862767e-04
7.45000000e-01	1.21351677e-02	1.28159401e-04
7.46000000e-01	1.20687823e-02	1.27905772e-04
7.47000000e-01	1.20546567e-02	1.27603269e-04
7.48000000e-01	1.21165701e-02	1.28233507e-04
7.49000000e-01	1.20014002e-02	1.26705061e-04
7.50000000e-01	1.20070982e-02	1.27180898e-04
7.51000000e-01	1.20457481e-02	1.27541902e-04
7.52000000e-01	1.20370452e-02	1.27467194e-04
7.53000000e-01	1.20283506e-02	1.27069335e-04
7.54000000e-01	1.20048587e-02	1.27149537e-04
7.55000000e-01	1.20616664e-02	1.27890912e-04
7.56000000e-01	1.20255841e-02	1.27427660e-04
7.57000000e-01	1.19907519e-02	1.26877789e-04
7.58000000e-01	1.18885728e-02	1.25908110e-04
7.59000000e-01	1.19025498e-02	1.25563832e-04
7.60000000e-01	1.18897452e-02	1.25985731e-04
7.61000000e-01	1.19024932e-02	1.25597281e-04
7.62000000e-01	1.18917537e-02	1.24896932e-04
7.63000000e-01	1.18675180e-02	1.25015056e-04
7.64000000e-01	1.18903189e-02	1.24850863e-04
7.65000000e-01	1.19190759e-02	1.25358622e-04
7.66000000e-01	1.18071722e-02	1.24274475e-04
7.67000000e-01	1.17407505e-02	1.23310395e-04
7.68000000e-01	1.17529481e-02	1.23571433e-04
7.69000000e-01	1.18180162e-02	1.24378597e-04
7.70000000e-01	1.18521179e-02	1.24399831e-04
7.71000000e-01	1.18854449e-02	1.24587628e-04
7.72000000e-01	1.18663318e-02	1.27926124e-04
7.73000000e-01	1.18196886e-02	1.32195769e-04
7.74000000e-01	1.18067395e-02	1.34340044e-04
7.75000000e-01	1.17274847e-02	1.36281684e-04
7.76000000e-01	1.17686850e-02	1.38658580e-04
7.77000000e-01	1.16336661e-02	1.38679742e-04
7.78000000e-01	1.18492428e-02	1.43340901e-04
7.79000000e-01	1.16316723e-02	1.42701039e-04
7.80000000e-01	1.17958778e-02	1.45503654e-04
7.81000000e-01	1.16707599e-02	1.46254513e-04
7.82000000e-01	1.18122307e-02	1.49821986e-04
7.83000000e-01	1.16918030e-02	1.50190317e-04
7.84000000e-01	1.15944376e-02	1.50332171e-04
7.85000000e-01	1.17052349e-02	1.52855343e-04
7.86000000e-01	1.15378190e-02	1.53410219e-04
7.87000000e-01	1.15542229e-02	1.55186347e-04
7.88000000e-01	1.16313798e-02	1.57412557e-04
7.89000000e-01	1.15566762e-02	1.57184162e-04
7.90000000e-01	1.16480398e-02	1.59822404e-04
7.91000000e-01	1.14705686e-02	1.60073212e-04
7.92000000e-01	1.14751382e-02	1.61864912e-04
7.93000000e-01	1.16606879e-02	1.65626682e-04
7.94000000e-01	1.14980611e-02	1.64906420e-04
7.95000000e-01	1.15803179e-02	1.67688049e-04
7.96000000e-01	1.15710066e-02	1.68561501e-04
7.97000000e-01	1.15455597e-02	1.70910968e-04
7.98000000e-01	1.15346984e-02	1.73060450e-04
7.99000000e-01	1.14689915e-02	1.73037026e-04
8.00000000e-01	1.14443523e-02	1.75625361e-04
8.01000000e-01	1.13204594e-02	1.74772240e-04
8.02000000e-01	1.15744460e-02	1.79967782e-04
8.03000000e-01	1.13485450e-02	1.78538705e-04
8.04000000e-01	1.14796589e-02	1.82499019e-04
8.05000000e-01	1.14322771e-02	1.84165208e-04
8.06000000e-01	1.14660514e-02	1.86830856e-04
8.07000000e-01	1.14737079e-02	1.87772742e-04
8.08000000e-01	1.11788302e-02	1.86250078e-04
8.09000000e-01	1.15969910e-02	1.95071384e-04
8.10000000e-01	1.12764487e-02	1.91956107e-04
8.11000000e-01	1.14918628e-02	1.97623814e-04
8.12000000e-01	1.14097634e-02	1.97252875e-04
8.13000000e-01	1.15134708e-02	2.02025797e-04
8.14000000e-01	1.13981539e-02	2.01903336e-04
8.15000000e-01	1.14828365e-02	2.05146797e-04
8.16000000e-01	1.12848131e-02	2.05640805e-04
8.17000000e-01	1.12373836e-02	2.07893130e-04
8.18000000e-01	1.11077826e-02	2.08546764e-04
8.19000000e-01	1.09726440e-02	2.09374413e-04
8.20000000e-01	1.13491574e-02	2.15954628e-04
8.21000000e-01	1.11686966e-02	2.17328422e-04
8.22000000e-01	1.14571879e-02	2.25977989e-04
8.23000000e-01	1.10017111e-02	2.19678094e-04
8.24000000e-01	1.09939192e-02	2.23140994e-04
8.25000000e-01	1.13652935e-02	2.31306352e-04
8.26000000e-01	1.08231401e-02	2.26529211e-04
8.27000000e-01	1.13102761e-02	2.38635681e-04
8.28000000e-01	1.08630700e-02	2.34403751e-04
8.29000000e-01	1.10870714e-02	2.40719460e-04
8.30000000e-01	1.10917791e-02	2.46673227e-04
8.31000000e-01	1.11146529e-02	2.48842305e-04
8.32000000e-01	1.09560171e-02	2.51455913e-04
8.33000000e-01	1.08822982e-02	2.52618414e-04
8.34000000e-01	1.11994510e-02	2.63006587e-04
8.35000000e-01	1.07484831e-02	2.61817625e-04
8.36000000e-01	1.08554158e-02	2.64956765e-04
8.37000000e-01	1.09343241e-02	2.74515291e-04
8.38000000e-01	1.09870192e-02	2.80724863e-04
8.39000000e-01	1.08144440e-02	2.83113319e-04
8.40000000e-01	1.08433195e-02	2.87645050e-04
8.41000000e-01	1.05732385e-02	2.93772871e-04
8.42000000e-01	1.07779394e-02	3.00481356e-04
8.43000000e-01	1.11801731e-02	3.15972769e-04
8.44000000e-01	1.06542423e-02	3.10579991e-04
8.45000000e-01	1.08826045e-02	3.27538227e-04
8.46000000e-01	1.07666800e-02	3.33728139e-04
8.47000000e-01	1.07403794e-02	3.39024105e-04
8.48000000e-01	1.05569325e-02	3.46355277e-04
8.49000000e-01	1.08452111e-02	3.65401621e-04
8.50000000e-01	1.05538452e-02	3.69480371e-04
8.51000000e-01	1.05069696e-02	3.84681467e-04
8.52000000e-01	1.06634518e-02	4.01173656e-04
8.53000000e-01	1.04125057e-02	4.15806731e-04
8.54000000e-01	1.09506827e-02	4.48925140e-04
8.55000000e-01	1.01769335e-02	4.38803949e-04
8.56000000e-01	1.08885930e-02	4.73997570e-04
8.57000000e-01	1.06010791e-02	4.78988675e-04
8.58000000e-01	1.02487338e-02	4.79410912e-04
8.59000000e-01	9.85925271e-03	4.76737095e-04
8.60000000e-01	1.03378086e-02	5.15685795e-04
8.61000000e-01	1.05945427e-02	5.45951977e-04
8.62000000e-01	1.02980681e-02	5.43217730e-04
8.63000000e-01	1.08370760e-02	5.91850643e-04
8.64000000e-01	1.04276080e-02	5.97386667e-04
8.65000000e-01	1.03278104e-02	6.20491631e-04
8.66000000e-01	1.00815003e-02	6.41574303e-04
8.67000000e-01	1.01657675e-02	6.65212513e-04
8.68000000e-01	1.05767543e-02	7.47850972e-04
8.69000000e-01	1.08870394e-02	8.33588380e-04
8.70000000e-01	9.97595687e-03	8.43874873e-04
8.71000000e-01	1.04752842e-02	9.61213480e-04
8.72000000e-01	1.02942300e-02	1.06266846e-03
8.73000000e-01	1.09992140e-02	1.31944905e-03
8.74000000e-01	1.10580281e-02	1.69458396e-03
8.75000000e-01	1.20118449e-02	4.02432466e-03
