% Filename : SSW21_00035_00006.h5
% Date & Time : 30-Oct-2025 17:32:02
% X-ray Energy (keV) : 13.30001
% Exposure Time (s) : 0.500
% Beam Center : 1461.24000, 208.98300
% Sample to Detector Distance (SDD) (mm) : 1990.750
% Detector Pixel Size (mm) : 0.075
% Photodiode Value : 141073.000
% I0 of Sample : 0
% I0 of Standard : 1
% 
% q(A^-1)   I(q)    I(q)_SE
0.00000000e+00	1.02453044e-02	5.43338915e-03
2.50000000e-04	0.00000000e+00	0.00000000e+00
5.00000000e-04	0.00000000e+00	0.00000000e+00
7.50000000e-04	0.00000000e+00	0.00000000e+00
1.00000000e-03	0.00000000e+00	0.00000000e+00
1.25000000e-03	0.00000000e+00	0.00000000e+00
1.50000000e-03	0.00000000e+00	0.00000000e+00
1.75000000e-03	0.00000000e+00	0.00000000e+00
2.00000000e-03	0.00000000e+00	0.00000000e+00
2.25000000e-03	0.00000000e+00	0.00000000e+00
2.50000000e-03	0.00000000e+00	0.00000000e+00
2.75000000e-03	0.00000000e+00	0.00000000e+00
3.00000000e-03	0.00000000e+00	0.00000000e+00
3.25000000e-03	2.62715654e+02	1.67404369e+02
3.50000000e-03	7.87887290e+01	3.25323785e+01
3.75000000e-03	6.23214193e+01	2.21911428e+01
4.00000000e-03	4.52711173e+01	1.47949625e+01
4.25000000e-03	2.37940314e+01	7.93898628e+00
4.50000000e-03	3.22989779e+01	7.50733149e+00
4.75000000e-03	3.09708829e+01	6.64816366e+00
5.00000000e-03	2.31413839e+01	4.79690192e+00
5.25000000e-03	1.92009364e+01	3.94357733e+00
5.50000000e-03	1.64842473e+01	3.25742902e+00
5.75000000e-03	1.36848017e+01	2.68278990e+00
6.00000000e-03	1.07697340e+01	2.12154520e+00
6.25000000e-03	9.41737106e+00	1.78804082e+00
6.50000000e-03	7.81043545e+00	1.46636212e+00
6.75000000e-03	6.65732932e+00	1.18837062e+00
7.00000000e-03	5.84868639e+00	1.01485614e+00
7.25000000e-03	4.82540422e+00	8.38617171e-01
7.50000000e-03	4.15195556e+00	7.40029801e-01
7.75000000e-03	3.72774638e+00	6.57853414e-01
8.00000000e-03	3.47376917e+00	5.77484571e-01
8.25000000e-03	2.86574969e+00	4.74638253e-01
8.50000000e-03	2.54806367e+00	4.12597060e-01
8.75000000e-03	2.32356967e+00	3.78220938e-01
9.00000000e-03	2.10052148e+00	3.47795685e-01
9.25000000e-03	1.86348867e+00	2.94525247e-01
9.50000000e-03	1.60433831e+00	2.51943670e-01
9.75000000e-03	1.43604494e+00	2.24133660e-01
1.00000000e-02	1.28426491e+00	1.96838838e-01
1.02500000e-02	1.16252354e+00	1.75716837e-01
1.05000000e-02	1.06303127e+00	1.52521781e-01
1.07500000e-02	9.52383602e-01	1.36187663e-01
1.10000000e-02	8.39696967e-01	1.17453461e-01
1.12500000e-02	7.31767313e-01	9.82017015e-02
1.15000000e-02	6.84635963e-01	9.11786931e-02
1.17500000e-02	6.52199204e-01	8.62772690e-02
1.20000000e-02	6.06034897e-01	8.10702150e-02
1.22500000e-02	5.61497482e-01	7.37255443e-02
1.25000000e-02	5.21171779e-01	6.80980779e-02
1.27500000e-02	4.92087560e-01	6.31698857e-02
1.30000000e-02	4.55098048e-01	5.61173167e-02
1.32500000e-02	4.03297040e-01	4.81786971e-02
1.35000000e-02	3.83348392e-01	4.52076636e-02
1.37500000e-02	3.50994161e-01	4.11195840e-02
1.40000000e-02	3.21348440e-01	3.67700875e-02
1.42500000e-02	3.12344067e-01	3.52982641e-02
1.45000000e-02	2.89785959e-01	3.27461028e-02
1.47500000e-02	2.72179127e-01	3.02461684e-02
1.50000000e-02	2.49843909e-01	2.64019732e-02
1.52500000e-02	2.32232665e-01	2.44017719e-02
1.55000000e-02	2.19247669e-01	2.25063360e-02
1.57500000e-02	2.05743927e-01	2.17575736e-02
1.60000000e-02	1.89595228e-01	1.95223258e-02
1.62500000e-02	1.87134502e-01	1.85077464e-02
1.65000000e-02	1.76350750e-01	1.77227258e-02
1.67500000e-02	1.70554574e-01	1.64708964e-02
1.70000000e-02	1.61965756e-01	1.57504435e-02
1.72500000e-02	1.50716552e-01	1.42958051e-02
1.75000000e-02	1.43600631e-01	1.35588045e-02
1.77500000e-02	1.35143842e-01	1.23119442e-02
1.80000000e-02	1.34242009e-01	1.18736410e-02
1.82500000e-02	1.21341360e-01	1.03616416e-02
1.85000000e-02	1.18397792e-01	1.04484431e-02
1.87500000e-02	1.13860204e-01	9.71230335e-03
1.90000000e-02	1.08716223e-01	9.22241769e-03
1.92500000e-02	1.05418777e-01	8.67273887e-03
1.95000000e-02	9.59380649e-02	7.51166284e-03
1.97500000e-02	9.53653307e-02	7.34180109e-03
2.00000000e-02	8.98110891e-02	6.99620373e-03
2.02500000e-02	8.76501478e-02	6.63967729e-03
2.05000000e-02	8.64041385e-02	6.37416758e-03
2.07500000e-02	8.26456890e-02	5.95878644e-03
2.10000000e-02	7.96909699e-02	5.85149033e-03
2.12500000e-02	7.96479291e-02	5.84658183e-03
2.15000000e-02	7.64423576e-02	5.28032934e-03
2.17500000e-02	7.62906553e-02	5.10232808e-03
2.20000000e-02	7.38080548e-02	5.08624035e-03
2.22500000e-02	6.97328324e-02	4.89772325e-03
2.25000000e-02	7.02276486e-02	4.91242069e-03
2.27500000e-02	6.85945235e-02	4.56751509e-03
2.30000000e-02	6.66960287e-02	4.42342194e-03
2.32500000e-02	6.45647640e-02	4.23829146e-03
2.35000000e-02	6.25557693e-02	4.03947859e-03
2.37500000e-02	6.31987751e-02	4.05047651e-03
2.40000000e-02	6.01939965e-02	3.82443334e-03
2.42500000e-02	5.96215085e-02	3.67933383e-03
2.45000000e-02	5.85374933e-02	3.59910388e-03
2.47500000e-02	5.71040252e-02	3.49543217e-03
2.50000000e-02	5.64694704e-02	3.37860415e-03
2.52500000e-02	5.39718570e-02	3.18159858e-03
2.55000000e-02	5.40538305e-02	3.13610746e-03
2.57500000e-02	5.28875577e-02	3.12906229e-03
2.60000000e-02	5.16575620e-02	2.98357715e-03
2.62500000e-02	5.07178920e-02	2.94533341e-03
2.65000000e-02	4.99432833e-02	2.85675631e-03
2.67500000e-02	4.98453775e-02	2.83754871e-03
2.70000000e-02	4.61702731e-02	2.58041774e-03
2.72500000e-02	4.76731977e-02	2.64783505e-03
2.75000000e-02	4.64332959e-02	2.62842310e-03
2.77500000e-02	4.61453041e-02	2.51751677e-03
2.80000000e-02	4.52339241e-02	2.42565680e-03
2.82500000e-02	4.38265584e-02	2.37664129e-03
2.85000000e-02	4.32652003e-02	2.33988795e-03
2.87500000e-02	4.41086975e-02	2.35500151e-03
2.90000000e-02	4.28335647e-02	2.27358948e-03
2.92500000e-02	4.23655822e-02	2.14903503e-03
2.95000000e-02	4.15720683e-02	2.15398850e-03
2.97500000e-02	4.12383344e-02	2.12633494e-03
3.00000000e-02	4.00585440e-02	2.04703109e-03
3.02500000e-02	3.98516402e-02	2.04994014e-03
3.05000000e-02	4.06094854e-02	2.01364341e-03
3.07500000e-02	3.93203045e-02	1.98579439e-03
3.10000000e-02	3.97075407e-02	1.99086355e-03
3.12500000e-02	3.90494669e-02	1.95802862e-03
3.15000000e-02	3.77898697e-02	1.85734934e-03
3.17500000e-02	3.79713226e-02	1.86268523e-03
3.20000000e-02	3.77152567e-02	1.82752077e-03
3.22500000e-02	3.71834145e-02	1.80359853e-03
3.25000000e-02	3.81939626e-02	1.86063022e-03
3.27500000e-02	3.65666955e-02	1.74282565e-03
3.30000000e-02	3.47689882e-02	1.64980737e-03
3.32500000e-02	3.45965895e-02	1.65246896e-03
3.35000000e-02	3.37678256e-02	1.62675428e-03
3.37500000e-02	3.46313109e-02	1.64211037e-03
3.40000000e-02	3.49260785e-02	1.66051047e-03
3.42500000e-02	3.33470033e-02	1.54317836e-03
3.45000000e-02	3.41140590e-02	1.60998227e-03
3.47500000e-02	3.29375047e-02	1.53180135e-03
3.50000000e-02	3.31686885e-02	1.52367918e-03
3.52500000e-02	3.27023544e-02	1.52140269e-03
3.55000000e-02	3.27027395e-02	1.50173946e-03
3.57500000e-02	3.27891074e-02	1.51672453e-03
3.60000000e-02	3.26648886e-02	1.50661363e-03
3.62500000e-02	3.17575070e-02	1.46168514e-03
3.65000000e-02	3.15180197e-02	1.44164107e-03
3.67500000e-02	3.19184595e-02	1.45040262e-03
3.70000000e-02	3.09884049e-02	1.39525295e-03
3.72500000e-02	3.06905979e-02	1.38026350e-03
3.75000000e-02	2.94180962e-02	1.32662084e-03
3.77500000e-02	3.03055650e-02	1.35796766e-03
3.80000000e-02	3.05439116e-02	1.35978301e-03
3.82500000e-02	2.97457991e-02	1.31791194e-03
3.85000000e-02	2.98056304e-02	1.33060947e-03
3.87500000e-02	2.85689404e-02	1.26029045e-03
3.90000000e-02	2.83765431e-02	1.26130997e-03
3.92500000e-02	2.97809588e-02	1.31281339e-03
3.95000000e-02	2.88708541e-02	1.26407415e-03
3.97500000e-02	2.85599448e-02	1.25301244e-03
4.00000000e-02	2.84468001e-02	1.25253881e-03
4.02500000e-02	2.86737336e-02	1.26031676e-03
4.05000000e-02	2.79416961e-02	1.20856424e-03
4.07500000e-02	2.78350336e-02	1.20330328e-03
4.10000000e-02	2.75425779e-02	1.20213593e-03
4.12500000e-02	2.72571805e-02	1.18266852e-03
4.15000000e-02	2.75705167e-02	1.17419198e-03
4.17500000e-02	2.78072161e-02	1.17869496e-03
4.20000000e-02	2.69969164e-02	1.15994250e-03
4.22500000e-02	2.76726669e-02	1.16873179e-03
4.25000000e-02	2.79811146e-02	1.19615345e-03
4.27500000e-02	2.68546666e-02	1.13709946e-03
4.30000000e-02	2.71590598e-02	1.14376437e-03
4.32500000e-02	2.68573301e-02	1.13197283e-03
4.35000000e-02	2.74109527e-02	1.16244618e-03
4.37500000e-02	2.69106031e-02	1.11883018e-03
4.40000000e-02	2.60527536e-02	1.10526994e-03
4.42500000e-02	2.60721933e-02	1.10024420e-03
4.45000000e-02	2.73426252e-02	1.13210581e-03
4.47500000e-02	2.59052169e-02	1.07302424e-03
4.50000000e-02	2.65522042e-02	1.10317456e-03
4.52500000e-02	2.64178033e-02	1.08989591e-03
4.55000000e-02	2.68422393e-02	1.10879670e-03
4.57500000e-02	2.62940637e-02	1.07455712e-03
4.60000000e-02	2.55849544e-02	1.05372290e-03
4.62500000e-02	2.63621351e-02	1.07604188e-03
4.65000000e-02	2.55277974e-02	1.04057997e-03
4.67500000e-02	2.58052936e-02	1.04304065e-03
4.70000000e-02	2.53252833e-02	1.03540331e-03
4.72500000e-02	2.55853184e-02	1.05068934e-03
4.75000000e-02	2.52885151e-02	1.03553295e-03
4.77500000e-02	2.52992557e-02	1.02915998e-03
4.80000000e-02	2.45861985e-02	9.98227400e-04
4.82500000e-02	2.51858015e-02	1.02023241e-03
4.85000000e-02	2.55769691e-02	1.04076058e-03
4.87500000e-02	2.49863235e-02	1.00556183e-03
4.90000000e-02	2.48424645e-02	9.98153302e-04
4.92500000e-02	2.49273607e-02	1.00090484e-03
4.95000000e-02	2.47638847e-02	9.86397963e-04
4.97500000e-02	2.49269183e-02	9.93287380e-04
5.00000000e-02	2.48231549e-02	9.84709624e-04
5.02500000e-02	2.50050799e-02	9.82414293e-04
5.05000000e-02	2.48322915e-02	9.86784943e-04
5.07500000e-02	2.48958502e-02	9.96721356e-04
5.10000000e-02	2.43904994e-02	9.63895802e-04
5.12500000e-02	2.46711072e-02	9.76692865e-04
5.15000000e-02	2.44600152e-02	9.52719792e-04
5.17500000e-02	2.42797460e-02	9.52014193e-04
5.20000000e-02	2.44719464e-02	9.53319628e-04
5.22500000e-02	2.41800065e-02	9.59470336e-04
5.25000000e-02	2.43032434e-02	9.49742954e-04
5.27500000e-02	2.39312590e-02	9.26479430e-04
5.30000000e-02	2.35463289e-02	9.30087105e-04
5.32500000e-02	2.41769684e-02	9.39609044e-04
5.35000000e-02	2.42810900e-02	9.38902501e-04
5.37500000e-02	2.35846775e-02	9.08164088e-04
5.40000000e-02	2.40830820e-02	9.27076354e-04
5.42500000e-02	2.33428141e-02	9.06675258e-04
5.45000000e-02	2.39235926e-02	9.21193815e-04
5.47500000e-02	2.27403241e-02	8.75858016e-04
5.50000000e-02	2.33569113e-02	8.97490040e-04
5.52500000e-02	2.37383272e-02	9.04292858e-04
5.55000000e-02	2.33501701e-02	9.01233105e-04
5.57500000e-02	2.32146658e-02	8.92673116e-04
5.60000000e-02	2.36955161e-02	8.97816286e-04
5.62500000e-02	2.39080489e-02	9.17604159e-04
5.65000000e-02	2.42124801e-02	9.17670531e-04
5.67500000e-02	2.40231817e-02	9.10224013e-04
5.70000000e-02	2.31849246e-02	8.70518552e-04
5.72500000e-02	2.32369666e-02	8.77698085e-04
5.75000000e-02	2.29583600e-02	8.72057030e-04
5.77500000e-02	2.35061032e-02	8.74299583e-04
5.80000000e-02	2.31412655e-02	8.75909188e-04
5.82500000e-02	2.28250798e-02	8.52335719e-04
5.85000000e-02	2.28807803e-02	8.53925449e-04
5.87500000e-02	2.22330080e-02	8.32598449e-04
5.90000000e-02	2.27578159e-02	8.46899097e-04
5.92500000e-02	2.29242344e-02	8.53832474e-04
5.95000000e-02	2.33519317e-02	8.60983224e-04
5.97500000e-02	2.30293789e-02	8.62616588e-04
6.00000000e-02	2.23339990e-02	8.30089922e-04
6.02500000e-02	2.25908014e-02	8.36087536e-04
6.05000000e-02	2.24184645e-02	8.25462126e-04
6.07500000e-02	2.19371654e-02	8.12227966e-04
6.10000000e-02	2.25125922e-02	8.25458202e-04
6.12500000e-02	2.25810280e-02	8.32240616e-04
6.15000000e-02	2.22934913e-02	8.10988903e-04
6.17500000e-02	2.28771360e-02	8.35709991e-04
6.20000000e-02	2.23433590e-02	8.19181074e-04
6.22500000e-02	2.25039779e-02	8.21961616e-04
6.25000000e-02	2.21030536e-02	8.08411945e-04
6.27500000e-02	2.18418480e-02	7.94907327e-04
6.30000000e-02	2.23832149e-02	8.13053319e-04
6.32500000e-02	2.22708135e-02	8.09574545e-04
6.35000000e-02	2.18973295e-02	7.89712058e-04
6.37500000e-02	2.24046992e-02	8.10478477e-04
6.40000000e-02	2.28383284e-02	8.21445362e-04
6.42500000e-02	2.20620837e-02	7.88739890e-04
6.45000000e-02	2.21733710e-02	7.97020404e-04
6.47500000e-02	2.24033037e-02	8.08117284e-04
6.50000000e-02	2.25610401e-02	8.12010328e-04
6.52500000e-02	2.20336426e-02	7.92991103e-04
6.55000000e-02	2.11882124e-02	7.60945686e-04
6.57500000e-02	2.16567549e-02	7.76930736e-04
6.60000000e-02	2.23793505e-02	7.95346853e-04
6.62500000e-02	2.21248740e-02	7.91086674e-04
6.65000000e-02	2.17618568e-02	7.73969437e-04
6.67500000e-02	2.16566285e-02	7.68003989e-04
6.70000000e-02	2.20794372e-02	7.88715827e-04
6.72500000e-02	2.21176146e-02	7.89870731e-04
6.75000000e-02	2.16381437e-02	7.66358816e-04
6.77500000e-02	2.19387881e-02	7.73797631e-04
6.80000000e-02	2.16600750e-02	7.64761837e-04
6.82500000e-02	2.21887587e-02	7.84001038e-04
6.85000000e-02	2.15842118e-02	7.61457693e-04
6.87500000e-02	2.19302041e-02	7.67745467e-04
6.90000000e-02	2.14438715e-02	7.50028636e-04
6.92500000e-02	2.18377006e-02	7.66136338e-04
6.95000000e-02	2.19541120e-02	7.65264388e-04
6.97500000e-02	2.18315318e-02	7.61051831e-04
7.00000000e-02	2.20641949e-02	7.66762891e-04
7.02500000e-02	2.18057730e-02	7.60023636e-04
7.05000000e-02	2.16225306e-02	7.48916077e-04
7.07500000e-02	2.15746275e-02	7.50804619e-04
7.10000000e-02	2.09753197e-02	7.24973689e-04
7.12500000e-02	2.18998842e-02	7.56207689e-04
7.15000000e-02	2.13163880e-02	7.33517993e-04
7.17500000e-02	2.20619226e-02	7.57843893e-04
7.20000000e-02	2.12495482e-02	7.35683556e-04
7.22500000e-02	2.15400581e-02	7.40014322e-04
7.25000000e-02	2.16548586e-02	7.45594414e-04
7.27500000e-02	2.10203880e-02	7.30205848e-04
7.30000000e-02	2.13348859e-02	7.33072735e-04
7.32500000e-02	2.16438600e-02	7.39901692e-04
7.35000000e-02	2.14893515e-02	7.37200116e-04
7.37500000e-02	2.14836393e-02	7.27001013e-04
7.40000000e-02	2.14939920e-02	7.33616104e-04
7.42500000e-02	2.13594219e-02	7.36504475e-04
7.45000000e-02	2.21033246e-02	7.51710690e-04
7.47500000e-02	2.13958241e-02	7.24448591e-04
7.50000000e-02	2.18427639e-02	7.39870290e-04
7.52500000e-02	2.18612744e-02	7.36138920e-04
7.55000000e-02	2.09192048e-02	7.03855394e-04
7.57500000e-02	2.11100556e-02	7.10218143e-04
7.60000000e-02	2.16869981e-02	7.30777045e-04
7.62500000e-02	2.13921651e-02	7.19998612e-04
7.65000000e-02	2.15422746e-02	7.24106791e-04
7.67500000e-02	2.14338804e-02	7.16540989e-04
7.70000000e-02	2.15018191e-02	7.14635157e-04
7.72500000e-02	2.17661244e-02	7.44118491e-04
7.75000000e-02	2.18605734e-02	7.49300162e-04
7.77500000e-02	2.09123116e-02	7.19246655e-04
7.80000000e-02	2.16216634e-02	7.43220522e-04
7.82500000e-02	2.14242819e-02	7.47963812e-04
7.85000000e-02	2.15909889e-02	7.58553032e-04
7.87500000e-02	2.13027723e-02	7.42519349e-04
7.90000000e-02	2.13542816e-02	7.49132560e-04
7.92500000e-02	2.08993116e-02	7.43244558e-04
7.95000000e-02	2.13973571e-02	7.62570897e-04
7.97500000e-02	2.12812527e-02	7.59813676e-04
8.00000000e-02	2.21036781e-02	7.82951150e-04
8.02500000e-02	2.15878263e-02	7.71159451e-04
8.05000000e-02	2.10980191e-02	7.52489679e-04
8.07500000e-02	2.13597045e-02	7.74363278e-04
8.10000000e-02	2.13108237e-02	7.61519175e-04
8.12500000e-02	2.06880873e-02	7.47048605e-04
8.15000000e-02	2.07089565e-02	7.45695580e-04
8.17500000e-02	2.11083800e-02	7.63740692e-04
8.20000000e-02	2.12961224e-02	7.66068162e-04
8.22500000e-02	2.13017343e-02	7.71876578e-04
8.25000000e-02	2.15453750e-02	7.82252516e-04
8.27500000e-02	2.09275750e-02	7.56352316e-04
8.30000000e-02	2.07692881e-02	7.62621073e-04
8.32500000e-02	2.08578950e-02	7.64895844e-04
8.35000000e-02	2.14500315e-02	7.85263930e-04
8.37500000e-02	2.13375904e-02	7.71628282e-04
8.40000000e-02	2.08633583e-02	7.60938557e-04
8.42500000e-02	2.11217839e-02	7.75411444e-04
8.45000000e-02	2.14267334e-02	7.82816987e-04
8.47500000e-02	2.10539848e-02	7.84532247e-04
8.50000000e-02	2.17799622e-02	7.96431722e-04
8.52500000e-02	2.02019492e-02	7.52228758e-04
8.55000000e-02	2.10579432e-02	7.75651339e-04
8.57500000e-02	2.15056356e-02	7.95980347e-04
8.60000000e-02	2.12774538e-02	7.86184085e-04
8.62500000e-02	2.08015783e-02	7.66491966e-04
8.65000000e-02	2.13496521e-02	7.85379043e-04
8.67500000e-02	2.14972292e-02	7.87283376e-04
8.70000000e-02	2.08771064e-02	7.54635095e-04
8.72500000e-02	2.07174009e-02	7.41640139e-04
8.75000000e-02	2.02872356e-02	7.10303011e-04
8.77500000e-02	2.11529778e-02	7.38546062e-04
8.80000000e-02	2.17264159e-02	7.59651693e-04
8.82500000e-02	2.11953898e-02	7.38659310e-04
8.85000000e-02	2.11660643e-02	7.39405430e-04
8.87500000e-02	2.09811487e-02	7.13883921e-04
8.90000000e-02	2.07498787e-02	7.18534584e-04
8.92500000e-02	2.17042097e-02	7.41703168e-04
8.95000000e-02	2.16820365e-02	7.42113162e-04
8.97500000e-02	2.08845242e-02	7.07095736e-04
9.00000000e-02	2.09013381e-02	7.05169891e-04
9.02500000e-02	2.10718272e-02	7.17161912e-04
9.05000000e-02	2.08909571e-02	7.07490862e-04
9.07500000e-02	2.13430512e-02	7.15327759e-04
9.10000000e-02	2.12458741e-02	7.08022224e-04
9.12500000e-02	2.10156030e-02	7.03406604e-04
9.15000000e-02	2.08404299e-02	6.91208314e-04
9.17500000e-02	2.05690596e-02	6.89282870e-04
9.20000000e-02	2.04811043e-02	6.79573162e-04
9.22500000e-02	2.15341999e-02	7.14122338e-04
9.25000000e-02	2.07199862e-02	6.81371390e-04
9.27500000e-02	2.15216726e-02	7.12079364e-04
9.30000000e-02	2.09326472e-02	6.90703546e-04
9.32500000e-02	2.04087764e-02	6.76160201e-04
9.35000000e-02	2.09765625e-02	6.88408353e-04
9.37500000e-02	2.08123927e-02	6.79585313e-04
9.40000000e-02	2.07712412e-02	6.85041761e-04
9.42500000e-02	2.01620425e-02	6.56551838e-04
9.45000000e-02	2.10517245e-02	6.82101832e-04
9.47500000e-02	2.01960820e-02	6.63716242e-04
9.50000000e-02	2.09641783e-02	6.81604343e-04
9.52500000e-02	2.12328185e-02	6.85440426e-04
9.55000000e-02	2.08637242e-02	6.77833072e-04
9.57500000e-02	2.15695783e-02	6.94001451e-04
9.60000000e-02	2.08092923e-02	6.74437544e-04
9.62500000e-02	2.05824511e-02	6.64274883e-04
9.65000000e-02	2.01863093e-02	6.53075480e-04
9.67500000e-02	2.03457539e-02	6.55163485e-04
9.70000000e-02	2.06472345e-02	6.62663281e-04
9.72500000e-02	2.11776419e-02	6.74855805e-04
9.75000000e-02	2.13081973e-02	6.79409565e-04
9.77500000e-02	2.06853090e-02	6.49005014e-04
9.80000000e-02	2.08626425e-02	6.62150347e-04
9.82500000e-02	2.06596495e-02	6.54167635e-04
9.85000000e-02	2.06934802e-02	6.56293883e-04
9.87500000e-02	2.05710276e-02	6.50063188e-04
9.90000000e-02	2.03527831e-02	6.46329304e-04
9.92500000e-02	2.03180180e-02	6.42530849e-04
9.95000000e-02	2.06742546e-02	6.48187725e-04
9.97500000e-02	2.04734387e-02	6.45827584e-04
1.00000000e-01	2.01629167e-02	5.19874174e-04
1.00500000e-01	2.04291835e-02	4.55821871e-04
1.01000000e-01	2.05017454e-02	4.51200916e-04
1.01500000e-01	2.07725780e-02	4.57892437e-04
1.02000000e-01	2.05760247e-02	4.51966381e-04
1.02500000e-01	2.06051582e-02	4.51655925e-04
1.03000000e-01	2.03971362e-02	4.48134783e-04
1.03500000e-01	2.03138051e-02	4.44871448e-04
1.04000000e-01	2.04750538e-02	4.46256579e-04
1.04500000e-01	2.07093743e-02	4.49030642e-04
1.05000000e-01	2.06877118e-02	4.45970594e-04
1.05500000e-01	2.06872588e-02	4.47166208e-04
1.06000000e-01	2.07461870e-02	4.46649417e-04
1.06500000e-01	2.06074616e-02	4.41018786e-04
1.07000000e-01	2.08386005e-02	4.51128598e-04
1.07500000e-01	2.02117486e-02	4.49461732e-04
1.08000000e-01	2.04400115e-02	4.56760352e-04
1.08500000e-01	2.04765401e-02	4.60655125e-04
1.09000000e-01	2.02712368e-02	4.58924588e-04
1.09500000e-01	2.03386757e-02	4.62102860e-04
1.10000000e-01	2.04979911e-02	4.57552842e-04
1.10500000e-01	2.05888031e-02	4.53876617e-04
1.11000000e-01	2.05486781e-02	4.42749361e-04
1.11500000e-01	1.99479201e-02	4.29092618e-04
1.12000000e-01	2.04984059e-02	4.35580231e-04
1.12500000e-01	2.04088900e-02	4.33681242e-04
1.13000000e-01	2.04295517e-02	4.32067064e-04
1.13500000e-01	2.06343400e-02	4.32842526e-04
1.14000000e-01	2.02617287e-02	4.25353663e-04
1.14500000e-01	2.03963051e-02	4.25466051e-04
1.15000000e-01	2.01658762e-02	4.19974147e-04
1.15500000e-01	2.04248787e-02	4.26335431e-04
1.16000000e-01	2.03666222e-02	4.22862517e-04
1.16500000e-01	2.04784128e-02	4.25636966e-04
1.17000000e-01	2.03928503e-02	4.23743135e-04
1.17500000e-01	2.05119058e-02	4.20401155e-04
1.18000000e-01	2.05159180e-02	4.22001854e-04
1.18500000e-01	2.01735894e-02	4.14040654e-04
1.19000000e-01	2.01067538e-02	4.10126607e-04
1.19500000e-01	2.03719024e-02	4.14357735e-04
1.20000000e-01	2.04042480e-02	4.14908664e-04
1.20500000e-01	2.05086613e-02	4.14169929e-04
1.21000000e-01	2.03376697e-02	4.12881915e-04
1.21500000e-01	2.04893674e-02	4.15335849e-04
1.22000000e-01	2.02334199e-02	4.07670693e-04
1.22500000e-01	2.05868719e-02	4.12709819e-04
1.23000000e-01	2.07531993e-02	4.16448589e-04
1.23500000e-01	2.03633909e-02	4.05705738e-04
1.24000000e-01	2.02293696e-02	4.08399025e-04
1.24500000e-01	1.99664629e-02	3.98843086e-04
1.25000000e-01	2.04711303e-02	4.06870703e-04
1.25500000e-01	2.04053534e-02	4.05610728e-04
1.26000000e-01	2.00376717e-02	3.99354213e-04
1.26500000e-01	2.03644417e-02	4.02756938e-04
1.27000000e-01	2.01805187e-02	3.99142500e-04
1.27500000e-01	2.05074403e-02	4.03640041e-04
1.28000000e-01	2.02725796e-02	3.98020252e-04
1.28500000e-01	2.00062073e-02	3.93384198e-04
1.29000000e-01	2.06933556e-02	4.05084266e-04
1.29500000e-01	2.01833970e-02	3.94489342e-04
1.30000000e-01	2.00519291e-02	3.91356078e-04
1.30500000e-01	2.04389238e-02	3.96297839e-04
1.31000000e-01	2.01748668e-02	3.92637944e-04
1.31500000e-01	2.02904300e-02	3.93346806e-04
1.32000000e-01	2.03996614e-02	3.92505746e-04
1.32500000e-01	2.00731062e-02	3.86846345e-04
1.33000000e-01	1.97633999e-02	3.80954735e-04
1.33500000e-01	2.02629866e-02	3.87042950e-04
1.34000000e-01	2.04180746e-02	3.91499339e-04
1.34500000e-01	2.03989399e-02	3.87983043e-04
1.35000000e-01	2.03803896e-02	3.84955069e-04
1.35500000e-01	1.99630505e-02	3.79723945e-04
1.36000000e-01	2.02973702e-02	3.82628878e-04
1.36500000e-01	2.04369000e-02	3.89330574e-04
1.37000000e-01	2.01225351e-02	3.79409574e-04
1.37500000e-01	2.03814967e-02	3.82517158e-04
1.38000000e-01	2.00758718e-02	3.78771144e-04
1.38500000e-01	1.98423605e-02	3.73267191e-04
1.39000000e-01	2.00505267e-02	3.77594743e-04
1.39500000e-01	2.01092477e-02	3.76854592e-04
1.40000000e-01	2.01239344e-02	3.78578967e-04
1.40500000e-01	2.03278088e-02	3.78494860e-04
1.41000000e-01	2.03896576e-02	3.80543545e-04
1.41500000e-01	1.99606412e-02	3.75539292e-04
1.42000000e-01	1.98794694e-02	3.71447796e-04
1.42500000e-01	1.99693985e-02	3.72202729e-04
1.43000000e-01	2.01663060e-02	3.74688906e-04
1.43500000e-01	1.99272131e-02	3.71364088e-04
1.44000000e-01	2.03130060e-02	3.74289808e-04
1.44500000e-01	1.99403537e-02	3.68249168e-04
1.45000000e-01	2.00794572e-02	3.72205698e-04
1.45500000e-01	1.99623477e-02	3.67588507e-04
1.46000000e-01	1.97180679e-02	3.63571798e-04
1.46500000e-01	2.00315359e-02	3.68220889e-04
1.47000000e-01	1.99655635e-02	3.66822071e-04
1.47500000e-01	2.01851281e-02	3.68776057e-04
1.48000000e-01	2.02369247e-02	3.69694505e-04
1.48500000e-01	1.95937557e-02	3.59027484e-04
1.49000000e-01	1.99227477e-02	3.63383223e-04
1.49500000e-01	1.99902789e-02	3.62175741e-04
1.50000000e-01	1.99431117e-02	3.60677367e-04
1.50500000e-01	1.98504335e-02	3.61788111e-04
1.51000000e-01	1.96426540e-02	3.55275873e-04
1.51500000e-01	1.98538513e-02	3.58744447e-04
1.52000000e-01	1.98460088e-02	3.56350665e-04
1.52500000e-01	2.00220645e-02	3.60830708e-04
1.53000000e-01	1.99431459e-02	3.59978319e-04
1.53500000e-01	2.00707562e-02	3.59674828e-04
1.54000000e-01	2.01269634e-02	3.60136088e-04
1.54500000e-01	1.98557954e-02	3.62282221e-04
1.55000000e-01	2.00744422e-02	3.68634966e-04
1.55500000e-01	1.96139484e-02	3.64756011e-04
1.56000000e-01	1.98672925e-02	3.71592940e-04
1.56500000e-01	1.97093071e-02	3.67955615e-04
1.57000000e-01	1.93636121e-02	3.63337902e-04
1.57500000e-01	1.95507272e-02	3.59344329e-04
1.58000000e-01	1.96850937e-02	3.56430431e-04
1.58500000e-01	1.99558782e-02	3.59969034e-04
1.59000000e-01	1.97454075e-02	3.52274730e-04
1.59500000e-01	1.95344859e-02	3.50462545e-04
1.60000000e-01	1.99069937e-02	3.54996741e-04
1.60500000e-01	1.98530847e-02	3.51048510e-04
1.61000000e-01	1.95011838e-02	3.48763845e-04
1.61500000e-01	1.96160876e-02	3.47186863e-04
1.62000000e-01	1.94866040e-02	3.43318304e-04
1.62500000e-01	1.92636319e-02	3.41933543e-04
1.63000000e-01	1.94358421e-02	3.41368978e-04
1.63500000e-01	1.94692396e-02	3.43670659e-04
1.64000000e-01	1.95841549e-02	3.44204426e-04
1.64500000e-01	1.92253057e-02	3.37639404e-04
1.65000000e-01	1.96142435e-02	3.44063304e-04
1.65500000e-01	1.93908590e-02	3.38252453e-04
1.66000000e-01	1.93720141e-02	3.38235946e-04
1.66500000e-01	1.96400682e-02	3.42518096e-04
1.67000000e-01	1.93425034e-02	3.38134292e-04
1.67500000e-01	1.95765974e-02	3.41537355e-04
1.68000000e-01	1.93608912e-02	3.36546719e-04
1.68500000e-01	1.95565048e-02	3.37409768e-04
1.69000000e-01	1.90525297e-02	3.31181551e-04
1.69500000e-01	1.92031523e-02	3.31725549e-04
1.70000000e-01	1.95203378e-02	3.36151495e-04
1.70500000e-01	1.93620457e-02	3.33232469e-04
1.71000000e-01	1.92645839e-02	3.30437117e-04
1.71500000e-01	1.91767635e-02	3.27923244e-04
1.72000000e-01	1.93648022e-02	3.32060363e-04
1.72500000e-01	1.94474949e-02	3.33044715e-04
1.73000000e-01	1.93545019e-02	3.31283968e-04
1.73500000e-01	1.94865994e-02	3.31561298e-04
1.74000000e-01	1.93217920e-02	3.28193869e-04
1.74500000e-01	1.91124604e-02	3.23258792e-04
1.75000000e-01	1.92259435e-02	3.23763139e-04
1.75500000e-01	1.93745246e-02	3.25184953e-04
1.76000000e-01	1.89692510e-02	3.19966396e-04
1.76500000e-01	1.91534831e-02	3.22675313e-04
1.77000000e-01	1.92903646e-02	3.23636059e-04
1.77500000e-01	1.92073807e-02	3.22460046e-04
1.78000000e-01	1.92524773e-02	3.22257027e-04
1.78500000e-01	1.92908515e-02	3.23994578e-04
1.79000000e-01	1.91697591e-02	3.21416061e-04
1.79500000e-01	1.92501394e-02	3.22374526e-04
1.80000000e-01	1.91355895e-02	3.21208365e-04
1.80500000e-01	1.92773041e-02	3.21898687e-04
1.81000000e-01	1.90240480e-02	3.18936840e-04
1.81500000e-01	1.87627017e-02	3.13025938e-04
1.82000000e-01	1.91817882e-02	3.20487537e-04
1.82500000e-01	1.91792109e-02	3.18518970e-04
1.83000000e-01	1.91272914e-02	3.16922543e-04
1.83500000e-01	1.89914899e-02	3.14616774e-04
1.84000000e-01	1.87965501e-02	3.12694786e-04
1.84500000e-01	1.90960899e-02	3.15669217e-04
1.85000000e-01	1.90569523e-02	3.15952123e-04
1.85500000e-01	1.90696277e-02	3.13722537e-04
1.86000000e-01	1.88516526e-02	3.11011724e-04
1.86500000e-01	1.89802875e-02	3.13328550e-04
1.87000000e-01	1.88264901e-02	3.10266190e-04
1.87500000e-01	1.89815159e-02	3.11445312e-04
1.88000000e-01	1.90357654e-02	3.11639381e-04
1.88500000e-01	1.86858917e-02	3.06689894e-04
1.89000000e-01	1.91462897e-02	3.13869473e-04
1.89500000e-01	1.90341518e-02	3.10924930e-04
1.90000000e-01	1.86843484e-02	3.05027125e-04
1.90500000e-01	1.90720777e-02	3.10865283e-04
1.91000000e-01	1.90477604e-02	3.09644340e-04
1.91500000e-01	1.87205802e-02	3.04153958e-04
1.92000000e-01	1.90304061e-02	3.08127659e-04
1.92500000e-01	1.87423949e-02	3.03128492e-04
1.93000000e-01	1.88911736e-02	3.05949857e-04
1.93500000e-01	1.89719237e-02	3.07444742e-04
1.94000000e-01	1.85488287e-02	3.00689457e-04
1.94500000e-01	1.87519673e-02	3.02915220e-04
1.95000000e-01	1.88573374e-02	3.03696155e-04
1.95500000e-01	1.86636409e-02	3.00467832e-04
1.96000000e-01	1.87854749e-02	3.02668801e-04
1.96500000e-01	1.86116998e-02	2.99199775e-04
1.97000000e-01	1.89631305e-02	3.04376677e-04
1.97500000e-01	1.85815126e-02	2.97036649e-04
1.98000000e-01	1.87164083e-02	3.00111027e-04
1.98500000e-01	1.84694434e-02	2.96671329e-04
1.99000000e-01	1.87732026e-02	2.99599283e-04
1.99500000e-01	1.87899658e-02	2.98952876e-04
2.00000000e-01	1.84651617e-02	2.93633815e-04
2.00500000e-01	1.85845821e-02	2.95715333e-04
2.01000000e-01	1.87251994e-02	2.96085886e-04
2.01500000e-01	1.83914208e-02	2.91912990e-04
2.02000000e-01	1.86543269e-02	2.95714235e-04
2.02500000e-01	1.87081736e-02	2.94865527e-04
2.03000000e-01	1.86827552e-02	2.95242653e-04
2.03500000e-01	1.86323962e-02	2.93780980e-04
2.04000000e-01	1.85603100e-02	2.93120401e-04
2.04500000e-01	1.87546729e-02	2.95467780e-04
2.05000000e-01	1.84017381e-02	2.90270857e-04
2.05500000e-01	1.85999490e-02	2.92210032e-04
2.06000000e-01	1.83490922e-02	2.87087732e-04
2.06500000e-01	1.86102094e-02	2.92467742e-04
2.07000000e-01	1.86942460e-02	2.91907755e-04
2.07500000e-01	1.86892431e-02	2.91827423e-04
2.08000000e-01	1.88278859e-02	2.96010666e-04
2.08500000e-01	1.85625136e-02	2.89764846e-04
2.09000000e-01	1.84622082e-02	2.88075058e-04
2.09500000e-01	1.85453610e-02	2.88678629e-04
2.10000000e-01	1.84545705e-02	2.86693333e-04
2.10500000e-01	1.88871302e-02	2.93512508e-04
2.11000000e-01	1.86341945e-02	2.88142842e-04
2.11500000e-01	1.85673094e-02	2.88830679e-04
2.12000000e-01	1.82526084e-02	2.81688129e-04
2.12500000e-01	1.88856506e-02	2.91102799e-04
2.13000000e-01	1.84413092e-02	2.84742524e-04
2.13500000e-01	1.83921839e-02	2.84293618e-04
2.14000000e-01	1.83313863e-02	2.82674328e-04
2.14500000e-01	1.85450769e-02	2.84969159e-04
2.15000000e-01	1.85323728e-02	2.85586313e-04
2.15500000e-01	1.81659798e-02	2.78929686e-04
2.16000000e-01	1.84706725e-02	2.83994923e-04
2.16500000e-01	1.84984066e-02	2.84018424e-04
2.17000000e-01	1.85341944e-02	2.86551109e-04
2.17500000e-01	1.83286467e-02	2.89656922e-04
2.18000000e-01	1.82520005e-02	2.88981824e-04
2.18500000e-01	1.82637367e-02	2.92233731e-04
2.19000000e-01	1.85417519e-02	2.97006233e-04
2.19500000e-01	1.81018222e-02	2.91195720e-04
2.20000000e-01	1.83670447e-02	2.95999842e-04
2.20500000e-01	1.81486344e-02	2.91833070e-04
2.21000000e-01	1.81030794e-02	2.92498799e-04
2.21500000e-01	1.83028946e-02	2.98380629e-04
2.22000000e-01	1.80934448e-02	2.94593654e-04
2.22500000e-01	1.84692941e-02	3.00548261e-04
2.23000000e-01	1.82676033e-02	2.97958885e-04
2.23500000e-01	1.83197301e-02	3.01104345e-04
2.24000000e-01	1.83212291e-02	3.00258751e-04
2.24500000e-01	1.80324608e-02	2.97442432e-04
2.25000000e-01	1.82548230e-02	3.01020702e-04
2.25500000e-01	1.80955197e-02	2.99232613e-04
2.26000000e-01	1.82295728e-02	3.01224343e-04
2.26500000e-01	1.83145499e-02	2.98117087e-04
2.27000000e-01	1.83258067e-02	2.96748625e-04
2.27500000e-01	1.81945096e-02	2.91442302e-04
2.28000000e-01	1.84602825e-02	2.94818528e-04
2.28500000e-01	1.84514775e-02	2.92705699e-04
2.29000000e-01	1.81174668e-02	2.87265705e-04
2.29500000e-01	1.80929893e-02	2.85116919e-04
2.30000000e-01	1.80042081e-02	2.82317982e-04
2.30500000e-01	1.82760314e-02	2.85933685e-04
2.31000000e-01	1.79682767e-02	2.82162408e-04
2.31500000e-01	1.85051236e-02	2.89273486e-04
2.32000000e-01	1.81218713e-02	2.82187607e-04
2.32500000e-01	1.78669944e-02	2.76712571e-04
2.33000000e-01	1.79152928e-02	2.77908384e-04
2.33500000e-01	1.78977673e-02	2.76903436e-04
2.34000000e-01	1.81494737e-02	2.79632695e-04
2.34500000e-01	1.81113413e-02	2.78712414e-04
2.35000000e-01	1.81861793e-02	2.79736103e-04
2.35500000e-01	1.80920065e-02	2.77312882e-04
2.36000000e-01	1.80262418e-02	2.76325211e-04
2.36500000e-01	1.79543004e-02	2.74666995e-04
2.37000000e-01	1.78100074e-02	2.73109225e-04
2.37500000e-01	1.81933975e-02	2.76619266e-04
2.38000000e-01	1.79661175e-02	2.72359737e-04
2.38500000e-01	1.79606589e-02	2.73212363e-04
2.39000000e-01	1.80290876e-02	2.73643779e-04
2.39500000e-01	1.81205267e-02	2.74022332e-04
2.40000000e-01	1.79706395e-02	2.71801384e-04
2.40500000e-01	1.79144862e-02	2.70215214e-04
2.41000000e-01	1.78379016e-02	2.68565149e-04
2.41500000e-01	1.79652944e-02	2.68688275e-04
2.42000000e-01	1.81105072e-02	2.70928646e-04
2.42500000e-01	1.78819358e-02	2.67640599e-04
2.43000000e-01	1.77369478e-02	2.65101798e-04
2.43500000e-01	1.77803663e-02	2.65206958e-04
2.44000000e-01	1.78844835e-02	2.66581032e-04
2.44500000e-01	1.77426985e-02	2.63220228e-04
2.45000000e-01	1.79813879e-02	2.65948602e-04
2.45500000e-01	1.77852930e-02	2.63698227e-04
2.46000000e-01	1.75647603e-02	2.60629497e-04
2.46500000e-01	1.79604441e-02	2.65788328e-04
2.47000000e-01	1.77281714e-02	2.62294478e-04
2.47500000e-01	1.79168855e-02	2.64069127e-04
2.48000000e-01	1.76848862e-02	2.60386269e-04
2.48500000e-01	1.77019123e-02	2.61026121e-04
2.49000000e-01	1.76840291e-02	2.59864255e-04
2.49500000e-01	1.78325261e-02	2.62624618e-04
2.50000000e-01	1.75167072e-02	2.57274114e-04
2.50500000e-01	1.77720370e-02	2.61704346e-04
2.51000000e-01	1.80187954e-02	2.64005489e-04
2.51500000e-01	1.77902295e-02	2.60738850e-04
2.52000000e-01	1.77125449e-02	2.58732013e-04
2.52500000e-01	1.76299207e-02	2.58116938e-04
2.53000000e-01	1.78087057e-02	2.60336921e-04
2.53500000e-01	1.78322814e-02	2.60339707e-04
2.54000000e-01	1.77454341e-02	2.60164810e-04
2.54500000e-01	1.76764340e-02	2.57572298e-04
2.55000000e-01	1.75701153e-02	2.54993235e-04
2.55500000e-01	1.77276330e-02	2.57062648e-04
2.56000000e-01	1.77011133e-02	2.56884343e-04
2.56500000e-01	1.77779564e-02	2.57704615e-04
2.57000000e-01	1.76799681e-02	2.56162352e-04
2.57500000e-01	1.77173470e-02	2.55392605e-04
2.58000000e-01	1.76684075e-02	2.55761807e-04
2.58500000e-01	1.77259385e-02	2.55314764e-04
2.59000000e-01	1.74295871e-02	2.51524565e-04
2.59500000e-01	1.76563806e-02	2.54401976e-04
2.60000000e-01	1.75196257e-02	2.51723904e-04
2.60500000e-01	1.75930994e-02	2.52218981e-04
2.61000000e-01	1.76699255e-02	2.53814091e-04
2.61500000e-01	1.75936501e-02	2.52107279e-04
2.62000000e-01	1.76208110e-02	2.52187391e-04
2.62500000e-01	1.73658516e-02	2.49285486e-04
2.63000000e-01	1.76453259e-02	2.53125636e-04
2.63500000e-01	1.76561524e-02	2.52334915e-04
2.64000000e-01	1.73578380e-02	2.48653014e-04
2.64500000e-01	1.74604887e-02	2.49291117e-04
2.65000000e-01	1.74100375e-02	2.47963119e-04
2.65500000e-01	1.73175939e-02	2.46075569e-04
2.66000000e-01	1.75756724e-02	2.49490555e-04
2.66500000e-01	1.74475856e-02	2.48146741e-04
2.67000000e-01	1.75369811e-02	2.47811950e-04
2.67500000e-01	1.75397703e-02	2.48424113e-04
2.68000000e-01	1.74579008e-02	2.46506839e-04
2.68500000e-01	1.76614037e-02	2.48009588e-04
2.69000000e-01	1.74099917e-02	2.45321099e-04
2.69500000e-01	1.73882822e-02	2.43924570e-04
2.70000000e-01	1.74779853e-02	2.45333907e-04
2.70500000e-01	1.75262626e-02	2.45753248e-04
2.71000000e-01	1.75880924e-02	2.47176000e-04
2.71500000e-01	1.75242734e-02	2.45696837e-04
2.72000000e-01	1.73758487e-02	2.42802964e-04
2.72500000e-01	1.74336114e-02	2.44469701e-04
2.73000000e-01	1.73800578e-02	2.43274097e-04
2.73500000e-01	1.73565059e-02	2.42043716e-04
2.74000000e-01	1.74238017e-02	2.42405759e-04
2.74500000e-01	1.73034898e-02	2.40781454e-04
2.75000000e-01	1.71934889e-02	2.40973707e-04
2.75500000e-01	1.73461355e-02	2.42146627e-04
2.76000000e-01	1.72473025e-02	2.40533783e-04
2.76500000e-01	1.73651937e-02	2.42002973e-04
2.77000000e-01	1.72391103e-02	2.39382090e-04
2.77500000e-01	1.73296675e-02	2.41830104e-04
2.78000000e-01	1.71502290e-02	2.38090608e-04
2.78500000e-01	1.72981514e-02	2.39846828e-04
2.79000000e-01	1.71551782e-02	2.38480831e-04
2.79500000e-01	1.71564332e-02	2.37410678e-04
2.80000000e-01	1.71628482e-02	2.37071606e-04
2.80500000e-01	1.71989671e-02	2.37883442e-04
2.81000000e-01	1.73307573e-02	2.39640048e-04
2.81500000e-01	1.72715770e-02	2.38478159e-04
2.82000000e-01	1.71500428e-02	2.36668939e-04
2.82500000e-01	1.70603219e-02	2.35889475e-04
2.83000000e-01	1.71767528e-02	2.36254975e-04
2.83500000e-01	1.73181181e-02	2.37596153e-04
2.84000000e-01	1.71747597e-02	2.35611094e-04
2.84500000e-01	1.70929417e-02	2.34884302e-04
2.85000000e-01	1.71571366e-02	2.35424688e-04
2.85500000e-01	1.70078372e-02	2.32977073e-04
2.86000000e-01	1.71874575e-02	2.35299156e-04
2.86500000e-01	1.70907073e-02	2.34473194e-04
2.87000000e-01	1.70616951e-02	2.33285630e-04
2.87500000e-01	1.73206770e-02	2.35120431e-04
2.88000000e-01	1.70699909e-02	2.31981106e-04
2.88500000e-01	1.70331368e-02	2.31725919e-04
2.89000000e-01	1.72041418e-02	2.33926603e-04
2.89500000e-01	1.70027391e-02	2.31008178e-04
2.90000000e-01	1.70049673e-02	2.31640515e-04
2.90500000e-01	1.70347240e-02	2.31664866e-04
2.91000000e-01	1.72211381e-02	2.32362762e-04
2.91500000e-01	1.72723817e-02	2.32352512e-04
2.92000000e-01	1.70377378e-02	2.30326260e-04
2.92500000e-01	1.69842464e-02	2.29513303e-04
2.93000000e-01	1.68916708e-02	2.28694918e-04
2.93500000e-01	1.69740813e-02	2.29616929e-04
2.94000000e-01	1.70661335e-02	2.29416993e-04
2.94500000e-01	1.68550720e-02	2.28046540e-04
2.95000000e-01	1.70987510e-02	2.29603819e-04
2.95500000e-01	1.71081710e-02	2.30189450e-04
2.96000000e-01	1.70879737e-02	2.29577744e-04
2.96500000e-01	1.69500763e-02	2.27633324e-04
2.97000000e-01	1.68968767e-02	2.27018915e-04
2.97500000e-01	1.69087215e-02	2.25763806e-04
2.98000000e-01	1.72609405e-02	2.31003096e-04
2.98500000e-01	1.69868821e-02	2.27514052e-04
2.99000000e-01	1.69437576e-02	2.26413811e-04
2.99500000e-01	1.69806796e-02	2.27608330e-04
3.00000000e-01	1.71201146e-02	2.27912060e-04
3.00500000e-01	1.69496361e-02	2.26187997e-04
3.01000000e-01	1.69625405e-02	2.25838120e-04
3.01500000e-01	1.69759621e-02	2.26843162e-04
3.02000000e-01	1.67730614e-02	2.23147351e-04
3.02500000e-01	1.69192273e-02	2.25090892e-04
3.03000000e-01	1.67654553e-02	2.22903321e-04
3.03500000e-01	1.71306720e-02	2.26402444e-04
3.04000000e-01	1.69915059e-02	2.26003886e-04
3.04500000e-01	1.66754225e-02	2.20352838e-04
3.05000000e-01	1.67963217e-02	2.22489429e-04
3.05500000e-01	1.68523180e-02	2.22707275e-04
3.06000000e-01	1.68230776e-02	2.20666444e-04
3.06500000e-01	1.70058978e-02	2.25211573e-04
3.07000000e-01	1.68435263e-02	2.21364639e-04
3.07500000e-01	1.68067418e-02	2.21522851e-04
3.08000000e-01	1.67540181e-02	2.20333433e-04
3.08500000e-01	1.68299214e-02	2.21179119e-04
3.09000000e-01	1.65835041e-02	2.18010913e-04
3.09500000e-01	1.66448061e-02	2.18760960e-04
3.10000000e-01	1.68126398e-02	2.20844253e-04
3.10500000e-01	1.67481979e-02	2.19791648e-04
3.11000000e-01	1.68049079e-02	2.20382884e-04
3.11500000e-01	1.68026922e-02	2.20568643e-04
3.12000000e-01	1.68264814e-02	2.21179436e-04
3.12500000e-01	1.66257667e-02	2.18192528e-04
3.13000000e-01	1.68091568e-02	2.19137919e-04
3.13500000e-01	1.68176607e-02	2.19645345e-04
3.14000000e-01	1.67262405e-02	2.18050753e-04
3.14500000e-01	1.67071045e-02	2.17124140e-04
3.15000000e-01	1.66486461e-02	2.17467185e-04
3.15500000e-01	1.67867670e-02	2.18239295e-04
3.16000000e-01	1.65065786e-02	2.15427801e-04
3.16500000e-01	1.65551392e-02	2.15334033e-04
3.17000000e-01	1.66777860e-02	2.16414970e-04
3.17500000e-01	1.65829508e-02	2.15486335e-04
3.18000000e-01	1.66276920e-02	2.16110834e-04
3.18500000e-01	1.64582487e-02	2.13102723e-04
3.19000000e-01	1.65059752e-02	2.13597909e-04
3.19500000e-01	1.65910209e-02	2.15109800e-04
3.20000000e-01	1.64048456e-02	2.12797655e-04
3.20500000e-01	1.66966745e-02	2.15646204e-04
3.21000000e-01	1.64446112e-02	2.12809093e-04
3.21500000e-01	1.65460059e-02	2.13214190e-04
3.22000000e-01	1.65816236e-02	2.13911596e-04
3.22500000e-01	1.65510527e-02	2.13088919e-04
3.23000000e-01	1.66134435e-02	2.13295445e-04
3.23500000e-01	1.66138138e-02	2.13732987e-04
3.24000000e-01	1.65954919e-02	2.12872287e-04
3.24500000e-01	1.66227785e-02	2.14094006e-04
3.25000000e-01	1.67281532e-02	2.14579220e-04
3.25500000e-01	1.66186589e-02	2.13059007e-04
3.26000000e-01	1.64388115e-02	2.10471747e-04
3.26500000e-01	1.64509818e-02	2.10402163e-04
3.27000000e-01	1.63156144e-02	2.09628948e-04
3.27500000e-01	1.63550200e-02	2.10054977e-04
3.28000000e-01	1.65623358e-02	2.11566763e-04
3.28500000e-01	1.64498849e-02	2.09849935e-04
3.29000000e-01	1.65759953e-02	2.11075279e-04
3.29500000e-01	1.63859525e-02	2.10180496e-04
3.30000000e-01	1.63844521e-02	2.08177756e-04
3.30500000e-01	1.65228695e-02	2.10300705e-04
3.31000000e-01	1.62846156e-02	2.07620596e-04
3.31500000e-01	1.61311286e-02	2.05476220e-04
3.32000000e-01	1.63545258e-02	2.07798307e-04
3.32500000e-01	1.63247803e-02	2.07404238e-04
3.33000000e-01	1.61937983e-02	2.06254296e-04
3.33500000e-01	1.66094793e-02	2.09607330e-04
3.34000000e-01	1.65078784e-02	2.09109251e-04
3.34500000e-01	1.63022611e-02	2.06532609e-04
3.35000000e-01	1.62648089e-02	2.05141659e-04
3.35500000e-01	1.63254696e-02	2.06791155e-04
3.36000000e-01	1.62955212e-02	2.06107788e-04
3.36500000e-01	1.62481568e-02	2.04599487e-04
3.37000000e-01	1.63193544e-02	2.05302237e-04
3.37500000e-01	1.61065923e-02	2.03353439e-04
3.38000000e-01	1.63202261e-02	2.05818375e-04
3.38500000e-01	1.64938989e-02	2.07067746e-04
3.39000000e-01	1.62886682e-02	2.05599139e-04
3.39500000e-01	1.61205146e-02	2.02041458e-04
3.40000000e-01	1.60729831e-02	2.02870513e-04
3.40500000e-01	1.62397688e-02	2.04244117e-04
3.41000000e-01	1.61461091e-02	2.02826788e-04
3.41500000e-01	1.60488714e-02	2.01996361e-04
3.42000000e-01	1.62329515e-02	2.03039260e-04
3.42500000e-01	1.60930809e-02	2.02110014e-04
3.43000000e-01	1.61910672e-02	2.02389209e-04
3.43500000e-01	1.62449802e-02	2.02700299e-04
3.44000000e-01	1.63713339e-02	2.04255327e-04
3.44500000e-01	1.63428683e-02	2.03733538e-04
3.45000000e-01	1.61222702e-02	2.01377295e-04
3.45500000e-01	1.62413905e-02	2.02280837e-04
3.46000000e-01	1.62328747e-02	2.02909173e-04
3.46500000e-01	1.60723149e-02	1.99919230e-04
3.47000000e-01	1.60273114e-02	1.99417741e-04
3.47500000e-01	1.61218294e-02	2.00749606e-04
3.48000000e-01	1.60517035e-02	1.99565235e-04
3.48500000e-01	1.61631596e-02	2.00839417e-04
3.49000000e-01	1.61364328e-02	2.00174076e-04
3.49500000e-01	1.61532174e-02	2.00468488e-04
3.50000000e-01	1.58855197e-02	1.61149648e-04
3.51000000e-01	1.60459053e-02	1.40433163e-04
3.52000000e-01	1.61054153e-02	1.40627270e-04
3.53000000e-01	1.59068060e-02	1.38703029e-04
3.54000000e-01	1.59538423e-02	1.38988872e-04
3.55000000e-01	1.60092896e-02	1.39211065e-04
3.56000000e-01	1.59642402e-02	1.39496693e-04
3.57000000e-01	1.59564697e-02	1.41657472e-04
3.58000000e-01	1.58876593e-02	1.42702277e-04
3.59000000e-01	1.58853062e-02	1.43483674e-04
3.60000000e-01	1.59027327e-02	1.44570990e-04
3.61000000e-01	1.56976742e-02	1.43790022e-04
3.62000000e-01	1.57954247e-02	1.45016288e-04
3.63000000e-01	1.57428375e-02	1.44841249e-04
3.64000000e-01	1.57962425e-02	1.46334620e-04
3.65000000e-01	1.56742936e-02	1.45857925e-04
3.66000000e-01	1.57891933e-02	1.44488805e-04
3.67000000e-01	1.56980039e-02	1.41989887e-04
3.68000000e-01	1.56871272e-02	1.40890635e-04
3.69000000e-01	1.56775577e-02	1.40431349e-04
3.70000000e-01	1.56665293e-02	1.39223108e-04
3.71000000e-01	1.57056732e-02	1.41914989e-04
3.72000000e-01	1.55423314e-02	1.41335260e-04
3.73000000e-01	1.56440842e-02	1.42214407e-04
3.74000000e-01	1.56372912e-02	1.42567072e-04
3.75000000e-01	1.56975618e-02	1.42799827e-04
3.76000000e-01	1.56076475e-02	1.41948506e-04
3.77000000e-01	1.55486973e-02	1.41738656e-04
3.78000000e-01	1.56585629e-02	1.42646741e-04
3.79000000e-01	1.56007162e-02	1.41458173e-04
3.80000000e-01	1.56030289e-02	1.41650491e-04
3.81000000e-01	1.56766753e-02	1.42248450e-04
3.82000000e-01	1.55161139e-02	1.40826210e-04
3.83000000e-01	1.55468110e-02	1.41136902e-04
3.84000000e-01	1.54651919e-02	1.40489790e-04
3.85000000e-01	1.55981278e-02	1.41543351e-04
3.86000000e-01	1.54135821e-02	1.39858552e-04
3.87000000e-01	1.53695666e-02	1.39756629e-04
3.88000000e-01	1.53747812e-02	1.39353639e-04
3.89000000e-01	1.54862846e-02	1.40593314e-04
3.90000000e-01	1.56579091e-02	1.41430745e-04
3.91000000e-01	1.54806291e-02	1.40090701e-04
3.92000000e-01	1.54387936e-02	1.39936667e-04
3.93000000e-01	1.55239722e-02	1.40320494e-04
3.94000000e-01	1.54691418e-02	1.40159809e-04
3.95000000e-01	1.52840715e-02	1.38444339e-04
3.96000000e-01	1.54847807e-02	1.40127940e-04
3.97000000e-01	1.54069353e-02	1.39495305e-04
3.98000000e-01	1.53558632e-02	1.38682223e-04
3.99000000e-01	1.53644345e-02	1.39256583e-04
4.00000000e-01	1.52472038e-02	1.38534417e-04
4.01000000e-01	1.52986638e-02	1.38333603e-04
4.02000000e-01	1.50792970e-02	1.36677024e-04
4.03000000e-01	1.52193188e-02	1.37743543e-04
4.04000000e-01	1.53155859e-02	1.38725052e-04
4.05000000e-01	1.52565867e-02	1.37906627e-04
4.06000000e-01	1.53599717e-02	1.39339782e-04
4.07000000e-01	1.53265952e-02	1.38387794e-04
4.08000000e-01	1.51800883e-02	1.36914246e-04
4.09000000e-01	1.52273372e-02	1.37451589e-04
4.10000000e-01	1.50134447e-02	1.35562654e-04
4.11000000e-01	1.52451309e-02	1.37538132e-04
4.12000000e-01	1.51318975e-02	1.36536531e-04
4.13000000e-01	1.52003880e-02	1.37279672e-04
4.14000000e-01	1.51623064e-02	1.36573595e-04
4.15000000e-01	1.51603304e-02	1.36903146e-04
4.16000000e-01	1.51607985e-02	1.36792469e-04
4.17000000e-01	1.50650084e-02	1.35872507e-04
4.18000000e-01	1.51596827e-02	1.38069904e-04
4.19000000e-01	1.51228637e-02	1.39604869e-04
4.20000000e-01	1.52425368e-02	1.41263652e-04
4.21000000e-01	1.51872770e-02	1.41169601e-04
4.22000000e-01	1.50467466e-02	1.40296834e-04
4.23000000e-01	1.51129334e-02	1.41570024e-04
4.24000000e-01	1.52275519e-02	1.42977680e-04
4.25000000e-01	1.50289944e-02	1.41461251e-04
4.26000000e-01	1.51118030e-02	1.41898235e-04
4.27000000e-01	1.51092366e-02	1.42457857e-04
4.28000000e-01	1.50320465e-02	1.41921458e-04
4.29000000e-01	1.51593033e-02	1.43132450e-04
4.30000000e-01	1.51653660e-02	1.42941508e-04
4.31000000e-01	1.49661704e-02	1.41112282e-04
4.32000000e-01	1.51029952e-02	1.42225741e-04
4.33000000e-01	1.50983836e-02	1.43233416e-04
4.34000000e-01	1.50052646e-02	1.42313842e-04
4.35000000e-01	1.51057479e-02	1.42956213e-04
4.36000000e-01	1.49155904e-02	1.41544482e-04
4.37000000e-01	1.48899806e-02	1.41701835e-04
4.38000000e-01	1.48949365e-02	1.41992677e-04
4.39000000e-01	1.48753667e-02	1.41933697e-04
4.40000000e-01	1.48071785e-02	1.41258827e-04
4.41000000e-01	1.49735381e-02	1.43071294e-04
4.42000000e-01	1.49980236e-02	1.43229970e-04
4.43000000e-01	1.48350056e-02	1.42029064e-04
4.44000000e-01	1.49387810e-02	1.43128831e-04
4.45000000e-01	1.49443590e-02	1.43342340e-04
4.46000000e-01	1.48684832e-02	1.42657388e-04
4.47000000e-01	1.47715855e-02	1.42174134e-04
4.48000000e-01	1.48593594e-02	1.43440116e-04
4.49000000e-01	1.48674465e-02	1.43598367e-04
4.50000000e-01	1.49371821e-02	1.44084389e-04
4.51000000e-01	1.49375668e-02	1.44350766e-04
4.52000000e-01	1.49737984e-02	1.44291857e-04
4.53000000e-01	1.48561726e-02	1.43453025e-04
4.54000000e-01	1.48152842e-02	1.43358298e-04
4.55000000e-01	1.47547370e-02	1.42658916e-04
4.56000000e-01	1.48527428e-02	1.43873850e-04
4.57000000e-01	1.48389744e-02	1.43870326e-04
4.58000000e-01	1.48909201e-02	1.44582327e-04
4.59000000e-01	1.47590543e-02	1.43495913e-04
4.60000000e-01	1.46579986e-02	1.42716769e-04
4.61000000e-01	1.47846632e-02	1.44094742e-04
4.62000000e-01	1.47784978e-02	1.44396299e-04
4.63000000e-01	1.48368641e-02	1.45055809e-04
4.64000000e-01	1.48749298e-02	1.45080152e-04
4.65000000e-01	1.48419852e-02	1.45214750e-04
4.66000000e-01	1.47221691e-02	1.43421065e-04
4.67000000e-01	1.48255174e-02	1.45168177e-04
4.68000000e-01	1.48028561e-02	1.44669711e-04
4.69000000e-01	1.47580232e-02	1.44595101e-04
4.70000000e-01	1.46660631e-02	1.43666967e-04
4.71000000e-01	1.46324523e-02	1.43449085e-04
4.72000000e-01	1.47434297e-02	1.44102168e-04
4.73000000e-01	1.46957037e-02	1.43805951e-04
4.74000000e-01	1.47065318e-02	1.43563020e-04
4.75000000e-01	1.44967364e-02	1.42060320e-04
4.76000000e-01	1.46816552e-02	1.43253557e-04
4.77000000e-01	1.45524041e-02	1.42805320e-04
4.78000000e-01	1.45619232e-02	1.42481247e-04
4.79000000e-01	1.46803946e-02	1.43956780e-04
4.80000000e-01	1.45295936e-02	1.42827062e-04
4.81000000e-01	1.44025110e-02	1.41642774e-04
4.82000000e-01	1.44612199e-02	1.41786836e-04
4.83000000e-01	1.45237667e-02	1.42724127e-04
4.84000000e-01	1.44656955e-02	1.42386668e-04
4.85000000e-01	1.45387550e-02	1.42726497e-04
4.86000000e-01	1.43870001e-02	1.41830780e-04
4.87000000e-01	1.45279959e-02	1.43073565e-04
4.88000000e-01	1.46182622e-02	1.43756143e-04
4.89000000e-01	1.45210374e-02	1.43579179e-04
4.90000000e-01	1.44484448e-02	1.42552618e-04
4.91000000e-01	1.44788679e-02	1.42822326e-04
4.92000000e-01	1.44138582e-02	1.42707425e-04
4.93000000e-01	1.42973597e-02	1.41459925e-04
4.94000000e-01	1.45399749e-02	1.43563253e-04
4.95000000e-01	1.45771472e-02	1.45622117e-04
4.96000000e-01	1.45657630e-02	1.48584868e-04
4.97000000e-01	1.45600338e-02	1.51903384e-04
4.98000000e-01	1.44010679e-02	1.52620821e-04
4.99000000e-01	1.45421819e-02	1.55916344e-04
5.00000000e-01	1.43844232e-02	1.55743231e-04
5.01000000e-01	1.45514808e-02	1.58893835e-04
5.02000000e-01	1.44201741e-02	1.59713650e-04
5.03000000e-01	1.43672197e-02	1.60367406e-04
5.04000000e-01	1.44047491e-02	1.61951247e-04
5.05000000e-01	1.45066166e-02	1.60272315e-04
5.06000000e-01	1.44870640e-02	1.56531930e-04
5.07000000e-01	1.43905480e-02	1.54112278e-04
5.08000000e-01	1.42707536e-02	1.51760853e-04
5.09000000e-01	1.43993191e-02	1.52590775e-04
5.10000000e-01	1.44289155e-02	1.52279903e-04
5.11000000e-01	1.43457850e-02	1.51188276e-04
5.12000000e-01	1.43711332e-02	1.51114082e-04
5.13000000e-01	1.43046159e-02	1.50403079e-04
5.14000000e-01	1.42823426e-02	1.49098413e-04
5.15000000e-01	1.44030055e-02	1.50111599e-04
5.16000000e-01	1.41398962e-02	1.47905852e-04
5.17000000e-01	1.42806138e-02	1.48595004e-04
5.18000000e-01	1.42985545e-02	1.48634082e-04
5.19000000e-01	1.43417503e-02	1.48476527e-04
5.20000000e-01	1.42079290e-02	1.46800984e-04
5.21000000e-01	1.42971648e-02	1.47622012e-04
5.22000000e-01	1.42809291e-02	1.47847371e-04
5.23000000e-01	1.41840185e-02	1.46174222e-04
5.24000000e-01	1.42741695e-02	1.47310212e-04
5.25000000e-01	1.42732360e-02	1.47018964e-04
5.26000000e-01	1.42304750e-02	1.46821255e-04
5.27000000e-01	1.41403906e-02	1.45998377e-04
5.28000000e-01	1.42684381e-02	1.47372438e-04
5.29000000e-01	1.40936464e-02	1.45826912e-04
5.30000000e-01	1.42288472e-02	1.46491690e-04
5.31000000e-01	1.41368083e-02	1.45554553e-04
5.32000000e-01	1.41544063e-02	1.46468955e-04
5.33000000e-01	1.40712397e-02	1.45474411e-04
5.34000000e-01	1.41683266e-02	1.46676034e-04
5.35000000e-01	1.40618668e-02	1.44943576e-04
5.36000000e-01	1.40393586e-02	1.44909147e-04
5.37000000e-01	1.40186554e-02	1.44979335e-04
5.38000000e-01	1.41593159e-02	1.45616668e-04
5.39000000e-01	1.39329512e-02	1.43811259e-04
5.40000000e-01	1.40469837e-02	1.45043108e-04
5.41000000e-01	1.40011974e-02	1.44400995e-04
5.42000000e-01	1.39559498e-02	1.44028692e-04
5.43000000e-01	1.40215424e-02	1.44722165e-04
5.44000000e-01	1.40122021e-02	1.45208370e-04
5.45000000e-01	1.39644658e-02	1.44377646e-04
5.46000000e-01	1.41431542e-02	1.45890075e-04
5.47000000e-01	1.39005937e-02	1.43675834e-04
5.48000000e-01	1.38840174e-02	1.43334596e-04
5.49000000e-01	1.40070196e-02	1.44756013e-04
5.50000000e-01	1.40011306e-02	1.44274928e-04
5.51000000e-01	1.40412992e-02	1.44094985e-04
5.52000000e-01	1.40259889e-02	1.43599484e-04
5.53000000e-01	1.39866379e-02	1.43601814e-04
5.54000000e-01	1.40291783e-02	1.43820100e-04
5.55000000e-01	1.39020162e-02	1.42374674e-04
5.56000000e-01	1.38418181e-02	1.42281430e-04
5.57000000e-01	1.37807807e-02	1.41329168e-04
5.58000000e-01	1.38105814e-02	1.41564519e-04
5.59000000e-01	1.38347686e-02	1.41868047e-04
5.60000000e-01	1.39233078e-02	1.42451893e-04
5.61000000e-01	1.39599606e-02	1.42917186e-04
5.62000000e-01	1.38324982e-02	1.42311070e-04
5.63000000e-01	1.38134740e-02	1.42129820e-04
5.64000000e-01	1.37369249e-02	1.41454344e-04
5.65000000e-01	1.37995740e-02	1.41542096e-04
5.66000000e-01	1.37719590e-02	1.41512081e-04
5.67000000e-01	1.37463929e-02	1.41321952e-04
5.68000000e-01	1.38579220e-02	1.42000777e-04
5.69000000e-01	1.38460662e-02	1.41596984e-04
5.70000000e-01	1.37975091e-02	1.41376983e-04
5.71000000e-01	1.37467209e-02	1.41118087e-04
5.72000000e-01	1.36806903e-02	1.40259033e-04
5.73000000e-01	1.36566886e-02	1.40751425e-04
5.74000000e-01	1.36399778e-02	1.40260738e-04
5.75000000e-01	1.34519502e-02	1.38138672e-04
5.76000000e-01	1.36240648e-02	1.40349001e-04
5.77000000e-01	1.34760679e-02	1.38666832e-04
5.78000000e-01	1.37876531e-02	1.41857617e-04
5.79000000e-01	1.36018238e-02	1.39647960e-04
5.80000000e-01	1.35429144e-02	1.38981242e-04
5.81000000e-01	1.36487529e-02	1.40297905e-04
5.82000000e-01	1.35786458e-02	1.39913386e-04
5.83000000e-01	1.36231671e-02	1.40401768e-04
5.84000000e-01	1.35391278e-02	1.39534290e-04
5.85000000e-01	1.34552840e-02	1.38463182e-04
5.86000000e-01	1.35793380e-02	1.40202071e-04
5.87000000e-01	1.34346777e-02	1.38614934e-04
5.88000000e-01	1.34213986e-02	1.38953540e-04
5.89000000e-01	1.34809167e-02	1.38930139e-04
5.90000000e-01	1.35700540e-02	1.40239908e-04
5.91000000e-01	1.35675237e-02	1.40004204e-04
5.92000000e-01	1.35449101e-02	1.39791596e-04
5.93000000e-01	1.34683689e-02	1.39032417e-04
5.94000000e-01	1.34366785e-02	1.39340754e-04
5.95000000e-01	1.35952970e-02	1.40403325e-04
5.96000000e-01	1.34006583e-02	1.38697776e-04
5.97000000e-01	1.33400068e-02	1.37836452e-04
5.98000000e-01	1.35441727e-02	1.39502495e-04
5.99000000e-01	1.34847990e-02	1.39495039e-04
6.00000000e-01	1.36896597e-02	1.41047459e-04
6.01000000e-01	1.32766187e-02	1.37599044e-04
6.02000000e-01	1.34359541e-02	1.39004714e-04
6.03000000e-01	1.34167323e-02	1.38865228e-04
6.04000000e-01	1.34228218e-02	1.39020991e-04
6.05000000e-01	1.33953785e-02	1.38565036e-04
6.06000000e-01	1.34170127e-02	1.39200884e-04
6.07000000e-01	1.33991326e-02	1.38887645e-04
6.08000000e-01	1.33369318e-02	1.38134133e-04
6.09000000e-01	1.33564648e-02	1.38480501e-04
6.10000000e-01	1.33365418e-02	1.38363951e-04
6.11000000e-01	1.33111988e-02	1.38233489e-04
6.12000000e-01	1.32657919e-02	1.37475242e-04
6.13000000e-01	1.32423310e-02	1.37198691e-04
6.14000000e-01	1.32907339e-02	1.38225613e-04
6.15000000e-01	1.34100069e-02	1.39207649e-04
6.16000000e-01	1.33564416e-02	1.38133982e-04
6.17000000e-01	1.33034410e-02	1.38069922e-04
6.18000000e-01	1.32584195e-02	1.37827754e-04
6.19000000e-01	1.32458835e-02	1.36911456e-04
6.20000000e-01	1.33671327e-02	1.38072837e-04
6.21000000e-01	1.33642433e-02	1.38009564e-04
6.22000000e-01	1.32107812e-02	1.36662857e-04
6.23000000e-01	1.33186780e-02	1.37401619e-04
6.24000000e-01	1.31508492e-02	1.35597182e-04
6.25000000e-01	1.32497310e-02	1.36524966e-04
6.26000000e-01	1.32131435e-02	1.36019223e-04
6.27000000e-01	1.33010113e-02	1.36906030e-04
6.28000000e-01	1.32403847e-02	1.36237683e-04
6.29000000e-01	1.32298267e-02	1.35978243e-04
6.30000000e-01	1.30637947e-02	1.34428757e-04
6.31000000e-01	1.31730267e-02	1.35414061e-04
6.32000000e-01	1.32281266e-02	1.36403109e-04
6.33000000e-01	1.31679943e-02	1.35850399e-04
6.34000000e-01	1.32447783e-02	1.40034000e-04
6.35000000e-01	1.31674363e-02	1.43169810e-04
6.36000000e-01	1.32759672e-02	1.46599965e-04
6.37000000e-01	1.32434594e-02	1.48843010e-04
6.38000000e-01	1.31310134e-02	1.49220601e-04
6.39000000e-01	1.32195560e-02	1.52875979e-04
6.40000000e-01	1.30738722e-02	1.52787221e-04
6.41000000e-01	1.32926650e-02	1.57007199e-04
6.42000000e-01	1.31701764e-02	1.57088397e-04
6.43000000e-01	1.32992343e-02	1.58788004e-04
6.44000000e-01	1.33419341e-02	1.52784984e-04
6.45000000e-01	1.32894330e-02	1.50197526e-04
6.46000000e-01	1.31742445e-02	1.48655981e-04
6.47000000e-01	1.32040243e-02	1.47167114e-04
6.48000000e-01	1.31778242e-02	1.46392757e-04
6.49000000e-01	1.32442165e-02	1.46065995e-04
6.50000000e-01	1.32746587e-02	1.44940717e-04
6.51000000e-01	1.32994730e-02	1.45118237e-04
6.52000000e-01	1.31681529e-02	1.43468487e-04
6.53000000e-01	1.32063434e-02	1.42857110e-04
6.54000000e-01	1.31200319e-02	1.42271460e-04
6.55000000e-01	1.31562373e-02	1.41889440e-04
6.56000000e-01	1.32066296e-02	1.42276640e-04
6.57000000e-01	1.32281046e-02	1.41827251e-04
6.58000000e-01	1.31802321e-02	1.41633014e-04
6.59000000e-01	1.31128932e-02	1.40687479e-04
6.60000000e-01	1.31293370e-02	1.40727142e-04
6.61000000e-01	1.32636878e-02	1.42391725e-04
6.62000000e-01	1.32674206e-02	1.42019712e-04
6.63000000e-01	1.29719038e-02	1.38823031e-04
6.64000000e-01	1.32098008e-02	1.41207255e-04
6.65000000e-01	1.31584283e-02	1.40621893e-04
6.66000000e-01	1.31890585e-02	1.40969095e-04
6.67000000e-01	1.29907896e-02	1.38976123e-04
6.68000000e-01	1.31651196e-02	1.40583684e-04
6.69000000e-01	1.30452107e-02	1.39493533e-04
6.70000000e-01	1.31796697e-02	1.40148609e-04
6.71000000e-01	1.30670967e-02	1.39759657e-04
6.72000000e-01	1.29696956e-02	1.38456118e-04
6.73000000e-01	1.30588145e-02	1.39588296e-04
6.74000000e-01	1.30566889e-02	1.39567423e-04
6.75000000e-01	1.30056540e-02	1.38654530e-04
6.76000000e-01	1.29840785e-02	1.38935741e-04
6.77000000e-01	1.29423789e-02	1.37743043e-04
6.78000000e-01	1.30236523e-02	1.38759686e-04
6.79000000e-01	1.28998278e-02	1.37688465e-04
6.80000000e-01	1.28889341e-02	1.37343068e-04
6.81000000e-01	1.29089104e-02	1.37578262e-04
6.82000000e-01	1.28538989e-02	1.36828894e-04
6.83000000e-01	1.30164219e-02	1.38404884e-04
6.84000000e-01	1.30056684e-02	1.38356967e-04
6.85000000e-01	1.28267225e-02	1.36664700e-04
6.86000000e-01	1.30420080e-02	1.38318555e-04
6.87000000e-01	1.28326095e-02	1.37012778e-04
6.88000000e-01	1.29079033e-02	1.37956664e-04
6.89000000e-01	1.28953941e-02	1.37272137e-04
6.90000000e-01	1.27710277e-02	1.36198695e-04
6.91000000e-01	1.28680253e-02	1.37063319e-04
6.92000000e-01	1.27906335e-02	1.36145677e-04
6.93000000e-01	1.29040508e-02	1.37134923e-04
6.94000000e-01	1.29230918e-02	1.37050790e-04
6.95000000e-01	1.29015549e-02	1.37153321e-04
6.96000000e-01	1.28034436e-02	1.35672356e-04
6.97000000e-01	1.28541248e-02	1.37263828e-04
6.98000000e-01	1.26862923e-02	1.35317846e-04
6.99000000e-01	1.28021329e-02	1.36173910e-04
7.00000000e-01	1.29263302e-02	1.37442697e-04
7.01000000e-01	1.26520574e-02	1.34520472e-04
7.02000000e-01	1.27859289e-02	1.35710536e-04
7.03000000e-01	1.27221463e-02	1.35201344e-04
7.04000000e-01	1.29560439e-02	1.37637980e-04
7.05000000e-01	1.26458082e-02	1.34982647e-04
7.06000000e-01	1.27041810e-02	1.34787217e-04
7.07000000e-01	1.26458139e-02	1.34343147e-04
7.08000000e-01	1.26531840e-02	1.34161626e-04
7.09000000e-01	1.27763331e-02	1.35527550e-04
7.10000000e-01	1.26829506e-02	1.34719294e-04
7.11000000e-01	1.25732623e-02	1.33865575e-04
7.12000000e-01	1.25382816e-02	1.33422276e-04
7.13000000e-01	1.26298746e-02	1.34384739e-04
7.14000000e-01	1.26609090e-02	1.34360666e-04
7.15000000e-01	1.26294512e-02	1.34354008e-04
7.16000000e-01	1.25966888e-02	1.33948839e-04
7.17000000e-01	1.26333192e-02	1.33974944e-04
7.18000000e-01	1.25187080e-02	1.33003866e-04
7.19000000e-01	1.25236180e-02	1.33330517e-04
7.20000000e-01	1.26500224e-02	1.34037338e-04
7.21000000e-01	1.24714387e-02	1.32837895e-04
7.22000000e-01	1.24989391e-02	1.33041964e-04
7.23000000e-01	1.24848441e-02	1.32621586e-04
7.24000000e-01	1.24455885e-02	1.32831794e-04
7.25000000e-01	1.26157231e-02	1.34492639e-04
7.26000000e-01	1.26600692e-02	1.34588453e-04
7.27000000e-01	1.25665730e-02	1.33369483e-04
7.28000000e-01	1.24096799e-02	1.32568840e-04
7.29000000e-01	1.24229579e-02	1.32397033e-04
7.30000000e-01	1.23257406e-02	1.31445676e-04
7.31000000e-01	1.24073913e-02	1.32044112e-04
7.32000000e-01	1.24803377e-02	1.32847525e-04
7.33000000e-01	1.25034852e-02	1.33067977e-04
7.34000000e-01	1.24008213e-02	1.32461751e-04
7.35000000e-01	1.24215246e-02	1.31802717e-04
7.36000000e-01	1.23349381e-02	1.31073409e-04
7.37000000e-01	1.24100850e-02	1.31273177e-04
7.38000000e-01	1.22143735e-02	1.29143625e-04
7.39000000e-01	1.23252021e-02	1.30238964e-04
7.40000000e-01	1.23521539e-02	1.30081649e-04
7.41000000e-01	1.23393011e-02	1.30293091e-04
7.42000000e-01	1.23047137e-02	1.30236814e-04
7.43000000e-01	1.21523211e-02	1.28058185e-04
7.44000000e-01	1.22755079e-02	1.29775530e-04
7.45000000e-01	1.22649302e-02	1.29554700e-04
7.46000000e-01	1.23017174e-02	1.29591984e-04
7.47000000e-01	1.23474909e-02	1.30492146e-04
7.48000000e-01	1.23836159e-02	1.30673547e-04
7.49000000e-01	1.23261277e-02	1.30022347e-04
7.50000000e-01	1.22166493e-02	1.29217686e-04
7.51000000e-01	1.21967326e-02	1.28559386e-04
7.52000000e-01	1.22315870e-02	1.28832905e-04
7.53000000e-01	1.23023037e-02	1.29978765e-04
7.54000000e-01	1.21925503e-02	1.28470537e-04
7.55000000e-01	1.22205920e-02	1.28733690e-04
7.56000000e-01	1.20986194e-02	1.27637427e-04
7.57000000e-01	1.21411308e-02	1.28487194e-04
7.58000000e-01	1.22053527e-02	1.29013519e-04
7.59000000e-01	1.20012923e-02	1.26849940e-04
7.60000000e-01	1.21839138e-02	1.28480467e-04
7.61000000e-01	1.20662560e-02	1.27091670e-04
7.62000000e-01	1.21403097e-02	1.27315704e-04
7.63000000e-01	1.21208033e-02	1.27092071e-04
7.64000000e-01	1.21352038e-02	1.27017038e-04
7.65000000e-01	1.20591316e-02	1.26082314e-04
7.66000000e-01	1.20672355e-02	1.26237134e-04
7.67000000e-01	1.22042759e-02	1.27221537e-04
7.68000000e-01	1.20729178e-02	1.26270189e-04
7.69000000e-01	1.19313257e-02	1.25025364e-04
7.70000000e-01	1.20691702e-02	1.26212887e-04
7.71000000e-01	1.21014727e-02	1.26290730e-04
7.72000000e-01	1.20464246e-02	1.29869956e-04
7.73000000e-01	1.19783612e-02	1.33476943e-04
7.74000000e-01	1.20344181e-02	1.36528156e-04
7.75000000e-01	1.19645663e-02	1.38348683e-04
7.76000000e-01	1.20280627e-02	1.41567322e-04
7.77000000e-01	1.19143793e-02	1.41990609e-04
7.78000000e-01	1.19710604e-02	1.44193994e-04
7.79000000e-01	1.19637092e-02	1.45458552e-04
7.80000000e-01	1.18924349e-02	1.47219935e-04
7.81000000e-01	1.19255674e-02	1.49771874e-04
7.82000000e-01	1.18762340e-02	1.49982394e-04
7.83000000e-01	1.19798284e-02	1.53337923e-04
7.84000000e-01	1.19026696e-02	1.54137768e-04
7.85000000e-01	1.18512274e-02	1.55584248e-04
7.86000000e-01	1.18702260e-02	1.57008056e-04
7.87000000e-01	1.18224832e-02	1.57476714e-04
7.88000000e-01	1.18524324e-02	1.59527051e-04
7.89000000e-01	1.17956067e-02	1.59942183e-04
7.90000000e-01	1.17692213e-02	1.62005329e-04
7.91000000e-01	1.18267483e-02	1.63470666e-04
7.92000000e-01	1.18372092e-02	1.65725474e-04
7.93000000e-01	1.16217228e-02	1.65025920e-04
7.94000000e-01	1.17055098e-02	1.67427723e-04
7.95000000e-01	1.15626597e-02	1.67859968e-04
7.96000000e-01	1.16551518e-02	1.70017275e-04
7.97000000e-01	1.17461438e-02	1.72526835e-04
7.98000000e-01	1.15538000e-02	1.73635044e-04
7.99000000e-01	1.18153486e-02	1.77829856e-04
8.00000000e-01	1.16694168e-02	1.76947597e-04
8.01000000e-01	1.15693487e-02	1.77890440e-04
8.02000000e-01	1.18109039e-02	1.82421212e-04
8.03000000e-01	1.16825320e-02	1.82941779e-04
8.04000000e-01	1.18103509e-02	1.87164344e-04
8.05000000e-01	1.15585030e-02	1.84078320e-04
8.06000000e-01	1.18079132e-02	1.91156728e-04
8.07000000e-01	1.14399626e-02	1.86574126e-04
8.08000000e-01	1.16020953e-02	1.92025653e-04
8.09000000e-01	1.15069658e-02	1.93754737e-04
8.10000000e-01	1.14574488e-02	1.94206679e-04
8.11000000e-01	1.14715856e-02	1.96706720e-04
8.12000000e-01	1.15440217e-02	1.99432672e-04
8.13000000e-01	1.15002710e-02	2.01454191e-04
8.14000000e-01	1.14421741e-02	2.03886713e-04
8.15000000e-01	1.14490559e-02	2.06693380e-04
8.16000000e-01	1.14465041e-02	2.07166689e-04
8.17000000e-01	1.15392821e-02	2.11003540e-04
8.18000000e-01	1.12127421e-02	2.09430435e-04
8.19000000e-01	1.17361967e-02	2.20896740e-04
8.20000000e-01	1.13770089e-02	2.17142133e-04
8.21000000e-01	1.12897867e-02	2.18689243e-04
8.22000000e-01	1.13829825e-02	2.22551780e-04
8.23000000e-01	1.13839854e-02	2.24499133e-04
8.24000000e-01	1.13153243e-02	2.28825954e-04
8.25000000e-01	1.13298462e-02	2.32313768e-04
8.26000000e-01	1.11566091e-02	2.31343805e-04
8.27000000e-01	1.13075756e-02	2.38605985e-04
8.28000000e-01	1.11978868e-02	2.40198398e-04
8.29000000e-01	1.10573404e-02	2.39849852e-04
8.30000000e-01	1.13005771e-02	2.49173853e-04
8.31000000e-01	1.14896231e-02	2.58499914e-04
8.32000000e-01	1.13442529e-02	2.57673351e-04
8.33000000e-01	1.12697816e-02	2.62854911e-04
8.34000000e-01	1.13084261e-02	2.66140863e-04
8.35000000e-01	1.10978233e-02	2.67193201e-04
8.36000000e-01	1.13014427e-02	2.74698863e-04
8.37000000e-01	1.11191924e-02	2.76488408e-04
8.38000000e-01	1.14601344e-02	2.91290614e-04
8.39000000e-01	1.08893724e-02	2.87604457e-04
8.40000000e-01	1.09082550e-02	2.91264912e-04
8.41000000e-01	1.09594550e-02	2.99183017e-04
8.42000000e-01	1.09985797e-02	3.03863360e-04
8.43000000e-01	1.12610647e-02	3.21988112e-04
8.44000000e-01	1.07741166e-02	3.14688015e-04
8.45000000e-01	1.07756840e-02	3.23673322e-04
8.46000000e-01	1.09611800e-02	3.35201797e-04
8.47000000e-01	1.11634760e-02	3.53111528e-04
8.48000000e-01	1.15099192e-02	3.72954740e-04
8.49000000e-01	1.12070740e-02	3.71917973e-04
8.50000000e-01	1.09043979e-02	3.78609039e-04
8.51000000e-01	1.09442849e-02	3.95960291e-04
8.52000000e-01	1.10145882e-02	4.09565928e-04
8.53000000e-01	1.06886061e-02	4.22201473e-04
8.54000000e-01	1.06910531e-02	4.33657958e-04
8.55000000e-01	1.10684483e-02	4.64882799e-04
8.56000000e-01	1.09669252e-02	4.73780277e-04
8.57000000e-01	1.10514324e-02	4.92814090e-04
8.58000000e-01	1.10794955e-02	5.06762016e-04
8.59000000e-01	1.09050587e-02	5.28711065e-04
8.60000000e-01	1.09171251e-02	5.32262203e-04
8.61000000e-01	1.05692110e-02	5.27977779e-04
8.62000000e-01	1.10340179e-02	5.78558268e-04
8.63000000e-01	1.06157661e-02	5.84051991e-04
8.64000000e-01	1.08457212e-02	6.26349679e-04
8.65000000e-01	1.05522392e-02	6.31481271e-04
8.66000000e-01	1.07810236e-02	6.81016407e-04
8.67000000e-01	1.03809744e-02	7.06276804e-04
8.68000000e-01	1.06308880e-02	7.48788576e-04
8.69000000e-01	1.05476863e-02	8.01400185e-04
8.70000000e-01	1.08975713e-02	9.00638166e-04
8.71000000e-01	1.07851227e-02	9.92788844e-04
8.72000000e-01	9.58877766e-03	1.07066449e-03
8.73000000e-01	1.06214306e-02	1.27245983e-03
8.74000000e-01	1.02446296e-02	1.64298343e-03
8.75000000e-01	1.23794856e-02	4.11668055e-03
