% Filename : SSW21_00035_00018.h5
% Date & Time : 30-Oct-2025 17:32:36
% X-ray Energy (keV) : 13.30001
% Exposure Time (s) : 0.500
% Beam Center : 1461.24000, 208.98300
% Sample to Detector Distance (SDD) (mm) : 1990.750
% Detector Pixel Size (mm) : 0.075
% Photodiode Value : 141047.000
% I0 of Sample : 0
% I0 of Standard : 1
% 
% q(A^-1)   I(q)    I(q)_SE
0.00000000e+00	1.02471929e-02	5.43439071e-03
2.50000000e-04	0.00000000e+00	0.00000000e+00
5.00000000e-04	0.00000000e+00	0.00000000e+00
7.50000000e-04	0.00000000e+00	0.00000000e+00
1.00000000e-03	0.00000000e+00	0.00000000e+00
1.25000000e-03	0.00000000e+00	0.00000000e+00
1.50000000e-03	0.00000000e+00	0.00000000e+00
1.75000000e-03	0.00000000e+00	0.00000000e+00
2.00000000e-03	0.00000000e+00	0.00000000e+00
2.25000000e-03	0.00000000e+00	0.00000000e+00
2.50000000e-03	0.00000000e+00	0.00000000e+00
2.75000000e-03	0.00000000e+00	0.00000000e+00
3.00000000e-03	0.00000000e+00	0.00000000e+00
3.25000000e-03	7.75471401e+02	4.87886024e+02
3.50000000e-03	1.45532810e+02	5.37935046e+01
3.75000000e-03	1.09655294e+02	4.72574991e+01
4.00000000e-03	9.02048246e+01	3.51821774e+01
4.25000000e-03	4.92549929e+01	1.86750910e+01
4.50000000e-03	5.13419983e+01	1.39019002e+01
4.75000000e-03	5.21142126e+01	1.20208335e+01
5.00000000e-03	4.22433307e+01	9.21312534e+00
5.25000000e-03	3.43918797e+01	7.66962089e+00
5.50000000e-03	2.78178825e+01	6.10047797e+00
5.75000000e-03	2.36607629e+01	5.00561579e+00
6.00000000e-03	1.89193129e+01	3.94886309e+00
6.25000000e-03	1.63693662e+01	3.30043267e+00
6.50000000e-03	1.36222012e+01	2.70133774e+00
6.75000000e-03	1.16331729e+01	2.28618247e+00
7.00000000e-03	9.89829403e+00	1.88026942e+00
7.25000000e-03	8.44659984e+00	1.55083811e+00
7.50000000e-03	7.02298526e+00	1.28705390e+00
7.75000000e-03	6.28550601e+00	1.13251165e+00
8.00000000e-03	5.71424341e+00	9.89785311e-01
8.25000000e-03	4.84096267e+00	8.08884312e-01
8.50000000e-03	4.27092666e+00	6.87081700e-01
8.75000000e-03	3.79567039e+00	6.00483229e-01
9.00000000e-03	3.30021837e+00	5.13993085e-01
9.25000000e-03	2.90686648e+00	4.39535383e-01
9.50000000e-03	2.63054120e+00	3.87071335e-01
9.75000000e-03	2.34960450e+00	3.45109337e-01
1.00000000e-02	2.07054455e+00	3.06404459e-01
1.02500000e-02	1.91187720e+00	2.76863643e-01
1.05000000e-02	1.71054127e+00	2.32117471e-01
1.07500000e-02	1.56659438e+00	2.12343053e-01
1.10000000e-02	1.37893651e+00	1.79438792e-01
1.12500000e-02	1.25918658e+00	1.64798603e-01
1.15000000e-02	1.20909855e+00	1.56517565e-01
1.17500000e-02	1.05019927e+00	1.37249461e-01
1.20000000e-02	1.00452419e+00	1.29811191e-01
1.22500000e-02	9.42791756e-01	1.20193051e-01
1.25000000e-02	8.78297718e-01	1.08714625e-01
1.27500000e-02	8.09749868e-01	9.77001148e-02
1.30000000e-02	7.46953161e-01	8.83799461e-02
1.32500000e-02	6.72933456e-01	7.82092084e-02
1.35000000e-02	6.41491746e-01	7.46823075e-02
1.37500000e-02	6.03435123e-01	6.85586775e-02
1.40000000e-02	5.46096465e-01	6.02454720e-02
1.42500000e-02	5.06277494e-01	5.48766068e-02
1.45000000e-02	4.73314585e-01	5.05358071e-02
1.47500000e-02	4.50143288e-01	4.80574029e-02
1.50000000e-02	4.24487231e-01	4.43785152e-02
1.52500000e-02	3.95374961e-01	4.04979339e-02
1.55000000e-02	3.66451425e-01	3.71291094e-02
1.57500000e-02	3.44473826e-01	3.42306950e-02
1.60000000e-02	3.25245858e-01	3.15457218e-02
1.62500000e-02	3.14368579e-01	3.04596250e-02
1.65000000e-02	2.91598409e-01	2.76578534e-02
1.67500000e-02	2.69879503e-01	2.47512881e-02
1.70000000e-02	2.62771804e-01	2.37208229e-02
1.72500000e-02	2.47367936e-01	2.18603703e-02
1.75000000e-02	2.35857377e-01	2.10243621e-02
1.77500000e-02	2.22811548e-01	1.93364009e-02
1.80000000e-02	2.13767443e-01	1.81482130e-02
1.82500000e-02	1.97930063e-01	1.61934430e-02
1.85000000e-02	1.90921912e-01	1.59186712e-02
1.87500000e-02	1.87445693e-01	1.51259066e-02
1.90000000e-02	1.76205423e-01	1.44176253e-02
1.92500000e-02	1.69539535e-01	1.34641768e-02
1.95000000e-02	1.59551791e-01	1.22120391e-02
1.97500000e-02	1.58037903e-01	1.25498043e-02
2.00000000e-02	1.50371606e-01	1.15211636e-02
2.02500000e-02	1.42656116e-01	1.09535160e-02
2.05000000e-02	1.37812424e-01	9.94232062e-03
2.07500000e-02	1.32960279e-01	9.81198204e-03
2.10000000e-02	1.29294995e-01	9.57412182e-03
2.12500000e-02	1.27028441e-01	9.08434076e-03
2.15000000e-02	1.21659503e-01	8.52702182e-03
2.17500000e-02	1.18904797e-01	8.41514346e-03
2.20000000e-02	1.17176736e-01	8.24044778e-03
2.22500000e-02	1.11153936e-01	7.63527550e-03
2.25000000e-02	1.12524944e-01	7.73214093e-03
2.27500000e-02	1.05608787e-01	7.10702825e-03
2.30000000e-02	1.03392632e-01	7.00294187e-03
2.32500000e-02	1.00214068e-01	6.74633303e-03
2.35000000e-02	9.76185350e-02	6.63806057e-03
2.37500000e-02	9.74069107e-02	6.31673409e-03
2.40000000e-02	9.32932320e-02	6.08006927e-03
2.42500000e-02	9.10104042e-02	5.72914531e-03
2.45000000e-02	8.84988630e-02	5.58377274e-03
2.47500000e-02	8.63331106e-02	5.39482536e-03
2.50000000e-02	8.35501786e-02	5.26879948e-03
2.52500000e-02	8.30705018e-02	5.18081746e-03
2.55000000e-02	7.94769561e-02	4.79324939e-03
2.57500000e-02	8.03460139e-02	4.81507322e-03
2.60000000e-02	7.68217094e-02	4.49027674e-03
2.62500000e-02	7.48675362e-02	4.49499396e-03
2.65000000e-02	7.33627639e-02	4.30125890e-03
2.67500000e-02	7.25388831e-02	4.21791901e-03
2.70000000e-02	7.02016827e-02	4.09097311e-03
2.72500000e-02	6.78176004e-02	3.91909477e-03
2.75000000e-02	6.65833771e-02	3.88818903e-03
2.77500000e-02	6.63542035e-02	3.86131830e-03
2.80000000e-02	6.47104900e-02	3.63317840e-03
2.82500000e-02	6.39869620e-02	3.55100570e-03
2.85000000e-02	6.45174148e-02	3.57639920e-03
2.87500000e-02	6.43104703e-02	3.59313203e-03
2.90000000e-02	6.22235015e-02	3.43808256e-03
2.92500000e-02	6.03072449e-02	3.21312172e-03
2.95000000e-02	6.15608381e-02	3.27693792e-03
2.97500000e-02	5.97666075e-02	3.15963969e-03
3.00000000e-02	5.83316935e-02	3.08164855e-03
3.02500000e-02	5.81312098e-02	3.08233164e-03
3.05000000e-02	5.70108382e-02	2.93122933e-03
3.07500000e-02	5.58221262e-02	2.90398984e-03
3.10000000e-02	5.31883996e-02	2.72353153e-03
3.12500000e-02	5.41079068e-02	2.77839647e-03
3.15000000e-02	5.26553414e-02	2.68713523e-03
3.17500000e-02	5.24550334e-02	2.63879787e-03
3.20000000e-02	5.07659993e-02	2.60228426e-03
3.22500000e-02	5.06640907e-02	2.53277114e-03
3.25000000e-02	4.94110872e-02	2.48779663e-03
3.27500000e-02	4.79055528e-02	2.36085354e-03
3.30000000e-02	4.82444344e-02	2.41636300e-03
3.32500000e-02	4.81839809e-02	2.36163943e-03
3.35000000e-02	4.66318748e-02	2.31862846e-03
3.37500000e-02	4.72474113e-02	2.28712282e-03
3.40000000e-02	4.60264793e-02	2.21924896e-03
3.42500000e-02	4.58329717e-02	2.23491794e-03
3.45000000e-02	4.55542938e-02	2.21609045e-03
3.47500000e-02	4.45395787e-02	2.18742541e-03
3.50000000e-02	4.33268871e-02	2.07045555e-03
3.52500000e-02	4.38072399e-02	2.10909527e-03
3.55000000e-02	4.28643123e-02	2.02089711e-03
3.57500000e-02	4.23885787e-02	2.00349429e-03
3.60000000e-02	4.27202740e-02	2.02107790e-03
3.62500000e-02	4.05682960e-02	1.91530345e-03
3.65000000e-02	4.09004887e-02	1.91156966e-03
3.67500000e-02	4.13654838e-02	1.92903092e-03
3.70000000e-02	4.06169280e-02	1.88591499e-03
3.72500000e-02	4.01825616e-02	1.84484721e-03
3.75000000e-02	3.93651145e-02	1.83211383e-03
3.77500000e-02	3.95594421e-02	1.82444086e-03
3.80000000e-02	3.89446521e-02	1.77257792e-03
3.82500000e-02	3.80137737e-02	1.72652698e-03
3.85000000e-02	3.80534976e-02	1.74815937e-03
3.87500000e-02	3.84471527e-02	1.72454904e-03
3.90000000e-02	3.83405714e-02	1.74822798e-03
3.92500000e-02	3.70510583e-02	1.65470402e-03
3.95000000e-02	3.66433034e-02	1.63614003e-03
3.97500000e-02	3.58042306e-02	1.60523925e-03
4.00000000e-02	3.60537351e-02	1.59266394e-03
4.02500000e-02	3.54092564e-02	1.57971278e-03
4.05000000e-02	3.47469922e-02	1.53192928e-03
4.07500000e-02	3.55103369e-02	1.56190707e-03
4.10000000e-02	3.58196248e-02	1.56643493e-03
4.12500000e-02	3.52487936e-02	1.53322699e-03
4.15000000e-02	3.47065756e-02	1.50422350e-03
4.17500000e-02	3.41878787e-02	1.48190159e-03
4.20000000e-02	3.56478192e-02	1.54460235e-03
4.22500000e-02	3.42079800e-02	1.46661301e-03
4.25000000e-02	3.43232066e-02	1.47822316e-03
4.27500000e-02	3.33639364e-02	1.44143755e-03
4.30000000e-02	3.27665636e-02	1.40000832e-03
4.32500000e-02	3.27205056e-02	1.38984259e-03
4.35000000e-02	3.25219696e-02	1.38638209e-03
4.37500000e-02	3.23528356e-02	1.35100706e-03
4.40000000e-02	3.27495773e-02	1.38602030e-03
4.42500000e-02	3.19637311e-02	1.32731467e-03
4.45000000e-02	3.22157622e-02	1.35105533e-03
4.47500000e-02	3.25800307e-02	1.37054916e-03
4.50000000e-02	3.14387090e-02	1.32870203e-03
4.52500000e-02	3.17479008e-02	1.32745480e-03
4.55000000e-02	3.23240693e-02	1.33856892e-03
4.57500000e-02	3.08930897e-02	1.28429859e-03
4.60000000e-02	3.16983519e-02	1.31950521e-03
4.62500000e-02	3.23768630e-02	1.34051611e-03
4.65000000e-02	3.06924536e-02	1.26816129e-03
4.67500000e-02	3.09883059e-02	1.25180043e-03
4.70000000e-02	3.13015027e-02	1.27907863e-03
4.72500000e-02	3.02520488e-02	1.22359828e-03
4.75000000e-02	2.99730319e-02	1.24195750e-03
4.77500000e-02	3.06857480e-02	1.24187283e-03
4.80000000e-02	2.96929572e-02	1.20226412e-03
4.82500000e-02	2.98932815e-02	1.22064079e-03
4.85000000e-02	2.96337573e-02	1.21416575e-03
4.87500000e-02	2.97802477e-02	1.19926814e-03
4.90000000e-02	2.91373218e-02	1.17174879e-03
4.92500000e-02	2.91242855e-02	1.16949127e-03
4.95000000e-02	2.97051392e-02	1.18407560e-03
4.97500000e-02	2.90823661e-02	1.17154540e-03
5.00000000e-02	2.86950396e-02	1.14059035e-03
5.02500000e-02	2.82868208e-02	1.11893331e-03
5.05000000e-02	2.85130843e-02	1.12829305e-03
5.07500000e-02	2.78848827e-02	1.11482073e-03
5.10000000e-02	2.81864990e-02	1.11511216e-03
5.12500000e-02	2.79095930e-02	1.09937277e-03
5.15000000e-02	2.81892915e-02	1.10722634e-03
5.17500000e-02	2.83379556e-02	1.12437557e-03
5.20000000e-02	2.80930814e-02	1.09966862e-03
5.22500000e-02	2.79803454e-02	1.10247905e-03
5.25000000e-02	2.77394749e-02	1.07482278e-03
5.27500000e-02	2.78458004e-02	1.08256715e-03
5.30000000e-02	2.75258618e-02	1.08687023e-03
5.32500000e-02	2.77814685e-02	1.07706080e-03
5.35000000e-02	2.72470693e-02	1.06070351e-03
5.37500000e-02	2.70859519e-02	1.04153579e-03
5.40000000e-02	2.70580513e-02	1.04016486e-03
5.42500000e-02	2.74185160e-02	1.04607966e-03
5.45000000e-02	2.73332816e-02	1.04828665e-03
5.47500000e-02	2.72778075e-02	1.04176943e-03
5.50000000e-02	2.70657070e-02	1.04494102e-03
5.52500000e-02	2.70552220e-02	1.03237842e-03
5.55000000e-02	2.72952829e-02	1.03272826e-03
5.57500000e-02	2.65033420e-02	1.01301593e-03
5.60000000e-02	2.65983037e-02	1.00530844e-03
5.62500000e-02	2.67883813e-02	1.02152204e-03
5.65000000e-02	2.58684979e-02	9.74218201e-04
5.67500000e-02	2.61416148e-02	9.83308959e-04
5.70000000e-02	2.65293262e-02	9.92815214e-04
5.72500000e-02	2.64648294e-02	9.96479149e-04
5.75000000e-02	2.62170867e-02	9.88935422e-04
5.77500000e-02	2.55189513e-02	9.45558986e-04
5.80000000e-02	2.54352216e-02	9.58024174e-04
5.82500000e-02	2.57043827e-02	9.57766501e-04
5.85000000e-02	2.64066495e-02	9.89085572e-04
5.87500000e-02	2.60943324e-02	9.64006005e-04
5.90000000e-02	2.55696101e-02	9.46025549e-04
5.92500000e-02	2.58346470e-02	9.57812384e-04
5.95000000e-02	2.54988561e-02	9.42902321e-04
5.97500000e-02	2.55570025e-02	9.45990479e-04
6.00000000e-02	2.57338677e-02	9.52218183e-04
6.02500000e-02	2.59087456e-02	9.50554292e-04
6.05000000e-02	2.49121484e-02	9.16413049e-04
6.07500000e-02	2.50677201e-02	9.27535248e-04
6.10000000e-02	2.60717262e-02	9.56805110e-04
6.12500000e-02	2.48744525e-02	9.04857742e-04
6.15000000e-02	2.53508676e-02	9.30930595e-04
6.17500000e-02	2.58995123e-02	9.38501751e-04
6.20000000e-02	2.51368262e-02	9.15514436e-04
6.22500000e-02	2.52340804e-02	9.16833705e-04
6.25000000e-02	2.53798499e-02	9.18800657e-04
6.27500000e-02	2.55660242e-02	9.21435539e-04
6.30000000e-02	2.48986210e-02	8.91334269e-04
6.32500000e-02	2.49521926e-02	8.97106500e-04
6.35000000e-02	2.45408571e-02	8.89573959e-04
6.37500000e-02	2.55787283e-02	9.22865669e-04
6.40000000e-02	2.40489728e-02	8.62078118e-04
6.42500000e-02	2.53392701e-02	9.02641708e-04
6.45000000e-02	2.47591553e-02	8.77800977e-04
6.47500000e-02	2.44310585e-02	8.76762362e-04
6.50000000e-02	2.44753692e-02	8.75473330e-04
6.52500000e-02	2.47197882e-02	8.75322211e-04
6.55000000e-02	2.45538057e-02	8.74954118e-04
6.57500000e-02	2.39334686e-02	8.54400287e-04
6.60000000e-02	2.48401987e-02	8.74182069e-04
6.62500000e-02	2.39324361e-02	8.43032489e-04
6.65000000e-02	2.38742139e-02	8.38567975e-04
6.67500000e-02	2.39222293e-02	8.45017583e-04
6.70000000e-02	2.43478240e-02	8.59627206e-04
6.72500000e-02	2.42394546e-02	8.62006546e-04
6.75000000e-02	2.41099183e-02	8.39168235e-04
6.77500000e-02	2.45284686e-02	8.55900283e-04
6.80000000e-02	2.42303485e-02	8.50862254e-04
6.82500000e-02	2.42313777e-02	8.48208373e-04
6.85000000e-02	2.44328709e-02	8.66646815e-04
6.87500000e-02	2.35713535e-02	8.23540726e-04
6.90000000e-02	2.41584811e-02	8.39353626e-04
6.92500000e-02	2.46485359e-02	8.54190969e-04
6.95000000e-02	2.39176407e-02	8.35307956e-04
6.97500000e-02	2.35932937e-02	8.23641263e-04
7.00000000e-02	2.39325654e-02	8.28076606e-04
7.02500000e-02	2.39425655e-02	8.21419542e-04
7.05000000e-02	2.35357359e-02	8.11902896e-04
7.07500000e-02	2.35671437e-02	8.16776497e-04
7.10000000e-02	2.36897625e-02	8.17012440e-04
7.12500000e-02	2.36837053e-02	8.11660519e-04
7.15000000e-02	2.40745709e-02	8.24131659e-04
7.17500000e-02	2.39653283e-02	8.18906460e-04
7.20000000e-02	2.40193600e-02	8.24986493e-04
7.22500000e-02	2.36926892e-02	8.12636775e-04
7.25000000e-02	2.36239437e-02	8.06255023e-04
7.27500000e-02	2.30570218e-02	7.86916770e-04
7.30000000e-02	2.37631444e-02	8.11888573e-04
7.32500000e-02	2.34334813e-02	7.92093270e-04
7.35000000e-02	2.36743420e-02	8.07921690e-04
7.37500000e-02	2.34066356e-02	7.93775569e-04
7.40000000e-02	2.33773262e-02	7.94007260e-04
7.42500000e-02	2.31131470e-02	7.83585523e-04
7.45000000e-02	2.28244460e-02	7.73509662e-04
7.47500000e-02	2.28708286e-02	7.67828513e-04
7.50000000e-02	2.33858175e-02	7.89107585e-04
7.52500000e-02	2.30900570e-02	7.77958656e-04
7.55000000e-02	2.31348882e-02	7.74330443e-04
7.57500000e-02	2.27395096e-02	7.59692530e-04
7.60000000e-02	2.27966493e-02	7.60395006e-04
7.62500000e-02	2.30736955e-02	7.70094465e-04
7.65000000e-02	2.37017833e-02	7.89412432e-04
7.67500000e-02	2.26096450e-02	7.52643164e-04
7.70000000e-02	2.29100952e-02	7.64163405e-04
7.72500000e-02	2.29933889e-02	7.77074779e-04
7.75000000e-02	2.33104728e-02	7.89953294e-04
7.77500000e-02	2.29532362e-02	7.96981727e-04
7.80000000e-02	2.30919594e-02	7.95474708e-04
7.82500000e-02	2.29852150e-02	7.98732473e-04
7.85000000e-02	2.33353695e-02	8.13052395e-04
7.87500000e-02	2.31635461e-02	8.06030310e-04
7.90000000e-02	2.35317752e-02	8.26878260e-04
7.92500000e-02	2.34517150e-02	8.26339357e-04
7.95000000e-02	2.36048991e-02	8.31906097e-04
7.97500000e-02	2.31356135e-02	8.23556502e-04
8.00000000e-02	2.28324299e-02	8.09264722e-04
8.02500000e-02	2.33894057e-02	8.29489334e-04
8.05000000e-02	2.28441735e-02	8.12263740e-04
8.07500000e-02	2.27267210e-02	8.11047420e-04
8.10000000e-02	2.25507676e-02	8.03860302e-04
8.12500000e-02	2.37818074e-02	8.47040002e-04
8.15000000e-02	2.22100828e-02	7.89835846e-04
8.17500000e-02	2.29435183e-02	8.32659203e-04
8.20000000e-02	2.31855220e-02	8.31319476e-04
8.22500000e-02	2.24725135e-02	8.09375329e-04
8.25000000e-02	2.26773619e-02	8.13233958e-04
8.27500000e-02	2.32312998e-02	8.35454350e-04
8.30000000e-02	2.22955848e-02	8.12139717e-04
8.32500000e-02	2.33141641e-02	8.43679952e-04
8.35000000e-02	2.35453262e-02	8.56328796e-04
8.37500000e-02	2.29522045e-02	8.27992822e-04
8.40000000e-02	2.24214884e-02	8.19015798e-04
8.42500000e-02	2.23910452e-02	8.19145927e-04
8.45000000e-02	2.16815896e-02	7.92554175e-04
8.47500000e-02	2.18130596e-02	7.99947028e-04
8.50000000e-02	2.27778405e-02	8.31241664e-04
8.52500000e-02	2.24421792e-02	8.18027672e-04
8.55000000e-02	2.24699334e-02	8.23136962e-04
8.57500000e-02	2.29127589e-02	8.45967457e-04
8.60000000e-02	2.28641061e-02	8.42546660e-04
8.62500000e-02	2.24125569e-02	8.20918570e-04
8.65000000e-02	2.21689862e-02	8.14516453e-04
8.67500000e-02	2.23023440e-02	8.13456810e-04
8.70000000e-02	2.20254070e-02	7.96751713e-04
8.72500000e-02	2.19626542e-02	7.82010869e-04
8.75000000e-02	2.28041927e-02	7.99318307e-04
8.77500000e-02	2.27679825e-02	7.91698912e-04
8.80000000e-02	2.22310532e-02	7.77737060e-04
8.82500000e-02	2.23933480e-02	7.72360184e-04
8.85000000e-02	2.19480574e-02	7.64147529e-04
8.87500000e-02	2.30590071e-02	7.82147768e-04
8.90000000e-02	2.21696019e-02	7.59301627e-04
8.92500000e-02	2.27188878e-02	7.71403324e-04
8.95000000e-02	2.22685579e-02	7.57134258e-04
8.97500000e-02	2.29306893e-02	7.67387259e-04
9.00000000e-02	2.22657751e-02	7.39719044e-04
9.02500000e-02	2.18422691e-02	7.35784874e-04
9.05000000e-02	2.19605399e-02	7.40328851e-04
9.07500000e-02	2.24796453e-02	7.54262062e-04
9.10000000e-02	2.20035534e-02	7.37395747e-04
9.12500000e-02	2.23539756e-02	7.44594560e-04
9.15000000e-02	2.20933998e-02	7.38415010e-04
9.17500000e-02	2.15342418e-02	7.23622529e-04
9.20000000e-02	2.21325765e-02	7.32851455e-04
9.22500000e-02	2.22765960e-02	7.34643562e-04
9.25000000e-02	2.24537167e-02	7.36894862e-04
9.27500000e-02	2.21150216e-02	7.29626384e-04
9.30000000e-02	2.22064463e-02	7.31336916e-04
9.32500000e-02	2.20077486e-02	7.22894949e-04
9.35000000e-02	2.23851759e-02	7.33352546e-04
9.37500000e-02	2.20546247e-02	7.17376224e-04
9.40000000e-02	2.21834761e-02	7.23496323e-04
9.42500000e-02	2.19465982e-02	7.15411054e-04
9.45000000e-02	2.17456735e-02	7.03827763e-04
9.47500000e-02	2.18681873e-02	7.11201807e-04
9.50000000e-02	2.19072888e-02	7.05751767e-04
9.52500000e-02	2.18702868e-02	7.06203637e-04
9.55000000e-02	2.19205975e-02	7.03177799e-04
9.57500000e-02	2.20492246e-02	7.06765539e-04
9.60000000e-02	2.19568899e-02	7.00787574e-04
9.62500000e-02	2.14689887e-02	6.85917044e-04
9.65000000e-02	2.18168530e-02	6.97222035e-04
9.67500000e-02	2.19903279e-02	7.00538766e-04
9.70000000e-02	2.19136217e-02	6.97820381e-04
9.72500000e-02	2.16701297e-02	6.94004757e-04
9.75000000e-02	2.13903271e-02	6.82134984e-04
9.77500000e-02	2.18595950e-02	6.88651468e-04
9.80000000e-02	2.15017678e-02	6.83249699e-04
9.82500000e-02	2.19880389e-02	6.97171517e-04
9.85000000e-02	2.20493996e-02	6.96756431e-04
9.87500000e-02	2.20162650e-02	6.91577519e-04
9.90000000e-02	2.13727552e-02	6.71146276e-04
9.92500000e-02	2.18058690e-02	6.88657593e-04
9.95000000e-02	2.14689207e-02	6.75188235e-04
9.97500000e-02	2.18678621e-02	6.79616767e-04
1.00000000e-01	2.13702962e-02	5.46788404e-04
1.00500000e-01	2.17821448e-02	4.84653242e-04
1.01000000e-01	2.17982430e-02	4.79302371e-04
1.01500000e-01	2.15870223e-02	4.76198310e-04
1.02000000e-01	2.14607034e-02	4.70443174e-04
1.02500000e-01	2.16351845e-02	4.71892475e-04
1.03000000e-01	2.17025083e-02	4.71421775e-04
1.03500000e-01	2.17899185e-02	4.72007494e-04
1.04000000e-01	2.14952788e-02	4.66594034e-04
1.04500000e-01	2.18580470e-02	4.72481399e-04
1.05000000e-01	2.16677696e-02	4.64433125e-04
1.05500000e-01	2.15546767e-02	4.60309313e-04
1.06000000e-01	2.14768459e-02	4.59860217e-04
1.06500000e-01	2.13432938e-02	4.55312138e-04
1.07000000e-01	2.14860553e-02	4.65210312e-04
1.07500000e-01	2.15989689e-02	4.74026374e-04
1.08000000e-01	2.13368958e-02	4.76339095e-04
1.08500000e-01	2.14461191e-02	4.80168209e-04
1.09000000e-01	2.14827925e-02	4.81676610e-04
1.09500000e-01	2.14706043e-02	4.85532574e-04
1.10000000e-01	2.14009702e-02	4.77815970e-04
1.10500000e-01	2.09596645e-02	4.58782951e-04
1.11000000e-01	2.15222050e-02	4.64778747e-04
1.11500000e-01	2.15746142e-02	4.62679784e-04
1.12000000e-01	2.13687302e-02	4.54732527e-04
1.12500000e-01	2.14990046e-02	4.52586277e-04
1.13000000e-01	2.14259571e-02	4.50443392e-04
1.13500000e-01	2.14917677e-02	4.48952966e-04
1.14000000e-01	2.12089442e-02	4.42573074e-04
1.14500000e-01	2.14676539e-02	4.47951145e-04
1.15000000e-01	2.16746835e-02	4.45661858e-04
1.15500000e-01	2.14097043e-02	4.41733299e-04
1.16000000e-01	2.16270416e-02	4.46718819e-04
1.16500000e-01	2.12547122e-02	4.36637905e-04
1.17000000e-01	2.14159267e-02	4.39561158e-04
1.17500000e-01	2.11842712e-02	4.33905858e-04
1.18000000e-01	2.13452445e-02	4.35100010e-04
1.18500000e-01	2.13258009e-02	4.34599218e-04
1.19000000e-01	2.13866235e-02	4.35899869e-04
1.19500000e-01	2.14812237e-02	4.33588763e-04
1.20000000e-01	2.12984749e-02	4.29938094e-04
1.20500000e-01	2.10940862e-02	4.25570826e-04
1.21000000e-01	2.11833703e-02	4.28920623e-04
1.21500000e-01	2.10500678e-02	4.24453274e-04
1.22000000e-01	2.16724545e-02	4.34689128e-04
1.22500000e-01	2.13640103e-02	4.26397732e-04
1.23000000e-01	2.11943374e-02	4.24510488e-04
1.23500000e-01	2.13253347e-02	4.22761663e-04
1.24000000e-01	2.14211089e-02	4.26537265e-04
1.24500000e-01	2.08282045e-02	4.12315873e-04
1.25000000e-01	2.14636538e-02	4.25852013e-04
1.25500000e-01	2.12991435e-02	4.21201487e-04
1.26000000e-01	2.13883671e-02	4.19517076e-04
1.26500000e-01	2.14541236e-02	4.22325670e-04
1.27000000e-01	2.13067963e-02	4.18939815e-04
1.27500000e-01	2.11584528e-02	4.12302461e-04
1.28000000e-01	2.13666412e-02	4.18164188e-04
1.28500000e-01	2.13286029e-02	4.15704425e-04
1.29000000e-01	2.13552707e-02	4.15558710e-04
1.29500000e-01	2.13586914e-02	4.15807369e-04
1.30000000e-01	2.10908324e-02	4.09688509e-04
1.30500000e-01	2.09526239e-02	4.06210315e-04
1.31000000e-01	2.10730691e-02	4.08708409e-04
1.31500000e-01	2.09497423e-02	4.03378569e-04
1.32000000e-01	2.09823587e-02	4.03998294e-04
1.32500000e-01	2.09340785e-02	4.02325695e-04
1.33000000e-01	2.08913825e-02	3.99976375e-04
1.33500000e-01	2.09440310e-02	3.97724216e-04
1.34000000e-01	2.13862806e-02	4.06727961e-04
1.34500000e-01	2.09607841e-02	3.97161047e-04
1.35000000e-01	2.05676575e-02	3.88811540e-04
1.35500000e-01	2.11057525e-02	3.98015131e-04
1.36000000e-01	2.10249275e-02	3.96137397e-04
1.36500000e-01	2.11937820e-02	3.99793884e-04
1.37000000e-01	2.12325490e-02	3.97767864e-04
1.37500000e-01	2.07590215e-02	3.90780244e-04
1.38000000e-01	2.09031683e-02	3.93655001e-04
1.38500000e-01	2.07630332e-02	3.90036631e-04
1.39000000e-01	2.09569524e-02	3.91956649e-04
1.39500000e-01	2.10161173e-02	3.91390121e-04
1.40000000e-01	2.12377646e-02	3.95646867e-04
1.40500000e-01	2.06344887e-02	3.86849463e-04
1.41000000e-01	2.05653415e-02	3.83490234e-04
1.41500000e-01	2.07910880e-02	3.89407633e-04
1.42000000e-01	2.10732437e-02	3.90147101e-04
1.42500000e-01	2.06210056e-02	3.83339297e-04
1.43000000e-01	2.07021627e-02	3.84006020e-04
1.43500000e-01	2.06732426e-02	3.81943431e-04
1.44000000e-01	2.06049705e-02	3.80947801e-04
1.44500000e-01	2.04224143e-02	3.74518219e-04
1.45000000e-01	2.06648046e-02	3.80305111e-04
1.45500000e-01	2.05342379e-02	3.76828177e-04
1.46000000e-01	2.07416974e-02	3.79829107e-04
1.46500000e-01	2.05958904e-02	3.79629068e-04
1.47000000e-01	2.07573089e-02	3.79022420e-04
1.47500000e-01	2.06262542e-02	3.76185691e-04
1.48000000e-01	2.05917964e-02	3.75861434e-04
1.48500000e-01	2.06867752e-02	3.77003543e-04
1.49000000e-01	2.06048278e-02	3.74435392e-04
1.49500000e-01	2.05382330e-02	3.71752920e-04
1.50000000e-01	2.04537647e-02	3.70715040e-04
1.50500000e-01	2.03945473e-02	3.69813706e-04
1.51000000e-01	2.03553564e-02	3.67567698e-04
1.51500000e-01	2.05483660e-02	3.68800528e-04
1.52000000e-01	2.04832637e-02	3.66887896e-04
1.52500000e-01	2.02647292e-02	3.64353398e-04
1.53000000e-01	2.05652284e-02	3.68562686e-04
1.53500000e-01	2.04033558e-02	3.65476736e-04
1.54000000e-01	2.06237899e-02	3.67030833e-04
1.54500000e-01	2.03270805e-02	3.69659104e-04
1.55000000e-01	2.04569245e-02	3.77136012e-04
1.55500000e-01	2.01949160e-02	3.75145862e-04
1.56000000e-01	1.99700722e-02	3.73202502e-04
1.56500000e-01	2.01747455e-02	3.75497097e-04
1.57000000e-01	2.00975428e-02	3.75131624e-04
1.57500000e-01	2.01466820e-02	3.69868494e-04
1.58000000e-01	2.02961566e-02	3.67765453e-04
1.58500000e-01	2.02302432e-02	3.63081163e-04
1.59000000e-01	2.03873917e-02	3.62740978e-04
1.59500000e-01	2.06338829e-02	3.67136766e-04
1.60000000e-01	2.02143506e-02	3.60202103e-04
1.60500000e-01	2.02640364e-02	3.59720954e-04
1.61000000e-01	2.01455026e-02	3.57754005e-04
1.61500000e-01	2.01462232e-02	3.54460755e-04
1.62000000e-01	2.01484128e-02	3.56952808e-04
1.62500000e-01	2.01451177e-02	3.55726774e-04
1.63000000e-01	2.00251421e-02	3.51397444e-04
1.63500000e-01	2.01288944e-02	3.52972181e-04
1.64000000e-01	2.05395403e-02	3.56890764e-04
1.64500000e-01	2.01148079e-02	3.51614879e-04
1.65000000e-01	1.99875241e-02	3.48888351e-04
1.65500000e-01	2.00568479e-02	3.48908093e-04
1.66000000e-01	2.01116894e-02	3.49863517e-04
1.66500000e-01	2.00638425e-02	3.47572938e-04
1.67000000e-01	2.00448013e-02	3.47983001e-04
1.67500000e-01	1.98418358e-02	3.44881784e-04
1.68000000e-01	1.99991642e-02	3.47100865e-04
1.68500000e-01	2.02087417e-02	3.48626518e-04
1.69000000e-01	1.99042192e-02	3.43418773e-04
1.69500000e-01	1.97375890e-02	3.39696549e-04
1.70000000e-01	2.01436117e-02	3.46564767e-04
1.70500000e-01	1.99938416e-02	3.43236480e-04
1.71000000e-01	1.99329983e-02	3.40774488e-04
1.71500000e-01	1.98123325e-02	3.39780356e-04
1.72000000e-01	1.99244461e-02	3.40968438e-04
1.72500000e-01	1.98489421e-02	3.38786294e-04
1.73000000e-01	1.98417603e-02	3.38620019e-04
1.73500000e-01	1.95658628e-02	3.33389620e-04
1.74000000e-01	1.96268289e-02	3.32966060e-04
1.74500000e-01	1.97678322e-02	3.32470714e-04
1.75000000e-01	1.99565816e-02	3.34814195e-04
1.75500000e-01	1.98169688e-02	3.33188222e-04
1.76000000e-01	2.00607375e-02	3.36677741e-04
1.76500000e-01	1.99684175e-02	3.34726759e-04
1.77000000e-01	1.99519736e-02	3.33855643e-04
1.77500000e-01	1.98791268e-02	3.32664574e-04
1.78000000e-01	1.97269379e-02	3.31131955e-04
1.78500000e-01	1.95401819e-02	3.27105590e-04
1.79000000e-01	1.98669607e-02	3.32080867e-04
1.79500000e-01	1.96639816e-02	3.30035578e-04
1.80000000e-01	1.97976625e-02	3.31527636e-04
1.80500000e-01	1.96064459e-02	3.27967525e-04
1.81000000e-01	1.96018960e-02	3.27822179e-04
1.81500000e-01	1.92951406e-02	3.21057756e-04
1.82000000e-01	1.93507247e-02	3.21988572e-04
1.82500000e-01	1.96276113e-02	3.25057727e-04
1.83000000e-01	1.98633699e-02	3.29894319e-04
1.83500000e-01	1.98620682e-02	3.28195411e-04
1.84000000e-01	1.98071199e-02	3.26482442e-04
1.84500000e-01	1.97236170e-02	3.25125205e-04
1.85000000e-01	1.96126115e-02	3.23762909e-04
1.85500000e-01	1.96120240e-02	3.22625313e-04
1.86000000e-01	1.95481648e-02	3.21079036e-04
1.86500000e-01	1.96428418e-02	3.21616407e-04
1.87000000e-01	1.95784899e-02	3.20712473e-04
1.87500000e-01	1.93622431e-02	3.17474888e-04
1.88000000e-01	1.92130078e-02	3.14571971e-04
1.88500000e-01	1.95428027e-02	3.19485013e-04
1.89000000e-01	1.95537079e-02	3.18340394e-04
1.89500000e-01	1.93580921e-02	3.15773308e-04
1.90000000e-01	1.91319136e-02	3.11933328e-04
1.90500000e-01	1.92418066e-02	3.12948347e-04
1.91000000e-01	1.93170793e-02	3.13399317e-04
1.91500000e-01	1.93145660e-02	3.14143589e-04
1.92000000e-01	1.92976826e-02	3.11836969e-04
1.92500000e-01	1.92231001e-02	3.11022375e-04
1.93000000e-01	1.91826715e-02	3.09468433e-04
1.93500000e-01	1.91667050e-02	3.09167452e-04
1.94000000e-01	1.90558909e-02	3.08410533e-04
1.94500000e-01	1.92657479e-02	3.10351407e-04
1.95000000e-01	1.92108499e-02	3.11524756e-04
1.95500000e-01	1.88937701e-02	3.02559899e-04
1.96000000e-01	1.90174364e-02	3.04387146e-04
1.96500000e-01	1.92855411e-02	3.09237520e-04
1.97000000e-01	1.92389570e-02	3.08519623e-04
1.97500000e-01	1.92181122e-02	3.06512961e-04
1.98000000e-01	1.91477006e-02	3.05783326e-04
1.98500000e-01	1.90011906e-02	3.02982938e-04
1.99000000e-01	1.90798866e-02	3.04653848e-04
1.99500000e-01	1.90587321e-02	3.02949147e-04
2.00000000e-01	1.89302797e-02	3.00603244e-04
2.00500000e-01	1.93415759e-02	3.07166328e-04
2.01000000e-01	1.91296311e-02	3.02744494e-04
2.01500000e-01	1.90428099e-02	3.01314005e-04
2.02000000e-01	1.92016196e-02	3.03671939e-04
2.02500000e-01	1.88828462e-02	2.98039057e-04
2.03000000e-01	1.91717856e-02	3.02257782e-04
2.03500000e-01	1.91122096e-02	3.00943067e-04
2.04000000e-01	1.88914421e-02	2.97263662e-04
2.04500000e-01	1.90195333e-02	3.00541596e-04
2.05000000e-01	1.89742103e-02	2.97286309e-04
2.05500000e-01	1.89060621e-02	2.97312251e-04
2.06000000e-01	1.92473393e-02	3.01882618e-04
2.06500000e-01	1.90090348e-02	2.97631177e-04
2.07000000e-01	1.89265136e-02	2.95391239e-04
2.07500000e-01	1.89651874e-02	2.95271521e-04
2.08000000e-01	1.88429701e-02	2.94616089e-04
2.08500000e-01	1.89494777e-02	2.94128047e-04
2.09000000e-01	1.86982336e-02	2.91745291e-04
2.09500000e-01	1.88951206e-02	2.93303503e-04
2.10000000e-01	1.88979014e-02	2.93319568e-04
2.10500000e-01	1.89879317e-02	2.94204709e-04
2.11000000e-01	1.87718356e-02	2.90372822e-04
2.11500000e-01	1.86230197e-02	2.88456543e-04
2.12000000e-01	1.87046664e-02	2.89188681e-04
2.12500000e-01	1.87344808e-02	2.89062952e-04
2.13000000e-01	1.85057617e-02	2.86076188e-04
2.13500000e-01	1.87948868e-02	2.89214371e-04
2.14000000e-01	1.85721851e-02	2.86843764e-04
2.14500000e-01	1.87046853e-02	2.87686976e-04
2.15000000e-01	1.85921691e-02	2.87546051e-04
2.15500000e-01	1.91041209e-02	2.90948843e-04
2.16000000e-01	1.89883530e-02	2.89714492e-04
2.16500000e-01	1.90915897e-02	2.92100245e-04
2.17000000e-01	1.88765978e-02	2.93132046e-04
2.17500000e-01	1.86499220e-02	2.94073663e-04
2.18000000e-01	1.87641256e-02	2.96642553e-04
2.18500000e-01	1.84250094e-02	2.93300766e-04
2.19000000e-01	1.86701953e-02	2.96968556e-04
2.19500000e-01	1.88135158e-02	3.00753844e-04
2.20000000e-01	1.86463305e-02	2.99872636e-04
2.20500000e-01	1.84085530e-02	2.98371477e-04
2.21000000e-01	1.85190512e-02	2.99732420e-04
2.21500000e-01	1.89276333e-02	3.04421466e-04
2.22000000e-01	1.86857691e-02	3.03713588e-04
2.22500000e-01	1.85662870e-02	3.02808200e-04
2.23000000e-01	1.82889228e-02	2.98848962e-04
2.23500000e-01	1.84514259e-02	3.02618309e-04
2.24000000e-01	1.87646780e-02	3.07824098e-04
2.24500000e-01	1.85841091e-02	3.05696192e-04
2.25000000e-01	1.86721962e-02	3.07218690e-04
2.25500000e-01	1.86090910e-02	3.06707962e-04
2.26000000e-01	1.82177538e-02	3.03162355e-04
2.26500000e-01	1.87546150e-02	3.04445003e-04
2.27000000e-01	1.84156675e-02	2.98036457e-04
2.27500000e-01	1.85699293e-02	2.98132497e-04
2.28000000e-01	1.85188695e-02	2.95256702e-04
2.28500000e-01	1.85600120e-02	2.93916617e-04
2.29000000e-01	1.84471836e-02	2.89993693e-04
2.29500000e-01	1.83099795e-02	2.89273568e-04
2.30000000e-01	1.85756852e-02	2.90664137e-04
2.30500000e-01	1.84774409e-02	2.89075355e-04
2.31000000e-01	1.87230437e-02	2.92025727e-04
2.31500000e-01	1.85266617e-02	2.87757450e-04
2.32000000e-01	1.86731939e-02	2.89223660e-04
2.32500000e-01	1.87008251e-02	2.89554687e-04
2.33000000e-01	1.85543202e-02	2.86349141e-04
2.33500000e-01	1.85207338e-02	2.85347113e-04
2.34000000e-01	1.85038098e-02	2.84272064e-04
2.34500000e-01	1.84111702e-02	2.82386413e-04
2.35000000e-01	1.83934089e-02	2.82010345e-04
2.35500000e-01	1.85831612e-02	2.84483913e-04
2.36000000e-01	1.82925153e-02	2.80097814e-04
2.36500000e-01	1.81180362e-02	2.76396508e-04
2.37000000e-01	1.80983976e-02	2.75529141e-04
2.37500000e-01	1.83305308e-02	2.78268672e-04
2.38000000e-01	1.82066636e-02	2.76649717e-04
2.38500000e-01	1.80454469e-02	2.74659784e-04
2.39000000e-01	1.81526569e-02	2.75465544e-04
2.39500000e-01	1.83409523e-02	2.76911983e-04
2.40000000e-01	1.80741699e-02	2.72251734e-04
2.40500000e-01	1.83035870e-02	2.76432123e-04
2.41000000e-01	1.84245844e-02	2.75751090e-04
2.41500000e-01	1.82492967e-02	2.73251583e-04
2.42000000e-01	1.81544421e-02	2.72237456e-04
2.42500000e-01	1.82030277e-02	2.71682172e-04
2.43000000e-01	1.84384518e-02	2.74547171e-04
2.43500000e-01	1.82439571e-02	2.70728893e-04
2.44000000e-01	1.81682943e-02	2.69019659e-04
2.44500000e-01	1.82237116e-02	2.69950387e-04
2.45000000e-01	1.80657770e-02	2.67803711e-04
2.45500000e-01	1.83059225e-02	2.72350290e-04
2.46000000e-01	1.82074459e-02	2.70652389e-04
2.46500000e-01	1.83091455e-02	2.69728283e-04
2.47000000e-01	1.81535543e-02	2.67193004e-04
2.47500000e-01	1.82277064e-02	2.68225278e-04
2.48000000e-01	1.79106220e-02	2.64861853e-04
2.48500000e-01	1.82723446e-02	2.67888495e-04
2.49000000e-01	1.82189828e-02	2.67217201e-04
2.49500000e-01	1.78747857e-02	2.63003465e-04
2.50000000e-01	1.82461815e-02	2.66938049e-04
2.50500000e-01	1.81105362e-02	2.65652144e-04
2.51000000e-01	1.81092570e-02	2.64000969e-04
2.51500000e-01	1.80305094e-02	2.64602238e-04
2.52000000e-01	1.80720375e-02	2.63070268e-04
2.52500000e-01	1.80582264e-02	2.63039666e-04
2.53000000e-01	1.79047331e-02	2.61127856e-04
2.53500000e-01	1.77757979e-02	2.59162087e-04
2.54000000e-01	1.79867199e-02	2.62277983e-04
2.54500000e-01	1.78240438e-02	2.59753530e-04
2.55000000e-01	1.78719902e-02	2.59919526e-04
2.55500000e-01	1.78713076e-02	2.59457947e-04
2.56000000e-01	1.79067451e-02	2.58856515e-04
2.56500000e-01	1.80800503e-02	2.62282614e-04
2.57000000e-01	1.79371631e-02	2.58229982e-04
2.57500000e-01	1.77874587e-02	2.55910132e-04
2.58000000e-01	1.77598348e-02	2.56430895e-04
2.58500000e-01	1.78088363e-02	2.56839067e-04
2.59000000e-01	1.78746920e-02	2.57007079e-04
2.59500000e-01	1.78947207e-02	2.57035223e-04
2.60000000e-01	1.79275273e-02	2.57650097e-04
2.60500000e-01	1.77970157e-02	2.56436708e-04
2.61000000e-01	1.78143888e-02	2.55115453e-04
2.61500000e-01	1.78655108e-02	2.55312176e-04
2.62000000e-01	1.77685843e-02	2.53825098e-04
2.62500000e-01	1.77750516e-02	2.54243005e-04
2.63000000e-01	1.78942403e-02	2.55157166e-04
2.63500000e-01	1.78060080e-02	2.53581586e-04
2.64000000e-01	1.77809096e-02	2.52676851e-04
2.64500000e-01	1.77863621e-02	2.53222169e-04
2.65000000e-01	1.77533029e-02	2.51009175e-04
2.65500000e-01	1.76391772e-02	2.50577529e-04
2.66000000e-01	1.77172915e-02	2.51249924e-04
2.66500000e-01	1.77170828e-02	2.50795986e-04
2.67000000e-01	1.77748032e-02	2.51012597e-04
2.67500000e-01	1.79396394e-02	2.51725111e-04
2.68000000e-01	1.76189725e-02	2.48806850e-04
2.68500000e-01	1.79733818e-02	2.52159452e-04
2.69000000e-01	1.76773410e-02	2.48521045e-04
2.69500000e-01	1.77386695e-02	2.48978252e-04
2.70000000e-01	1.76314224e-02	2.47846764e-04
2.70500000e-01	1.76814367e-02	2.47327127e-04
2.71000000e-01	1.76135587e-02	2.46382784e-04
2.71500000e-01	1.76931615e-02	2.46752515e-04
2.72000000e-01	1.75611787e-02	2.44730672e-04
2.72500000e-01	1.78145403e-02	2.49436022e-04
2.73000000e-01	1.76140223e-02	2.46550135e-04
2.73500000e-01	1.75857671e-02	2.45946529e-04
2.74000000e-01	1.75445802e-02	2.45507621e-04
2.74500000e-01	1.76602616e-02	2.46226247e-04
2.75000000e-01	1.77735604e-02	2.47440026e-04
2.75500000e-01	1.78194417e-02	2.48314532e-04
2.76000000e-01	1.75790048e-02	2.43675671e-04
2.76500000e-01	1.74732417e-02	2.42607558e-04
2.77000000e-01	1.75475876e-02	2.43181639e-04
2.77500000e-01	1.75770931e-02	2.43757358e-04
2.78000000e-01	1.74846584e-02	2.42413164e-04
2.78500000e-01	1.75222017e-02	2.42825368e-04
2.79000000e-01	1.76561587e-02	2.43641261e-04
2.79500000e-01	1.74516083e-02	2.41759817e-04
2.80000000e-01	1.75283022e-02	2.42539276e-04
2.80500000e-01	1.76076420e-02	2.42056935e-04
2.81000000e-01	1.75853615e-02	2.42631982e-04
2.81500000e-01	1.75036828e-02	2.41198017e-04
2.82000000e-01	1.74894976e-02	2.40614012e-04
2.82500000e-01	1.74855081e-02	2.41291587e-04
2.83000000e-01	1.74555959e-02	2.38958840e-04
2.83500000e-01	1.76657576e-02	2.42022586e-04
2.84000000e-01	1.75006989e-02	2.39591821e-04
2.84500000e-01	1.73983550e-02	2.38559415e-04
2.85000000e-01	1.74660820e-02	2.39241171e-04
2.85500000e-01	1.73633438e-02	2.37646242e-04
2.86000000e-01	1.73473282e-02	2.37755539e-04
2.86500000e-01	1.75043707e-02	2.39673299e-04
2.87000000e-01	1.73361709e-02	2.36839205e-04
2.87500000e-01	1.73015223e-02	2.34698124e-04
2.88000000e-01	1.74666627e-02	2.37052349e-04
2.88500000e-01	1.73842058e-02	2.36984204e-04
2.89000000e-01	1.73005891e-02	2.35010383e-04
2.89500000e-01	1.73959228e-02	2.35857972e-04
2.90000000e-01	1.72634162e-02	2.34399185e-04
2.90500000e-01	1.71600018e-02	2.32828851e-04
2.91000000e-01	1.73870482e-02	2.35175178e-04
2.91500000e-01	1.72983380e-02	2.33710003e-04
2.92000000e-01	1.72270631e-02	2.32902016e-04
2.92500000e-01	1.72816655e-02	2.32228084e-04
2.93000000e-01	1.73119922e-02	2.33190469e-04
2.93500000e-01	1.71586379e-02	2.31691140e-04
2.94000000e-01	1.73673832e-02	2.33709058e-04
2.94500000e-01	1.72688029e-02	2.32739683e-04
2.95000000e-01	1.72124634e-02	2.30849813e-04
2.95500000e-01	1.72230064e-02	2.32136570e-04
2.96000000e-01	1.73267135e-02	2.32791752e-04
2.96500000e-01	1.73242347e-02	2.31791295e-04
2.97000000e-01	1.74294267e-02	2.33240103e-04
2.97500000e-01	1.72335725e-02	2.30158210e-04
2.98000000e-01	1.73141994e-02	2.31353243e-04
2.98500000e-01	1.71984974e-02	2.30195729e-04
2.99000000e-01	1.72240187e-02	2.30221855e-04
2.99500000e-01	1.72756178e-02	2.30799360e-04
3.00000000e-01	1.71708597e-02	2.28395000e-04
3.00500000e-01	1.70645558e-02	2.27428508e-04
3.01000000e-01	1.71685941e-02	2.28819441e-04
3.01500000e-01	1.70602558e-02	2.28053884e-04
3.02000000e-01	1.70914713e-02	2.27737942e-04
3.02500000e-01	1.71342695e-02	2.27675469e-04
3.03000000e-01	1.71079952e-02	2.27432811e-04
3.03500000e-01	1.69538453e-02	2.24250777e-04
3.04000000e-01	1.72243412e-02	2.28596998e-04
3.04500000e-01	1.71349771e-02	2.26016065e-04
3.05000000e-01	1.70091228e-02	2.26456212e-04
3.05500000e-01	1.71550799e-02	2.26366002e-04
3.06000000e-01	1.72181262e-02	2.25815797e-04
3.06500000e-01	1.71031146e-02	2.24873488e-04
3.07000000e-01	1.70657152e-02	2.23664274e-04
3.07500000e-01	1.72083624e-02	2.25868831e-04
3.08000000e-01	1.70519386e-02	2.24254258e-04
3.08500000e-01	1.69787697e-02	2.22398733e-04
3.09000000e-01	1.71422140e-02	2.24978692e-04
3.09500000e-01	1.70532854e-02	2.23438059e-04
3.10000000e-01	1.69906038e-02	2.22956461e-04
3.10500000e-01	1.70556110e-02	2.22886207e-04
3.11000000e-01	1.70637085e-02	2.23194770e-04
3.11500000e-01	1.69536452e-02	2.21306651e-04
3.12000000e-01	1.69182538e-02	2.21665118e-04
3.12500000e-01	1.70575184e-02	2.23058642e-04
3.13000000e-01	1.69196506e-02	2.20602683e-04
3.13500000e-01	1.71020610e-02	2.23684454e-04
3.14000000e-01	1.68483776e-02	2.19203977e-04
3.14500000e-01	1.69539756e-02	2.20701168e-04
3.15000000e-01	1.72025701e-02	2.23546446e-04
3.15500000e-01	1.69284914e-02	2.19852790e-04
3.16000000e-01	1.67287993e-02	2.17974985e-04
3.16500000e-01	1.69412507e-02	2.20281603e-04
3.17000000e-01	1.70909648e-02	2.21599188e-04
3.17500000e-01	1.68103197e-02	2.18340653e-04
3.18000000e-01	1.68524406e-02	2.18368860e-04
3.18500000e-01	1.69258753e-02	2.18926441e-04
3.19000000e-01	1.69658252e-02	2.18216525e-04
3.19500000e-01	1.69015570e-02	2.18797618e-04
3.20000000e-01	1.68301763e-02	2.17279764e-04
3.20500000e-01	1.66855958e-02	2.15839489e-04
3.21000000e-01	1.68692448e-02	2.18659539e-04
3.21500000e-01	1.68308648e-02	2.16352678e-04
3.22000000e-01	1.69411880e-02	2.18410814e-04
3.22500000e-01	1.67861795e-02	2.15454272e-04
3.23000000e-01	1.68493282e-02	2.16043938e-04
3.23500000e-01	1.67377418e-02	2.14754398e-04
3.24000000e-01	1.66987761e-02	2.14320511e-04
3.24500000e-01	1.67938652e-02	2.15784433e-04
3.25000000e-01	1.68028003e-02	2.14955831e-04
3.25500000e-01	1.66515326e-02	2.13344490e-04
3.26000000e-01	1.66929830e-02	2.14378701e-04
3.26500000e-01	1.64811076e-02	2.10730327e-04
3.27000000e-01	1.67674452e-02	2.14201746e-04
3.27500000e-01	1.66059417e-02	2.11410540e-04
3.28000000e-01	1.66353541e-02	2.12363879e-04
3.28500000e-01	1.66210410e-02	2.11885368e-04
3.29000000e-01	1.67274134e-02	2.12650205e-04
3.29500000e-01	1.67037828e-02	2.13413320e-04
3.30000000e-01	1.64922238e-02	2.10363533e-04
3.30500000e-01	1.65952650e-02	2.10827896e-04
3.31000000e-01	1.65702385e-02	2.09851757e-04
3.31500000e-01	1.67141114e-02	2.12063592e-04
3.32000000e-01	1.65630057e-02	2.09930010e-04
3.32500000e-01	1.65896336e-02	2.10301581e-04
3.33000000e-01	1.66101308e-02	2.10739311e-04
3.33500000e-01	1.65890791e-02	2.09631429e-04
3.34000000e-01	1.66713956e-02	2.10952321e-04
3.34500000e-01	1.65238135e-02	2.09725668e-04
3.35000000e-01	1.66327612e-02	2.09938455e-04
3.35500000e-01	1.65325696e-02	2.08686386e-04
3.36000000e-01	1.65172362e-02	2.08447903e-04
3.36500000e-01	1.64898779e-02	2.07672540e-04
3.37000000e-01	1.65298008e-02	2.08211403e-04
3.37500000e-01	1.65859768e-02	2.08275485e-04
3.38000000e-01	1.67303225e-02	2.10461950e-04
3.38500000e-01	1.65017951e-02	2.07260592e-04
3.39000000e-01	1.64618583e-02	2.08123568e-04
3.39500000e-01	1.66300496e-02	2.08397335e-04
3.40000000e-01	1.65081678e-02	2.07865408e-04
3.40500000e-01	1.64534320e-02	2.06519147e-04
3.41000000e-01	1.66653408e-02	2.08226781e-04
3.41500000e-01	1.63232073e-02	2.05591121e-04
3.42000000e-01	1.64100787e-02	2.05161054e-04
3.42500000e-01	1.62425237e-02	2.03782613e-04
3.43000000e-01	1.64820742e-02	2.05961940e-04
3.43500000e-01	1.63502047e-02	2.03825108e-04
3.44000000e-01	1.63353158e-02	2.03967003e-04
3.44500000e-01	1.62969199e-02	2.03047250e-04
3.45000000e-01	1.64833146e-02	2.05773424e-04
3.45500000e-01	1.63305909e-02	2.03704916e-04
3.46000000e-01	1.64095153e-02	2.04164978e-04
3.46500000e-01	1.63229085e-02	2.02835614e-04
3.47000000e-01	1.64423154e-02	2.03485349e-04
3.47500000e-01	1.63423587e-02	2.02977250e-04
3.48000000e-01	1.62225638e-02	2.02121689e-04
3.48500000e-01	1.64215214e-02	2.03797666e-04
3.49000000e-01	1.64295761e-02	2.03278632e-04
3.49500000e-01	1.62299319e-02	2.02253293e-04
3.50000000e-01	1.62970379e-02	1.64553746e-04
3.51000000e-01	1.62544347e-02	1.42166988e-04
3.52000000e-01	1.62245099e-02	1.41627077e-04
3.53000000e-01	1.61646177e-02	1.40674304e-04
3.54000000e-01	1.62131592e-02	1.41097795e-04
3.55000000e-01	1.60817822e-02	1.39923651e-04
3.56000000e-01	1.62387898e-02	1.41801499e-04
3.57000000e-01	1.61851375e-02	1.43994293e-04
3.58000000e-01	1.62776903e-02	1.45672275e-04
3.59000000e-01	1.60889047e-02	1.44909848e-04
3.60000000e-01	1.60877286e-02	1.46262225e-04
3.61000000e-01	1.61685323e-02	1.47197992e-04
3.62000000e-01	1.58819011e-02	1.45727959e-04
3.63000000e-01	1.58857008e-02	1.46481265e-04
3.64000000e-01	1.60680706e-02	1.47763704e-04
3.65000000e-01	1.59696881e-02	1.47710251e-04
3.66000000e-01	1.59217304e-02	1.45749005e-04
3.67000000e-01	1.59812543e-02	1.44488246e-04
3.68000000e-01	1.59521746e-02	1.42937438e-04
3.69000000e-01	1.59398399e-02	1.42334048e-04
3.70000000e-01	1.60074321e-02	1.41933598e-04
3.71000000e-01	1.59545646e-02	1.43483038e-04
3.72000000e-01	1.60297299e-02	1.44582135e-04
3.73000000e-01	1.59054864e-02	1.44600593e-04
3.74000000e-01	1.59608567e-02	1.44604812e-04
3.75000000e-01	1.58809886e-02	1.44121698e-04
3.76000000e-01	1.57226501e-02	1.43084774e-04
3.77000000e-01	1.58859725e-02	1.44304567e-04
3.78000000e-01	1.58552782e-02	1.44003908e-04
3.79000000e-01	1.58017187e-02	1.43413703e-04
3.80000000e-01	1.57236907e-02	1.42987264e-04
3.81000000e-01	1.57431229e-02	1.42680949e-04
3.82000000e-01	1.57376406e-02	1.42701110e-04
3.83000000e-01	1.57480120e-02	1.42668295e-04
3.84000000e-01	1.58345703e-02	1.43337602e-04
3.85000000e-01	1.56649916e-02	1.42153409e-04
3.86000000e-01	1.56398588e-02	1.42079322e-04
3.87000000e-01	1.57557098e-02	1.42867944e-04
3.88000000e-01	1.55824015e-02	1.41201385e-04
3.89000000e-01	1.56681976e-02	1.42366118e-04
3.90000000e-01	1.57136907e-02	1.41975324e-04
3.91000000e-01	1.57496835e-02	1.42262392e-04
3.92000000e-01	1.56560420e-02	1.41619651e-04
3.93000000e-01	1.55215553e-02	1.40049700e-04
3.94000000e-01	1.55192216e-02	1.40508946e-04
3.95000000e-01	1.55434893e-02	1.40509681e-04
3.96000000e-01	1.55273713e-02	1.40421688e-04
3.97000000e-01	1.55561628e-02	1.40684049e-04
3.98000000e-01	1.55669322e-02	1.40870714e-04
3.99000000e-01	1.54616830e-02	1.39820018e-04
4.00000000e-01	1.54336321e-02	1.39561957e-04
4.01000000e-01	1.56161567e-02	1.41250335e-04
4.02000000e-01	1.55005932e-02	1.40101354e-04
4.03000000e-01	1.55621483e-02	1.40623936e-04
4.04000000e-01	1.54100306e-02	1.39350083e-04
4.05000000e-01	1.54120125e-02	1.39423596e-04
4.06000000e-01	1.54974230e-02	1.39941864e-04
4.07000000e-01	1.54799249e-02	1.39320129e-04
4.08000000e-01	1.54066579e-02	1.38856211e-04
4.09000000e-01	1.53930457e-02	1.38733820e-04
4.10000000e-01	1.54465234e-02	1.39287548e-04
4.11000000e-01	1.53348013e-02	1.38465370e-04
4.12000000e-01	1.53841554e-02	1.38745416e-04
4.13000000e-01	1.53236649e-02	1.37845308e-04
4.14000000e-01	1.54227243e-02	1.38782820e-04
4.15000000e-01	1.54721454e-02	1.39263209e-04
4.16000000e-01	1.53155881e-02	1.37660680e-04
4.17000000e-01	1.53899221e-02	1.38207238e-04
4.18000000e-01	1.53405529e-02	1.39851489e-04
4.19000000e-01	1.53950751e-02	1.41957206e-04
4.20000000e-01	1.52664399e-02	1.41603522e-04
4.21000000e-01	1.52613006e-02	1.41745677e-04
4.22000000e-01	1.54327407e-02	1.43916703e-04
4.23000000e-01	1.53305271e-02	1.43254947e-04
4.24000000e-01	1.52023618e-02	1.43039776e-04
4.25000000e-01	1.52756105e-02	1.43268071e-04
4.26000000e-01	1.53154354e-02	1.43655757e-04
4.27000000e-01	1.52591976e-02	1.43257835e-04
4.28000000e-01	1.53752364e-02	1.44624214e-04
4.29000000e-01	1.53626243e-02	1.45084548e-04
4.30000000e-01	1.52321279e-02	1.43798667e-04
4.31000000e-01	1.52487444e-02	1.43789698e-04
4.32000000e-01	1.51813336e-02	1.43364877e-04
4.33000000e-01	1.52061397e-02	1.43134523e-04
4.34000000e-01	1.51975816e-02	1.43415955e-04
4.35000000e-01	1.52473284e-02	1.44188547e-04
4.36000000e-01	1.51958989e-02	1.43573296e-04
4.37000000e-01	1.51497316e-02	1.43498836e-04
4.38000000e-01	1.51585882e-02	1.43858679e-04
4.39000000e-01	1.51640292e-02	1.43968810e-04
4.40000000e-01	1.51319670e-02	1.44067376e-04
4.41000000e-01	1.52101033e-02	1.44916008e-04
4.42000000e-01	1.50483563e-02	1.43895242e-04
4.43000000e-01	1.51350691e-02	1.44548037e-04
4.44000000e-01	1.49657490e-02	1.43245451e-04
4.45000000e-01	1.50470358e-02	1.44183400e-04
4.46000000e-01	1.51633608e-02	1.45171918e-04
4.47000000e-01	1.50864409e-02	1.44962658e-04
4.48000000e-01	1.50070808e-02	1.44293021e-04
4.49000000e-01	1.49292840e-02	1.43815841e-04
4.50000000e-01	1.50468014e-02	1.45316855e-04
4.51000000e-01	1.50864953e-02	1.45092653e-04
4.52000000e-01	1.51484667e-02	1.45736037e-04
4.53000000e-01	1.49828348e-02	1.44924311e-04
4.54000000e-01	1.50145791e-02	1.45148034e-04
4.55000000e-01	1.50699423e-02	1.45574763e-04
4.56000000e-01	1.49639903e-02	1.44870745e-04
4.57000000e-01	1.49528917e-02	1.45326483e-04
4.58000000e-01	1.47983209e-02	1.43731940e-04
4.59000000e-01	1.47937227e-02	1.43736426e-04
4.60000000e-01	1.49375649e-02	1.45303618e-04
4.61000000e-01	1.50308160e-02	1.46198329e-04
4.62000000e-01	1.47876345e-02	1.43920286e-04
4.63000000e-01	1.49432654e-02	1.45189087e-04
4.64000000e-01	1.48300660e-02	1.44496831e-04
4.65000000e-01	1.48357557e-02	1.44771870e-04
4.66000000e-01	1.49851145e-02	1.46279459e-04
4.67000000e-01	1.49870957e-02	1.46410269e-04
4.68000000e-01	1.48347084e-02	1.44909307e-04
4.69000000e-01	1.47974965e-02	1.44983982e-04
4.70000000e-01	1.48329314e-02	1.45040160e-04
4.71000000e-01	1.48915327e-02	1.45354745e-04
4.72000000e-01	1.47349973e-02	1.44019624e-04
4.73000000e-01	1.48443377e-02	1.45269508e-04
4.74000000e-01	1.48933149e-02	1.45133711e-04
4.75000000e-01	1.48053245e-02	1.44747328e-04
4.76000000e-01	1.47184470e-02	1.43663565e-04
4.77000000e-01	1.47104627e-02	1.44049121e-04
4.78000000e-01	1.47003733e-02	1.43932329e-04
4.79000000e-01	1.47208889e-02	1.44388895e-04
4.80000000e-01	1.47672857e-02	1.44245412e-04
4.81000000e-01	1.47358471e-02	1.44418545e-04
4.82000000e-01	1.47349525e-02	1.44283330e-04
4.83000000e-01	1.46689240e-02	1.44059936e-04
4.84000000e-01	1.46317302e-02	1.43660056e-04
4.85000000e-01	1.47002573e-02	1.44447651e-04
4.86000000e-01	1.46137352e-02	1.43873233e-04
4.87000000e-01	1.46867315e-02	1.44583354e-04
4.88000000e-01	1.46627431e-02	1.44391527e-04
4.89000000e-01	1.45597759e-02	1.43818453e-04
4.90000000e-01	1.46102606e-02	1.43836186e-04
4.91000000e-01	1.47671958e-02	1.45244918e-04
4.92000000e-01	1.45847346e-02	1.44032449e-04
4.93000000e-01	1.45275013e-02	1.43631434e-04
4.94000000e-01	1.46666792e-02	1.44901321e-04
4.95000000e-01	1.46211244e-02	1.45703602e-04
4.96000000e-01	1.46845851e-02	1.50523571e-04
4.97000000e-01	1.46140949e-02	1.52003609e-04
4.98000000e-01	1.46330244e-02	1.54419953e-04
4.99000000e-01	1.46032365e-02	1.56135174e-04
5.00000000e-01	1.45773981e-02	1.57368684e-04
5.01000000e-01	1.46563724e-02	1.59802524e-04
5.02000000e-01	1.44520306e-02	1.59948828e-04
5.03000000e-01	1.45018009e-02	1.61396235e-04
5.04000000e-01	1.45738356e-02	1.63650187e-04
5.05000000e-01	1.47093792e-02	1.61834477e-04
5.06000000e-01	1.45954061e-02	1.57500458e-04
5.07000000e-01	1.46661372e-02	1.57177807e-04
5.08000000e-01	1.47128849e-02	1.56350247e-04
5.09000000e-01	1.47105058e-02	1.55311261e-04
5.10000000e-01	1.44670522e-02	1.52718597e-04
5.11000000e-01	1.44856454e-02	1.52637427e-04
5.12000000e-01	1.45462041e-02	1.52816798e-04
5.13000000e-01	1.44929592e-02	1.52165011e-04
5.14000000e-01	1.45457677e-02	1.51889444e-04
5.15000000e-01	1.46350448e-02	1.52019176e-04
5.16000000e-01	1.44722388e-02	1.50657341e-04
5.17000000e-01	1.43686692e-02	1.49629699e-04
5.18000000e-01	1.45427294e-02	1.50288307e-04
5.19000000e-01	1.43271862e-02	1.48189253e-04
5.20000000e-01	1.45117042e-02	1.49905163e-04
5.21000000e-01	1.43535581e-02	1.47878336e-04
5.22000000e-01	1.43971851e-02	1.48060232e-04
5.23000000e-01	1.44794926e-02	1.49113716e-04
5.24000000e-01	1.43177531e-02	1.47705461e-04
5.25000000e-01	1.43506844e-02	1.47595463e-04
5.26000000e-01	1.42809843e-02	1.46895795e-04
5.27000000e-01	1.43894525e-02	1.48090033e-04
5.28000000e-01	1.44582717e-02	1.48715985e-04
5.29000000e-01	1.44963609e-02	1.48987496e-04
5.30000000e-01	1.44492638e-02	1.48594759e-04
5.31000000e-01	1.42618171e-02	1.47353038e-04
5.32000000e-01	1.43569852e-02	1.48260542e-04
5.33000000e-01	1.42523043e-02	1.46309935e-04
5.34000000e-01	1.41907739e-02	1.46171130e-04
5.35000000e-01	1.42033745e-02	1.46077305e-04
5.36000000e-01	1.42148534e-02	1.46434382e-04
5.37000000e-01	1.43218771e-02	1.47685771e-04
5.38000000e-01	1.42888056e-02	1.47036199e-04
5.39000000e-01	1.42815195e-02	1.47387426e-04
5.40000000e-01	1.43174593e-02	1.47274861e-04
5.41000000e-01	1.42380394e-02	1.46524400e-04
5.42000000e-01	1.43204146e-02	1.47573108e-04
5.43000000e-01	1.43208391e-02	1.47490912e-04
5.44000000e-01	1.41654606e-02	1.45916815e-04
5.45000000e-01	1.42639567e-02	1.47457612e-04
5.46000000e-01	1.41576305e-02	1.46220163e-04
5.47000000e-01	1.41085010e-02	1.45409085e-04
5.48000000e-01	1.42008510e-02	1.45913563e-04
5.49000000e-01	1.42008721e-02	1.46583175e-04
5.50000000e-01	1.40904837e-02	1.44808415e-04
5.51000000e-01	1.42056614e-02	1.45810449e-04
5.52000000e-01	1.40411030e-02	1.44278913e-04
5.53000000e-01	1.39700471e-02	1.43482754e-04
5.54000000e-01	1.40255201e-02	1.43772480e-04
5.55000000e-01	1.41276435e-02	1.44667259e-04
5.56000000e-01	1.40782016e-02	1.43704274e-04
5.57000000e-01	1.39635305e-02	1.43164850e-04
5.58000000e-01	1.41550149e-02	1.44342206e-04
5.59000000e-01	1.39071075e-02	1.42550979e-04
5.60000000e-01	1.41221178e-02	1.45130649e-04
5.61000000e-01	1.40482148e-02	1.43803622e-04
5.62000000e-01	1.40054499e-02	1.43734123e-04
5.63000000e-01	1.39998373e-02	1.43572362e-04
5.64000000e-01	1.39059920e-02	1.42703462e-04
5.65000000e-01	1.40164105e-02	1.43804678e-04
5.66000000e-01	1.40318151e-02	1.43910207e-04
5.67000000e-01	1.39812499e-02	1.43661288e-04
5.68000000e-01	1.40899793e-02	1.44325237e-04
5.69000000e-01	1.39063672e-02	1.42497599e-04
5.70000000e-01	1.39134976e-02	1.41827707e-04
5.71000000e-01	1.40663987e-02	1.43559520e-04
5.72000000e-01	1.39921183e-02	1.43422639e-04
5.73000000e-01	1.39667308e-02	1.43572585e-04
5.74000000e-01	1.38644273e-02	1.42367953e-04
5.75000000e-01	1.38489848e-02	1.42068446e-04
5.76000000e-01	1.38409651e-02	1.42313157e-04
5.77000000e-01	1.37749474e-02	1.41768236e-04
5.78000000e-01	1.36361462e-02	1.40054284e-04
5.79000000e-01	1.37271222e-02	1.41072502e-04
5.80000000e-01	1.38513557e-02	1.42320595e-04
5.81000000e-01	1.38126348e-02	1.42011342e-04
5.82000000e-01	1.38368711e-02	1.42019608e-04
5.83000000e-01	1.37401396e-02	1.40738047e-04
5.84000000e-01	1.37915893e-02	1.41594328e-04
5.85000000e-01	1.37213267e-02	1.41114051e-04
5.86000000e-01	1.37475652e-02	1.41365976e-04
5.87000000e-01	1.36976478e-02	1.41264728e-04
5.88000000e-01	1.36338438e-02	1.40186965e-04
5.89000000e-01	1.38056781e-02	1.42252772e-04
5.90000000e-01	1.37274705e-02	1.41049249e-04
5.91000000e-01	1.38310169e-02	1.42209747e-04
5.92000000e-01	1.36235676e-02	1.40359735e-04
5.93000000e-01	1.37247289e-02	1.41604824e-04
5.94000000e-01	1.36584557e-02	1.40254648e-04
5.95000000e-01	1.37066653e-02	1.41506787e-04
5.96000000e-01	1.35515847e-02	1.39856080e-04
5.97000000e-01	1.36350462e-02	1.40652313e-04
5.98000000e-01	1.36902438e-02	1.41057355e-04
5.99000000e-01	1.35014478e-02	1.39395360e-04
6.00000000e-01	1.36229686e-02	1.40700220e-04
6.01000000e-01	1.36048379e-02	1.40623065e-04
6.02000000e-01	1.36861483e-02	1.40785204e-04
6.03000000e-01	1.35877780e-02	1.39976682e-04
6.04000000e-01	1.35280260e-02	1.39310997e-04
6.05000000e-01	1.35144121e-02	1.39749449e-04
6.06000000e-01	1.36172884e-02	1.40774682e-04
6.07000000e-01	1.35648048e-02	1.40300212e-04
6.08000000e-01	1.35372078e-02	1.40516624e-04
6.09000000e-01	1.35895508e-02	1.40403394e-04
6.10000000e-01	1.35270107e-02	1.39616070e-04
6.11000000e-01	1.36047797e-02	1.40613801e-04
6.12000000e-01	1.34654231e-02	1.39707772e-04
6.13000000e-01	1.34916125e-02	1.39413403e-04
6.14000000e-01	1.36376026e-02	1.40858167e-04
6.15000000e-01	1.34803424e-02	1.39438911e-04
6.16000000e-01	1.35513539e-02	1.40385743e-04
6.17000000e-01	1.33770039e-02	1.38355063e-04
6.18000000e-01	1.35514872e-02	1.40124873e-04
6.19000000e-01	1.34601761e-02	1.39158577e-04
6.20000000e-01	1.33782397e-02	1.38102756e-04
6.21000000e-01	1.34587714e-02	1.38601464e-04
6.22000000e-01	1.35524997e-02	1.39288861e-04
6.23000000e-01	1.34182033e-02	1.37941867e-04
6.24000000e-01	1.33577856e-02	1.37378623e-04
6.25000000e-01	1.33698689e-02	1.37419730e-04
6.26000000e-01	1.34234840e-02	1.37737958e-04
6.27000000e-01	1.35007362e-02	1.38724489e-04
6.28000000e-01	1.33794951e-02	1.37460103e-04
6.29000000e-01	1.34341606e-02	1.38083388e-04
6.30000000e-01	1.35168024e-02	1.38632993e-04
6.31000000e-01	1.33752365e-02	1.37341957e-04
6.32000000e-01	1.33332768e-02	1.37394531e-04
6.33000000e-01	1.34103857e-02	1.37983663e-04
6.34000000e-01	1.33847719e-02	1.41220484e-04
6.35000000e-01	1.33626639e-02	1.44371808e-04
6.36000000e-01	1.34977588e-02	1.48998359e-04
6.37000000e-01	1.34396905e-02	1.51108810e-04
6.38000000e-01	1.33772600e-02	1.51541042e-04
6.39000000e-01	1.35586564e-02	1.55525407e-04
6.40000000e-01	1.34203041e-02	1.55703742e-04
6.41000000e-01	1.34364062e-02	1.57627336e-04
6.42000000e-01	1.34677663e-02	1.60164891e-04
6.43000000e-01	1.35582010e-02	1.61256955e-04
6.44000000e-01	1.35024968e-02	1.54785021e-04
6.45000000e-01	1.34815829e-02	1.52271695e-04
6.46000000e-01	1.35317088e-02	1.51640490e-04
6.47000000e-01	1.33701483e-02	1.48730715e-04
6.48000000e-01	1.35237121e-02	1.49234486e-04
6.49000000e-01	1.33509315e-02	1.47540101e-04
6.50000000e-01	1.33805553e-02	1.46564734e-04
6.51000000e-01	1.33877689e-02	1.45822726e-04
6.52000000e-01	1.33723835e-02	1.45298204e-04
6.53000000e-01	1.34261641e-02	1.45243087e-04
6.54000000e-01	1.34879758e-02	1.44783939e-04
6.55000000e-01	1.33603369e-02	1.43746480e-04
6.56000000e-01	1.33537923e-02	1.43815164e-04
6.57000000e-01	1.34812029e-02	1.45016896e-04
6.58000000e-01	1.33209272e-02	1.42823648e-04
6.59000000e-01	1.33290379e-02	1.43292767e-04
6.60000000e-01	1.35007230e-02	1.44497523e-04
6.61000000e-01	1.33686849e-02	1.42769832e-04
6.62000000e-01	1.32437241e-02	1.41812897e-04
6.63000000e-01	1.34138619e-02	1.42999636e-04
6.64000000e-01	1.34122951e-02	1.42818014e-04
6.65000000e-01	1.33264796e-02	1.42606749e-04
6.66000000e-01	1.32023814e-02	1.40769701e-04
6.67000000e-01	1.34030926e-02	1.42915060e-04
6.68000000e-01	1.32691686e-02	1.41579526e-04
6.69000000e-01	1.32365111e-02	1.41060463e-04
6.70000000e-01	1.33238907e-02	1.41580579e-04
6.71000000e-01	1.31880289e-02	1.41381117e-04
6.72000000e-01	1.32122010e-02	1.40620964e-04
6.73000000e-01	1.32258496e-02	1.40763019e-04
6.74000000e-01	1.32571992e-02	1.40942846e-04
6.75000000e-01	1.33572068e-02	1.42130515e-04
6.76000000e-01	1.32637981e-02	1.41384163e-04
6.77000000e-01	1.32049812e-02	1.40264387e-04
6.78000000e-01	1.31280857e-02	1.39662558e-04
6.79000000e-01	1.30693613e-02	1.39073201e-04
6.80000000e-01	1.30967835e-02	1.39212433e-04
6.81000000e-01	1.32438460e-02	1.40733356e-04
6.82000000e-01	1.32114074e-02	1.40017935e-04
6.83000000e-01	1.31007081e-02	1.39054187e-04
6.84000000e-01	1.29030064e-02	1.37673498e-04
6.85000000e-01	1.32723682e-02	1.40667528e-04
6.86000000e-01	1.30712686e-02	1.38762382e-04
6.87000000e-01	1.29639681e-02	1.38161011e-04
6.88000000e-01	1.30765609e-02	1.38891677e-04
6.89000000e-01	1.30647547e-02	1.38567470e-04
6.90000000e-01	1.31761526e-02	1.39778358e-04
6.91000000e-01	1.31096942e-02	1.39305713e-04
6.92000000e-01	1.30153456e-02	1.38465392e-04
6.93000000e-01	1.30025602e-02	1.38175936e-04
6.94000000e-01	1.30450709e-02	1.38955297e-04
6.95000000e-01	1.31012251e-02	1.38629606e-04
6.96000000e-01	1.30091034e-02	1.37734145e-04
6.97000000e-01	1.30313212e-02	1.37926733e-04
6.98000000e-01	1.30239511e-02	1.37869480e-04
6.99000000e-01	1.29942872e-02	1.37929674e-04
7.00000000e-01	1.30727539e-02	1.38036066e-04
7.01000000e-01	1.30058638e-02	1.38291316e-04
7.02000000e-01	1.29948006e-02	1.38139322e-04
7.03000000e-01	1.31423744e-02	1.39000449e-04
7.04000000e-01	1.31469091e-02	1.39498833e-04
7.05000000e-01	1.29011346e-02	1.36741857e-04
7.06000000e-01	1.28684943e-02	1.36596650e-04
7.07000000e-01	1.29477243e-02	1.36936809e-04
7.08000000e-01	1.30007571e-02	1.37278976e-04
7.09000000e-01	1.29741430e-02	1.37453457e-04
7.10000000e-01	1.29476669e-02	1.37223197e-04
7.11000000e-01	1.27800915e-02	1.35399959e-04
7.12000000e-01	1.28028448e-02	1.35315095e-04
7.13000000e-01	1.28048349e-02	1.35731575e-04
7.14000000e-01	1.27030898e-02	1.35351985e-04
7.15000000e-01	1.28212219e-02	1.35820618e-04
7.16000000e-01	1.27681205e-02	1.36010356e-04
7.17000000e-01	1.28214226e-02	1.36032765e-04
7.18000000e-01	1.27767143e-02	1.34791424e-04
7.19000000e-01	1.27128940e-02	1.35326552e-04
7.20000000e-01	1.25678378e-02	1.33604230e-04
7.21000000e-01	1.28653141e-02	1.36239592e-04
7.22000000e-01	1.28534589e-02	1.36393554e-04
7.23000000e-01	1.26600742e-02	1.34769140e-04
7.24000000e-01	1.27483541e-02	1.35551847e-04
7.25000000e-01	1.26508759e-02	1.34633771e-04
7.26000000e-01	1.27161161e-02	1.34626379e-04
7.27000000e-01	1.27413857e-02	1.35240140e-04
7.28000000e-01	1.25835423e-02	1.33583244e-04
7.29000000e-01	1.27869412e-02	1.35628941e-04
7.30000000e-01	1.26438390e-02	1.34199307e-04
7.31000000e-01	1.25688496e-02	1.33498111e-04
7.32000000e-01	1.24855120e-02	1.33151633e-04
7.33000000e-01	1.26292024e-02	1.33677950e-04
7.34000000e-01	1.26120501e-02	1.33905178e-04
7.35000000e-01	1.25534534e-02	1.33070505e-04
7.36000000e-01	1.25539050e-02	1.32661078e-04
7.37000000e-01	1.26044716e-02	1.33070501e-04
7.38000000e-01	1.25722669e-02	1.32533821e-04
7.39000000e-01	1.26472797e-02	1.33105107e-04
7.40000000e-01	1.27027024e-02	1.33638993e-04
7.41000000e-01	1.26117713e-02	1.32078553e-04
7.42000000e-01	1.25838230e-02	1.31740338e-04
7.43000000e-01	1.25108313e-02	1.31622104e-04
7.44000000e-01	1.25578033e-02	1.31932154e-04
7.45000000e-01	1.24761109e-02	1.31699968e-04
7.46000000e-01	1.25909096e-02	1.32201771e-04
7.47000000e-01	1.26107356e-02	1.32399359e-04
7.48000000e-01	1.24300175e-02	1.31159618e-04
7.49000000e-01	1.24828857e-02	1.31618488e-04
7.50000000e-01	1.24415965e-02	1.31017592e-04
7.51000000e-01	1.25709796e-02	1.32095479e-04
7.52000000e-01	1.25837122e-02	1.32431356e-04
7.53000000e-01	1.23539137e-02	1.30234617e-04
7.54000000e-01	1.25019036e-02	1.31497649e-04
7.55000000e-01	1.24208371e-02	1.30926916e-04
7.56000000e-01	1.23110696e-02	1.29775374e-04
7.57000000e-01	1.23967078e-02	1.30780573e-04
7.58000000e-01	1.24432417e-02	1.31105400e-04
7.59000000e-01	1.22517369e-02	1.28455958e-04
7.60000000e-01	1.23994905e-02	1.30326788e-04
7.61000000e-01	1.23283588e-02	1.28966143e-04
7.62000000e-01	1.23308804e-02	1.29267121e-04
7.63000000e-01	1.23712073e-02	1.29233061e-04
7.64000000e-01	1.22813570e-02	1.28290478e-04
7.65000000e-01	1.23559574e-02	1.29049246e-04
7.66000000e-01	1.22738465e-02	1.28056075e-04
7.67000000e-01	1.23647589e-02	1.28659296e-04
7.68000000e-01	1.22223483e-02	1.27217993e-04
7.69000000e-01	1.23323335e-02	1.28640226e-04
7.70000000e-01	1.21883193e-02	1.27688217e-04
7.71000000e-01	1.23150558e-02	1.28265382e-04
7.72000000e-01	1.22450281e-02	1.31934319e-04
7.73000000e-01	1.20594482e-02	1.34346067e-04
7.74000000e-01	1.21617811e-02	1.38144055e-04
7.75000000e-01	1.20804553e-02	1.39309684e-04
7.76000000e-01	1.22152404e-02	1.42495676e-04
7.77000000e-01	1.19899176e-02	1.42785508e-04
7.78000000e-01	1.22319785e-02	1.47430282e-04
7.79000000e-01	1.21053649e-02	1.47727541e-04
7.80000000e-01	1.20368258e-02	1.48704489e-04
7.81000000e-01	1.20688695e-02	1.50194520e-04
7.82000000e-01	1.20315907e-02	1.51845279e-04
7.83000000e-01	1.20124606e-02	1.53455445e-04
7.84000000e-01	1.19652812e-02	1.54670199e-04
7.85000000e-01	1.21474903e-02	1.58008142e-04
7.86000000e-01	1.19710128e-02	1.57838418e-04
7.87000000e-01	1.18741291e-02	1.58277550e-04
7.88000000e-01	1.20333696e-02	1.60938523e-04
7.89000000e-01	1.22183756e-02	1.64913079e-04
7.90000000e-01	1.20384013e-02	1.65026598e-04
7.91000000e-01	1.20185193e-02	1.66336275e-04
7.92000000e-01	1.19318237e-02	1.66708772e-04
7.93000000e-01	1.20452000e-02	1.69501307e-04
7.94000000e-01	1.18930615e-02	1.69802793e-04
7.95000000e-01	1.20370332e-02	1.72821732e-04
7.96000000e-01	1.20886559e-02	1.75746018e-04
7.97000000e-01	1.19197757e-02	1.75164080e-04
7.98000000e-01	1.17879714e-02	1.75804541e-04
7.99000000e-01	1.18813349e-02	1.77890232e-04
8.00000000e-01	1.17983601e-02	1.78714454e-04
8.01000000e-01	1.20261570e-02	1.83667927e-04
8.02000000e-01	1.19894248e-02	1.85553196e-04
8.03000000e-01	1.19502629e-02	1.86750999e-04
8.04000000e-01	1.18250506e-02	1.86083693e-04
8.05000000e-01	1.18757242e-02	1.89701916e-04
8.06000000e-01	1.18989588e-02	1.91637705e-04
8.07000000e-01	1.19775430e-02	1.95716954e-04
8.08000000e-01	1.17497367e-02	1.94819262e-04
8.09000000e-01	1.17288627e-02	1.94633130e-04
8.10000000e-01	1.18125398e-02	1.98676485e-04
8.11000000e-01	1.16818180e-02	1.99470465e-04
8.12000000e-01	1.17537782e-02	2.03389583e-04
8.13000000e-01	1.18109378e-02	2.04951167e-04
8.14000000e-01	1.16737895e-02	2.05416120e-04
8.15000000e-01	1.18491460e-02	2.11948178e-04
8.16000000e-01	1.18249725e-02	2.13466075e-04
8.17000000e-01	1.16769354e-02	2.12655007e-04
8.18000000e-01	1.15515980e-02	2.15133697e-04
8.19000000e-01	1.17257632e-02	2.21934388e-04
8.20000000e-01	1.15984306e-02	2.20679504e-04
8.21000000e-01	1.14376268e-02	2.20408933e-04
8.22000000e-01	1.15646489e-02	2.26605479e-04
8.23000000e-01	1.14976879e-02	2.29003043e-04
8.24000000e-01	1.14743129e-02	2.30792945e-04
8.25000000e-01	1.13569794e-02	2.32174386e-04
8.26000000e-01	1.15059914e-02	2.38283963e-04
8.27000000e-01	1.16517620e-02	2.43353132e-04
8.28000000e-01	1.14514146e-02	2.44530647e-04
8.29000000e-01	1.13806346e-02	2.46844426e-04
8.30000000e-01	1.13043712e-02	2.51087446e-04
8.31000000e-01	1.18154792e-02	2.64039129e-04
8.32000000e-01	1.16022611e-02	2.62627034e-04
8.33000000e-01	1.17377308e-02	2.71915965e-04
8.34000000e-01	1.14610833e-02	2.68015177e-04
8.35000000e-01	1.14637003e-02	2.76085671e-04
8.36000000e-01	1.12720341e-02	2.74115135e-04
8.37000000e-01	1.13491469e-02	2.83383446e-04
8.38000000e-01	1.11439720e-02	2.82298680e-04
8.39000000e-01	1.14069594e-02	2.95870812e-04
8.40000000e-01	1.15025496e-02	3.03442524e-04
8.41000000e-01	1.13713967e-02	3.08126364e-04
8.42000000e-01	1.13341172e-02	3.14441736e-04
8.43000000e-01	1.11157207e-02	3.14701535e-04
8.44000000e-01	1.12964707e-02	3.27102830e-04
8.45000000e-01	1.12255644e-02	3.34361571e-04
8.46000000e-01	1.10556604e-02	3.39529706e-04
8.47000000e-01	1.11830349e-02	3.51523892e-04
8.48000000e-01	1.12179133e-02	3.60763565e-04
8.49000000e-01	1.10825250e-02	3.72785190e-04
8.50000000e-01	1.12582136e-02	3.91623120e-04
8.51000000e-01	1.12069342e-02	4.06480437e-04
8.52000000e-01	1.04847547e-02	3.93947820e-04
8.53000000e-01	1.10664393e-02	4.29187123e-04
8.54000000e-01	1.12981859e-02	4.60264578e-04
8.55000000e-01	1.11332888e-02	4.71202488e-04
8.56000000e-01	1.13387598e-02	4.92903222e-04
8.57000000e-01	1.10185633e-02	4.87684570e-04
8.58000000e-01	1.09556080e-02	5.01686450e-04
8.59000000e-01	1.09306908e-02	5.14843912e-04
8.60000000e-01	1.17681156e-02	5.66627760e-04
8.61000000e-01	1.09843082e-02	5.60243509e-04
8.62000000e-01	1.02880122e-02	5.47748235e-04
8.63000000e-01	1.03869156e-02	5.76383471e-04
8.64000000e-01	1.07331597e-02	6.14836598e-04
8.65000000e-01	1.08546638e-02	6.50668002e-04
8.66000000e-01	1.12548676e-02	7.04493191e-04
8.67000000e-01	1.17256517e-02	7.58977722e-04
8.68000000e-01	1.15543446e-02	8.14798055e-04
8.69000000e-01	1.14474773e-02	8.64046232e-04
8.70000000e-01	9.68581811e-03	8.02553055e-04
8.71000000e-01	1.12993414e-02	1.05288107e-03
8.72000000e-01	1.11312210e-02	1.16380778e-03
8.73000000e-01	1.04076968e-02	1.27041133e-03
8.74000000e-01	1.13849970e-02	1.84945396e-03
8.75000000e-01	1.15278371e-02	3.54657221e-03
