% Filename : SSW20_00038_00025.h5
% Date & Time : 30-Oct-2025 17:44:24
% X-ray Energy (keV) : 13.30001
% Exposure Time (s) : 0.500
% Beam Center : 1461.24000, 208.98300
% Sample to Detector Distance (SDD) (mm) : 1990.750
% Detector Pixel Size (mm) : 0.075
% Photodiode Value : 141913.000
% I0 of Sample : 0
% I0 of Standard : 1
% 
% q(A^-1)   I(q)    I(q)_SE
0.00000000e+00	1.01846599e-02	5.40123089e-03
2.50000000e-04	0.00000000e+00	0.00000000e+00
5.00000000e-04	0.00000000e+00	0.00000000e+00
7.50000000e-04	0.00000000e+00	0.00000000e+00
1.00000000e-03	0.00000000e+00	0.00000000e+00
1.25000000e-03	0.00000000e+00	0.00000000e+00
1.50000000e-03	0.00000000e+00	0.00000000e+00
1.75000000e-03	0.00000000e+00	0.00000000e+00
2.00000000e-03	0.00000000e+00	0.00000000e+00
2.25000000e-03	0.00000000e+00	0.00000000e+00
2.50000000e-03	0.00000000e+00	0.00000000e+00
2.75000000e-03	0.00000000e+00	0.00000000e+00
3.00000000e-03	0.00000000e+00	0.00000000e+00
3.25000000e-03	3.10189868e+02	1.80183901e+02
3.50000000e-03	2.91071299e+02	1.03707334e+02
3.75000000e-03	2.10040284e+02	6.52832613e+01
4.00000000e-03	1.59261239e+02	4.58306129e+01
4.25000000e-03	9.05607824e+01	2.36401912e+01
4.50000000e-03	1.04916190e+02	2.18877859e+01
4.75000000e-03	9.31653734e+01	1.71616082e+01
5.00000000e-03	7.07052216e+01	1.23344171e+01
5.25000000e-03	5.75290562e+01	9.83180756e+00
5.50000000e-03	5.07560794e+01	8.44159506e+00
5.75000000e-03	4.54495095e+01	7.38380024e+00
6.00000000e-03	3.45962501e+01	5.62817215e+00
6.25000000e-03	3.04485006e+01	4.77085224e+00
6.50000000e-03	2.44121613e+01	3.77692556e+00
6.75000000e-03	2.23877736e+01	3.38905442e+00
7.00000000e-03	1.99829790e+01	2.91154655e+00
7.25000000e-03	1.63806193e+01	2.33284934e+00
7.50000000e-03	1.39699108e+01	2.02927522e+00
7.75000000e-03	1.20455818e+01	1.68373898e+00
8.00000000e-03	1.16117730e+01	1.55610932e+00
8.25000000e-03	9.49227510e+00	1.25019794e+00
8.50000000e-03	8.59830763e+00	1.12217307e+00
8.75000000e-03	7.48067896e+00	9.65396603e-01
9.00000000e-03	6.55936434e+00	8.27839023e-01
9.25000000e-03	6.36819973e+00	7.82132340e-01
9.50000000e-03	5.33781305e+00	6.42660986e-01
9.75000000e-03	4.82125564e+00	5.85620190e-01
1.00000000e-02	4.23470837e+00	5.07718952e-01
1.02500000e-02	3.89241036e+00	4.65774999e-01
1.05000000e-02	3.74875433e+00	4.30099999e-01
1.07500000e-02	3.32683768e+00	3.80665384e-01
1.10000000e-02	2.97685570e+00	3.34639720e-01
1.12500000e-02	2.69504684e+00	3.04066708e-01
1.15000000e-02	2.48493422e+00	2.75424939e-01
1.17500000e-02	2.26684074e+00	2.46516112e-01
1.20000000e-02	2.10187109e+00	2.25795232e-01
1.22500000e-02	1.92898779e+00	2.02561370e-01
1.25000000e-02	1.75497803e+00	1.81695773e-01
1.27500000e-02	1.63509095e+00	1.65998451e-01
1.30000000e-02	1.55259048e+00	1.55770285e-01
1.32500000e-02	1.38977515e+00	1.37608873e-01
1.35000000e-02	1.29603800e+00	1.27025867e-01
1.37500000e-02	1.21660255e+00	1.19573299e-01
1.40000000e-02	1.14212539e+00	1.12103919e-01
1.42500000e-02	1.06484232e+00	1.01132078e-01
1.45000000e-02	9.82353730e-01	9.21942802e-02
1.47500000e-02	9.07933683e-01	8.37092248e-02
1.50000000e-02	8.57642605e-01	7.84247752e-02
1.52500000e-02	7.87314613e-01	7.16612550e-02
1.55000000e-02	7.64948489e-01	6.79159823e-02
1.57500000e-02	7.02243319e-01	6.23875563e-02
1.60000000e-02	6.52784335e-01	5.66470985e-02
1.62500000e-02	6.14252076e-01	5.28809949e-02
1.65000000e-02	5.72599235e-01	4.97047465e-02
1.67500000e-02	5.71420222e-01	4.76334156e-02
1.70000000e-02	5.24460704e-01	4.40214978e-02
1.72500000e-02	4.93533485e-01	4.07667651e-02
1.75000000e-02	4.71535206e-01	3.92305892e-02
1.77500000e-02	4.44150867e-01	3.62972478e-02
1.80000000e-02	4.41163145e-01	3.56815146e-02
1.82500000e-02	4.05794019e-01	3.19896864e-02
1.85000000e-02	3.79585293e-01	3.04794717e-02
1.87500000e-02	3.56901076e-01	2.79264936e-02
1.90000000e-02	3.42565016e-01	2.68287001e-02
1.92500000e-02	3.37961283e-01	2.61769222e-02
1.95000000e-02	3.20039744e-01	2.44892388e-02
1.97500000e-02	2.96808864e-01	2.25202894e-02
2.00000000e-02	2.79380092e-01	2.10912514e-02
2.02500000e-02	2.72413779e-01	2.03556303e-02
2.05000000e-02	2.70775222e-01	1.96446560e-02
2.07500000e-02	2.53688144e-01	1.81857601e-02
2.10000000e-02	2.44898889e-01	1.76810069e-02
2.12500000e-02	2.39778606e-01	1.69156679e-02
2.15000000e-02	2.30171673e-01	1.63445962e-02
2.17500000e-02	2.27475786e-01	1.59911531e-02
2.20000000e-02	2.22260722e-01	1.54106307e-02
2.22500000e-02	2.10421906e-01	1.46327114e-02
2.25000000e-02	2.07675569e-01	1.44627350e-02
2.27500000e-02	1.95964056e-01	1.33230841e-02
2.30000000e-02	1.98453353e-01	1.34743126e-02
2.32500000e-02	1.87972846e-01	1.26816747e-02
2.35000000e-02	1.84284482e-01	1.24128616e-02
2.37500000e-02	1.76931052e-01	1.17605958e-02
2.40000000e-02	1.67591454e-01	1.12267049e-02
2.42500000e-02	1.68636954e-01	1.11125430e-02
2.45000000e-02	1.58634093e-01	1.02710132e-02
2.47500000e-02	1.53887077e-01	9.92765474e-03
2.50000000e-02	1.51054407e-01	9.73576104e-03
2.52500000e-02	1.45794540e-01	9.39455590e-03
2.55000000e-02	1.45725017e-01	9.12480763e-03
2.57500000e-02	1.39442824e-01	8.69502288e-03
2.60000000e-02	1.33536338e-01	8.27625677e-03
2.62500000e-02	1.31910744e-01	8.31101848e-03
2.65000000e-02	1.25350498e-01	7.77409594e-03
2.67500000e-02	1.23622736e-01	7.56527369e-03
2.70000000e-02	1.20013215e-01	7.36975855e-03
2.72500000e-02	1.18434323e-01	7.12424733e-03
2.75000000e-02	1.12973559e-01	6.90149455e-03
2.77500000e-02	1.13218725e-01	6.82221037e-03
2.80000000e-02	1.07847096e-01	6.34662757e-03
2.82500000e-02	1.05215551e-01	6.17905795e-03
2.85000000e-02	1.03737361e-01	6.03456171e-03
2.87500000e-02	1.02531967e-01	5.98624076e-03
2.90000000e-02	9.92573671e-02	5.74122454e-03
2.92500000e-02	9.83101044e-02	5.50786670e-03
2.95000000e-02	9.47282667e-02	5.42361732e-03
2.97500000e-02	9.14095732e-02	5.09582612e-03
3.00000000e-02	9.06965683e-02	5.12460352e-03
3.02500000e-02	9.03183191e-02	5.07601713e-03
3.05000000e-02	8.66478575e-02	4.77003997e-03
3.07500000e-02	8.43559896e-02	4.63504362e-03
3.10000000e-02	8.43379809e-02	4.56533461e-03
3.12500000e-02	8.15528256e-02	4.50577280e-03
3.15000000e-02	7.92109367e-02	4.34045339e-03
3.17500000e-02	7.90618663e-02	4.23789606e-03
3.20000000e-02	7.62678810e-02	4.11811120e-03
3.22500000e-02	7.54384531e-02	4.03171872e-03
3.25000000e-02	7.18148818e-02	3.83805335e-03
3.27500000e-02	7.22706879e-02	3.81459448e-03
3.30000000e-02	6.99235177e-02	3.65577324e-03
3.32500000e-02	6.88267139e-02	3.59986720e-03
3.35000000e-02	6.57995536e-02	3.45995487e-03
3.37500000e-02	6.55168975e-02	3.41148629e-03
3.40000000e-02	6.62525610e-02	3.40822428e-03
3.42500000e-02	6.42981005e-02	3.26582251e-03
3.45000000e-02	6.38386472e-02	3.22485740e-03
3.47500000e-02	6.14792604e-02	3.10579591e-03
3.50000000e-02	6.08532118e-02	3.07335223e-03
3.52500000e-02	5.93579750e-02	2.99402475e-03
3.55000000e-02	6.06843263e-02	3.02457661e-03
3.57500000e-02	5.79569785e-02	2.92524506e-03
3.60000000e-02	5.59046982e-02	2.78911108e-03
3.62500000e-02	5.42123315e-02	2.70810907e-03
3.65000000e-02	5.37475993e-02	2.65441100e-03
3.67500000e-02	5.47603429e-02	2.68435222e-03
3.70000000e-02	5.30534740e-02	2.60281292e-03
3.72500000e-02	5.22606035e-02	2.51400365e-03
3.75000000e-02	5.14557079e-02	2.49454000e-03
3.77500000e-02	5.11326984e-02	2.47606871e-03
3.80000000e-02	5.02306392e-02	2.41799013e-03
3.82500000e-02	4.83390577e-02	2.30013175e-03
3.85000000e-02	4.82635763e-02	2.26558305e-03
3.87500000e-02	4.75256211e-02	2.23498865e-03
3.90000000e-02	4.73135161e-02	2.23711873e-03
3.92500000e-02	4.74937303e-02	2.20316025e-03
3.95000000e-02	4.49254046e-02	2.09124131e-03
3.97500000e-02	4.47230412e-02	2.07289514e-03
4.00000000e-02	4.41060092e-02	2.04033736e-03
4.02500000e-02	4.50229425e-02	2.05489860e-03
4.05000000e-02	4.37079472e-02	1.99493593e-03
4.07500000e-02	4.32614819e-02	1.96664508e-03
4.10000000e-02	4.37157609e-02	1.97989647e-03
4.12500000e-02	4.17567219e-02	1.90908262e-03
4.15000000e-02	4.16193530e-02	1.87243604e-03
4.17500000e-02	4.21199601e-02	1.88812639e-03
4.20000000e-02	4.04760152e-02	1.79672361e-03
4.22500000e-02	4.04015888e-02	1.79820321e-03
4.25000000e-02	3.85925207e-02	1.70080692e-03
4.27500000e-02	3.99816861e-02	1.74722710e-03
4.30000000e-02	3.92689361e-02	1.71155358e-03
4.32500000e-02	3.83649284e-02	1.68217312e-03
4.35000000e-02	3.82258090e-02	1.67837840e-03
4.37500000e-02	3.74674247e-02	1.60978163e-03
4.40000000e-02	3.72768973e-02	1.62408127e-03
4.42500000e-02	3.58978203e-02	1.56097505e-03
4.45000000e-02	3.65410968e-02	1.55795844e-03
4.47500000e-02	3.65385971e-02	1.57270222e-03
4.50000000e-02	3.60350271e-02	1.54554265e-03
4.52500000e-02	3.55359168e-02	1.50836118e-03
4.55000000e-02	3.58158885e-02	1.52777628e-03
4.57500000e-02	3.42254524e-02	1.45251961e-03
4.60000000e-02	3.45682803e-02	1.46981590e-03
4.62500000e-02	3.47412019e-02	1.46585472e-03
4.65000000e-02	3.42782899e-02	1.43353659e-03
4.67500000e-02	3.43783175e-02	1.42949610e-03
4.70000000e-02	3.42767816e-02	1.43042192e-03
4.72500000e-02	3.26108284e-02	1.35831694e-03
4.75000000e-02	3.26613818e-02	1.36003827e-03
4.77500000e-02	3.26036642e-02	1.35079505e-03
4.80000000e-02	3.32173033e-02	1.35574719e-03
4.82500000e-02	3.30825893e-02	1.35299409e-03
4.85000000e-02	3.16858396e-02	1.33107827e-03
4.87500000e-02	3.19256750e-02	1.31503850e-03
4.90000000e-02	3.11986541e-02	1.26360107e-03
4.92500000e-02	3.16854491e-02	1.29063189e-03
4.95000000e-02	3.13435214e-02	1.26752486e-03
4.97500000e-02	3.05314930e-02	1.24609708e-03
5.00000000e-02	3.08015276e-02	1.24159946e-03
5.02500000e-02	3.08253085e-02	1.23182432e-03
5.05000000e-02	3.00195730e-02	1.20063023e-03
5.07500000e-02	3.04246889e-02	1.21351218e-03
5.10000000e-02	2.93767092e-02	1.18279876e-03
5.12500000e-02	3.00652638e-02	1.20623406e-03
5.15000000e-02	2.94607550e-02	1.16642191e-03
5.17500000e-02	2.91833458e-02	1.16832051e-03
5.20000000e-02	2.89931615e-02	1.14850265e-03
5.22500000e-02	2.91533943e-02	1.15124764e-03
5.25000000e-02	2.94760588e-02	1.16601350e-03
5.27500000e-02	2.91899274e-02	1.13206600e-03
5.30000000e-02	2.98777772e-02	1.17721425e-03
5.32500000e-02	2.83606936e-02	1.11319752e-03
5.35000000e-02	2.83835286e-02	1.10978904e-03
5.37500000e-02	2.84041468e-02	1.11601616e-03
5.40000000e-02	2.83357924e-02	1.10711968e-03
5.42500000e-02	2.76834718e-02	1.07165534e-03
5.45000000e-02	2.77999469e-02	1.07579964e-03
5.47500000e-02	2.81616681e-02	1.08466481e-03
5.50000000e-02	2.82857472e-02	1.08328713e-03
5.52500000e-02	2.71274056e-02	1.04281527e-03
5.55000000e-02	2.71228281e-02	1.03940682e-03
5.57500000e-02	2.81319322e-02	1.08333819e-03
5.60000000e-02	2.71503202e-02	1.04289042e-03
5.62500000e-02	2.65894021e-02	1.02844914e-03
5.65000000e-02	2.63509319e-02	9.98354257e-04
5.67500000e-02	2.71911051e-02	1.03960957e-03
5.70000000e-02	2.55360557e-02	9.74143610e-04
5.72500000e-02	2.66741281e-02	1.01082795e-03
5.75000000e-02	2.63358491e-02	9.87658303e-04
5.77500000e-02	2.62114946e-02	9.74733887e-04
5.80000000e-02	2.66649771e-02	1.00165259e-03
5.82500000e-02	2.64280836e-02	9.97434892e-04
5.85000000e-02	2.55956403e-02	9.58411093e-04
5.87500000e-02	2.61546465e-02	9.74244725e-04
5.90000000e-02	2.58372296e-02	9.72990404e-04
5.92500000e-02	2.66174214e-02	9.88399727e-04
5.95000000e-02	2.64052461e-02	9.75663251e-04
5.97500000e-02	2.58744614e-02	9.66012018e-04
6.00000000e-02	2.60661271e-02	9.62666248e-04
6.02500000e-02	2.58834912e-02	9.60514065e-04
6.05000000e-02	2.46664422e-02	9.09402624e-04
6.07500000e-02	2.54787310e-02	9.44156935e-04
6.10000000e-02	2.56273316e-02	9.44646351e-04
6.12500000e-02	2.47008353e-02	9.14664940e-04
6.15000000e-02	2.58977235e-02	9.43215907e-04
6.17500000e-02	2.53082895e-02	9.18968204e-04
6.20000000e-02	2.53408034e-02	9.25106155e-04
6.22500000e-02	2.47023001e-02	8.97940108e-04
6.25000000e-02	2.47402920e-02	9.09693634e-04
6.27500000e-02	2.49007509e-02	8.95459749e-04
6.30000000e-02	2.47732908e-02	8.99930697e-04
6.32500000e-02	2.42145199e-02	8.77576614e-04
6.35000000e-02	2.52354694e-02	9.13991477e-04
6.37500000e-02	2.46828964e-02	8.93886369e-04
6.40000000e-02	2.42931053e-02	8.70323162e-04
6.42500000e-02	2.51742646e-02	8.96623234e-04
6.45000000e-02	2.39626776e-02	8.57410804e-04
6.47500000e-02	2.43238739e-02	8.79715161e-04
6.50000000e-02	2.38983251e-02	8.51804970e-04
6.52500000e-02	2.44194123e-02	8.63431738e-04
6.55000000e-02	2.42286618e-02	8.58848081e-04
6.57500000e-02	2.37462552e-02	8.47594912e-04
6.60000000e-02	2.36034018e-02	8.39770346e-04
6.62500000e-02	2.38379003e-02	8.49116764e-04
6.65000000e-02	2.43409728e-02	8.60239420e-04
6.67500000e-02	2.42662194e-02	8.55169821e-04
6.70000000e-02	2.42553806e-02	8.53176634e-04
6.72500000e-02	2.34575495e-02	8.29825879e-04
6.75000000e-02	2.39877686e-02	8.43522688e-04
6.77500000e-02	2.41646330e-02	8.40926469e-04
6.80000000e-02	2.37403917e-02	8.35947440e-04
6.82500000e-02	2.36543381e-02	8.28551165e-04
6.85000000e-02	2.35039963e-02	8.28544318e-04
6.87500000e-02	2.38330560e-02	8.35228265e-04
6.90000000e-02	2.38537375e-02	8.26372041e-04
6.92500000e-02	2.30443447e-02	7.98916299e-04
6.95000000e-02	2.33405559e-02	8.14849815e-04
6.97500000e-02	2.28538591e-02	7.99260337e-04
7.00000000e-02	2.34849948e-02	8.14385458e-04
7.02500000e-02	2.33076576e-02	8.02240740e-04
7.05000000e-02	2.35221497e-02	8.07336368e-04
7.07500000e-02	2.30564223e-02	8.03152534e-04
7.10000000e-02	2.32138478e-02	8.02269725e-04
7.12500000e-02	2.23951475e-02	7.73575516e-04
7.15000000e-02	2.35182332e-02	8.08743602e-04
7.17500000e-02	2.36709314e-02	8.09449176e-04
7.20000000e-02	2.29804350e-02	7.85164135e-04
7.22500000e-02	2.32627345e-02	7.93949043e-04
7.25000000e-02	2.29548570e-02	7.88037939e-04
7.27500000e-02	2.31107674e-02	7.91306570e-04
7.30000000e-02	2.29283464e-02	7.83752188e-04
7.32500000e-02	2.34721483e-02	7.98520578e-04
7.35000000e-02	2.36192156e-02	8.01516989e-04
7.37500000e-02	2.30967356e-02	7.81057950e-04
7.40000000e-02	2.25918502e-02	7.70660894e-04
7.42500000e-02	2.26830285e-02	7.67189107e-04
7.45000000e-02	2.24861709e-02	7.61329435e-04
7.47500000e-02	2.27220678e-02	7.62200588e-04
7.50000000e-02	2.25678649e-02	7.56227370e-04
7.52500000e-02	2.24852099e-02	7.57733523e-04
7.55000000e-02	2.26250474e-02	7.57792291e-04
7.57500000e-02	2.25505421e-02	7.55925129e-04
7.60000000e-02	2.25298627e-02	7.57266414e-04
7.62500000e-02	2.24591098e-02	7.54993699e-04
7.65000000e-02	2.28944604e-02	7.63164636e-04
7.67500000e-02	2.26477271e-02	7.61482305e-04
7.70000000e-02	2.21708366e-02	7.34068701e-04
7.72500000e-02	2.28717084e-02	7.73427741e-04
7.75000000e-02	2.23951601e-02	7.75461358e-04
7.77500000e-02	2.18536235e-02	7.62807616e-04
7.80000000e-02	2.27145851e-02	7.81212648e-04
7.82500000e-02	2.18802236e-02	7.67204711e-04
7.85000000e-02	2.24125800e-02	7.88139130e-04
7.87500000e-02	2.31353861e-02	8.02274771e-04
7.90000000e-02	2.27680921e-02	7.96113772e-04
7.92500000e-02	2.27468310e-02	8.04178417e-04
7.95000000e-02	2.23355003e-02	7.85397065e-04
7.97500000e-02	2.24222536e-02	7.92875567e-04
8.00000000e-02	2.29264207e-02	8.08855606e-04
8.02500000e-02	2.30930972e-02	8.22135586e-04
8.05000000e-02	2.20630475e-02	7.87628318e-04
8.07500000e-02	2.22076599e-02	7.95946634e-04
8.10000000e-02	2.22472857e-02	8.00097452e-04
8.12500000e-02	2.21636200e-02	7.97971629e-04
8.15000000e-02	2.27101230e-02	8.06738752e-04
8.17500000e-02	2.20039401e-02	7.96639730e-04
8.20000000e-02	2.17632288e-02	7.92474406e-04
8.22500000e-02	2.12652622e-02	7.75108835e-04
8.25000000e-02	2.29250270e-02	8.26896782e-04
8.27500000e-02	2.17022711e-02	7.84355101e-04
8.30000000e-02	2.08914444e-02	7.64780591e-04
8.32500000e-02	2.24663133e-02	8.14014542e-04
8.35000000e-02	2.27341116e-02	8.25365011e-04
8.37500000e-02	2.25804404e-02	8.13552616e-04
8.40000000e-02	2.23915713e-02	8.16086185e-04
8.42500000e-02	2.30478586e-02	8.40886909e-04
8.45000000e-02	2.20263474e-02	8.08122987e-04
8.47500000e-02	2.23815830e-02	8.17935874e-04
8.50000000e-02	2.18872565e-02	7.97123046e-04
8.52500000e-02	2.18562779e-02	8.06334879e-04
8.55000000e-02	2.20464275e-02	8.10458378e-04
8.57500000e-02	2.25487086e-02	8.22480938e-04
8.60000000e-02	2.24943761e-02	8.26463410e-04
8.62500000e-02	2.16183807e-02	7.92807316e-04
8.65000000e-02	2.15278695e-02	7.97302755e-04
8.67500000e-02	2.20048433e-02	8.05120365e-04
8.70000000e-02	2.20858449e-02	7.94005511e-04
8.72500000e-02	2.24024001e-02	7.95095464e-04
8.75000000e-02	2.19335826e-02	7.66120581e-04
8.77500000e-02	2.22066229e-02	7.71103059e-04
8.80000000e-02	2.24106886e-02	7.83004992e-04
8.82500000e-02	2.26944372e-02	7.91050009e-04
8.85000000e-02	2.19357179e-02	7.58502635e-04
8.87500000e-02	2.22015112e-02	7.48565387e-04
8.90000000e-02	2.17337827e-02	7.45521211e-04
8.92500000e-02	2.23963254e-02	7.63279856e-04
8.95000000e-02	2.12712733e-02	7.23375023e-04
8.97500000e-02	2.25826875e-02	7.53723567e-04
9.00000000e-02	2.22075664e-02	7.42984869e-04
9.02500000e-02	2.16676736e-02	7.28943503e-04
9.05000000e-02	2.16752112e-02	7.30922825e-04
9.07500000e-02	2.21608948e-02	7.36347731e-04
9.10000000e-02	2.17302140e-02	7.23485848e-04
9.12500000e-02	2.23470738e-02	7.38364561e-04
9.15000000e-02	2.14584035e-02	7.10996224e-04
9.17500000e-02	2.18379771e-02	7.28340635e-04
9.20000000e-02	2.17098225e-02	7.16351974e-04
9.22500000e-02	2.15429730e-02	7.07128523e-04
9.25000000e-02	2.12737378e-02	7.01167975e-04
9.27500000e-02	2.24347080e-02	7.38879625e-04
9.30000000e-02	2.14398400e-02	7.08062006e-04
9.32500000e-02	2.13362230e-02	6.97725832e-04
9.35000000e-02	2.11917777e-02	6.97435846e-04
9.37500000e-02	2.15439505e-02	7.01193854e-04
9.40000000e-02	2.12599038e-02	7.01781717e-04
9.42500000e-02	2.12057038e-02	6.90543151e-04
9.45000000e-02	2.10160246e-02	6.78262636e-04
9.47500000e-02	2.14633209e-02	6.98079932e-04
9.50000000e-02	2.13194613e-02	6.92387228e-04
9.52500000e-02	2.14975454e-02	6.94942707e-04
9.55000000e-02	2.10654678e-02	6.77012893e-04
9.57500000e-02	2.13289429e-02	6.96773165e-04
9.60000000e-02	2.13374873e-02	6.87894793e-04
9.62500000e-02	2.17187173e-02	6.95460857e-04
9.65000000e-02	2.12671213e-02	6.78289672e-04
9.67500000e-02	2.12783860e-02	6.79038424e-04
9.70000000e-02	2.13041931e-02	6.81182161e-04
9.72500000e-02	2.17460067e-02	6.91926995e-04
9.75000000e-02	2.16075131e-02	6.89099571e-04
9.77500000e-02	2.12167417e-02	6.72100257e-04
9.80000000e-02	2.07148694e-02	6.60070133e-04
9.82500000e-02	2.16756267e-02	6.84099203e-04
9.85000000e-02	2.12048106e-02	6.69091944e-04
9.87500000e-02	2.12376226e-02	6.67127587e-04
9.90000000e-02	2.15896500e-02	6.82415718e-04
9.92500000e-02	2.12679653e-02	6.70163353e-04
9.95000000e-02	2.10004735e-02	6.59806671e-04
9.97500000e-02	2.17066951e-02	6.84018450e-04
1.00000000e-01	2.13710630e-02	5.44729382e-04
1.00500000e-01	2.15206652e-02	4.76351016e-04
1.01000000e-01	2.13231201e-02	4.68927412e-04
1.01500000e-01	2.11478138e-02	4.66709215e-04
1.02000000e-01	2.08621633e-02	4.57085317e-04
1.02500000e-01	2.10074759e-02	4.58534608e-04
1.03000000e-01	2.10636877e-02	4.58815435e-04
1.03500000e-01	2.08228964e-02	4.50752538e-04
1.04000000e-01	2.10945825e-02	4.58504263e-04
1.04500000e-01	2.09548166e-02	4.52437079e-04
1.05000000e-01	2.11644990e-02	4.55005134e-04
1.05500000e-01	2.08132242e-02	4.47232540e-04
1.06000000e-01	2.08611159e-02	4.47718895e-04
1.06500000e-01	2.07933706e-02	4.42935600e-04
1.07000000e-01	2.13058782e-02	4.62440727e-04
1.07500000e-01	2.07036804e-02	4.57871181e-04
1.08000000e-01	2.06903749e-02	4.60622946e-04
1.08500000e-01	2.08705096e-02	4.66193364e-04
1.09000000e-01	2.04890025e-02	4.62695644e-04
1.09500000e-01	2.08108259e-02	4.73801595e-04
1.10000000e-01	2.12522989e-02	4.76261378e-04
1.10500000e-01	2.09572309e-02	4.60759018e-04
1.11000000e-01	2.09556554e-02	4.51070770e-04
1.11500000e-01	2.08412711e-02	4.49676586e-04
1.12000000e-01	2.08131306e-02	4.43294531e-04
1.12500000e-01	2.09377063e-02	4.41711250e-04
1.13000000e-01	2.06826018e-02	4.35849709e-04
1.13500000e-01	2.09346427e-02	4.38867770e-04
1.14000000e-01	2.11302555e-02	4.40272267e-04
1.14500000e-01	2.10661471e-02	4.38368501e-04
1.15000000e-01	2.05704232e-02	4.26455417e-04
1.15500000e-01	2.07337039e-02	4.31621350e-04
1.16000000e-01	2.09279633e-02	4.33268541e-04
1.16500000e-01	2.07086850e-02	4.26277695e-04
1.17000000e-01	2.04557238e-02	4.23949375e-04
1.17500000e-01	2.04410902e-02	4.20484460e-04
1.18000000e-01	2.10123947e-02	4.31917279e-04
1.18500000e-01	2.06914809e-02	4.21897904e-04
1.19000000e-01	2.06086111e-02	4.21344479e-04
1.19500000e-01	2.09040008e-02	4.24103120e-04
1.20000000e-01	2.08548846e-02	4.20679018e-04
1.20500000e-01	2.08605529e-02	4.22167826e-04
1.21000000e-01	2.08110510e-02	4.20132280e-04
1.21500000e-01	2.03664605e-02	4.11420864e-04
1.22000000e-01	2.03395800e-02	4.09336874e-04
1.22500000e-01	2.05389842e-02	4.12172158e-04
1.23000000e-01	2.03689304e-02	4.09406785e-04
1.23500000e-01	2.04897026e-02	4.07225057e-04
1.24000000e-01	2.08085122e-02	4.15815044e-04
1.24500000e-01	2.07389373e-02	4.13295884e-04
1.25000000e-01	2.05881455e-02	4.08145910e-04
1.25500000e-01	2.05276793e-02	4.07437078e-04
1.26000000e-01	2.06291216e-02	4.07984466e-04
1.26500000e-01	2.04927324e-02	4.03921370e-04
1.27000000e-01	2.04587608e-02	4.01235920e-04
1.27500000e-01	2.07917699e-02	4.08063877e-04
1.28000000e-01	2.06667118e-02	4.05571140e-04
1.28500000e-01	2.06111750e-02	4.02378470e-04
1.29000000e-01	2.03680879e-02	3.97740619e-04
1.29500000e-01	2.08898048e-02	4.06497010e-04
1.30000000e-01	2.08713454e-02	4.06304802e-04
1.30500000e-01	2.06097037e-02	3.98018875e-04
1.31000000e-01	2.05283987e-02	3.98104386e-04
1.31500000e-01	2.05738243e-02	3.98335109e-04
1.32000000e-01	2.05420824e-02	3.95575775e-04
1.32500000e-01	2.06099340e-02	3.97395343e-04
1.33000000e-01	2.06240271e-02	3.93884521e-04
1.33500000e-01	2.06145614e-02	3.92392528e-04
1.34000000e-01	2.06279049e-02	3.94583831e-04
1.34500000e-01	2.05951553e-02	3.90893247e-04
1.35000000e-01	2.05670922e-02	3.89583099e-04
1.35500000e-01	2.06148675e-02	3.88925843e-04
1.36000000e-01	2.04156080e-02	3.85396414e-04
1.36500000e-01	2.04733637e-02	3.86485857e-04
1.37000000e-01	2.05644817e-02	3.86865384e-04
1.37500000e-01	2.03865686e-02	3.84518410e-04
1.38000000e-01	2.04825592e-02	3.84094642e-04
1.38500000e-01	2.03592478e-02	3.80801031e-04
1.39000000e-01	2.01684752e-02	3.78805788e-04
1.39500000e-01	2.05173439e-02	3.84378268e-04
1.40000000e-01	2.05059570e-02	3.82685616e-04
1.40500000e-01	2.03831191e-02	3.82019861e-04
1.41000000e-01	2.03551016e-02	3.80285731e-04
1.41500000e-01	2.03898424e-02	3.81231761e-04
1.42000000e-01	2.01634184e-02	3.75472616e-04
1.42500000e-01	2.03044652e-02	3.77611687e-04
1.43000000e-01	2.02246142e-02	3.75451339e-04
1.43500000e-01	2.01016593e-02	3.71826485e-04
1.44000000e-01	2.02650679e-02	3.76105859e-04
1.44500000e-01	2.00533038e-02	3.68852499e-04
1.45000000e-01	2.02252265e-02	3.72643464e-04
1.45500000e-01	2.02148427e-02	3.73839233e-04
1.46000000e-01	2.02378141e-02	3.71185110e-04
1.46500000e-01	2.00902101e-02	3.69814618e-04
1.47000000e-01	2.02804479e-02	3.72272861e-04
1.47500000e-01	2.00084831e-02	3.65866897e-04
1.48000000e-01	2.01821620e-02	3.67896525e-04
1.48500000e-01	2.01097184e-02	3.65955094e-04
1.49000000e-01	2.00558652e-02	3.66419793e-04
1.49500000e-01	1.98548856e-02	3.60689766e-04
1.50000000e-01	2.00456782e-02	3.64161348e-04
1.50500000e-01	1.96068561e-02	3.55493320e-04
1.51000000e-01	1.99307747e-02	3.61731825e-04
1.51500000e-01	2.01237022e-02	3.62505003e-04
1.52000000e-01	2.02451740e-02	3.62495733e-04
1.52500000e-01	1.99164601e-02	3.57461760e-04
1.53000000e-01	1.99446831e-02	3.58846467e-04
1.53500000e-01	1.97885083e-02	3.55060955e-04
1.54000000e-01	1.98512493e-02	3.54069517e-04
1.54500000e-01	2.00921269e-02	3.65767354e-04
1.55000000e-01	1.98635328e-02	3.66673092e-04
1.55500000e-01	1.98662518e-02	3.68413511e-04
1.56000000e-01	1.97108461e-02	3.67946974e-04
1.56500000e-01	1.98345813e-02	3.68440670e-04
1.57000000e-01	2.01904474e-02	3.77842633e-04
1.57500000e-01	1.98024610e-02	3.64034796e-04
1.58000000e-01	1.96075251e-02	3.53949382e-04
1.58500000e-01	1.99433115e-02	3.58217859e-04
1.59000000e-01	1.95141010e-02	3.49454782e-04
1.59500000e-01	1.99044574e-02	3.56828999e-04
1.60000000e-01	1.96103441e-02	3.51033335e-04
1.60500000e-01	1.97493158e-02	3.51277868e-04
1.61000000e-01	1.98140649e-02	3.52169220e-04
1.61500000e-01	1.97095481e-02	3.48499388e-04
1.62000000e-01	1.97521555e-02	3.48298831e-04
1.62500000e-01	1.94731059e-02	3.44963343e-04
1.63000000e-01	1.97451766e-02	3.45807909e-04
1.63500000e-01	1.94257627e-02	3.43776213e-04
1.64000000e-01	1.95532373e-02	3.43212673e-04
1.64500000e-01	1.94354742e-02	3.40994218e-04
1.65000000e-01	1.95660485e-02	3.42688144e-04
1.65500000e-01	1.96607354e-02	3.43558581e-04
1.66000000e-01	1.97257742e-02	3.44092204e-04
1.66500000e-01	1.95094579e-02	3.38144745e-04
1.67000000e-01	1.96490116e-02	3.41771427e-04
1.67500000e-01	1.98615059e-02	3.44131829e-04
1.68000000e-01	1.94379214e-02	3.36709452e-04
1.68500000e-01	1.94998923e-02	3.36641004e-04
1.69000000e-01	1.95663910e-02	3.37921209e-04
1.69500000e-01	1.94846432e-02	3.35382487e-04
1.70000000e-01	1.95127219e-02	3.36611499e-04
1.70500000e-01	1.92860258e-02	3.31456022e-04
1.71000000e-01	1.93638304e-02	3.32212496e-04
1.71500000e-01	1.94653341e-02	3.33717606e-04
1.72000000e-01	1.95369266e-02	3.33166671e-04
1.72500000e-01	1.93763197e-02	3.31686588e-04
1.73000000e-01	1.92951441e-02	3.29608083e-04
1.73500000e-01	1.94681175e-02	3.28024940e-04
1.74000000e-01	1.93623684e-02	3.29548694e-04
1.74500000e-01	1.93492273e-02	3.27976867e-04
1.75000000e-01	1.93901746e-02	3.25956144e-04
1.75500000e-01	1.95435389e-02	3.29453398e-04
1.76000000e-01	1.93881202e-02	3.25324761e-04
1.76500000e-01	1.94534180e-02	3.26235395e-04
1.77000000e-01	1.92974245e-02	3.23727375e-04
1.77500000e-01	1.93666958e-02	3.23564420e-04
1.78000000e-01	1.90708652e-02	3.18800282e-04
1.78500000e-01	1.92199703e-02	3.23369951e-04
1.79000000e-01	1.94856659e-02	3.25610920e-04
1.79500000e-01	1.92425754e-02	3.22563107e-04
1.80000000e-01	1.94216964e-02	3.25415512e-04
1.80500000e-01	1.91278570e-02	3.19596636e-04
1.81000000e-01	1.92078808e-02	3.22274589e-04
1.81500000e-01	1.94266086e-02	3.22313527e-04
1.82000000e-01	1.91789390e-02	3.19123546e-04
1.82500000e-01	1.91482507e-02	3.17649548e-04
1.83000000e-01	1.90206141e-02	3.16888938e-04
1.83500000e-01	1.91229785e-02	3.16376118e-04
1.84000000e-01	1.94927603e-02	3.22168257e-04
1.84500000e-01	1.90392436e-02	3.15429748e-04
1.85000000e-01	1.91134212e-02	3.17107731e-04
1.85500000e-01	1.91806300e-02	3.15343328e-04
1.86000000e-01	1.88812519e-02	3.10908730e-04
1.86500000e-01	1.92274630e-02	3.16255044e-04
1.87000000e-01	1.92025137e-02	3.14787780e-04
1.87500000e-01	1.91477093e-02	3.13520794e-04
1.88000000e-01	1.93341165e-02	3.16939131e-04
1.88500000e-01	1.89851907e-02	3.10859735e-04
1.89000000e-01	1.88553678e-02	3.08593501e-04
1.89500000e-01	1.93450696e-02	3.13955437e-04
1.90000000e-01	1.92515595e-02	3.13668079e-04
1.90500000e-01	1.91683000e-02	3.12066725e-04
1.91000000e-01	1.88798889e-02	3.07648047e-04
1.91500000e-01	1.91894043e-02	3.13489314e-04
1.92000000e-01	1.88289997e-02	3.04745230e-04
1.92500000e-01	1.88691417e-02	3.05662347e-04
1.93000000e-01	1.89529688e-02	3.07202973e-04
1.93500000e-01	1.88637371e-02	3.05133865e-04
1.94000000e-01	1.89365285e-02	3.05977085e-04
1.94500000e-01	1.89855882e-02	3.05615371e-04
1.95000000e-01	1.89882260e-02	3.06259399e-04
1.95500000e-01	1.89946447e-02	3.04824789e-04
1.96000000e-01	1.89135524e-02	3.03371149e-04
1.96500000e-01	1.88834495e-02	3.03390781e-04
1.97000000e-01	1.91417538e-02	3.06540456e-04
1.97500000e-01	1.86658582e-02	2.99348325e-04
1.98000000e-01	1.88740320e-02	3.02123094e-04
1.98500000e-01	1.87071989e-02	2.98588375e-04
1.99000000e-01	1.91026265e-02	3.04239745e-04
1.99500000e-01	1.88011348e-02	2.99646825e-04
2.00000000e-01	1.85808339e-02	2.96510043e-04
2.00500000e-01	1.88057951e-02	2.99461504e-04
2.01000000e-01	1.90475079e-02	3.01810569e-04
2.01500000e-01	1.88177793e-02	2.97948399e-04
2.02000000e-01	1.90124389e-02	2.99928709e-04
2.02500000e-01	1.87891339e-02	2.96472101e-04
2.03000000e-01	1.86889015e-02	2.94076446e-04
2.03500000e-01	1.88869949e-02	2.98198192e-04
2.04000000e-01	1.88473485e-02	2.96707126e-04
2.04500000e-01	1.89493761e-02	2.98063378e-04
2.05000000e-01	1.87046947e-02	2.92331292e-04
2.05500000e-01	1.89653710e-02	2.98708972e-04
2.06000000e-01	1.87843274e-02	2.93864212e-04
2.06500000e-01	1.85917814e-02	2.91832825e-04
2.07000000e-01	1.87457644e-02	2.92784613e-04
2.07500000e-01	1.85786186e-02	2.91401022e-04
2.08000000e-01	1.86770062e-02	2.93555036e-04
2.08500000e-01	1.86066412e-02	2.89751340e-04
2.09000000e-01	1.86309445e-02	2.90874832e-04
2.09500000e-01	1.83663645e-02	2.86858653e-04
2.10000000e-01	1.87304151e-02	2.90969049e-04
2.10500000e-01	1.86093830e-02	2.89521185e-04
2.11000000e-01	1.87267945e-02	2.89019413e-04
2.11500000e-01	1.84186668e-02	2.85935429e-04
2.12000000e-01	1.85736603e-02	2.87814574e-04
2.12500000e-01	1.85761066e-02	2.87526686e-04
2.13000000e-01	1.82864087e-02	2.83366362e-04
2.13500000e-01	1.84305166e-02	2.84343820e-04
2.14000000e-01	1.83637165e-02	2.83370238e-04
2.14500000e-01	1.83928008e-02	2.82866137e-04
2.15000000e-01	1.82106752e-02	2.81062879e-04
2.15500000e-01	1.85633921e-02	2.84551605e-04
2.16000000e-01	1.86956539e-02	2.86721516e-04
2.16500000e-01	1.84608022e-02	2.82875338e-04
2.17000000e-01	1.86317492e-02	2.88546045e-04
2.17500000e-01	1.85673194e-02	2.92350691e-04
2.18000000e-01	1.83415323e-02	2.89411152e-04
2.18500000e-01	1.84019720e-02	2.92376146e-04
2.19000000e-01	1.84861150e-02	2.94621690e-04
2.19500000e-01	1.84005779e-02	2.94580398e-04
2.20000000e-01	1.84611869e-02	2.98290154e-04
2.20500000e-01	1.82911175e-02	2.95469866e-04
2.21000000e-01	1.82635260e-02	2.98010949e-04
2.21500000e-01	1.84587878e-02	2.99637945e-04
2.22000000e-01	1.83537764e-02	2.98868956e-04
2.22500000e-01	1.86337982e-02	3.02717311e-04
2.23000000e-01	1.83735846e-02	3.00170271e-04
2.23500000e-01	1.85717665e-02	3.03450533e-04
2.24000000e-01	1.86036837e-02	3.05558679e-04
2.24500000e-01	1.85515979e-02	3.04899063e-04
2.25000000e-01	1.82224581e-02	2.99817513e-04
2.25500000e-01	1.84827204e-02	3.04892406e-04
2.26000000e-01	1.85968815e-02	3.08827826e-04
2.26500000e-01	1.84653101e-02	3.00546774e-04
2.27000000e-01	1.83687784e-02	2.96821579e-04
2.27500000e-01	1.85038391e-02	2.95195033e-04
2.28000000e-01	1.83390473e-02	2.91764152e-04
2.28500000e-01	1.83511329e-02	2.91821838e-04
2.29000000e-01	1.82945531e-02	2.89544250e-04
2.29500000e-01	1.81904889e-02	2.86331926e-04
2.30000000e-01	1.81664935e-02	2.85610832e-04
2.30500000e-01	1.82653138e-02	2.86120424e-04
2.31000000e-01	1.83369416e-02	2.86252388e-04
2.31500000e-01	1.82799062e-02	2.83010203e-04
2.32000000e-01	1.85092168e-02	2.86755833e-04
2.32500000e-01	1.85217606e-02	2.86453209e-04
2.33000000e-01	1.80920405e-02	2.80091401e-04
2.33500000e-01	1.82067606e-02	2.81322980e-04
2.34000000e-01	1.84149521e-02	2.83556785e-04
2.34500000e-01	1.80538658e-02	2.76817719e-04
2.35000000e-01	1.82489292e-02	2.79872944e-04
2.35500000e-01	1.81559852e-02	2.78232312e-04
2.36000000e-01	1.82759226e-02	2.78598436e-04
2.36500000e-01	1.79919846e-02	2.74466467e-04
2.37000000e-01	1.80332215e-02	2.73745995e-04
2.37500000e-01	1.81336475e-02	2.75592656e-04
2.38000000e-01	1.80570098e-02	2.72446289e-04
2.38500000e-01	1.79182313e-02	2.72189213e-04
2.39000000e-01	1.79223712e-02	2.70366827e-04
2.39500000e-01	1.81452218e-02	2.73716182e-04
2.40000000e-01	1.81755397e-02	2.73182349e-04
2.40500000e-01	1.81175059e-02	2.71440072e-04
2.41000000e-01	1.82050373e-02	2.74655344e-04
2.41500000e-01	1.79282617e-02	2.69334618e-04
2.42000000e-01	1.82611886e-02	2.73492077e-04
2.42500000e-01	1.79689197e-02	2.67219898e-04
2.43000000e-01	1.81859217e-02	2.71444870e-04
2.43500000e-01	1.81213408e-02	2.69277013e-04
2.44000000e-01	1.79857828e-02	2.67281865e-04
2.44500000e-01	1.82540894e-02	2.71495345e-04
2.45000000e-01	1.80824032e-02	2.67472148e-04
2.45500000e-01	1.80800437e-02	2.67358929e-04
2.46000000e-01	1.80877619e-02	2.67002538e-04
2.46500000e-01	1.80628299e-02	2.66156418e-04
2.47000000e-01	1.81162598e-02	2.67881039e-04
2.47500000e-01	1.79315706e-02	2.64004890e-04
2.48000000e-01	1.79580567e-02	2.64633794e-04
2.48500000e-01	1.78886765e-02	2.63421404e-04
2.49000000e-01	1.77611150e-02	2.61003935e-04
2.49500000e-01	1.79113834e-02	2.63135574e-04
2.50000000e-01	1.79750853e-02	2.62724331e-04
2.50500000e-01	1.80959347e-02	2.66052878e-04
2.51000000e-01	1.78155379e-02	2.60416084e-04
2.51500000e-01	1.78845630e-02	2.62736707e-04
2.52000000e-01	1.78651204e-02	2.60744631e-04
2.52500000e-01	1.78627081e-02	2.60491861e-04
2.53000000e-01	1.76468239e-02	2.57944488e-04
2.53500000e-01	1.77465313e-02	2.58777670e-04
2.54000000e-01	1.78174048e-02	2.60354453e-04
2.54500000e-01	1.79774796e-02	2.61176713e-04
2.55000000e-01	1.77653897e-02	2.58116032e-04
2.55500000e-01	1.78238172e-02	2.58257186e-04
2.56000000e-01	1.76932410e-02	2.55839860e-04
2.56500000e-01	1.77690054e-02	2.57335628e-04
2.57000000e-01	1.79275232e-02	2.58598285e-04
2.57500000e-01	1.77842411e-02	2.56251217e-04
2.58000000e-01	1.75995281e-02	2.54871239e-04
2.58500000e-01	1.75467178e-02	2.52357777e-04
2.59000000e-01	1.78285873e-02	2.56322637e-04
2.59500000e-01	1.75912141e-02	2.53335515e-04
2.60000000e-01	1.77522975e-02	2.55038807e-04
2.60500000e-01	1.78398000e-02	2.55594541e-04
2.61000000e-01	1.75940422e-02	2.52009146e-04
2.61500000e-01	1.78564073e-02	2.55058913e-04
2.62000000e-01	1.76022215e-02	2.50332647e-04
2.62500000e-01	1.76013184e-02	2.51787444e-04
2.63000000e-01	1.77406502e-02	2.53133813e-04
2.63500000e-01	1.76122889e-02	2.50290492e-04
2.64000000e-01	1.77206164e-02	2.51737394e-04
2.64500000e-01	1.75512786e-02	2.49545815e-04
2.65000000e-01	1.77204231e-02	2.52536821e-04
2.65500000e-01	1.76842785e-02	2.50567494e-04
2.66000000e-01	1.75122754e-02	2.48323840e-04
2.66500000e-01	1.75513654e-02	2.48559608e-04
2.67000000e-01	1.76919831e-02	2.50055199e-04
2.67500000e-01	1.75673551e-02	2.47897835e-04
2.68000000e-01	1.72888714e-02	2.43861415e-04
2.68500000e-01	1.72762376e-02	2.44038522e-04
2.69000000e-01	1.75456720e-02	2.45754867e-04
2.69500000e-01	1.77331747e-02	2.48726896e-04
2.70000000e-01	1.75820177e-02	2.47127848e-04
2.70500000e-01	1.76948087e-02	2.47404180e-04
2.71000000e-01	1.76028063e-02	2.46163486e-04
2.71500000e-01	1.73687123e-02	2.42485345e-04
2.72000000e-01	1.73600991e-02	2.42542922e-04
2.72500000e-01	1.75158454e-02	2.45389870e-04
2.73000000e-01	1.76056947e-02	2.45735557e-04
2.73500000e-01	1.75108737e-02	2.43985961e-04
2.74000000e-01	1.76327659e-02	2.45612353e-04
2.74500000e-01	1.75554974e-02	2.44516260e-04
2.75000000e-01	1.74186135e-02	2.41899179e-04
2.75500000e-01	1.75316307e-02	2.44332559e-04
2.76000000e-01	1.74912027e-02	2.43299990e-04
2.76500000e-01	1.74048486e-02	2.41803258e-04
2.77000000e-01	1.73488041e-02	2.41841347e-04
2.77500000e-01	1.75826124e-02	2.43744791e-04
2.78000000e-01	1.74441078e-02	2.41752105e-04
2.78500000e-01	1.74279254e-02	2.42118938e-04
2.79000000e-01	1.72217715e-02	2.38217766e-04
2.79500000e-01	1.75275211e-02	2.41833137e-04
2.80000000e-01	1.73148686e-02	2.40116238e-04
2.80500000e-01	1.72560227e-02	2.37991592e-04
2.81000000e-01	1.72532355e-02	2.38413081e-04
2.81500000e-01	1.75069618e-02	2.40750861e-04
2.82000000e-01	1.72977447e-02	2.38040068e-04
2.82500000e-01	1.71525441e-02	2.36218672e-04
2.83000000e-01	1.71741863e-02	2.36469907e-04
2.83500000e-01	1.74275731e-02	2.38413296e-04
2.84000000e-01	1.75212062e-02	2.38794373e-04
2.84500000e-01	1.72921841e-02	2.37039224e-04
2.85000000e-01	1.71310160e-02	2.34845788e-04
2.85500000e-01	1.73885392e-02	2.36992765e-04
2.86000000e-01	1.72124931e-02	2.35842329e-04
2.86500000e-01	1.70615048e-02	2.33440510e-04
2.87000000e-01	1.72902284e-02	2.35754807e-04
2.87500000e-01	1.71923596e-02	2.33462792e-04
2.88000000e-01	1.72701456e-02	2.34152675e-04
2.88500000e-01	1.70901519e-02	2.32785971e-04
2.89000000e-01	1.72192624e-02	2.34302362e-04
2.89500000e-01	1.73303865e-02	2.35375352e-04
2.90000000e-01	1.72234637e-02	2.33603386e-04
2.90500000e-01	1.74258521e-02	2.36344672e-04
2.91000000e-01	1.71128199e-02	2.32389465e-04
2.91500000e-01	1.71934851e-02	2.32256906e-04
2.92000000e-01	1.73430069e-02	2.33513729e-04
2.92500000e-01	1.69533219e-02	2.28088674e-04
2.93000000e-01	1.72443009e-02	2.32197574e-04
2.93500000e-01	1.73682622e-02	2.33548422e-04
2.94000000e-01	1.70915969e-02	2.29036507e-04
2.94500000e-01	1.69330218e-02	2.28456161e-04
2.95000000e-01	1.73390223e-02	2.32566201e-04
2.95500000e-01	1.71835292e-02	2.31007094e-04
2.96000000e-01	1.72779549e-02	2.31906795e-04
2.96500000e-01	1.70791876e-02	2.28642297e-04
2.97000000e-01	1.72945672e-02	2.32019941e-04
2.97500000e-01	1.71587302e-02	2.28670638e-04
2.98000000e-01	1.70744361e-02	2.28289612e-04
2.98500000e-01	1.70355267e-02	2.28185478e-04
2.99000000e-01	1.71058614e-02	2.28491975e-04
2.99500000e-01	1.71088847e-02	2.28176412e-04
3.00000000e-01	1.70564799e-02	2.26885290e-04
3.00500000e-01	1.71641280e-02	2.28140179e-04
3.01000000e-01	1.70147664e-02	2.26363154e-04
3.01500000e-01	1.70566421e-02	2.27229560e-04
3.02000000e-01	1.69538623e-02	2.25578174e-04
3.02500000e-01	1.72416984e-02	2.27924519e-04
3.03000000e-01	1.71260323e-02	2.27357226e-04
3.03500000e-01	1.71487557e-02	2.26992701e-04
3.04000000e-01	1.68644317e-02	2.24523278e-04
3.04500000e-01	1.71549450e-02	2.26361913e-04
3.05000000e-01	1.70456264e-02	2.25667815e-04
3.05500000e-01	1.70551203e-02	2.25793032e-04
3.06000000e-01	1.71050374e-02	2.25134968e-04
3.06500000e-01	1.69462739e-02	2.23517432e-04
3.07000000e-01	1.70570894e-02	2.24385841e-04
3.07500000e-01	1.70385603e-02	2.24228999e-04
3.08000000e-01	1.69805899e-02	2.23048646e-04
3.08500000e-01	1.68532318e-02	2.20448522e-04
3.09000000e-01	1.69071928e-02	2.21904493e-04
3.09500000e-01	1.71612934e-02	2.24411830e-04
3.10000000e-01	1.71071542e-02	2.23751880e-04
3.10500000e-01	1.69786685e-02	2.22117546e-04
3.11000000e-01	1.68816875e-02	2.21506461e-04
3.11500000e-01	1.68640266e-02	2.20737568e-04
3.12000000e-01	1.69038004e-02	2.20770406e-04
3.12500000e-01	1.69323876e-02	2.21547262e-04
3.13000000e-01	1.68157462e-02	2.19298537e-04
3.13500000e-01	1.67475786e-02	2.18634645e-04
3.14000000e-01	1.68671586e-02	2.19476763e-04
3.14500000e-01	1.69332382e-02	2.19849910e-04
3.15000000e-01	1.66656031e-02	2.17708050e-04
3.15500000e-01	1.70949062e-02	2.21297350e-04
3.16000000e-01	1.67216537e-02	2.17676829e-04
3.16500000e-01	1.68080844e-02	2.18371730e-04
3.17000000e-01	1.67291694e-02	2.17390870e-04
3.17500000e-01	1.67343087e-02	2.17552419e-04
3.18000000e-01	1.67206097e-02	2.16460862e-04
3.18500000e-01	1.68741811e-02	2.17596210e-04
3.19000000e-01	1.68044981e-02	2.17788102e-04
3.19500000e-01	1.67226599e-02	2.16683917e-04
3.20000000e-01	1.68560270e-02	2.17737198e-04
3.20500000e-01	1.67455836e-02	2.15986515e-04
3.21000000e-01	1.68117948e-02	2.16739797e-04
3.21500000e-01	1.68461901e-02	2.17021321e-04
3.22000000e-01	1.66376986e-02	2.14395354e-04
3.22500000e-01	1.66360873e-02	2.13632631e-04
3.23000000e-01	1.66102028e-02	2.14282424e-04
3.23500000e-01	1.68504358e-02	2.16221368e-04
3.24000000e-01	1.66668557e-02	2.13324979e-04
3.24500000e-01	1.65472454e-02	2.13084247e-04
3.25000000e-01	1.64119805e-02	2.10650419e-04
3.25500000e-01	1.65442462e-02	2.12032293e-04
3.26000000e-01	1.65640813e-02	2.12001944e-04
3.26500000e-01	1.65239372e-02	2.11333439e-04
3.27000000e-01	1.65383888e-02	2.11802765e-04
3.27500000e-01	1.65921572e-02	2.12209506e-04
3.28000000e-01	1.65808248e-02	2.11755751e-04
3.28500000e-01	1.66935704e-02	2.12455044e-04
3.29000000e-01	1.66751123e-02	2.12107655e-04
3.29500000e-01	1.66280813e-02	2.11914164e-04
3.30000000e-01	1.65334989e-02	2.09984370e-04
3.30500000e-01	1.65374630e-02	2.10195441e-04
3.31000000e-01	1.63425634e-02	2.07198904e-04
3.31500000e-01	1.65380523e-02	2.10215734e-04
3.32000000e-01	1.65399046e-02	2.10350715e-04
3.32500000e-01	1.65542282e-02	2.09769333e-04
3.33000000e-01	1.64465619e-02	2.08257211e-04
3.33500000e-01	1.66461707e-02	2.09997646e-04
3.34000000e-01	1.63997381e-02	2.07761963e-04
3.34500000e-01	1.63677563e-02	2.06973996e-04
3.35000000e-01	1.66117339e-02	2.09317105e-04
3.35500000e-01	1.62893249e-02	2.05424546e-04
3.36000000e-01	1.63135391e-02	2.05512969e-04
3.36500000e-01	1.64587855e-02	2.07406791e-04
3.37000000e-01	1.63015889e-02	2.05021790e-04
3.37500000e-01	1.63129653e-02	2.05733957e-04
3.38000000e-01	1.64963978e-02	2.07961074e-04
3.38500000e-01	1.63190635e-02	2.05417469e-04
3.39000000e-01	1.65263079e-02	2.07961137e-04
3.39500000e-01	1.62133705e-02	2.03871805e-04
3.40000000e-01	1.63018428e-02	2.05105275e-04
3.40500000e-01	1.64348562e-02	2.05986033e-04
3.41000000e-01	1.63840273e-02	2.04387072e-04
3.41500000e-01	1.63205286e-02	2.05630037e-04
3.42000000e-01	1.64292982e-02	2.05431760e-04
3.42500000e-01	1.63117533e-02	2.04641390e-04
3.43000000e-01	1.63319953e-02	2.03326959e-04
3.43500000e-01	1.62005185e-02	2.01687007e-04
3.44000000e-01	1.62410040e-02	2.02760099e-04
3.44500000e-01	1.62562199e-02	2.03155184e-04
3.45000000e-01	1.64326360e-02	2.04277681e-04
3.45500000e-01	1.62776173e-02	2.02171034e-04
3.46000000e-01	1.60673994e-02	2.00224742e-04
3.46500000e-01	1.62445494e-02	2.01499344e-04
3.47000000e-01	1.62260613e-02	2.01747396e-04
3.47500000e-01	1.63475079e-02	2.02869429e-04
3.48000000e-01	1.62075941e-02	2.01469216e-04
3.48500000e-01	1.62158953e-02	2.01435392e-04
3.49000000e-01	1.61824861e-02	2.00117609e-04
3.49500000e-01	1.61707604e-02	2.00460840e-04
3.50000000e-01	1.61221254e-02	1.62585516e-04
3.51000000e-01	1.61706925e-02	1.41390495e-04
3.52000000e-01	1.60836391e-02	1.40684148e-04
3.53000000e-01	1.62003104e-02	1.41048974e-04
3.54000000e-01	1.60482130e-02	1.39637989e-04
3.55000000e-01	1.61094975e-02	1.40125247e-04
3.56000000e-01	1.60013796e-02	1.39593166e-04
3.57000000e-01	1.60178025e-02	1.42095785e-04
3.58000000e-01	1.59578515e-02	1.43152280e-04
3.59000000e-01	1.60341497e-02	1.44723951e-04
3.60000000e-01	1.59440026e-02	1.44770659e-04
3.61000000e-01	1.59843802e-02	1.45849551e-04
3.62000000e-01	1.58923178e-02	1.45680280e-04
3.63000000e-01	1.57877952e-02	1.45320426e-04
3.64000000e-01	1.59476363e-02	1.47111445e-04
3.65000000e-01	1.58468140e-02	1.46472037e-04
3.66000000e-01	1.59368251e-02	1.45814760e-04
3.67000000e-01	1.58403390e-02	1.43191849e-04
3.68000000e-01	1.57711330e-02	1.41882478e-04
3.69000000e-01	1.59666335e-02	1.42481889e-04
3.70000000e-01	1.58612426e-02	1.40363438e-04
3.71000000e-01	1.59192507e-02	1.42817696e-04
3.72000000e-01	1.58197721e-02	1.43409884e-04
3.73000000e-01	1.57130903e-02	1.42766336e-04
3.74000000e-01	1.57993373e-02	1.43535404e-04
3.75000000e-01	1.58200892e-02	1.44017456e-04
3.76000000e-01	1.58048211e-02	1.43712358e-04
3.77000000e-01	1.57272604e-02	1.43307040e-04
3.78000000e-01	1.58349564e-02	1.43751768e-04
3.79000000e-01	1.55796391e-02	1.41420350e-04
3.80000000e-01	1.57986685e-02	1.43158236e-04
3.81000000e-01	1.57267145e-02	1.42709429e-04
3.82000000e-01	1.56814574e-02	1.42445498e-04
3.83000000e-01	1.55278544e-02	1.40682361e-04
3.84000000e-01	1.57105421e-02	1.42318563e-04
3.85000000e-01	1.56772663e-02	1.42357772e-04
3.86000000e-01	1.55360211e-02	1.40682109e-04
3.87000000e-01	1.57307220e-02	1.42588859e-04
3.88000000e-01	1.56647849e-02	1.41918812e-04
3.89000000e-01	1.55130562e-02	1.40564228e-04
3.90000000e-01	1.55544057e-02	1.40408142e-04
3.91000000e-01	1.55068968e-02	1.40546538e-04
3.92000000e-01	1.54769978e-02	1.40035965e-04
3.93000000e-01	1.54394890e-02	1.40019931e-04
3.94000000e-01	1.55801632e-02	1.40983664e-04
3.95000000e-01	1.54205752e-02	1.39238618e-04
3.96000000e-01	1.53949757e-02	1.39150122e-04
3.97000000e-01	1.54017423e-02	1.38821314e-04
3.98000000e-01	1.53082174e-02	1.38764445e-04
3.99000000e-01	1.54691970e-02	1.39784459e-04
4.00000000e-01	1.55951286e-02	1.40869159e-04
4.01000000e-01	1.53119487e-02	1.38604459e-04
4.02000000e-01	1.55249384e-02	1.40625685e-04
4.03000000e-01	1.53573032e-02	1.38700653e-04
4.04000000e-01	1.54227460e-02	1.39384917e-04
4.05000000e-01	1.54118016e-02	1.39121248e-04
4.06000000e-01	1.52881226e-02	1.38110738e-04
4.07000000e-01	1.53175794e-02	1.38238442e-04
4.08000000e-01	1.54368828e-02	1.39453392e-04
4.09000000e-01	1.53220667e-02	1.38142081e-04
4.10000000e-01	1.53155262e-02	1.38280412e-04
4.11000000e-01	1.52522437e-02	1.37636062e-04
4.12000000e-01	1.52847664e-02	1.37549048e-04
4.13000000e-01	1.53153768e-02	1.37878168e-04
4.14000000e-01	1.52053137e-02	1.37366866e-04
4.15000000e-01	1.51832212e-02	1.36890453e-04
4.16000000e-01	1.51816201e-02	1.36673780e-04
4.17000000e-01	1.53551073e-02	1.38126516e-04
4.18000000e-01	1.53133105e-02	1.39251752e-04
4.19000000e-01	1.52656612e-02	1.40658605e-04
4.20000000e-01	1.53390682e-02	1.41743372e-04
4.21000000e-01	1.52165534e-02	1.41494197e-04
4.22000000e-01	1.52496382e-02	1.42244172e-04
4.23000000e-01	1.53269200e-02	1.42834038e-04
4.24000000e-01	1.53679826e-02	1.43742888e-04
4.25000000e-01	1.53133537e-02	1.43307568e-04
4.26000000e-01	1.51987648e-02	1.42909235e-04
4.27000000e-01	1.52201457e-02	1.42823760e-04
4.28000000e-01	1.52564122e-02	1.43557207e-04
4.29000000e-01	1.52685407e-02	1.43714003e-04
4.30000000e-01	1.52328681e-02	1.43098887e-04
4.31000000e-01	1.51804566e-02	1.42638468e-04
4.32000000e-01	1.52060258e-02	1.43564152e-04
4.33000000e-01	1.52082857e-02	1.43489478e-04
4.34000000e-01	1.50914095e-02	1.42553473e-04
4.35000000e-01	1.50997779e-02	1.42695144e-04
4.36000000e-01	1.49972747e-02	1.42331680e-04
4.37000000e-01	1.50978826e-02	1.43016690e-04
4.38000000e-01	1.49530594e-02	1.42094573e-04
4.39000000e-01	1.50248677e-02	1.43444761e-04
4.40000000e-01	1.50137470e-02	1.43032661e-04
4.41000000e-01	1.49193712e-02	1.41799277e-04
4.42000000e-01	1.51757905e-02	1.45161174e-04
4.43000000e-01	1.51075797e-02	1.44096218e-04
4.44000000e-01	1.50514923e-02	1.43569847e-04
4.45000000e-01	1.49400402e-02	1.43274488e-04
4.46000000e-01	1.49880673e-02	1.43623532e-04
4.47000000e-01	1.48947739e-02	1.43283860e-04
4.48000000e-01	1.49193131e-02	1.43070327e-04
4.49000000e-01	1.51235252e-02	1.45460968e-04
4.50000000e-01	1.50079139e-02	1.44771427e-04
4.51000000e-01	1.49369451e-02	1.44055211e-04
4.52000000e-01	1.50720989e-02	1.45286859e-04
4.53000000e-01	1.48847570e-02	1.43590018e-04
4.54000000e-01	1.49247041e-02	1.44471568e-04
4.55000000e-01	1.48769112e-02	1.43827571e-04
4.56000000e-01	1.48508951e-02	1.44205081e-04
4.57000000e-01	1.50228246e-02	1.45337190e-04
4.58000000e-01	1.49598970e-02	1.45044188e-04
4.59000000e-01	1.48283422e-02	1.44131863e-04
4.60000000e-01	1.50710087e-02	1.45997421e-04
4.61000000e-01	1.49376758e-02	1.45195588e-04
4.62000000e-01	1.48315871e-02	1.44278999e-04
4.63000000e-01	1.49057251e-02	1.45378963e-04
4.64000000e-01	1.48021819e-02	1.44387634e-04
4.65000000e-01	1.48542961e-02	1.44688841e-04
4.66000000e-01	1.47540160e-02	1.43675291e-04
4.67000000e-01	1.48302731e-02	1.45129191e-04
4.68000000e-01	1.47802744e-02	1.44091068e-04
4.69000000e-01	1.47935070e-02	1.44627424e-04
4.70000000e-01	1.47908272e-02	1.45121062e-04
4.71000000e-01	1.47408924e-02	1.43971728e-04
4.72000000e-01	1.47448329e-02	1.44118464e-04
4.73000000e-01	1.48373426e-02	1.44786360e-04
4.74000000e-01	1.46587109e-02	1.43104823e-04
4.75000000e-01	1.47028438e-02	1.43933054e-04
4.76000000e-01	1.47274160e-02	1.44238927e-04
4.77000000e-01	1.46946930e-02	1.43992028e-04
4.78000000e-01	1.47971434e-02	1.44952008e-04
4.79000000e-01	1.46521615e-02	1.43071586e-04
4.80000000e-01	1.46657072e-02	1.43777287e-04
4.81000000e-01	1.49164617e-02	1.46670038e-04
4.82000000e-01	1.46145410e-02	1.42983585e-04
4.83000000e-01	1.46811230e-02	1.43829392e-04
4.84000000e-01	1.46439684e-02	1.44010880e-04
4.85000000e-01	1.46065879e-02	1.43679695e-04
4.86000000e-01	1.45800576e-02	1.43512057e-04
4.87000000e-01	1.45105394e-02	1.43037683e-04
4.88000000e-01	1.43685043e-02	1.41863827e-04
4.89000000e-01	1.45947434e-02	1.43673427e-04
4.90000000e-01	1.45265327e-02	1.42965305e-04
4.91000000e-01	1.46238465e-02	1.43978791e-04
4.92000000e-01	1.46545850e-02	1.44430493e-04
4.93000000e-01	1.46548036e-02	1.44197794e-04
4.94000000e-01	1.46386303e-02	1.44612161e-04
4.95000000e-01	1.44675735e-02	1.44349362e-04
4.96000000e-01	1.45941910e-02	1.49844272e-04
4.97000000e-01	1.45220775e-02	1.51289480e-04
4.98000000e-01	1.46751479e-02	1.54388873e-04
4.99000000e-01	1.45529426e-02	1.55749512e-04
5.00000000e-01	1.45437981e-02	1.56809332e-04
5.01000000e-01	1.45633860e-02	1.59105892e-04
5.02000000e-01	1.45588098e-02	1.61128208e-04
5.03000000e-01	1.45555141e-02	1.62288807e-04
5.04000000e-01	1.45495684e-02	1.63031803e-04
5.05000000e-01	1.45108545e-02	1.60668476e-04
5.06000000e-01	1.45207223e-02	1.56872029e-04
5.07000000e-01	1.45327076e-02	1.55489693e-04
5.08000000e-01	1.44554525e-02	1.53706185e-04
5.09000000e-01	1.45802672e-02	1.54137235e-04
5.10000000e-01	1.45828720e-02	1.53647142e-04
5.11000000e-01	1.42711709e-02	1.50261170e-04
5.12000000e-01	1.44660499e-02	1.51675554e-04
5.13000000e-01	1.44172047e-02	1.51302309e-04
5.14000000e-01	1.44456093e-02	1.50837445e-04
5.15000000e-01	1.44196186e-02	1.50622509e-04
5.16000000e-01	1.43698168e-02	1.49325608e-04
5.17000000e-01	1.42773640e-02	1.48431620e-04
5.18000000e-01	1.44792348e-02	1.49893437e-04
5.19000000e-01	1.44087822e-02	1.49111613e-04
5.20000000e-01	1.45062934e-02	1.49299397e-04
5.21000000e-01	1.44096363e-02	1.48748796e-04
5.22000000e-01	1.43132770e-02	1.47440384e-04
5.23000000e-01	1.43670752e-02	1.48162303e-04
5.24000000e-01	1.42766149e-02	1.47484885e-04
5.25000000e-01	1.43201626e-02	1.47453144e-04
5.26000000e-01	1.43291425e-02	1.47744788e-04
5.27000000e-01	1.43150327e-02	1.47056681e-04
5.28000000e-01	1.43176161e-02	1.47529113e-04
5.29000000e-01	1.42753391e-02	1.47433614e-04
5.30000000e-01	1.42546310e-02	1.47044450e-04
5.31000000e-01	1.42079641e-02	1.46968494e-04
5.32000000e-01	1.42476839e-02	1.47064753e-04
5.33000000e-01	1.43065297e-02	1.47103525e-04
5.34000000e-01	1.43923942e-02	1.48406902e-04
5.35000000e-01	1.43015837e-02	1.47439603e-04
5.36000000e-01	1.41399075e-02	1.45771192e-04
5.37000000e-01	1.41485454e-02	1.45963936e-04
5.38000000e-01	1.41701829e-02	1.46077680e-04
5.39000000e-01	1.42581858e-02	1.46900611e-04
5.40000000e-01	1.42367749e-02	1.47034526e-04
5.41000000e-01	1.41220517e-02	1.45573993e-04
5.42000000e-01	1.41086721e-02	1.45544814e-04
5.43000000e-01	1.41394733e-02	1.45456383e-04
5.44000000e-01	1.41242186e-02	1.45450258e-04
5.45000000e-01	1.42556089e-02	1.46788953e-04
5.46000000e-01	1.40790989e-02	1.45226813e-04
5.47000000e-01	1.39790650e-02	1.44264777e-04
5.48000000e-01	1.41310885e-02	1.45785978e-04
5.49000000e-01	1.40107336e-02	1.44243070e-04
5.50000000e-01	1.39602023e-02	1.43911391e-04
5.51000000e-01	1.40865813e-02	1.44836016e-04
5.52000000e-01	1.40048495e-02	1.43589040e-04
5.53000000e-01	1.39236781e-02	1.42912148e-04
5.54000000e-01	1.40299015e-02	1.43472827e-04
5.55000000e-01	1.39995719e-02	1.43740576e-04
5.56000000e-01	1.40201814e-02	1.43734164e-04
5.57000000e-01	1.40337808e-02	1.43920674e-04
5.58000000e-01	1.40523625e-02	1.44085781e-04
5.59000000e-01	1.40117297e-02	1.42844752e-04
5.60000000e-01	1.38548809e-02	1.42045106e-04
5.61000000e-01	1.38986188e-02	1.42149773e-04
5.62000000e-01	1.38830829e-02	1.42118398e-04
5.63000000e-01	1.38643690e-02	1.42341015e-04
5.64000000e-01	1.39172672e-02	1.42727160e-04
5.65000000e-01	1.39033319e-02	1.42429752e-04
5.66000000e-01	1.38899147e-02	1.42527241e-04
5.67000000e-01	1.37711486e-02	1.41834777e-04
5.68000000e-01	1.36696021e-02	1.40570538e-04
5.69000000e-01	1.38502010e-02	1.41670468e-04
5.70000000e-01	1.38865266e-02	1.42226857e-04
5.71000000e-01	1.37076658e-02	1.40230705e-04
5.72000000e-01	1.38586045e-02	1.42185528e-04
5.73000000e-01	1.38600867e-02	1.42662992e-04
5.74000000e-01	1.37759424e-02	1.41122650e-04
5.75000000e-01	1.37858901e-02	1.41700529e-04
5.76000000e-01	1.35714178e-02	1.39669876e-04
5.77000000e-01	1.38148621e-02	1.41371302e-04
5.78000000e-01	1.36039695e-02	1.40362005e-04
5.79000000e-01	1.37603431e-02	1.41109963e-04
5.80000000e-01	1.37220553e-02	1.41077062e-04
5.81000000e-01	1.37408010e-02	1.41294934e-04
5.82000000e-01	1.37022246e-02	1.41045068e-04
5.83000000e-01	1.36488912e-02	1.40299094e-04
5.84000000e-01	1.36435670e-02	1.40349414e-04
5.85000000e-01	1.38017070e-02	1.42429469e-04
5.86000000e-01	1.36734292e-02	1.41180963e-04
5.87000000e-01	1.36677862e-02	1.40699242e-04
5.88000000e-01	1.37023803e-02	1.40942179e-04
5.89000000e-01	1.36500346e-02	1.40332718e-04
5.90000000e-01	1.36655303e-02	1.40981830e-04
5.91000000e-01	1.37934940e-02	1.41890452e-04
5.92000000e-01	1.35782820e-02	1.40054932e-04
5.93000000e-01	1.34921589e-02	1.39478139e-04
5.94000000e-01	1.34598759e-02	1.38680545e-04
5.95000000e-01	1.36351313e-02	1.40546144e-04
5.96000000e-01	1.34947202e-02	1.39349339e-04
5.97000000e-01	1.34858747e-02	1.39289036e-04
5.98000000e-01	1.35187378e-02	1.39664109e-04
5.99000000e-01	1.35895342e-02	1.40223994e-04
6.00000000e-01	1.35285016e-02	1.39492139e-04
6.01000000e-01	1.35707563e-02	1.39808242e-04
6.02000000e-01	1.36170895e-02	1.40049889e-04
6.03000000e-01	1.35107314e-02	1.39535462e-04
6.04000000e-01	1.34924174e-02	1.39574911e-04
6.05000000e-01	1.35200083e-02	1.39570581e-04
6.06000000e-01	1.35197035e-02	1.39568300e-04
6.07000000e-01	1.35548999e-02	1.40377701e-04
6.08000000e-01	1.36324120e-02	1.40735774e-04
6.09000000e-01	1.35089736e-02	1.39364951e-04
6.10000000e-01	1.34632678e-02	1.39598781e-04
6.11000000e-01	1.34535368e-02	1.39494778e-04
6.12000000e-01	1.34200986e-02	1.38866316e-04
6.13000000e-01	1.34889645e-02	1.39571433e-04
6.14000000e-01	1.33406768e-02	1.37928976e-04
6.15000000e-01	1.33204368e-02	1.38146793e-04
6.16000000e-01	1.34093512e-02	1.38874652e-04
6.17000000e-01	1.34406578e-02	1.39328613e-04
6.18000000e-01	1.34001095e-02	1.38669591e-04
6.19000000e-01	1.33221759e-02	1.37721709e-04
6.20000000e-01	1.33575165e-02	1.37576242e-04
6.21000000e-01	1.33579517e-02	1.37862381e-04
6.22000000e-01	1.34736879e-02	1.38706351e-04
6.23000000e-01	1.33053233e-02	1.36899547e-04
6.24000000e-01	1.32909562e-02	1.36777410e-04
6.25000000e-01	1.34071878e-02	1.38020529e-04
6.26000000e-01	1.32278423e-02	1.36162119e-04
6.27000000e-01	1.34171905e-02	1.37822073e-04
6.28000000e-01	1.33213901e-02	1.36767831e-04
6.29000000e-01	1.33240108e-02	1.36828350e-04
6.30000000e-01	1.32469112e-02	1.36362815e-04
6.31000000e-01	1.32912980e-02	1.36549767e-04
6.32000000e-01	1.31772822e-02	1.35868373e-04
6.33000000e-01	1.34074066e-02	1.37765603e-04
6.34000000e-01	1.32485689e-02	1.40150902e-04
6.35000000e-01	1.31855232e-02	1.43083160e-04
6.36000000e-01	1.33443606e-02	1.47450989e-04
6.37000000e-01	1.32143736e-02	1.47883781e-04
6.38000000e-01	1.34080578e-02	1.52084827e-04
6.39000000e-01	1.33309189e-02	1.52922108e-04
6.40000000e-01	1.31967697e-02	1.53800238e-04
6.41000000e-01	1.32388246e-02	1.56136285e-04
6.42000000e-01	1.32630438e-02	1.58082866e-04
6.43000000e-01	1.33970602e-02	1.59704170e-04
6.44000000e-01	1.33944756e-02	1.53004738e-04
6.45000000e-01	1.34912406e-02	1.52460439e-04
6.46000000e-01	1.34366947e-02	1.50133167e-04
6.47000000e-01	1.34589576e-02	1.50201953e-04
6.48000000e-01	1.32841504e-02	1.46717993e-04
6.49000000e-01	1.33815103e-02	1.47502017e-04
6.50000000e-01	1.33675927e-02	1.45844354e-04
6.51000000e-01	1.33726746e-02	1.46047128e-04
6.52000000e-01	1.33723031e-02	1.45233086e-04
6.53000000e-01	1.32774915e-02	1.43782503e-04
6.54000000e-01	1.31399050e-02	1.41748980e-04
6.55000000e-01	1.33724611e-02	1.43864489e-04
6.56000000e-01	1.33433805e-02	1.43340221e-04
6.57000000e-01	1.34191705e-02	1.43846891e-04
6.58000000e-01	1.33245311e-02	1.42925471e-04
6.59000000e-01	1.30969875e-02	1.40325826e-04
6.60000000e-01	1.33571486e-02	1.42537899e-04
6.61000000e-01	1.33109141e-02	1.42046683e-04
6.62000000e-01	1.32530073e-02	1.41868415e-04
6.63000000e-01	1.32528412e-02	1.42480307e-04
6.64000000e-01	1.31716276e-02	1.40633607e-04
6.65000000e-01	1.31503159e-02	1.40210375e-04
6.66000000e-01	1.32113188e-02	1.40758440e-04
6.67000000e-01	1.32326680e-02	1.41165547e-04
6.68000000e-01	1.32983446e-02	1.41995841e-04
6.69000000e-01	1.30315433e-02	1.39744196e-04
6.70000000e-01	1.31497389e-02	1.40248224e-04
6.71000000e-01	1.31440514e-02	1.39894993e-04
6.72000000e-01	1.31402796e-02	1.39743884e-04
6.73000000e-01	1.30116812e-02	1.38460910e-04
6.74000000e-01	1.31878822e-02	1.40197543e-04
6.75000000e-01	1.30868973e-02	1.39151793e-04
6.76000000e-01	1.31514516e-02	1.40217251e-04
6.77000000e-01	1.29911676e-02	1.38292744e-04
6.78000000e-01	1.31118681e-02	1.38925908e-04
6.79000000e-01	1.30592781e-02	1.38754064e-04
6.80000000e-01	1.30275660e-02	1.38414349e-04
6.81000000e-01	1.30979894e-02	1.38906963e-04
6.82000000e-01	1.31233743e-02	1.39315795e-04
6.83000000e-01	1.31116075e-02	1.39149313e-04
6.84000000e-01	1.30988811e-02	1.38863601e-04
6.85000000e-01	1.30972601e-02	1.38854444e-04
6.86000000e-01	1.28871942e-02	1.36932618e-04
6.87000000e-01	1.31445603e-02	1.39476247e-04
6.88000000e-01	1.29803198e-02	1.37958389e-04
6.89000000e-01	1.29551148e-02	1.37656643e-04
6.90000000e-01	1.30674182e-02	1.38728074e-04
6.91000000e-01	1.29792560e-02	1.38041464e-04
6.92000000e-01	1.29720016e-02	1.37709555e-04
6.93000000e-01	1.27891235e-02	1.35999632e-04
6.94000000e-01	1.31863963e-02	1.39786278e-04
6.95000000e-01	1.30077678e-02	1.38108613e-04
6.96000000e-01	1.27956930e-02	1.36077007e-04
6.97000000e-01	1.29759183e-02	1.37443617e-04
6.98000000e-01	1.30791763e-02	1.38599088e-04
6.99000000e-01	1.28278351e-02	1.36099403e-04
7.00000000e-01	1.28899042e-02	1.36877519e-04
7.01000000e-01	1.27898733e-02	1.35633738e-04
7.02000000e-01	1.30263057e-02	1.37800130e-04
7.03000000e-01	1.28205772e-02	1.36080915e-04
7.04000000e-01	1.31251726e-02	1.39108364e-04
7.05000000e-01	1.27361355e-02	1.35455825e-04
7.06000000e-01	1.28116208e-02	1.35736638e-04
7.07000000e-01	1.28711652e-02	1.35987174e-04
7.08000000e-01	1.29128446e-02	1.36715560e-04
7.09000000e-01	1.27162480e-02	1.35096015e-04
7.10000000e-01	1.26278768e-02	1.33382973e-04
7.11000000e-01	1.27250060e-02	1.35432315e-04
7.12000000e-01	1.27540872e-02	1.35506212e-04
7.13000000e-01	1.27418115e-02	1.34900241e-04
7.14000000e-01	1.26713001e-02	1.34573123e-04
7.15000000e-01	1.26461849e-02	1.34359475e-04
7.16000000e-01	1.26106548e-02	1.34343704e-04
7.17000000e-01	1.26941634e-02	1.34761337e-04
7.18000000e-01	1.25159944e-02	1.33219015e-04
7.19000000e-01	1.27006596e-02	1.35299458e-04
7.20000000e-01	1.27194959e-02	1.34837978e-04
7.21000000e-01	1.26230463e-02	1.34008611e-04
7.22000000e-01	1.25714298e-02	1.33304462e-04
7.23000000e-01	1.26493660e-02	1.34476427e-04
7.24000000e-01	1.26934073e-02	1.34653010e-04
7.25000000e-01	1.27046024e-02	1.34998560e-04
7.26000000e-01	1.25101487e-02	1.33089887e-04
7.27000000e-01	1.25162723e-02	1.33432558e-04
7.28000000e-01	1.26560641e-02	1.34388999e-04
7.29000000e-01	1.25159048e-02	1.33199026e-04
7.30000000e-01	1.25115748e-02	1.33115882e-04
7.31000000e-01	1.26271034e-02	1.33676353e-04
7.32000000e-01	1.26452630e-02	1.33992066e-04
7.33000000e-01	1.26442280e-02	1.33962472e-04
7.34000000e-01	1.25923906e-02	1.33539640e-04
7.35000000e-01	1.25923276e-02	1.33119041e-04
7.36000000e-01	1.25358880e-02	1.32857572e-04
7.37000000e-01	1.24232319e-02	1.31538291e-04
7.38000000e-01	1.25144234e-02	1.31852950e-04
7.39000000e-01	1.24984449e-02	1.31687613e-04
7.40000000e-01	1.24289300e-02	1.30931777e-04
7.41000000e-01	1.25049267e-02	1.30938966e-04
7.42000000e-01	1.23758361e-02	1.30484443e-04
7.43000000e-01	1.23001069e-02	1.29498959e-04
7.44000000e-01	1.24608366e-02	1.31269477e-04
7.45000000e-01	1.23222599e-02	1.29628733e-04
7.46000000e-01	1.23085608e-02	1.29813632e-04
7.47000000e-01	1.24270005e-02	1.30729666e-04
7.48000000e-01	1.23872538e-02	1.29619034e-04
7.49000000e-01	1.24418081e-02	1.30635256e-04
7.50000000e-01	1.23999701e-02	1.30416995e-04
7.51000000e-01	1.22229480e-02	1.28860350e-04
7.52000000e-01	1.23234848e-02	1.29862008e-04
7.53000000e-01	1.23339470e-02	1.29731254e-04
7.54000000e-01	1.23873610e-02	1.30216902e-04
7.55000000e-01	1.23155012e-02	1.29842320e-04
7.56000000e-01	1.23703169e-02	1.30237707e-04
7.57000000e-01	1.21538635e-02	1.28522065e-04
7.58000000e-01	1.21578013e-02	1.28593287e-04
7.59000000e-01	1.23331094e-02	1.29388290e-04
7.60000000e-01	1.23147092e-02	1.29420493e-04
7.61000000e-01	1.22033642e-02	1.28311721e-04
7.62000000e-01	1.22639081e-02	1.28426897e-04
7.63000000e-01	1.21438660e-02	1.27141413e-04
7.64000000e-01	1.22491252e-02	1.27541900e-04
7.65000000e-01	1.21721272e-02	1.27821964e-04
7.66000000e-01	1.21219892e-02	1.26445189e-04
7.67000000e-01	1.21476838e-02	1.27099815e-04
7.68000000e-01	1.20603690e-02	1.25780201e-04
7.69000000e-01	1.20778678e-02	1.26307067e-04
7.70000000e-01	1.20423361e-02	1.26526584e-04
7.71000000e-01	1.20658302e-02	1.26069830e-04
7.72000000e-01	1.20425400e-02	1.30127502e-04
7.73000000e-01	1.20571681e-02	1.34166021e-04
7.74000000e-01	1.21082943e-02	1.37436193e-04
7.75000000e-01	1.20606061e-02	1.38958487e-04
7.76000000e-01	1.20040534e-02	1.40760266e-04
7.77000000e-01	1.19982476e-02	1.42624690e-04
7.78000000e-01	1.21209745e-02	1.45986426e-04
7.79000000e-01	1.20553873e-02	1.46913337e-04
7.80000000e-01	1.20454557e-02	1.48661234e-04
7.81000000e-01	1.20180385e-02	1.49569202e-04
7.82000000e-01	1.20604139e-02	1.51828792e-04
7.83000000e-01	1.19909096e-02	1.53139603e-04
7.84000000e-01	1.19380458e-02	1.53713712e-04
7.85000000e-01	1.18726425e-02	1.54433670e-04
7.86000000e-01	1.21342720e-02	1.59493206e-04
7.87000000e-01	1.19668054e-02	1.58220665e-04
7.88000000e-01	1.18691765e-02	1.59856662e-04
7.89000000e-01	1.19872183e-02	1.62408268e-04
7.90000000e-01	1.19508652e-02	1.64018193e-04
7.91000000e-01	1.18823654e-02	1.64543976e-04
7.92000000e-01	1.19112126e-02	1.66349442e-04
7.93000000e-01	1.18595559e-02	1.67765829e-04
7.94000000e-01	1.18894041e-02	1.69868480e-04
7.95000000e-01	1.17059498e-02	1.69143424e-04
7.96000000e-01	1.18820406e-02	1.73058089e-04
7.97000000e-01	1.17537298e-02	1.73244316e-04
7.98000000e-01	1.19513786e-02	1.77484436e-04
7.99000000e-01	1.18168582e-02	1.76447152e-04
8.00000000e-01	1.19595842e-02	1.80620293e-04
8.01000000e-01	1.17435594e-02	1.80005127e-04
8.02000000e-01	1.19034961e-02	1.83352112e-04
8.03000000e-01	1.16430014e-02	1.81787967e-04
8.04000000e-01	1.16346245e-02	1.84024511e-04
8.05000000e-01	1.17388050e-02	1.87288021e-04
8.06000000e-01	1.17036199e-02	1.89727068e-04
8.07000000e-01	1.16658131e-02	1.90441367e-04
8.08000000e-01	1.19391222e-02	1.97357645e-04
8.09000000e-01	1.17314254e-02	1.96668624e-04
8.10000000e-01	1.16481888e-02	1.96223730e-04
8.11000000e-01	1.15764006e-02	1.96777448e-04
8.12000000e-01	1.17550729e-02	2.01740865e-04
8.13000000e-01	1.15795726e-02	2.02854316e-04
8.14000000e-01	1.15327915e-02	2.04021449e-04
8.15000000e-01	1.17552414e-02	2.10578117e-04
8.16000000e-01	1.16134139e-02	2.10047578e-04
8.17000000e-01	1.15007810e-02	2.11565734e-04
8.18000000e-01	1.16606908e-02	2.14514340e-04
8.19000000e-01	1.17105684e-02	2.19514309e-04
8.20000000e-01	1.14096837e-02	2.18807372e-04
8.21000000e-01	1.14626443e-02	2.21371259e-04
8.22000000e-01	1.15197681e-02	2.25405208e-04
8.23000000e-01	1.13166066e-02	2.25824965e-04
8.24000000e-01	1.14386341e-02	2.29411471e-04
8.25000000e-01	1.15453776e-02	2.34572538e-04
8.26000000e-01	1.15235956e-02	2.38767622e-04
8.27000000e-01	1.14036682e-02	2.38051000e-04
8.28000000e-01	1.13078382e-02	2.41714738e-04
8.29000000e-01	1.15047532e-02	2.49875763e-04
8.30000000e-01	1.14174004e-02	2.52110399e-04
8.31000000e-01	1.11402915e-02	2.47932307e-04
8.32000000e-01	1.15151146e-02	2.62418277e-04
8.33000000e-01	1.13498865e-02	2.61651146e-04
8.34000000e-01	1.13561619e-02	2.66564096e-04
8.35000000e-01	1.09755716e-02	2.65165860e-04
8.36000000e-01	1.11802966e-02	2.73694040e-04
8.37000000e-01	1.12602898e-02	2.78120368e-04
8.38000000e-01	1.12657642e-02	2.84119853e-04
8.39000000e-01	1.13019303e-02	2.92496739e-04
8.40000000e-01	1.11110481e-02	2.94822728e-04
8.41000000e-01	1.13303747e-02	3.07838060e-04
8.42000000e-01	1.11005600e-02	3.07568480e-04
8.43000000e-01	1.11549659e-02	3.15208759e-04
8.44000000e-01	1.11063614e-02	3.22747151e-04
8.45000000e-01	1.11601769e-02	3.30816058e-04
8.46000000e-01	1.11818399e-02	3.40967032e-04
8.47000000e-01	1.08224918e-02	3.43894583e-04
8.48000000e-01	1.11494556e-02	3.67016645e-04
8.49000000e-01	1.13609590e-02	3.77703095e-04
8.50000000e-01	1.07555868e-02	3.75848140e-04
8.51000000e-01	1.11158203e-02	4.00121628e-04
8.52000000e-01	1.15171735e-02	4.28640489e-04
8.53000000e-01	1.09562086e-02	4.28698731e-04
8.54000000e-01	1.09197439e-02	4.45713649e-04
8.55000000e-01	1.09530099e-02	4.55424342e-04
8.56000000e-01	1.11120381e-02	4.83254817e-04
8.57000000e-01	1.09443805e-02	4.94204044e-04
8.58000000e-01	1.14188424e-02	5.14673387e-04
8.59000000e-01	1.05822046e-02	4.96263492e-04
8.60000000e-01	1.03428800e-02	5.16225085e-04
8.61000000e-01	1.06405430e-02	5.34853270e-04
8.62000000e-01	1.10169896e-02	5.77963904e-04
8.63000000e-01	1.07302094e-02	5.85352092e-04
8.64000000e-01	1.03830477e-02	5.96378618e-04
8.65000000e-01	1.08630852e-02	6.50517133e-04
8.66000000e-01	1.14068662e-02	7.05067225e-04
8.67000000e-01	1.03971353e-02	7.05349304e-04
8.68000000e-01	1.12020262e-02	8.01741623e-04
8.69000000e-01	1.05663957e-02	8.18559297e-04
8.70000000e-01	1.08813352e-02	8.98553785e-04
8.71000000e-01	1.07811816e-02	1.02786528e-03
8.72000000e-01	1.02976466e-02	1.06981999e-03
8.73000000e-01	1.16305037e-02	1.39865830e-03
8.74000000e-01	9.90109757e-03	1.59748028e-03
8.75000000e-01	1.40035859e-02	4.34830351e-03
