% Filename : WHF7_00029_00040.h5
% Date & Time : 30-Oct-2025 17:16:54
% X-ray Energy (keV) : 13.30001
% Exposure Time (s) : 0.500
% Photodiode Value : 140834.000
% I0 of Sample : 0
% I0 of Standard : 1
% 
% q(A^-1)   I(q)    I(q)_SE
8.40000000e-01	0.00000000e+00	0.00000000e+00
8.45000000e-01	3.22928393e-03	5.64658200e-04
8.50000000e-01	3.07446132e-03	2.85519958e-04
8.55000000e-01	3.06150792e-03	2.49894005e-04
8.60000000e-01	3.01674141e-03	2.13386383e-04
8.65000000e-01	3.03805864e-03	1.98046230e-04
8.70000000e-01	3.01013043e-03	1.86880266e-04
8.75000000e-01	3.04460072e-03	1.81893301e-04
8.80000000e-01	3.04175003e-03	1.75738279e-04
8.85000000e-01	3.04058185e-03	1.66011499e-04
8.90000000e-01	3.03712468e-03	1.62300206e-04
8.95000000e-01	3.07727824e-03	1.59737161e-04
9.00000000e-01	3.04257767e-03	1.56498037e-04
9.05000000e-01	3.06276807e-03	1.50731434e-04
9.10000000e-01	3.09267405e-03	1.49188622e-04
9.15000000e-01	3.07699179e-03	1.46325305e-04
9.20000000e-01	3.09922012e-03	1.47056351e-04
9.25000000e-01	3.09312609e-03	1.40511296e-04
9.30000000e-01	3.13865901e-03	1.41191292e-04
9.35000000e-01	3.11056912e-03	1.37212822e-04
9.40000000e-01	3.10836564e-03	1.37481091e-04
9.45000000e-01	3.11228738e-03	1.34140812e-04
9.50000000e-01	3.14034372e-03	1.33463786e-04
9.55000000e-01	3.14266408e-03	1.31118562e-04
9.60000000e-01	3.15757069e-03	1.31895053e-04
9.65000000e-01	3.13446340e-03	1.28839612e-04
9.70000000e-01	3.14968224e-03	1.27235462e-04
9.75000000e-01	3.15693040e-03	1.26057296e-04
9.80000000e-01	3.16883055e-03	1.25484366e-04
9.85000000e-01	3.17694839e-03	1.26040863e-04
9.90000000e-01	3.18783187e-03	1.22556717e-04
9.95000000e-01	3.19246231e-03	1.22089325e-04
1.00000000e+00	3.20046094e-03	1.21908394e-04
1.00500000e+00	3.20418164e-03	1.21966039e-04
1.01000000e+00	3.20146687e-03	1.19334397e-04
1.01500000e+00	3.20792345e-03	1.18449968e-04
1.02000000e+00	3.22936316e-03	1.19197844e-04
1.02500000e+00	3.18901641e-03	1.16160514e-04
1.03000000e+00	3.19480266e-03	1.15944010e-04
1.03500000e+00	3.19517671e-03	1.14445822e-04
1.04000000e+00	3.20717377e-03	1.14134646e-04
1.04500000e+00	3.20701790e-03	1.14038826e-04
1.05000000e+00	3.19522430e-03	1.12836097e-04
1.05500000e+00	3.19897598e-03	1.11255984e-04
1.06000000e+00	3.19957011e-03	1.11020574e-04
1.06500000e+00	3.23018655e-03	1.12190078e-04
1.07000000e+00	3.24027512e-03	1.12484099e-04
1.07500000e+00	3.23542016e-03	1.11454415e-04
1.08000000e+00	3.23976375e-03	1.10874341e-04
1.08500000e+00	3.26604981e-03	1.11938488e-04
1.09000000e+00	3.27015357e-03	1.12621258e-04
1.09500000e+00	3.27297598e-03	1.10574457e-04
1.10000000e+00	3.30728448e-03	1.12302168e-04
1.10500000e+00	3.32829669e-03	1.13422221e-04
1.11000000e+00	3.32211265e-03	1.13417905e-04
1.11500000e+00	3.34828228e-03	1.13322278e-04
1.12000000e+00	3.36514799e-03	1.14473611e-04
1.12500000e+00	3.37065879e-03	1.14280278e-04
1.13000000e+00	3.36278752e-03	1.15496386e-04
1.13500000e+00	3.41079299e-03	1.15621298e-04
1.14000000e+00	3.41600852e-03	1.15614593e-04
1.14500000e+00	3.43915661e-03	1.17454549e-04
1.15000000e+00	3.42204441e-03	1.17352755e-04
1.15500000e+00	3.47330986e-03	1.17911726e-04
1.16000000e+00	3.47259979e-03	1.18273923e-04
1.16500000e+00	3.48251362e-03	1.18528485e-04
1.17000000e+00	3.50873250e-03	1.20904605e-04
1.17500000e+00	3.50984381e-03	1.19172955e-04
1.18000000e+00	3.52417808e-03	1.20249280e-04
1.18500000e+00	3.55834255e-03	1.21229354e-04
1.19000000e+00	3.57649399e-03	1.23188391e-04
1.19500000e+00	3.61311809e-03	1.22880293e-04
1.20000000e+00	3.61484437e-03	1.23708359e-04
1.20500000e+00	3.61706548e-03	1.23496314e-04
1.21000000e+00	3.60917944e-03	1.24852035e-04
1.21500000e+00	3.64531559e-03	1.24050252e-04
1.22000000e+00	3.64357067e-03	1.24187436e-04
1.22500000e+00	3.67326234e-03	1.25650270e-04
1.23000000e+00	3.67962715e-03	1.26842834e-04
1.23500000e+00	3.71821010e-03	1.27411341e-04
1.24000000e+00	3.76667659e-03	1.28411175e-04
1.24500000e+00	3.75655458e-03	1.28993105e-04
1.25000000e+00	3.75529776e-03	1.29737160e-04
1.25500000e+00	3.79148141e-03	1.29387045e-04
1.26000000e+00	3.81816170e-03	1.31105962e-04
1.26500000e+00	3.82608205e-03	1.30832526e-04
1.27000000e+00	3.83561773e-03	1.33084869e-04
1.27500000e+00	3.87126619e-03	1.33047351e-04
1.28000000e+00	3.86441088e-03	1.31973449e-04
1.28500000e+00	3.89187725e-03	1.33646445e-04
1.29000000e+00	3.92899584e-03	1.36081016e-04
1.29500000e+00	3.93904274e-03	1.34911721e-04
1.30000000e+00	3.99771258e-03	1.36771884e-04
1.30500000e+00	4.01232728e-03	1.37896970e-04
1.31000000e+00	4.01650556e-03	1.39696604e-04
1.31500000e+00	4.05668846e-03	1.39415443e-04
1.32000000e+00	4.08666393e-03	1.40216102e-04
1.32500000e+00	4.14447996e-03	1.42620821e-04
1.33000000e+00	4.14581351e-03	1.44313346e-04
1.33500000e+00	4.22288079e-03	1.45018558e-04
1.34000000e+00	4.25577066e-03	1.46242637e-04
1.34500000e+00	4.29064916e-03	1.48060133e-04
1.35000000e+00	4.31252112e-03	1.50223902e-04
1.35500000e+00	4.33852919e-03	1.49114364e-04
1.36000000e+00	4.38422721e-03	1.50384642e-04
1.36500000e+00	4.38713551e-03	1.51048369e-04
1.37000000e+00	4.38882427e-03	1.53301867e-04
1.37500000e+00	4.40501068e-03	1.51549844e-04
1.38000000e+00	4.35338113e-03	1.50061612e-04
1.38500000e+00	4.33065444e-03	1.50114294e-04
1.39000000e+00	4.30880674e-03	1.50324958e-04
1.39500000e+00	4.27419214e-03	1.46974887e-04
1.40000000e+00	4.31532724e-03	1.52849903e-04
1.40500000e+00	4.23057340e-03	1.61227168e-04
1.41000000e+00	4.16862991e-03	1.66374244e-04
1.41500000e+00	4.11443582e-03	1.70071089e-04
1.42000000e+00	4.06999439e-03	1.75025226e-04
1.42500000e+00	4.06561133e-03	1.80008060e-04
1.43000000e+00	4.02205126e-03	1.84896697e-04
1.43500000e+00	3.98167635e-03	1.88465647e-04
1.44000000e+00	3.94674682e-03	1.94188345e-04
1.44500000e+00	3.94806517e-03	1.99411852e-04
1.45000000e+00	4.03988322e-03	1.97124662e-04
1.45500000e+00	4.03467922e-03	1.76980974e-04
1.46000000e+00	4.03610910e-03	1.72863651e-04
1.46500000e+00	4.05154452e-03	1.70330122e-04
1.47000000e+00	3.99840927e-03	1.67829816e-04
1.47500000e+00	4.01386627e-03	1.63697284e-04
1.48000000e+00	4.04171688e-03	1.62993268e-04
1.48500000e+00	4.05353692e-03	1.63539764e-04
1.49000000e+00	4.02564240e-03	1.62850586e-04
1.49500000e+00	4.04525514e-03	1.60219175e-04
1.50000000e+00	4.02814857e-03	1.58825803e-04
1.50500000e+00	3.99486938e-03	1.58374191e-04
1.51000000e+00	3.98440298e-03	1.58366554e-04
1.51500000e+00	3.98127632e-03	1.55569904e-04
1.52000000e+00	3.98935802e-03	1.55372121e-04
1.52500000e+00	3.92349155e-03	1.52767622e-04
1.53000000e+00	3.92754313e-03	1.53779646e-04
1.53500000e+00	3.94029535e-03	1.49969823e-04
1.54000000e+00	3.90960687e-03	1.48563442e-04
1.54500000e+00	3.89153440e-03	1.47519720e-04
1.55000000e+00	3.86506819e-03	1.46169043e-04
1.55500000e+00	3.84436593e-03	1.42070235e-04
1.56000000e+00	3.81544547e-03	1.41264331e-04
1.56500000e+00	3.79808105e-03	1.39966651e-04
1.57000000e+00	3.76865550e-03	1.37909910e-04
1.57500000e+00	3.77545139e-03	1.35540479e-04
1.58000000e+00	3.78216253e-03	1.35510115e-04
1.58500000e+00	3.73266548e-03	1.33692573e-04
1.59000000e+00	3.70853180e-03	1.33021970e-04
1.59500000e+00	3.74018283e-03	1.31518931e-04
1.60000000e+00	3.70491264e-03	1.30148151e-04
1.60500000e+00	3.70372109e-03	1.30308246e-04
1.61000000e+00	3.67177039e-03	1.28577324e-04
1.61500000e+00	3.70431309e-03	1.28604288e-04
1.62000000e+00	3.69257135e-03	1.28683213e-04
1.62500000e+00	3.67636808e-03	1.29639790e-04
1.63000000e+00	3.68422242e-03	1.28447298e-04
1.63500000e+00	3.68643259e-03	1.28538777e-04
1.64000000e+00	3.65569808e-03	1.27586377e-04
1.64500000e+00	3.63449132e-03	1.28113212e-04
1.65000000e+00	3.63142848e-03	1.26752500e-04
1.65500000e+00	3.63724339e-03	1.26801683e-04
1.66000000e+00	3.61891851e-03	1.26254235e-04
1.66500000e+00	3.59847485e-03	1.27658291e-04
1.67000000e+00	3.59446896e-03	1.24955779e-04
1.67500000e+00	3.59165293e-03	1.25132267e-04
1.68000000e+00	3.59695655e-03	1.25654145e-04
1.68500000e+00	3.55950637e-03	1.26413563e-04
1.69000000e+00	3.56508070e-03	1.24200415e-04
1.69500000e+00	3.55731778e-03	1.23636024e-04
1.70000000e+00	3.56899481e-03	1.25561559e-04
1.70500000e+00	3.55191205e-03	1.25459115e-04
1.71000000e+00	3.51803291e-03	1.22649909e-04
1.71500000e+00	3.49578666e-03	1.21827849e-04
1.72000000e+00	3.48817575e-03	1.22497407e-04
1.72500000e+00	3.46310904e-03	1.22446273e-04
1.73000000e+00	3.47990539e-03	1.21306552e-04
1.73500000e+00	3.45850381e-03	1.20970238e-04
1.74000000e+00	3.48176963e-03	1.22111042e-04
1.74500000e+00	3.42911546e-03	1.21629113e-04
1.75000000e+00	3.43287196e-03	1.19479567e-04
1.75500000e+00	3.40297754e-03	1.19196465e-04
1.76000000e+00	3.40100951e-03	1.19059427e-04
1.76500000e+00	3.38745351e-03	1.20153571e-04
1.77000000e+00	3.36862281e-03	1.17407657e-04
1.77500000e+00	3.36289951e-03	1.17577863e-04
1.78000000e+00	3.36352176e-03	1.18033682e-04
1.78500000e+00	3.32713838e-03	1.17923063e-04
1.79000000e+00	3.34692532e-03	1.16576379e-04
1.79500000e+00	3.33042932e-03	1.16437356e-04
1.80000000e+00	3.31064702e-03	1.16364318e-04
1.80500000e+00	3.29517407e-03	1.16549383e-04
1.81000000e+00	3.28081467e-03	1.14366397e-04
1.81500000e+00	3.27591215e-03	1.14270226e-04
1.82000000e+00	3.25791153e-03	1.14364309e-04
1.82500000e+00	3.25214496e-03	1.14978887e-04
1.83000000e+00	3.23242045e-03	1.12823879e-04
1.83500000e+00	3.22328905e-03	1.12681200e-04
1.84000000e+00	3.18968366e-03	1.12116915e-04
1.84500000e+00	3.20033883e-03	1.13018163e-04
1.85000000e+00	3.19614325e-03	1.11697411e-04
1.85500000e+00	3.16887005e-03	1.10764001e-04
1.86000000e+00	3.16512835e-03	1.11402107e-04
1.86500000e+00	3.17113804e-03	1.11863152e-04
1.87000000e+00	3.14557471e-03	1.09769542e-04
1.87500000e+00	3.11018404e-03	1.08864424e-04
1.88000000e+00	3.08304707e-03	1.08364714e-04
1.88500000e+00	3.09129791e-03	1.09328990e-04
1.89000000e+00	3.10230867e-03	1.08216861e-04
1.89500000e+00	3.06262997e-03	1.07423324e-04
1.90000000e+00	3.06376514e-03	1.07715324e-04
1.90500000e+00	3.07606342e-03	1.08248382e-04
1.91000000e+00	3.03278078e-03	1.06049355e-04
1.91500000e+00	3.04852623e-03	1.06664362e-04
1.92000000e+00	3.01410926e-03	1.06098193e-04
1.92500000e+00	3.02006179e-03	1.06444310e-04
1.93000000e+00	2.96853993e-03	1.03623338e-04
1.93500000e+00	3.01539950e-03	1.05604872e-04
1.94000000e+00	3.00773613e-03	1.06201723e-04
1.94500000e+00	2.97129409e-03	1.04569746e-04
1.95000000e+00	2.95456392e-03	1.03038112e-04
1.95500000e+00	2.93330142e-03	1.02715509e-04
1.96000000e+00	2.91833272e-03	1.02847209e-04
1.96500000e+00	2.93036382e-03	1.03325047e-04
1.97000000e+00	2.90753213e-03	1.01241329e-04
1.97500000e+00	2.89874863e-03	1.01646290e-04
1.98000000e+00	2.91169633e-03	1.02570651e-04
1.98500000e+00	2.86227979e-03	1.01004753e-04
1.99000000e+00	2.87056038e-03	9.99963448e-05
1.99500000e+00	2.86303948e-03	1.00206021e-04
2.00000000e+00	2.85055015e-03	1.00424596e-04
2.00500000e+00	2.86323081e-03	1.01079298e-04
2.01000000e+00	2.85692542e-03	1.10654586e-04
2.01500000e+00	2.82731755e-03	1.16395345e-04
2.02000000e+00	2.79686201e-03	1.22671997e-04
2.02500000e+00	2.75891975e-03	1.25866629e-04
2.03000000e+00	2.77029468e-03	1.33729866e-04
2.03500000e+00	2.72122725e-03	1.37256529e-04
2.04000000e+00	2.69519983e-03	1.42100125e-04
2.04500000e+00	2.70769242e-03	1.50171373e-04
2.05000000e+00	2.69592247e-03	1.56729015e-04
2.05500000e+00	2.73675478e-03	1.56176154e-04
2.06000000e+00	2.75473056e-03	1.36856919e-04
2.06500000e+00	2.74700986e-03	1.30294460e-04
2.07000000e+00	2.68699167e-03	1.20724779e-04
2.07500000e+00	2.69225053e-03	1.18255249e-04
2.08000000e+00	2.70138373e-03	1.18433212e-04
2.08500000e+00	2.70422431e-03	1.17416065e-04
2.09000000e+00	2.69950362e-03	1.13702435e-04
2.09500000e+00	2.68974594e-03	1.12259800e-04
2.10000000e+00	2.63738015e-03	1.09338708e-04
2.10500000e+00	2.65366876e-03	1.09634890e-04
2.11000000e+00	2.64108546e-03	1.05163730e-04
2.11500000e+00	2.62083881e-03	1.03304890e-04
2.12000000e+00	2.59807862e-03	1.01745045e-04
2.12500000e+00	2.59035729e-03	1.01321050e-04
2.13000000e+00	2.55898506e-03	9.59232522e-05
2.13500000e+00	2.53056200e-03	9.37284791e-05
2.14000000e+00	2.52439224e-03	9.26899528e-05
2.14500000e+00	2.50527564e-03	9.20881674e-05
2.15000000e+00	2.50346351e-03	8.90943264e-05
2.15500000e+00	2.50718899e-03	8.93207073e-05
2.16000000e+00	2.49311909e-03	8.84183885e-05
2.16500000e+00	2.48056839e-03	8.86284935e-05
2.17000000e+00	2.47217654e-03	8.61691609e-05
2.17500000e+00	2.45470878e-03	8.56852340e-05
2.18000000e+00	2.45465462e-03	8.59348231e-05
2.18500000e+00	2.42038517e-03	8.52458554e-05
2.19000000e+00	2.43487552e-03	8.54973944e-05
2.19500000e+00	2.43140045e-03	8.49460889e-05
2.20000000e+00	2.39293594e-03	8.37616896e-05
2.20500000e+00	2.37394609e-03	8.34077807e-05
2.21000000e+00	2.37291685e-03	8.37785151e-05
2.21500000e+00	2.37370318e-03	8.28209099e-05
2.22000000e+00	2.36823035e-03	8.25250125e-05
2.22500000e+00	2.33859440e-03	8.22365055e-05
2.23000000e+00	2.33844698e-03	8.27101834e-05
2.23500000e+00	2.32637717e-03	8.11443941e-05
2.24000000e+00	2.32523626e-03	8.11549166e-05
2.24500000e+00	2.31633439e-03	8.13523540e-05
2.25000000e+00	2.28614061e-03	8.10539713e-05
2.25500000e+00	2.27481097e-03	7.91260863e-05
2.26000000e+00	2.27265779e-03	7.93989656e-05
2.26500000e+00	2.25526973e-03	7.89766215e-05
2.27000000e+00	2.23872529e-03	7.96164681e-05
2.27500000e+00	2.22653081e-03	7.75413140e-05
2.28000000e+00	2.20643206e-03	7.68968232e-05
2.28500000e+00	2.18396639e-03	7.65485402e-05
2.29000000e+00	2.18718988e-03	7.70665920e-05
2.29500000e+00	2.19382894e-03	7.71236232e-05
2.30000000e+00	2.15950930e-03	7.52025004e-05
2.30500000e+00	2.15647109e-03	7.53230449e-05
2.31000000e+00	2.15219805e-03	7.56267904e-05
2.31500000e+00	2.12047331e-03	7.50005739e-05
2.32000000e+00	2.10941240e-03	7.31646616e-05
2.32500000e+00	2.10941060e-03	7.37414510e-05
2.33000000e+00	2.09082025e-03	7.32806362e-05
2.33500000e+00	2.10902740e-03	7.46437108e-05
2.34000000e+00	2.06408844e-03	7.18647552e-05
2.34500000e+00	2.06766007e-03	7.20225923e-05
2.35000000e+00	2.04059003e-03	7.12729265e-05
2.35500000e+00	2.04127013e-03	7.22813860e-05
2.36000000e+00	2.02236218e-03	7.06686359e-05
2.36500000e+00	2.01076675e-03	7.02127135e-05
2.37000000e+00	1.99456545e-03	6.96073988e-05
2.37500000e+00	1.98383613e-03	6.98036238e-05
2.38000000e+00	1.97066260e-03	6.98276648e-05
2.38500000e+00	1.96025891e-03	6.83667683e-05
2.39000000e+00	1.94690929e-03	6.80725055e-05
2.39500000e+00	1.94851746e-03	6.85065426e-05
2.40000000e+00	1.92219822e-03	6.85993301e-05
2.40500000e+00	1.91243378e-03	6.68341010e-05
2.41000000e+00	1.88726736e-03	6.62849740e-05
2.41500000e+00	1.91645077e-03	6.73108290e-05
2.42000000e+00	1.88894812e-03	6.72257970e-05
2.42500000e+00	1.88251332e-03	6.69362971e-05
2.43000000e+00	1.87959518e-03	6.61729738e-05
2.43500000e+00	1.86429184e-03	6.58538276e-05
2.44000000e+00	1.86149217e-03	6.59545759e-05
2.44500000e+00	1.84391666e-03	6.61233249e-05
2.45000000e+00	1.84027795e-03	6.48422375e-05
2.45500000e+00	1.83439273e-03	6.49279572e-05
2.46000000e+00	1.80671729e-03	6.41009415e-05
2.46500000e+00	1.79213956e-03	6.44052624e-05
2.47000000e+00	1.80232749e-03	6.40792743e-05
2.47500000e+00	1.76850217e-03	6.26171674e-05
2.48000000e+00	1.77079079e-03	6.31948169e-05
2.48500000e+00	1.75565287e-03	6.26564343e-05
2.49000000e+00	1.73381674e-03	6.27827939e-05
2.49500000e+00	1.71772417e-03	6.10775196e-05
2.50000000e+00	1.71831711e-03	6.11501597e-05
2.50500000e+00	1.72827507e-03	6.18565406e-05
2.51000000e+00	1.71245890e-03	6.17844615e-05
2.51500000e+00	1.70257410e-03	6.14697080e-05
2.52000000e+00	1.71402937e-03	6.13857939e-05
2.52500000e+00	1.69253619e-03	6.08905571e-05
2.53000000e+00	1.69405291e-03	6.15078891e-05
2.53500000e+00	1.69105459e-03	6.21741276e-05
2.54000000e+00	1.67812759e-03	6.06221888e-05
2.54500000e+00	1.67616171e-03	6.08480058e-05
2.55000000e+00	1.66951234e-03	6.08868986e-05
2.55500000e+00	1.66249335e-03	6.11364515e-05
2.56000000e+00	1.64080930e-03	6.06402189e-05
2.56500000e+00	1.63681388e-03	5.99892746e-05
2.57000000e+00	1.62769120e-03	5.98482324e-05
2.57500000e+00	1.62458104e-03	5.98847492e-05
2.58000000e+00	1.60866606e-03	6.03282652e-05
2.58500000e+00	1.61191986e-03	6.00187266e-05
2.59000000e+00	1.60086384e-03	5.93673190e-05
2.59500000e+00	1.60699144e-03	5.98455888e-05
2.60000000e+00	1.60563971e-03	6.02301283e-05
2.60500000e+00	1.61310643e-03	6.19158137e-05
2.61000000e+00	1.57411698e-03	6.89733912e-05
2.61500000e+00	1.56091998e-03	7.57054579e-05
2.62000000e+00	1.51535018e-03	8.11391041e-05
2.62500000e+00	1.49238340e-03	8.63361974e-05
2.63000000e+00	1.50613523e-03	9.59293487e-05
2.63500000e+00	1.56020884e-03	1.09894995e-04
2.64000000e+00	1.59620812e-03	1.23424266e-04
2.64500000e+00	1.59344233e-03	1.31423869e-04
2.65000000e+00	1.54207912e-03	1.35082640e-04
2.65500000e+00	1.59765924e-03	1.49868491e-04
2.66000000e+00	1.55882975e-03	1.56882770e-04
2.66500000e+00	1.60106009e-03	1.81625003e-04
2.67000000e+00	1.57977515e-03	1.94036111e-04
2.67500000e+00	1.54806128e-03	2.21190806e-04
2.68000000e+00	1.56008802e-03	2.59962879e-04
2.68500000e+00	1.60584525e-03	3.57115415e-04
2.69000000e+00	1.28740624e-03	4.59953391e-04
2.69500000e+00	0.00000000e+00	0.00000000e+00
2.70000000e+00	0.00000000e+00	0.00000000e+00
