% Filename : WHF7_00029_00001.h5
% Date & Time : 30-Oct-2025 17:15:03
% X-ray Energy (keV) : 13.30001
% Exposure Time (s) : 0.500
% Photodiode Value : 139403.000
% I0 of Sample : 0
% I0 of Standard : 1
% 
% q(A^-1)   I(q)    I(q)_SE
8.40000000e-01	0.00000000e+00	0.00000000e+00
8.45000000e-01	4.64105047e-03	8.10987740e-04
8.50000000e-01	4.39322821e-03	4.06550430e-04
8.55000000e-01	4.33166524e-03	3.53284625e-04
8.60000000e-01	4.27490535e-03	3.01534794e-04
8.65000000e-01	4.30845339e-03	2.80051719e-04
8.70000000e-01	4.27395652e-03	2.64771945e-04
8.75000000e-01	4.30712339e-03	2.56666694e-04
8.80000000e-01	4.27655500e-03	2.46634385e-04
8.85000000e-01	4.28163828e-03	2.33415091e-04
8.90000000e-01	4.34184188e-03	2.31429959e-04
8.95000000e-01	4.32118795e-03	2.23930058e-04
9.00000000e-01	4.33449442e-03	2.22578276e-04
9.05000000e-01	4.30088550e-03	2.11030179e-04
9.10000000e-01	4.37055660e-03	2.10598622e-04
9.15000000e-01	4.35128638e-03	2.06441744e-04
9.20000000e-01	4.37510337e-03	2.07153105e-04
9.25000000e-01	4.36354952e-03	1.97652603e-04
9.30000000e-01	4.39453573e-03	1.97139201e-04
9.35000000e-01	4.38623340e-03	1.92963371e-04
9.40000000e-01	4.39234593e-03	1.93777984e-04
9.45000000e-01	4.41476388e-03	1.89686003e-04
9.50000000e-01	4.41460520e-03	1.87099854e-04
9.55000000e-01	4.37574510e-03	1.82086631e-04
9.60000000e-01	4.41448442e-03	1.84006473e-04
9.65000000e-01	4.42735013e-03	1.81373602e-04
9.70000000e-01	4.42827725e-03	1.78410246e-04
9.75000000e-01	4.48434641e-03	1.78661375e-04
9.80000000e-01	4.48099148e-03	1.76974190e-04
9.85000000e-01	4.49543271e-03	1.77717356e-04
9.90000000e-01	4.49896816e-03	1.72518962e-04
9.95000000e-01	4.54572439e-03	1.73368379e-04
1.00000000e+00	4.54181496e-03	1.72383195e-04
1.00500000e+00	4.55264407e-03	1.72787485e-04
1.01000000e+00	4.55624670e-03	1.69333944e-04
1.01500000e+00	4.57425314e-03	1.68236587e-04
1.02000000e+00	4.58704644e-03	1.68647251e-04
1.02500000e+00	4.58406618e-03	1.66397237e-04
1.03000000e+00	4.62878584e-03	1.67356654e-04
1.03500000e+00	4.63223520e-03	1.65116033e-04
1.04000000e+00	4.63609046e-03	1.64048684e-04
1.04500000e+00	4.64258672e-03	1.64337301e-04
1.05000000e+00	4.61842252e-03	1.62381465e-04
1.05500000e+00	4.66259903e-03	1.61231706e-04
1.06000000e+00	4.68586879e-03	1.61756500e-04
1.06500000e+00	4.71632204e-03	1.62960683e-04
1.07000000e+00	4.75006556e-03	1.63913727e-04
1.07500000e+00	4.76903155e-03	1.63243539e-04
1.08000000e+00	4.78841179e-03	1.63009331e-04
1.08500000e+00	4.83397987e-03	1.64724552e-04
1.09000000e+00	4.85978626e-03	1.66492721e-04
1.09500000e+00	4.85935551e-03	1.63219517e-04
1.10000000e+00	4.91811079e-03	1.66285225e-04
1.10500000e+00	4.94327583e-03	1.67682146e-04
1.11000000e+00	4.96863028e-03	1.68708230e-04
1.11500000e+00	5.01945643e-03	1.69147566e-04
1.12000000e+00	5.01818442e-03	1.69875555e-04
1.12500000e+00	5.09295954e-03	1.71982412e-04
1.13000000e+00	5.09031011e-03	1.73984687e-04
1.13500000e+00	5.17493332e-03	1.74752143e-04
1.14000000e+00	5.18686951e-03	1.74856725e-04
1.14500000e+00	5.21645363e-03	1.77409924e-04
1.15000000e+00	5.26322785e-03	1.79874519e-04
1.15500000e+00	5.32620675e-03	1.80120727e-04
1.16000000e+00	5.35492029e-03	1.81685858e-04
1.16500000e+00	5.39343127e-03	1.82790927e-04
1.17000000e+00	5.41268722e-03	1.85755335e-04
1.17500000e+00	5.51153392e-03	1.86516952e-04
1.18000000e+00	5.51331595e-03	1.87345075e-04
1.18500000e+00	5.59065406e-03	1.89785162e-04
1.19000000e+00	5.61935258e-03	1.92726448e-04
1.19500000e+00	5.67817808e-03	1.92395769e-04
1.20000000e+00	5.74731575e-03	1.95878161e-04
1.20500000e+00	5.75906992e-03	1.95980427e-04
1.21000000e+00	5.82603054e-03	2.00766010e-04
1.21500000e+00	5.92109508e-03	2.00847056e-04
1.22000000e+00	5.95943371e-03	2.02435870e-04
1.22500000e+00	5.99316826e-03	2.04316676e-04
1.23000000e+00	6.06044968e-03	2.08201543e-04
1.23500000e+00	6.09351773e-03	2.07918360e-04
1.24000000e+00	6.14265160e-03	2.08637090e-04
1.24500000e+00	6.23114249e-03	2.13345081e-04
1.25000000e+00	6.26775409e-03	2.15793423e-04
1.25500000e+00	6.36571854e-03	2.16576141e-04
1.26000000e+00	6.43483890e-03	2.20179607e-04
1.26500000e+00	6.45922633e-03	2.20283320e-04
1.27000000e+00	6.55894077e-03	2.26933632e-04
1.27500000e+00	6.57476736e-03	2.25228357e-04
1.28000000e+00	6.68964186e-03	2.27646006e-04
1.28500000e+00	6.74091246e-03	2.30779200e-04
1.29000000e+00	6.80841062e-03	2.35135459e-04
1.29500000e+00	6.95193840e-03	2.37554829e-04
1.30000000e+00	7.00822269e-03	2.39012735e-04
1.30500000e+00	7.15095341e-03	2.45088897e-04
1.31000000e+00	7.24479379e-03	2.51284361e-04
1.31500000e+00	7.36635759e-03	2.52307278e-04
1.32000000e+00	7.52010446e-03	2.57372308e-04
1.32500000e+00	7.63096354e-03	2.61835075e-04
1.33000000e+00	7.82428156e-03	2.71718316e-04
1.33500000e+00	7.96611545e-03	2.72894385e-04
1.34000000e+00	8.10425793e-03	2.78006740e-04
1.34500000e+00	8.28712898e-03	2.85306555e-04
1.35000000e+00	8.37184924e-03	2.90920765e-04
1.35500000e+00	8.53633837e-03	2.92803856e-04
1.36000000e+00	8.59280650e-03	2.94146750e-04
1.36500000e+00	8.60020822e-03	2.95466616e-04
1.37000000e+00	8.56544829e-03	2.98647558e-04
1.37500000e+00	8.54738570e-03	2.93372399e-04
1.38000000e+00	8.50379176e-03	2.92475555e-04
1.38500000e+00	8.38510371e-03	2.89880466e-04
1.39000000e+00	8.23742798e-03	2.86682451e-04
1.39500000e+00	8.18763783e-03	2.80763367e-04
1.40000000e+00	8.11547411e-03	2.86630396e-04
1.40500000e+00	7.94860322e-03	3.02106340e-04
1.41000000e+00	7.81109377e-03	3.10611470e-04
1.41500000e+00	7.65614989e-03	3.15556552e-04
1.42000000e+00	7.57069716e-03	3.24854075e-04
1.42500000e+00	7.52923623e-03	3.32298874e-04
1.43000000e+00	7.41727471e-03	3.39801798e-04
1.43500000e+00	7.38977593e-03	3.48781932e-04
1.44000000e+00	7.27295819e-03	3.56608023e-04
1.44500000e+00	7.26235482e-03	3.65527634e-04
1.45000000e+00	7.42485978e-03	3.61304703e-04
1.45500000e+00	7.39726504e-03	3.23485279e-04
1.46000000e+00	7.39483952e-03	3.15696528e-04
1.46500000e+00	7.39944918e-03	3.10424066e-04
1.47000000e+00	7.37528893e-03	3.08720099e-04
1.47500000e+00	7.43351987e-03	3.02132055e-04
1.48000000e+00	7.39831278e-03	2.97520706e-04
1.48500000e+00	7.43416110e-03	2.99284384e-04
1.49000000e+00	7.45569876e-03	3.00902681e-04
1.49500000e+00	7.43214077e-03	2.93339732e-04
1.50000000e+00	7.34841962e-03	2.89022483e-04
1.50500000e+00	7.27694950e-03	2.87673387e-04
1.51000000e+00	7.25142698e-03	2.87334325e-04
1.51500000e+00	7.16725854e-03	2.79512857e-04
1.52000000e+00	7.11189664e-03	2.76478157e-04
1.52500000e+00	7.03254859e-03	2.73087872e-04
1.53000000e+00	6.90952740e-03	2.69882402e-04
1.53500000e+00	6.89294462e-03	2.61670652e-04
1.54000000e+00	6.82252350e-03	2.58643375e-04
1.54500000e+00	6.77091135e-03	2.56156948e-04
1.55000000e+00	6.75798510e-03	2.54902747e-04
1.55500000e+00	6.71402565e-03	2.47564934e-04
1.56000000e+00	6.64861376e-03	2.45619893e-04
1.56500000e+00	6.61620967e-03	2.43121811e-04
1.57000000e+00	6.59605546e-03	2.40760900e-04
1.57500000e+00	6.56436382e-03	2.35091664e-04
1.58000000e+00	6.52915987e-03	2.33292582e-04
1.58500000e+00	6.53823550e-03	2.33646759e-04
1.59000000e+00	6.51359426e-03	2.32921366e-04
1.59500000e+00	6.46801940e-03	2.26902075e-04
1.60000000e+00	6.46864783e-03	2.26790969e-04
1.60500000e+00	6.44549651e-03	2.26110364e-04
1.61000000e+00	6.43200216e-03	2.24626021e-04
1.61500000e+00	6.42759055e-03	2.22507302e-04
1.62000000e+00	6.41719615e-03	2.23054210e-04
1.62500000e+00	6.40906763e-03	2.25284581e-04
1.63000000e+00	6.42047232e-03	2.23329874e-04
1.63500000e+00	6.42962526e-03	2.23694257e-04
1.64000000e+00	6.40798218e-03	2.23027236e-04
1.64500000e+00	6.39708528e-03	2.25076374e-04
1.65000000e+00	6.33094205e-03	2.20395141e-04
1.65500000e+00	6.37799690e-03	2.21764597e-04
1.66000000e+00	6.34458778e-03	2.20771769e-04
1.66500000e+00	6.32126932e-03	2.23646713e-04
1.67000000e+00	6.35148888e-03	2.20146114e-04
1.67500000e+00	6.30326446e-03	2.19053070e-04
1.68000000e+00	6.26127029e-03	2.18260084e-04
1.68500000e+00	6.25420142e-03	2.21562149e-04
1.69000000e+00	6.24506581e-03	2.16947934e-04
1.69500000e+00	6.19883323e-03	2.14954065e-04
1.70000000e+00	6.15930519e-03	2.16079016e-04
1.70500000e+00	6.15768964e-03	2.16932798e-04
1.71000000e+00	6.10369533e-03	2.12316471e-04
1.71500000e+00	6.10084307e-03	2.12097937e-04
1.72000000e+00	6.07337468e-03	2.12821210e-04
1.72500000e+00	6.04405465e-03	2.13048099e-04
1.73000000e+00	6.01918738e-03	2.09465669e-04
1.73500000e+00	5.99604743e-03	2.09190391e-04
1.74000000e+00	5.92311250e-03	2.07156624e-04
1.74500000e+00	5.90903234e-03	2.09124059e-04
1.75000000e+00	5.88982540e-03	2.04399455e-04
1.75500000e+00	5.87492966e-03	2.05280343e-04
1.76000000e+00	5.79808738e-03	2.02435461e-04
1.76500000e+00	5.81068215e-03	2.05519702e-04
1.77000000e+00	5.74968393e-03	1.99982981e-04
1.77500000e+00	5.74027196e-03	2.00195706e-04
1.78000000e+00	5.73443967e-03	2.00645646e-04
1.78500000e+00	5.70384053e-03	2.01550468e-04
1.79000000e+00	5.76141826e-03	2.01567180e-04
1.79500000e+00	5.71089048e-03	2.00794243e-04
1.80000000e+00	5.61912950e-03	1.97042516e-04
1.80500000e+00	5.57580440e-03	1.96835368e-04
1.81000000e+00	5.54068980e-03	1.92664075e-04
1.81500000e+00	5.52640215e-03	1.92263801e-04
1.82000000e+00	5.48294803e-03	1.92030100e-04
1.82500000e+00	5.48272457e-03	1.93253147e-04
1.83000000e+00	5.45191571e-03	1.89772060e-04
1.83500000e+00	5.43734792e-03	1.89530739e-04
1.84000000e+00	5.38907112e-03	1.88897388e-04
1.84500000e+00	5.34656597e-03	1.88476167e-04
1.85000000e+00	5.31710748e-03	1.85247811e-04
1.85500000e+00	5.30596299e-03	1.84972500e-04
1.86000000e+00	5.25173096e-03	1.84360569e-04
1.86500000e+00	5.22930127e-03	1.84067832e-04
1.87000000e+00	5.22219154e-03	1.81759648e-04
1.87500000e+00	5.17032312e-03	1.80560334e-04
1.88000000e+00	5.19229230e-03	1.82041592e-04
1.88500000e+00	5.17763126e-03	1.82642594e-04
1.89000000e+00	5.11712793e-03	1.78012498e-04
1.89500000e+00	5.10880995e-03	1.78707766e-04
1.90000000e+00	5.08011945e-03	1.78239885e-04
1.90500000e+00	5.05328388e-03	1.77399542e-04
1.91000000e+00	5.04794397e-03	1.76084619e-04
1.91500000e+00	5.03615477e-03	1.75729913e-04
1.92000000e+00	4.98154357e-03	1.74810025e-04
1.92500000e+00	4.97503939e-03	1.74826122e-04
1.93000000e+00	4.94358121e-03	1.72098069e-04
1.93500000e+00	4.91106756e-03	1.71538734e-04
1.94000000e+00	4.91009583e-03	1.72784471e-04
1.94500000e+00	4.88330984e-03	1.71377080e-04
1.95000000e+00	4.84149493e-03	1.68343423e-04
1.95500000e+00	4.83498163e-03	1.68912373e-04
1.96000000e+00	4.82605366e-03	1.69597701e-04
1.96500000e+00	4.76735429e-03	1.67695702e-04
1.97000000e+00	4.77430954e-03	1.65925246e-04
1.97500000e+00	4.72347412e-03	1.65215071e-04
1.98000000e+00	4.70757107e-03	1.65301818e-04
1.98500000e+00	4.68422420e-03	1.64824023e-04
1.99000000e+00	4.68461860e-03	1.62765839e-04
1.99500000e+00	4.65248132e-03	1.62365565e-04
2.00000000e+00	4.64166750e-03	1.63126923e-04
2.00500000e+00	4.66579742e-03	1.64291762e-04
2.01000000e+00	4.64313136e-03	1.79468276e-04
2.01500000e+00	4.58538382e-03	1.88183773e-04
2.02000000e+00	4.56207515e-03	1.99545372e-04
2.02500000e+00	4.51043808e-03	2.04990633e-04
2.03000000e+00	4.47746922e-03	2.15467798e-04
2.03500000e+00	4.44841473e-03	2.23563450e-04
2.04000000e+00	4.42670661e-03	2.32708452e-04
2.04500000e+00	4.40042725e-03	2.43216445e-04
2.05000000e+00	4.36562784e-03	2.53467062e-04
2.05500000e+00	4.43227902e-03	2.52008040e-04
2.06000000e+00	4.49289473e-03	2.22515625e-04
2.06500000e+00	4.41525145e-03	2.08826998e-04
2.07000000e+00	4.36709797e-03	1.95586742e-04
2.07500000e+00	4.38962908e-03	1.92214051e-04
2.08000000e+00	4.34557549e-03	1.89831640e-04
2.08500000e+00	4.32343902e-03	1.87420414e-04
2.09000000e+00	4.33356939e-03	1.82282594e-04
2.09500000e+00	4.33179970e-03	1.80206907e-04
2.10000000e+00	4.31671007e-03	1.78453183e-04
2.10500000e+00	4.27214252e-03	1.75940271e-04
2.11000000e+00	4.26662735e-03	1.69359568e-04
2.11500000e+00	4.25668827e-03	1.67231084e-04
2.12000000e+00	4.23757648e-03	1.65628462e-04
2.12500000e+00	4.18006933e-03	1.62876227e-04
2.13000000e+00	4.16708428e-03	1.55676849e-04
2.13500000e+00	4.11867889e-03	1.52099319e-04
2.14000000e+00	4.09797986e-03	1.49922756e-04
2.14500000e+00	4.07303336e-03	1.49315621e-04
2.15000000e+00	4.09874088e-03	1.45330882e-04
2.15500000e+00	4.08380430e-03	1.45007759e-04
2.16000000e+00	4.04639298e-03	1.43089833e-04
2.16500000e+00	4.04746462e-03	1.44086815e-04
2.17000000e+00	4.00997944e-03	1.39310729e-04
2.17500000e+00	4.01343537e-03	1.39805900e-04
2.18000000e+00	3.97233828e-03	1.38753864e-04
2.18500000e+00	3.96828152e-03	1.39308031e-04
2.19000000e+00	3.97076402e-03	1.38959890e-04
2.19500000e+00	3.94028754e-03	1.37056963e-04
2.20000000e+00	3.89596736e-03	1.35890219e-04
2.20500000e+00	3.92975831e-03	1.37524578e-04
2.21000000e+00	3.92636698e-03	1.38083580e-04
2.21500000e+00	3.90681368e-03	1.35904895e-04
2.22000000e+00	3.86199333e-03	1.34150350e-04
2.22500000e+00	3.86777710e-03	1.35547404e-04
2.23000000e+00	3.87189193e-03	1.36425533e-04
2.23500000e+00	3.84444327e-03	1.33549923e-04
2.24000000e+00	3.82456629e-03	1.32907756e-04
2.24500000e+00	3.79930213e-03	1.32992757e-04
2.25000000e+00	3.78379413e-03	1.33568754e-04
2.25500000e+00	3.79284531e-03	1.31403346e-04
2.26000000e+00	3.76033122e-03	1.30839312e-04
2.26500000e+00	3.76791949e-03	1.31539363e-04
2.27000000e+00	3.72203966e-03	1.31753672e-04
2.27500000e+00	3.70723460e-03	1.28621510e-04
2.28000000e+00	3.64097370e-03	1.26300150e-04
2.28500000e+00	3.61725281e-03	1.26366849e-04
2.29000000e+00	3.62145355e-03	1.27304279e-04
2.29500000e+00	3.63388304e-03	1.27339280e-04
2.30000000e+00	3.63644886e-03	1.26173619e-04
2.30500000e+00	3.61142420e-03	1.25614642e-04
2.31000000e+00	3.61161345e-03	1.26323065e-04
2.31500000e+00	3.57368134e-03	1.25979508e-04
2.32000000e+00	3.56156614e-03	1.23062829e-04
2.32500000e+00	3.55354098e-03	1.23829738e-04
2.33000000e+00	3.55139963e-03	1.23977897e-04
2.33500000e+00	3.52291176e-03	1.24384852e-04
2.34000000e+00	3.50326143e-03	1.21536920e-04
2.34500000e+00	3.46150741e-03	1.20209083e-04
2.35000000e+00	3.45889312e-03	1.20631085e-04
2.35500000e+00	3.42097933e-03	1.20842166e-04
2.36000000e+00	3.41225269e-03	1.18978746e-04
2.36500000e+00	3.37664339e-03	1.17649323e-04
2.37000000e+00	3.38309812e-03	1.17972715e-04
2.37500000e+00	3.36631730e-03	1.18386263e-04
2.38000000e+00	3.35523450e-03	1.18588737e-04
2.38500000e+00	3.34402387e-03	1.16530135e-04
2.39000000e+00	3.31551180e-03	1.15958958e-04
2.39500000e+00	3.30732341e-03	1.16249791e-04
2.40000000e+00	3.29669660e-03	1.17608467e-04
2.40500000e+00	3.28566349e-03	1.14865451e-04
2.41000000e+00	3.25978794e-03	1.14404005e-04
2.41500000e+00	3.26491072e-03	1.14572683e-04
2.42000000e+00	3.22149675e-03	1.14592122e-04
2.42500000e+00	3.23574923e-03	1.14888548e-04
2.43000000e+00	3.19925059e-03	1.12590684e-04
2.43500000e+00	3.19586771e-03	1.12925136e-04
2.44000000e+00	3.18544881e-03	1.12814143e-04
2.44500000e+00	3.15906274e-03	1.13402877e-04
2.45000000e+00	3.13443226e-03	1.10539946e-04
2.45500000e+00	3.12895135e-03	1.10694619e-04
2.46000000e+00	3.10554541e-03	1.10383593e-04
2.46500000e+00	3.09827193e-03	1.11539342e-04
2.47000000e+00	3.07299139e-03	1.09562156e-04
2.47500000e+00	3.09976522e-03	1.09919623e-04
2.48000000e+00	3.07701035e-03	1.10124438e-04
2.48500000e+00	3.03409038e-03	1.08554665e-04
2.49000000e+00	3.04641249e-03	1.10569124e-04
2.49500000e+00	3.01636040e-03	1.07538925e-04
2.50000000e+00	3.01838267e-03	1.07804361e-04
2.50500000e+00	3.00537071e-03	1.08036686e-04
2.51000000e+00	2.95085471e-03	1.06889111e-04
2.51500000e+00	2.98756155e-03	1.08362510e-04
2.52000000e+00	2.96609506e-03	1.06577342e-04
2.52500000e+00	2.97921627e-03	1.07525232e-04
2.53000000e+00	2.96980956e-03	1.08312677e-04
2.53500000e+00	2.93723497e-03	1.08433280e-04
2.54000000e+00	2.93696487e-03	1.06546406e-04
2.54500000e+00	2.94850190e-03	1.07480092e-04
2.55000000e+00	2.92755609e-03	1.07131295e-04
2.55500000e+00	2.91710182e-03	1.07757618e-04
2.56000000e+00	2.90332479e-03	1.07832314e-04
2.56500000e+00	2.88525754e-03	1.06068174e-04
2.57000000e+00	2.89297086e-03	1.06916782e-04
2.57500000e+00	2.87617282e-03	1.06713918e-04
2.58000000e+00	2.84703551e-03	1.07297019e-04
2.58500000e+00	2.86144392e-03	1.07020168e-04
2.59000000e+00	2.87923768e-03	1.07232466e-04
2.59500000e+00	2.83782955e-03	1.06208151e-04
2.60000000e+00	2.84069840e-03	1.07139050e-04
2.60500000e+00	2.86303591e-03	1.10427080e-04
2.61000000e+00	2.79732547e-03	1.23642072e-04
2.61500000e+00	2.72783751e-03	1.34142039e-04
2.62000000e+00	2.73088402e-03	1.48167103e-04
2.62500000e+00	2.58776308e-03	1.52968031e-04
2.63000000e+00	2.69562904e-03	1.74539300e-04
2.63500000e+00	2.82901072e-03	1.99787324e-04
2.64000000e+00	2.95349705e-03	2.27350006e-04
2.64500000e+00	2.91499925e-03	2.39871388e-04
2.65000000e+00	2.89310496e-03	2.51701190e-04
2.65500000e+00	2.93131822e-03	2.74283210e-04
2.66000000e+00	2.90680742e-03	2.91396503e-04
2.66500000e+00	2.86673079e-03	3.22936076e-04
2.67000000e+00	2.90455606e-03	3.54575060e-04
2.67500000e+00	2.90964756e-03	4.13803674e-04
2.68000000e+00	2.80348778e-03	4.63257592e-04
2.68500000e+00	2.73012326e-03	6.08462259e-04
2.69000000e+00	2.20653631e-03	7.91663604e-04
2.69500000e+00	0.00000000e+00	0.00000000e+00
2.70000000e+00	0.00000000e+00	0.00000000e+00
