% Filename : WHF7_00029_00015.h5
% Date & Time : 30-Oct-2025 17:15:43
% X-ray Energy (keV) : 13.30001
% Exposure Time (s) : 0.500
% Photodiode Value : 135747.000
% I0 of Sample : 0
% I0 of Standard : 1
% 
% q(A^-1)   I(q)    I(q)_SE
8.40000000e-01	0.00000000e+00	0.00000000e+00
8.45000000e-01	8.06735227e-03	1.40901460e-03
8.50000000e-01	7.70294101e-03	7.11377591e-04
8.55000000e-01	7.47351020e-03	6.08184667e-04
8.60000000e-01	7.49390533e-03	5.27847144e-04
8.65000000e-01	7.44048587e-03	4.82622194e-04
8.70000000e-01	7.38934630e-03	4.57013830e-04
8.75000000e-01	7.36571693e-03	4.38351063e-04
8.80000000e-01	7.44098820e-03	4.27871020e-04
8.85000000e-01	7.44238592e-03	4.04744606e-04
8.90000000e-01	7.44184945e-03	3.96119955e-04
8.95000000e-01	7.39405889e-03	3.82486228e-04
9.00000000e-01	7.40860813e-03	3.79546546e-04
9.05000000e-01	7.41520453e-03	3.63392826e-04
9.10000000e-01	7.43835952e-03	3.57755963e-04
9.15000000e-01	7.40748609e-03	3.50661121e-04
9.20000000e-01	7.47551269e-03	3.53254003e-04
9.25000000e-01	7.51953908e-03	3.39845911e-04
9.30000000e-01	7.48596853e-03	3.35122522e-04
9.35000000e-01	7.52193066e-03	3.30198651e-04
9.40000000e-01	7.52412262e-03	3.31255562e-04
9.45000000e-01	7.53447768e-03	3.23411996e-04
9.50000000e-01	7.55314537e-03	3.19471493e-04
9.55000000e-01	7.58324561e-03	3.14940421e-04
9.60000000e-01	7.62453197e-03	3.16918581e-04
9.65000000e-01	7.60657433e-03	3.10854893e-04
9.70000000e-01	7.61687371e-03	3.06219030e-04
9.75000000e-01	7.71488960e-03	3.06797157e-04
9.80000000e-01	7.75140218e-03	3.05660524e-04
9.85000000e-01	7.81180398e-03	3.08126989e-04
9.90000000e-01	7.79118604e-03	2.98106246e-04
9.95000000e-01	7.84154091e-03	2.98428091e-04
1.00000000e+00	7.82505893e-03	2.96364120e-04
1.00500000e+00	7.89846269e-03	2.99173775e-04
1.01000000e+00	7.97134353e-03	2.95388138e-04
1.01500000e+00	8.00627767e-03	2.93740753e-04
1.02000000e+00	8.04137209e-03	2.94899901e-04
1.02500000e+00	8.04704845e-03	2.91213683e-04
1.03000000e+00	8.11571156e-03	2.92640303e-04
1.03500000e+00	8.14910742e-03	2.89577096e-04
1.04000000e+00	8.17727240e-03	2.88383721e-04
1.04500000e+00	8.22567497e-03	2.90194016e-04
1.05000000e+00	8.26221460e-03	2.89356669e-04
1.05500000e+00	8.28674183e-03	2.85432467e-04
1.06000000e+00	8.35748179e-03	2.87227632e-04
1.06500000e+00	8.39847190e-03	2.88929811e-04
1.07000000e+00	8.47498470e-03	2.91017170e-04
1.07500000e+00	8.54267870e-03	2.91222621e-04
1.08000000e+00	8.62939924e-03	2.92548159e-04
1.08500000e+00	8.66947273e-03	2.94360787e-04
1.09000000e+00	8.75515294e-03	2.98831576e-04
1.09500000e+00	8.85839236e-03	2.96407397e-04
1.10000000e+00	8.91272952e-03	3.00256150e-04
1.10500000e+00	8.94625465e-03	3.02379753e-04
1.11000000e+00	9.05761942e-03	3.06405464e-04
1.11500000e+00	9.11881198e-03	3.06430614e-04
1.12000000e+00	9.17380143e-03	3.09677136e-04
1.12500000e+00	9.30552130e-03	3.13385259e-04
1.13000000e+00	9.35744027e-03	3.18855183e-04
1.13500000e+00	9.50794997e-03	3.20122391e-04
1.14000000e+00	9.55901010e-03	3.21262145e-04
1.14500000e+00	9.65441008e-03	3.27274254e-04
1.15000000e+00	9.78047559e-03	3.33259624e-04
1.15500000e+00	9.85321580e-03	3.32274344e-04
1.16000000e+00	9.98143458e-03	3.37800350e-04
1.16500000e+00	1.00797934e-02	3.40719692e-04
1.17000000e+00	1.02400712e-02	3.50401458e-04
1.17500000e+00	1.03425668e-02	3.48932629e-04
1.18000000e+00	1.04307706e-02	3.53507941e-04
1.18500000e+00	1.05906396e-02	3.58486186e-04
1.19000000e+00	1.06994370e-02	3.66149344e-04
1.19500000e+00	1.08419544e-02	3.66508583e-04
1.20000000e+00	1.09917074e-02	3.73753804e-04
1.20500000e+00	1.11067432e-02	3.76993660e-04
1.21000000e+00	1.12619819e-02	3.87183931e-04
1.21500000e+00	1.14392842e-02	3.87094678e-04
1.22000000e+00	1.15269641e-02	3.90616403e-04
1.22500000e+00	1.17070517e-02	3.98188288e-04
1.23000000e+00	1.17987880e-02	4.04456972e-04
1.23500000e+00	1.20374983e-02	4.09973547e-04
1.24000000e+00	1.22193334e-02	4.14179436e-04
1.24500000e+00	1.23177795e-02	4.20627401e-04
1.25000000e+00	1.24451238e-02	4.27520411e-04
1.25500000e+00	1.26408962e-02	4.29121883e-04
1.26000000e+00	1.28101107e-02	4.37472249e-04
1.26500000e+00	1.30004492e-02	4.42353949e-04
1.27000000e+00	1.31693051e-02	4.54702262e-04
1.27500000e+00	1.33297127e-02	4.55722456e-04
1.28000000e+00	1.35849758e-02	4.61516188e-04
1.28500000e+00	1.37599804e-02	4.70150035e-04
1.29000000e+00	1.39793548e-02	4.81848297e-04
1.29500000e+00	1.42091846e-02	4.84702530e-04
1.30000000e+00	1.44992825e-02	4.93662664e-04
1.30500000e+00	1.47896049e-02	5.05980166e-04
1.31000000e+00	1.50821772e-02	5.22121208e-04
1.31500000e+00	1.55056532e-02	5.30213277e-04
1.32000000e+00	1.58722450e-02	5.42187599e-04
1.32500000e+00	1.62771409e-02	5.57793101e-04
1.33000000e+00	1.66959367e-02	5.78892863e-04
1.33500000e+00	1.70860400e-02	5.84535579e-04
1.34000000e+00	1.75810164e-02	6.02159489e-04
1.34500000e+00	1.79146011e-02	6.16032935e-04
1.35000000e+00	1.82773520e-02	6.34337259e-04
1.35500000e+00	1.86319598e-02	6.38274349e-04
1.36000000e+00	1.87794652e-02	6.42105453e-04
1.36500000e+00	1.89126564e-02	6.48770863e-04
1.37000000e+00	1.88574464e-02	6.56587795e-04
1.37500000e+00	1.87181943e-02	6.41467978e-04
1.38000000e+00	1.85110076e-02	6.35779581e-04
1.38500000e+00	1.82483974e-02	6.30084958e-04
1.39000000e+00	1.79029757e-02	6.22071106e-04
1.39500000e+00	1.76772535e-02	6.05130174e-04
1.40000000e+00	1.75226839e-02	6.18039313e-04
1.40500000e+00	1.70650899e-02	6.47542675e-04
1.41000000e+00	1.67258986e-02	6.64407105e-04
1.41500000e+00	1.64400048e-02	6.76503578e-04
1.42000000e+00	1.62390196e-02	6.95152912e-04
1.42500000e+00	1.59988247e-02	7.05088503e-04
1.43000000e+00	1.57821190e-02	7.21770173e-04
1.43500000e+00	1.56396004e-02	7.37194444e-04
1.44000000e+00	1.55367986e-02	7.60541680e-04
1.44500000e+00	1.53559778e-02	7.71399562e-04
1.45000000e+00	1.56933622e-02	7.62122273e-04
1.45500000e+00	1.56716982e-02	6.83925577e-04
1.46000000e+00	1.55677472e-02	6.63829536e-04
1.46500000e+00	1.54906183e-02	6.48590838e-04
1.47000000e+00	1.56359690e-02	6.53589670e-04
1.47500000e+00	1.57039504e-02	6.37252988e-04
1.48000000e+00	1.57284599e-02	6.31555211e-04
1.48500000e+00	1.56596076e-02	6.29150876e-04
1.49000000e+00	1.55547573e-02	6.26420999e-04
1.49500000e+00	1.54551032e-02	6.08926609e-04
1.50000000e+00	1.52203769e-02	5.97647937e-04
1.50500000e+00	1.50120639e-02	5.92566337e-04
1.51000000e+00	1.49551094e-02	5.91796660e-04
1.51500000e+00	1.48615090e-02	5.78629252e-04
1.52000000e+00	1.46152884e-02	5.67215069e-04
1.52500000e+00	1.44194770e-02	5.59270278e-04
1.53000000e+00	1.42401457e-02	5.55585278e-04
1.53500000e+00	1.41483584e-02	5.36364521e-04
1.54000000e+00	1.40061622e-02	5.30170387e-04
1.54500000e+00	1.39243532e-02	5.25972719e-04
1.55000000e+00	1.38831237e-02	5.22984993e-04
1.55500000e+00	1.37961276e-02	5.07994497e-04
1.56000000e+00	1.36340573e-02	5.03121886e-04
1.56500000e+00	1.35687643e-02	4.97970586e-04
1.57000000e+00	1.35619897e-02	4.94067912e-04
1.57500000e+00	1.34137039e-02	4.79572429e-04
1.58000000e+00	1.34436035e-02	4.79624179e-04
1.58500000e+00	1.33313411e-02	4.75667733e-04
1.59000000e+00	1.33086192e-02	4.75135631e-04
1.59500000e+00	1.32897415e-02	4.65449871e-04
1.60000000e+00	1.32625803e-02	4.64197806e-04
1.60500000e+00	1.32228874e-02	4.63073934e-04
1.61000000e+00	1.32346924e-02	4.61523175e-04
1.61500000e+00	1.31883780e-02	4.55767407e-04
1.62000000e+00	1.31690018e-02	4.56997017e-04
1.62500000e+00	1.31899285e-02	4.63119319e-04
1.63000000e+00	1.32102469e-02	4.58859214e-04
1.63500000e+00	1.31186029e-02	4.55696096e-04
1.64000000e+00	1.30878126e-02	4.54770400e-04
1.64500000e+00	1.31140110e-02	4.60767221e-04
1.65000000e+00	1.30491026e-02	4.53462645e-04
1.65500000e+00	1.30477985e-02	4.52883416e-04
1.66000000e+00	1.30236297e-02	4.52582734e-04
1.66500000e+00	1.30330074e-02	4.60505783e-04
1.67000000e+00	1.30040169e-02	4.50079576e-04
1.67500000e+00	1.29290801e-02	4.48560626e-04
1.68000000e+00	1.29078139e-02	4.49050299e-04
1.68500000e+00	1.28180011e-02	4.53419386e-04
1.69000000e+00	1.27793308e-02	4.43241312e-04
1.69500000e+00	1.26991593e-02	4.39807845e-04
1.70000000e+00	1.26410590e-02	4.42770991e-04
1.70500000e+00	1.25885530e-02	4.42848719e-04
1.71000000e+00	1.27528994e-02	4.67616491e-04
1.71500000e+00	1.24415366e-02	4.31846326e-04
1.72000000e+00	1.23837662e-02	4.33195342e-04
1.72500000e+00	1.23105723e-02	4.33304362e-04
1.73000000e+00	1.22512237e-02	4.25706403e-04
1.73500000e+00	1.21621250e-02	4.23618488e-04
1.74000000e+00	1.21137786e-02	4.22985991e-04
1.74500000e+00	1.20409018e-02	4.25464033e-04
1.75000000e+00	1.19596568e-02	4.14336310e-04
1.75500000e+00	1.19079540e-02	4.15319356e-04
1.76000000e+00	1.17937766e-02	4.11063691e-04
1.76500000e+00	1.17680027e-02	4.15488100e-04
1.77000000e+00	1.16540437e-02	4.04481298e-04
1.77500000e+00	1.16339155e-02	4.05053687e-04
1.78000000e+00	1.15343032e-02	4.02806140e-04
1.78500000e+00	1.15095221e-02	4.06197991e-04
1.79000000e+00	1.15753352e-02	4.01624572e-04
1.79500000e+00	1.13797963e-02	3.96012561e-04
1.80000000e+00	1.13601696e-02	3.97607639e-04
1.80500000e+00	1.12132525e-02	3.95018127e-04
1.81000000e+00	1.11957380e-02	3.88655584e-04
1.81500000e+00	1.10913988e-02	3.85322690e-04
1.82000000e+00	1.10642747e-02	3.86882597e-04
1.82500000e+00	1.09893837e-02	3.86637430e-04
1.83000000e+00	1.09341295e-02	3.79780562e-04
1.83500000e+00	1.09295688e-02	3.80338033e-04
1.84000000e+00	1.08400787e-02	3.79259079e-04
1.84500000e+00	1.07739003e-02	3.79049867e-04
1.85000000e+00	1.07165217e-02	3.72683990e-04
1.85500000e+00	1.06091862e-02	3.69182204e-04
1.86000000e+00	1.05380324e-02	3.69144850e-04
1.86500000e+00	1.04743888e-02	3.67796875e-04
1.87000000e+00	1.04218667e-02	3.62101083e-04
1.87500000e+00	1.03709634e-02	3.61375830e-04
1.88000000e+00	1.02644465e-02	3.59188214e-04
1.88500000e+00	1.01911855e-02	3.58836622e-04
1.89000000e+00	1.02078721e-02	3.54459782e-04
1.89500000e+00	1.01256851e-02	3.53486642e-04
1.90000000e+00	1.01056604e-02	3.53917762e-04
1.90500000e+00	1.00188128e-02	3.51105054e-04
1.91000000e+00	9.99065327e-03	3.47776429e-04
1.91500000e+00	9.92884500e-03	3.45882494e-04
1.92000000e+00	9.91397033e-03	3.47217472e-04
1.92500000e+00	9.82623847e-03	3.44491525e-04
1.93000000e+00	9.80022686e-03	3.40556921e-04
1.93500000e+00	9.83146906e-03	3.43096335e-04
1.94000000e+00	9.76498600e-03	3.43859218e-04
1.94500000e+00	9.62448393e-03	3.37081490e-04
1.95000000e+00	9.53859174e-03	3.31046321e-04
1.95500000e+00	9.49155986e-03	3.30782166e-04
1.96000000e+00	9.45823694e-03	3.31627580e-04
1.96500000e+00	9.44775020e-03	3.31537628e-04
1.97000000e+00	9.32919447e-03	3.23441334e-04
1.97500000e+00	9.31487831e-03	3.25039158e-04
1.98000000e+00	9.28312743e-03	3.25303075e-04
1.98500000e+00	9.21780428e-03	3.23578961e-04
1.99000000e+00	9.17252691e-03	3.17972076e-04
1.99500000e+00	9.16666999e-03	3.19322025e-04
2.00000000e+00	9.05557026e-03	3.17638543e-04
2.00500000e+00	9.15511415e-03	3.21674189e-04
2.01000000e+00	9.12492926e-03	3.51814841e-04
2.01500000e+00	8.97551258e-03	3.67482576e-04
2.02000000e+00	8.91079741e-03	3.88931900e-04
2.02500000e+00	8.87714268e-03	4.02568018e-04
2.03000000e+00	8.85855740e-03	4.25371508e-04
2.03500000e+00	8.76839738e-03	4.39833289e-04
2.04000000e+00	8.72586754e-03	4.57375149e-04
2.04500000e+00	8.74315008e-03	4.81825371e-04
2.05000000e+00	8.71133342e-03	5.04599733e-04
2.05500000e+00	8.79534276e-03	4.98802403e-04
2.06000000e+00	8.78311210e-03	4.33485136e-04
2.06500000e+00	8.64226533e-03	4.07748802e-04
2.07000000e+00	8.58899933e-03	3.83712707e-04
2.07500000e+00	8.57925005e-03	3.74876054e-04
2.08000000e+00	8.52170539e-03	3.71404010e-04
2.08500000e+00	8.46516573e-03	3.66059494e-04
2.09000000e+00	8.43017400e-03	3.53753830e-04
2.09500000e+00	8.35080268e-03	3.46793783e-04
2.10000000e+00	8.33046882e-03	3.43565683e-04
2.10500000e+00	8.33448913e-03	3.42535484e-04
2.11000000e+00	8.30597398e-03	3.28931809e-04
2.11500000e+00	8.25177829e-03	3.23439085e-04
2.12000000e+00	8.23130492e-03	3.21068441e-04
2.12500000e+00	8.13468104e-03	3.16270718e-04
2.13000000e+00	8.09991549e-03	3.01947336e-04
2.13500000e+00	8.08340081e-03	2.97682134e-04
2.14000000e+00	8.02871328e-03	2.92978786e-04
2.14500000e+00	7.92368292e-03	2.89715114e-04
2.15000000e+00	7.95249578e-03	2.81233456e-04
2.15500000e+00	7.94015931e-03	2.81271636e-04
2.16000000e+00	7.87717326e-03	2.77720998e-04
2.16500000e+00	7.93566859e-03	2.81678505e-04
2.17000000e+00	7.90310168e-03	2.73758192e-04
2.17500000e+00	7.86133333e-03	2.72986686e-04
2.18000000e+00	7.80720798e-03	2.71909821e-04
2.18500000e+00	7.80959636e-03	2.73354837e-04
2.19000000e+00	7.75727423e-03	2.70689077e-04
2.19500000e+00	7.74639426e-03	2.68825103e-04
2.20000000e+00	7.74473663e-03	2.69390435e-04
2.20500000e+00	7.71552558e-03	2.69196830e-04
2.21000000e+00	7.67377619e-03	2.69051171e-04
2.21500000e+00	7.64922906e-03	2.65297311e-04
2.22000000e+00	7.66012853e-03	2.65299908e-04
2.22500000e+00	7.60845940e-03	2.65806231e-04
2.23000000e+00	7.63391179e-03	2.68118771e-04
2.23500000e+00	7.65521771e-03	2.65206953e-04
2.24000000e+00	7.59446903e-03	2.63210747e-04
2.24500000e+00	7.55405777e-03	2.63553302e-04
2.25000000e+00	7.50993718e-03	2.64231319e-04
2.25500000e+00	7.49229251e-03	2.59004265e-04
2.26000000e+00	7.47116106e-03	2.59158086e-04
2.26500000e+00	7.44824521e-03	2.59287432e-04
2.27000000e+00	7.41009467e-03	2.61528616e-04
2.27500000e+00	7.39428293e-03	2.55771174e-04
2.28000000e+00	7.24665031e-03	2.50769422e-04
2.28500000e+00	7.19204349e-03	2.50546250e-04
2.29000000e+00	7.22885152e-03	2.53288611e-04
2.29500000e+00	7.29776458e-03	2.54821391e-04
2.30000000e+00	7.27279291e-03	2.51512484e-04
2.30500000e+00	7.27322752e-03	2.52113410e-04
2.31000000e+00	7.26814813e-03	2.53283309e-04
2.31500000e+00	7.19741503e-03	2.52914151e-04
2.32000000e+00	7.19673316e-03	2.47770450e-04
2.32500000e+00	7.16529661e-03	2.48734952e-04
2.33000000e+00	7.11300388e-03	2.47431639e-04
2.33500000e+00	7.10941603e-03	2.50035770e-04
2.34000000e+00	7.09067283e-03	2.45246322e-04
2.34500000e+00	7.03911731e-03	2.43547736e-04
2.35000000e+00	7.01123000e-03	2.43673350e-04
2.35500000e+00	6.97529338e-03	2.45724870e-04
2.36000000e+00	6.90428292e-03	2.40074662e-04
2.36500000e+00	6.87393634e-03	2.38899730e-04
2.37000000e+00	6.87580882e-03	2.39118574e-04
2.37500000e+00	6.83423774e-03	2.39808164e-04
2.38000000e+00	6.79124640e-03	2.39440073e-04
2.38500000e+00	6.79437054e-03	2.36219710e-04
2.39000000e+00	6.74088600e-03	2.35264912e-04
2.39500000e+00	6.72164882e-03	2.35742137e-04
2.40000000e+00	6.71208573e-03	2.38970962e-04
2.40500000e+00	6.70626826e-03	2.33980427e-04
2.41000000e+00	6.63469773e-03	2.32449630e-04
2.41500000e+00	6.60144345e-03	2.31317760e-04
2.42000000e+00	6.59588739e-03	2.34537717e-04
2.42500000e+00	6.57376720e-03	2.33452201e-04
2.43000000e+00	6.57433004e-03	2.31092154e-04
2.43500000e+00	6.53516380e-03	2.30625182e-04
2.44000000e+00	6.50275165e-03	2.30222164e-04
2.44500000e+00	6.46654770e-03	2.32031190e-04
2.45000000e+00	6.47900900e-03	2.28437761e-04
2.45500000e+00	6.42691761e-03	2.27497918e-04
2.46000000e+00	6.36184103e-03	2.26272530e-04
2.46500000e+00	6.26421266e-03	2.25811891e-04
2.47000000e+00	6.33135979e-03	2.25900511e-04
2.47500000e+00	6.26850512e-03	2.22556335e-04
2.48000000e+00	6.29645693e-03	2.25663199e-04
2.48500000e+00	6.23631770e-03	2.23538901e-04
2.49000000e+00	6.20106035e-03	2.25801948e-04
2.49500000e+00	6.19447090e-03	2.21300534e-04
2.50000000e+00	6.19373732e-03	2.21915683e-04
2.50500000e+00	6.16104537e-03	2.22260496e-04
2.51000000e+00	6.12862027e-03	2.22690084e-04
2.51500000e+00	6.13184081e-03	2.23192851e-04
2.52000000e+00	6.15071102e-03	2.21596947e-04
2.52500000e+00	6.15103780e-03	2.22776077e-04
2.53000000e+00	6.12042653e-03	2.24016824e-04
2.53500000e+00	6.12659662e-03	2.27033344e-04
2.54000000e+00	6.06770027e-03	2.20907085e-04
2.54500000e+00	6.06540236e-03	2.21737496e-04
2.55000000e+00	6.07554232e-03	2.23372600e-04
2.55500000e+00	6.05831582e-03	2.24569687e-04
2.56000000e+00	6.02326398e-03	2.24360160e-04
2.56500000e+00	6.05188174e-03	2.23206701e-04
2.57000000e+00	6.00856433e-03	2.22874353e-04
2.57500000e+00	5.97076275e-03	2.22217145e-04
2.58000000e+00	5.92517901e-03	2.24376014e-04
2.58500000e+00	5.95982840e-03	2.23778949e-04
2.59000000e+00	5.94989565e-03	2.22597236e-04
2.59500000e+00	5.94699023e-03	2.23663799e-04
2.60000000e+00	5.91596138e-03	2.24238458e-04
2.60500000e+00	6.00931658e-03	2.32772767e-04
2.61000000e+00	5.83250282e-03	2.59698107e-04
2.61500000e+00	5.65469643e-03	2.80775318e-04
2.62000000e+00	5.45026817e-03	3.00508368e-04
2.62500000e+00	5.27571920e-03	3.19540378e-04
2.63000000e+00	5.45920485e-03	3.60786762e-04
2.63500000e+00	5.88656789e-03	4.18573146e-04
2.64000000e+00	6.20671994e-03	4.76344530e-04
2.64500000e+00	6.16965693e-03	5.05474726e-04
2.65000000e+00	6.22795978e-03	5.40170609e-04
2.65500000e+00	6.23976531e-03	5.81190157e-04
2.66000000e+00	6.23148245e-03	6.22531602e-04
2.66500000e+00	6.14223235e-03	6.89314303e-04
2.67000000e+00	6.23609677e-03	7.59915575e-04
2.67500000e+00	6.23430038e-03	8.85355649e-04
2.68000000e+00	6.27424312e-03	1.03689575e-03
2.68500000e+00	6.04080424e-03	1.33200164e-03
2.69000000e+00	4.00682745e-03	1.46312001e-03
2.69500000e+00	0.00000000e+00	0.00000000e+00
2.70000000e+00	0.00000000e+00	0.00000000e+00
