% Filename : WJS5_00036_00009.h5
% Date & Time : 30-Oct-2025 17:36:36
% X-ray Energy (keV) : 13.30001
% Exposure Time (s) : 0.500
% Photodiode Value : 141675.000
% I0 of Sample : 0
% I0 of Standard : 1
% 
% q(A^-1)   I(q)    I(q)_SE
8.40000000e-01	0.00000000e+00	0.00000000e+00
8.45000000e-01	2.82855969e-03	4.95078789e-04
8.50000000e-01	2.68224406e-03	2.48620962e-04
8.55000000e-01	2.65666001e-03	2.16969371e-04
8.60000000e-01	2.60021868e-03	1.84273310e-04
8.65000000e-01	2.61470855e-03	1.70458055e-04
8.70000000e-01	2.62668225e-03	1.63143247e-04
8.75000000e-01	2.62919095e-03	1.57220548e-04
8.80000000e-01	2.64373464e-03	1.52868484e-04
8.85000000e-01	2.62162979e-03	1.43272931e-04
8.90000000e-01	2.67393476e-03	1.43017162e-04
8.95000000e-01	2.65297173e-03	1.37826024e-04
9.00000000e-01	2.67599957e-03	1.37855172e-04
9.05000000e-01	2.67126300e-03	1.31554303e-04
9.10000000e-01	2.67584599e-03	1.29255773e-04
9.15000000e-01	2.66523004e-03	1.26780097e-04
9.20000000e-01	2.70915723e-03	1.28690460e-04
9.25000000e-01	2.68341642e-03	1.21837694e-04
9.30000000e-01	2.70450408e-03	1.21750263e-04
9.35000000e-01	2.72392652e-03	1.20228142e-04
9.40000000e-01	2.73270722e-03	1.21028012e-04
9.45000000e-01	2.72656960e-03	1.17673326e-04
9.50000000e-01	2.73932468e-03	1.16506686e-04
9.55000000e-01	2.76160221e-03	1.15408141e-04
9.60000000e-01	2.72937337e-03	1.14194536e-04
9.65000000e-01	2.74362118e-03	1.12809563e-04
9.70000000e-01	2.75232357e-03	1.11262992e-04
9.75000000e-01	2.73189230e-03	1.09288031e-04
9.80000000e-01	2.74407518e-03	1.08917387e-04
9.85000000e-01	2.73939920e-03	1.08773041e-04
9.90000000e-01	2.74706071e-03	1.05774101e-04
9.95000000e-01	2.78191998e-03	1.06547233e-04
1.00000000e+00	2.73315107e-03	1.04199606e-04
1.00500000e+00	2.76269667e-03	1.05482919e-04
1.01000000e+00	2.76224731e-03	1.03168520e-04
1.01500000e+00	2.75805706e-03	1.01928533e-04
1.02000000e+00	2.74624406e-03	1.01518583e-04
1.02500000e+00	2.77352645e-03	1.01158497e-04
1.03000000e+00	2.74530539e-03	9.98842816e-05
1.03500000e+00	2.75096293e-03	9.87123812e-05
1.04000000e+00	2.74678173e-03	9.79148207e-05
1.04500000e+00	2.74509179e-03	9.79626038e-05
1.05000000e+00	2.73535240e-03	9.70214409e-05
1.05500000e+00	2.71940538e-03	9.49574324e-05
1.06000000e+00	2.71651933e-03	9.46218123e-05
1.06500000e+00	2.71631230e-03	9.47314693e-05
1.07000000e+00	2.72803062e-03	9.49997958e-05
1.07500000e+00	2.76382553e-03	9.55543165e-05
1.08000000e+00	2.75353021e-03	9.46288587e-05
1.08500000e+00	2.77546463e-03	9.53650360e-05
1.09000000e+00	2.77323027e-03	9.57981542e-05
1.09500000e+00	2.76885931e-03	9.38977167e-05
1.10000000e+00	2.79132415e-03	9.51015017e-05
1.10500000e+00	2.78900660e-03	9.54141400e-05
1.11000000e+00	2.78727304e-03	9.54699436e-05
1.11500000e+00	2.80924863e-03	9.54604081e-05
1.12000000e+00	2.81917352e-03	9.62042281e-05
1.12500000e+00	2.82741838e-03	9.63159503e-05
1.13000000e+00	2.82911554e-03	9.74937639e-05
1.13500000e+00	2.82097592e-03	9.60686009e-05
1.14000000e+00	2.84828856e-03	9.67872162e-05
1.14500000e+00	2.84129373e-03	9.73044185e-05
1.15000000e+00	2.85019623e-03	9.81362255e-05
1.15500000e+00	2.85526002e-03	9.72977669e-05
1.16000000e+00	2.87131051e-03	9.81978191e-05
1.16500000e+00	2.86809993e-03	9.78196355e-05
1.17000000e+00	2.88452228e-03	9.97121458e-05
1.17500000e+00	2.89922776e-03	9.88349200e-05
1.18000000e+00	2.88312801e-03	9.85801542e-05
1.18500000e+00	2.87421061e-03	9.82605132e-05
1.19000000e+00	2.88078756e-03	9.94627332e-05
1.19500000e+00	2.92992720e-03	9.99652276e-05
1.20000000e+00	2.91709924e-03	1.00029133e-04
1.20500000e+00	2.91372730e-03	9.97118573e-05
1.21000000e+00	2.88458505e-03	9.99901032e-05
1.21500000e+00	2.92716729e-03	9.98625789e-05
1.22000000e+00	2.92098066e-03	9.97585642e-05
1.22500000e+00	2.91653932e-03	1.00138074e-04
1.23000000e+00	2.93247072e-03	1.01369210e-04
1.23500000e+00	2.95347106e-03	1.01399612e-04
1.24000000e+00	2.95272669e-03	1.00903942e-04
1.24500000e+00	2.94368629e-03	1.01319160e-04
1.25000000e+00	2.93130288e-03	1.01502756e-04
1.25500000e+00	2.94272073e-03	1.00721098e-04
1.26000000e+00	2.93945239e-03	1.01102481e-04
1.26500000e+00	2.93779100e-03	1.00781716e-04
1.27000000e+00	2.94898394e-03	1.02616908e-04
1.27500000e+00	2.94319985e-03	1.01374848e-04
1.28000000e+00	2.94428607e-03	1.00861577e-04
1.28500000e+00	2.95757891e-03	1.01804435e-04
1.29000000e+00	2.95241681e-03	1.02562916e-04
1.29500000e+00	2.93278709e-03	1.00792458e-04
1.30000000e+00	2.93978352e-03	1.00868401e-04
1.30500000e+00	2.96275021e-03	1.02109999e-04
1.31000000e+00	2.95881490e-03	1.03155567e-04
1.31500000e+00	2.95732657e-03	1.01786197e-04
1.32000000e+00	2.96851858e-03	1.02097245e-04
1.32500000e+00	2.98179026e-03	1.02896862e-04
1.33000000e+00	2.98900015e-03	1.04401726e-04
1.33500000e+00	2.95637965e-03	1.01813190e-04
1.34000000e+00	2.97332427e-03	1.02510175e-04
1.34500000e+00	2.95842956e-03	1.02291212e-04
1.35000000e+00	2.97326219e-03	1.03762450e-04
1.35500000e+00	2.96351383e-03	1.02110371e-04
1.36000000e+00	2.94412391e-03	1.01253837e-04
1.36500000e+00	2.96678684e-03	1.02379789e-04
1.37000000e+00	2.94967625e-03	1.03254931e-04
1.37500000e+00	2.96600358e-03	1.02317490e-04
1.38000000e+00	2.96987666e-03	1.02684702e-04
1.38500000e+00	2.96396984e-03	1.03086922e-04
1.39000000e+00	2.98225557e-03	1.04351485e-04
1.39500000e+00	2.95997045e-03	1.02014865e-04
1.40000000e+00	3.01394871e-03	1.07035667e-04
1.40500000e+00	2.93606564e-03	1.12296215e-04
1.41000000e+00	2.89438002e-03	1.15863931e-04
1.41500000e+00	2.92496727e-03	1.21397285e-04
1.42000000e+00	2.89817527e-03	1.25069941e-04
1.42500000e+00	2.87529346e-03	1.27701789e-04
1.43000000e+00	2.85605011e-03	1.31612933e-04
1.43500000e+00	2.85132122e-03	1.35517850e-04
1.44000000e+00	2.81133086e-03	1.38765222e-04
1.44500000e+00	2.80802121e-03	1.42374217e-04
1.45000000e+00	2.89707430e-03	1.41871454e-04
1.45500000e+00	2.92494169e-03	1.28783599e-04
1.46000000e+00	2.93026726e-03	1.25880252e-04
1.46500000e+00	2.94645529e-03	1.24479619e-04
1.47000000e+00	2.93327771e-03	1.23676168e-04
1.47500000e+00	2.94551315e-03	1.20463215e-04
1.48000000e+00	2.92266327e-03	1.18225098e-04
1.48500000e+00	2.94447562e-03	1.19143498e-04
1.49000000e+00	2.91665207e-03	1.18384806e-04
1.49500000e+00	2.89993099e-03	1.15111111e-04
1.50000000e+00	2.92584568e-03	1.15756855e-04
1.50500000e+00	2.93630145e-03	1.16688108e-04
1.51000000e+00	2.92822755e-03	1.16668074e-04
1.51500000e+00	2.90808357e-03	1.13945128e-04
1.52000000e+00	2.93962755e-03	1.14738940e-04
1.52500000e+00	2.93721079e-03	1.14503640e-04
1.53000000e+00	2.94527845e-03	1.15637426e-04
1.53500000e+00	2.91263965e-03	1.11068520e-04
1.54000000e+00	2.91989587e-03	1.11083560e-04
1.54500000e+00	2.88696064e-03	1.09560713e-04
1.55000000e+00	2.91765974e-03	1.10517006e-04
1.55500000e+00	2.88354817e-03	1.06751907e-04
1.56000000e+00	2.85428062e-03	1.05988635e-04
1.56500000e+00	2.86029355e-03	1.05626643e-04
1.57000000e+00	2.82695911e-03	1.03642607e-04
1.57500000e+00	2.84573099e-03	1.02363648e-04
1.58000000e+00	2.83623190e-03	1.01864194e-04
1.58500000e+00	2.81678736e-03	1.01101279e-04
1.59000000e+00	2.81262469e-03	1.01014417e-04
1.59500000e+00	2.80319586e-03	9.88128956e-05
1.60000000e+00	2.78714469e-03	9.81561551e-05
1.60500000e+00	2.77132401e-03	9.76971055e-05
1.61000000e+00	2.76695036e-03	9.70715385e-05
1.61500000e+00	2.79208156e-03	9.70713015e-05
1.62000000e+00	2.73225383e-03	9.54557880e-05
1.62500000e+00	2.76710797e-03	9.77235803e-05
1.63000000e+00	2.74099764e-03	9.57748150e-05
1.63500000e+00	2.75394913e-03	9.61593888e-05
1.64000000e+00	2.72596599e-03	9.53646827e-05
1.64500000e+00	2.69954164e-03	9.54839738e-05
1.65000000e+00	2.71219969e-03	9.48215428e-05
1.65500000e+00	2.70197423e-03	9.43927200e-05
1.66000000e+00	2.71630399e-03	9.49773489e-05
1.66500000e+00	2.72351374e-03	9.68612443e-05
1.67000000e+00	2.71286603e-03	9.44580118e-05
1.67500000e+00	2.70319771e-03	9.43948611e-05
1.68000000e+00	2.68972191e-03	9.41579812e-05
1.68500000e+00	2.67530485e-03	9.52258774e-05
1.69000000e+00	2.68085177e-03	9.35710586e-05
1.69500000e+00	2.65995826e-03	9.26976707e-05
1.70000000e+00	2.66935735e-03	9.40307663e-05
1.70500000e+00	2.65656257e-03	9.41291271e-05
1.71000000e+00	2.65484182e-03	9.27982727e-05
1.71500000e+00	2.64347816e-03	9.23347704e-05
1.72000000e+00	2.64355267e-03	9.31008921e-05
1.72500000e+00	2.62897240e-03	9.31951584e-05
1.73000000e+00	2.65776489e-03	9.28783312e-05
1.73500000e+00	2.62119266e-03	9.18298241e-05
1.74000000e+00	2.61615509e-03	9.19058607e-05
1.74500000e+00	2.61058592e-03	9.27153359e-05
1.75000000e+00	2.59841525e-03	9.05514031e-05
1.75500000e+00	2.60460503e-03	9.14030108e-05
1.76000000e+00	2.59290161e-03	9.09420156e-05
1.76500000e+00	2.57692630e-03	9.15489660e-05
1.77000000e+00	2.58770026e-03	9.03766870e-05
1.77500000e+00	2.58148150e-03	9.04812249e-05
1.78000000e+00	2.57474370e-03	9.04175074e-05
1.78500000e+00	2.54068717e-03	9.02275216e-05
1.79000000e+00	2.56018488e-03	8.93316078e-05
1.79500000e+00	2.54916997e-03	8.92645570e-05
1.80000000e+00	2.51446515e-03	8.85767200e-05
1.80500000e+00	2.51682797e-03	8.92775321e-05
1.81000000e+00	2.52119657e-03	8.80665707e-05
1.81500000e+00	2.51431963e-03	8.79372037e-05
1.82000000e+00	2.50686349e-03	8.81639385e-05
1.82500000e+00	2.50234091e-03	8.86028803e-05
1.83000000e+00	2.49702628e-03	8.72683158e-05
1.83500000e+00	2.48235730e-03	8.69462871e-05
1.84000000e+00	2.46520543e-03	8.68300698e-05
1.84500000e+00	2.47439393e-03	8.76282546e-05
1.85000000e+00	2.46103822e-03	8.61855859e-05
1.85500000e+00	2.45169683e-03	8.58818062e-05
1.86000000e+00	2.45417945e-03	8.66086273e-05
1.86500000e+00	2.43548872e-03	8.60856043e-05
1.87000000e+00	2.41811309e-03	8.45423306e-05
1.87500000e+00	2.43412947e-03	8.53459516e-05
1.88000000e+00	2.41928985e-03	8.52000660e-05
1.88500000e+00	2.41449563e-03	8.55993201e-05
1.89000000e+00	2.41028729e-03	8.42292616e-05
1.89500000e+00	2.40824537e-03	8.46827693e-05
1.90000000e+00	2.38393736e-03	8.40575940e-05
1.90500000e+00	2.37027417e-03	8.36161867e-05
1.91000000e+00	2.37349006e-03	8.32168493e-05
1.91500000e+00	2.36032895e-03	8.28037543e-05
1.92000000e+00	2.32874094e-03	8.21201260e-05
1.92500000e+00	2.33487154e-03	8.24222576e-05
1.93000000e+00	2.33299806e-03	8.16313347e-05
1.93500000e+00	2.32505073e-03	8.15844358e-05
1.94000000e+00	2.34248133e-03	8.27999720e-05
1.94500000e+00	2.31118072e-03	8.14588246e-05
1.95000000e+00	2.30340881e-03	8.05281525e-05
1.95500000e+00	2.30608339e-03	8.09218143e-05
1.96000000e+00	2.30445558e-03	8.13435515e-05
1.96500000e+00	2.30672782e-03	8.15117368e-05
1.97000000e+00	2.29462674e-03	8.00915810e-05
1.97500000e+00	2.27389751e-03	7.99186530e-05
1.98000000e+00	2.25381905e-03	7.94734284e-05
1.98500000e+00	2.25771858e-03	7.97801417e-05
1.99000000e+00	2.24058497e-03	7.81920847e-05
1.99500000e+00	2.24578529e-03	7.87731034e-05
2.00000000e+00	2.22749855e-03	7.87408375e-05
2.00500000e+00	2.25856542e-03	7.99349034e-05
2.01000000e+00	2.23624884e-03	8.67422975e-05
2.01500000e+00	2.22249977e-03	9.16548818e-05
2.02000000e+00	2.18972197e-03	9.62421270e-05
2.02500000e+00	2.16879966e-03	9.90808331e-05
2.03000000e+00	2.17086088e-03	1.05011920e-04
2.03500000e+00	2.16615447e-03	1.09469421e-04
2.04000000e+00	2.14472633e-03	1.13398812e-04
2.04500000e+00	2.12015990e-03	1.17906867e-04
2.05000000e+00	2.11257825e-03	1.23273062e-04
2.05500000e+00	2.16654041e-03	1.24082029e-04
2.06000000e+00	2.15039016e-03	1.06988361e-04
2.06500000e+00	2.12680157e-03	1.01160292e-04
2.07000000e+00	2.11172737e-03	9.50700654e-05
2.07500000e+00	2.13932186e-03	9.41512205e-05
2.08000000e+00	2.12288810e-03	9.33749423e-05
2.08500000e+00	2.15907133e-03	9.40724332e-05
2.09000000e+00	2.10984760e-03	8.90794199e-05
2.09500000e+00	2.09126412e-03	8.73704625e-05
2.10000000e+00	2.10040970e-03	8.72279198e-05
2.10500000e+00	2.10886942e-03	8.73632376e-05
2.11000000e+00	2.08803358e-03	8.32098143e-05
2.11500000e+00	2.06847613e-03	8.16433149e-05
2.12000000e+00	2.06642279e-03	8.11234373e-05
2.12500000e+00	2.04939630e-03	8.02580149e-05
2.13000000e+00	2.05312329e-03	7.71156455e-05
2.13500000e+00	2.02407975e-03	7.50318052e-05
2.14000000e+00	1.99016644e-03	7.32371999e-05
2.14500000e+00	1.98150922e-03	7.30418712e-05
2.15000000e+00	1.98796407e-03	7.08873749e-05
2.15500000e+00	1.98755815e-03	7.10235642e-05
2.16000000e+00	1.95538100e-03	6.94832820e-05
2.16500000e+00	1.94240875e-03	6.95755594e-05
2.17000000e+00	1.93740561e-03	6.77234108e-05
2.17500000e+00	1.93502435e-03	6.77804741e-05
2.18000000e+00	1.91761095e-03	6.74082417e-05
2.18500000e+00	1.93361955e-03	6.82384346e-05
2.19000000e+00	1.90044752e-03	6.68923088e-05
2.19500000e+00	1.88872559e-03	6.61403232e-05
2.20000000e+00	1.90288223e-03	6.67997009e-05
2.20500000e+00	1.87536368e-03	6.59971771e-05
2.21000000e+00	1.86733631e-03	6.61136424e-05
2.21500000e+00	1.85340341e-03	6.49374811e-05
2.22000000e+00	1.84603060e-03	6.45557329e-05
2.22500000e+00	1.85426167e-03	6.53653713e-05
2.23000000e+00	1.81460810e-03	6.43418446e-05
2.23500000e+00	1.80324681e-03	6.30448305e-05
2.24000000e+00	1.81063305e-03	6.33517736e-05
2.24500000e+00	1.79954719e-03	6.33261036e-05
2.25000000e+00	1.78560669e-03	6.34452650e-05
2.25500000e+00	1.77851295e-03	6.20163120e-05
2.26000000e+00	1.75931537e-03	6.16888614e-05
2.26500000e+00	1.74873294e-03	6.14993841e-05
2.27000000e+00	1.73481725e-03	6.18339959e-05
2.27500000e+00	1.71904223e-03	6.00178313e-05
2.28000000e+00	1.73086525e-03	6.04745213e-05
2.28500000e+00	1.69523103e-03	5.96445868e-05
2.29000000e+00	1.69986023e-03	6.01259757e-05
2.29500000e+00	1.69024736e-03	5.96503967e-05
2.30000000e+00	1.69196365e-03	5.91055730e-05
2.30500000e+00	1.66483057e-03	5.83403106e-05
2.31000000e+00	1.66135457e-03	5.84772641e-05
2.31500000e+00	1.64096954e-03	5.82450376e-05
2.32000000e+00	1.63965607e-03	5.69945250e-05
2.32500000e+00	1.62957982e-03	5.71102235e-05
2.33000000e+00	1.60414142e-03	5.63713827e-05
2.33500000e+00	1.59598936e-03	5.66577720e-05
2.34000000e+00	1.58373556e-03	5.52668536e-05
2.34500000e+00	1.58045391e-03	5.51581803e-05
2.35000000e+00	1.58374616e-03	5.54843178e-05
2.35500000e+00	1.56347973e-03	5.54981668e-05
2.36000000e+00	1.53936958e-03	5.38811419e-05
2.36500000e+00	1.55338028e-03	5.43274035e-05
2.37000000e+00	1.54484648e-03	5.40691592e-05
2.37500000e+00	1.50724443e-03	5.31846596e-05
2.38000000e+00	1.50559663e-03	5.34033898e-05
2.38500000e+00	1.49237321e-03	5.21645710e-05
2.39000000e+00	1.49187947e-03	5.23377727e-05
2.39500000e+00	1.48160199e-03	5.22745520e-05
2.40000000e+00	1.46242530e-03	5.23251528e-05
2.40500000e+00	1.46927624e-03	5.15050737e-05
2.41000000e+00	1.44310270e-03	5.08171546e-05
2.41500000e+00	1.45615674e-03	5.12602862e-05
2.42000000e+00	1.42316363e-03	5.06854785e-05
2.42500000e+00	1.43074761e-03	5.08898161e-05
2.43000000e+00	1.43201139e-03	5.04979763e-05
2.43500000e+00	1.40481861e-03	4.97294958e-05
2.44000000e+00	1.39628034e-03	4.95328389e-05
2.44500000e+00	1.41122430e-03	5.07327684e-05
2.45000000e+00	1.40730599e-03	4.97274763e-05
2.45500000e+00	1.38896142e-03	4.91849294e-05
2.46000000e+00	1.37729581e-03	4.89446035e-05
2.46500000e+00	1.35831085e-03	4.88988764e-05
2.47000000e+00	1.36459653e-03	4.86231817e-05
2.47500000e+00	1.35172133e-03	4.78896934e-05
2.48000000e+00	1.33526903e-03	4.77153393e-05
2.48500000e+00	1.34401673e-03	4.80262535e-05
2.49000000e+00	1.32672939e-03	4.80363705e-05
2.49500000e+00	1.30682632e-03	4.64285989e-05
2.50000000e+00	1.29777730e-03	4.62422526e-05
2.50500000e+00	1.30304492e-03	4.66931941e-05
2.51000000e+00	1.29979828e-03	4.68897057e-05
2.51500000e+00	1.28548990e-03	4.64837055e-05
2.52000000e+00	1.28681258e-03	4.60370474e-05
2.52500000e+00	1.27195583e-03	4.58121049e-05
2.53000000e+00	1.25423321e-03	4.55087264e-05
2.53500000e+00	1.25790907e-03	4.62076079e-05
2.54000000e+00	1.26342171e-03	4.56675262e-05
2.54500000e+00	1.24517912e-03	4.51648169e-05
2.55000000e+00	1.23209956e-03	4.50372539e-05
2.55500000e+00	1.22078412e-03	4.48859667e-05
2.56000000e+00	1.23437982e-03	4.55867197e-05
2.56500000e+00	1.21251914e-03	4.44246362e-05
2.57000000e+00	1.21156080e-03	4.45839872e-05
2.57500000e+00	1.18830129e-03	4.39042627e-05
2.58000000e+00	1.18696171e-03	4.45244831e-05
2.58500000e+00	1.18449573e-03	4.40501281e-05
2.59000000e+00	1.20408952e-03	4.46592196e-05
2.59500000e+00	1.17879036e-03	4.38777669e-05
2.60000000e+00	1.18025020e-03	4.43111661e-05
2.60500000e+00	1.18085628e-03	4.52715505e-05
2.61000000e+00	1.17944721e-03	5.15732725e-05
2.61500000e+00	1.18001047e-03	5.70714829e-05
2.62000000e+00	1.12490848e-03	5.99386895e-05
2.62500000e+00	1.16322241e-03	6.68550134e-05
2.63000000e+00	1.12248602e-03	7.13791787e-05
2.63500000e+00	1.15904014e-03	8.18280466e-05
2.64000000e+00	1.12387077e-03	8.74011140e-05
2.64500000e+00	1.11120872e-03	9.20449307e-05
2.65000000e+00	1.14187249e-03	1.00727244e-04
2.65500000e+00	1.08627531e-03	1.02649853e-04
2.66000000e+00	1.09602923e-03	1.11071558e-04
2.66500000e+00	1.11649140e-03	1.26676492e-04
2.67000000e+00	1.12444180e-03	1.38639217e-04
2.67500000e+00	1.10226131e-03	1.59129095e-04
2.68000000e+00	1.03240535e-03	1.73892207e-04
2.68500000e+00	1.09015224e-03	2.41378266e-04
2.69000000e+00	1.08056824e-03	3.93250348e-04
2.69500000e+00	0.00000000e+00	0.00000000e+00
2.70000000e+00	0.00000000e+00	0.00000000e+00
