% Filename : Wjunk_00052_00001.h5
% Date & Time : 31-Oct-2025 10:28:45
% X-ray Energy (keV) : 13.30001
% Exposure Time (s) : 0.100
% Photodiode Value : 6525.000
% I0 of Sample : 0
% I0 of Standard : 1
% 
% q(A^-1)   I(q)    I(q)_SE
8.40000000e-01	0.00000000e+00	0.00000000e+00
8.45000000e-01	8.20616278e-03	1.50810708e-03
8.50000000e-01	7.62239532e-03	7.34428514e-04
8.55000000e-01	6.92111353e-03	5.91423798e-04
8.60000000e-01	7.23695822e-03	5.35928796e-04
8.65000000e-01	7.18130585e-03	4.92091470e-04
8.70000000e-01	7.17401448e-03	4.69740392e-04
8.75000000e-01	7.31695202e-03	4.56351059e-04
8.80000000e-01	7.36496499e-03	4.46514012e-04
8.85000000e-01	7.33880036e-03	4.19484546e-04
8.90000000e-01	7.26125916e-03	4.05934194e-04
8.95000000e-01	7.14567721e-03	3.89254364e-04
9.00000000e-01	7.27190902e-03	3.92603936e-04
9.05000000e-01	7.32341156e-03	3.79523567e-04
9.10000000e-01	7.30327748e-03	3.69900012e-04
9.15000000e-01	7.16089776e-03	3.55852871e-04
9.20000000e-01	7.15193208e-03	3.55576522e-04
9.25000000e-01	7.25624191e-03	3.45033031e-04
9.30000000e-01	7.22030972e-03	3.39953975e-04
9.35000000e-01	7.44045577e-03	3.43673785e-04
9.40000000e-01	7.30795237e-03	3.39785858e-04
9.45000000e-01	7.40073396e-03	3.33619850e-04
9.50000000e-01	7.29823555e-03	3.25958036e-04
9.55000000e-01	7.26152697e-03	3.17551332e-04
9.60000000e-01	7.34959181e-03	3.22710497e-04
9.65000000e-01	7.35251752e-03	3.17446193e-04
9.70000000e-01	7.18074104e-03	3.04802186e-04
9.75000000e-01	7.33875716e-03	3.06086021e-04
9.80000000e-01	7.28276279e-03	3.02596086e-04
9.85000000e-01	7.30625240e-03	3.04085136e-04
9.90000000e-01	7.38208086e-03	2.96063790e-04
9.95000000e-01	6.98017964e-03	2.80991866e-04
1.00000000e+00	7.35926800e-03	2.94849275e-04
1.00500000e+00	7.34124425e-03	2.93907205e-04
1.01000000e+00	7.11985685e-03	2.78940089e-04
1.01500000e+00	7.16368046e-03	2.78776600e-04
1.02000000e+00	7.15684217e-03	2.79196525e-04
1.02500000e+00	7.07230930e-03	2.73371931e-04
1.03000000e+00	7.09965854e-03	2.73038913e-04
1.03500000e+00	7.06508833e-03	2.65913872e-04
1.04000000e+00	7.02942521e-03	2.64046584e-04
1.04500000e+00	7.07985478e-03	2.65961187e-04
1.05000000e+00	7.03621382e-03	2.63367626e-04
1.05500000e+00	6.93133139e-03	2.55181736e-04
1.06000000e+00	6.98831990e-03	2.58284799e-04
1.06500000e+00	7.09588670e-03	2.60255902e-04
1.07000000e+00	7.07739792e-03	2.60499181e-04
1.07500000e+00	7.04668822e-03	2.56565339e-04
1.08000000e+00	7.01029215e-03	2.54229328e-04
1.08500000e+00	7.05423843e-03	2.55908695e-04
1.09000000e+00	7.14804812e-03	2.60251995e-04
1.09500000e+00	7.23258597e-03	2.58362067e-04
1.10000000e+00	6.97167137e-03	2.51229792e-04
1.10500000e+00	7.15236303e-03	2.57055459e-04
1.11000000e+00	7.23000833e-03	2.60077280e-04
1.11500000e+00	7.02732310e-03	2.50263519e-04
1.12000000e+00	7.04063289e-03	2.52454721e-04
1.12500000e+00	7.17314543e-03	2.56647609e-04
1.13000000e+00	7.09141049e-03	2.56860721e-04
1.13500000e+00	7.13239155e-03	2.54212090e-04
1.14000000e+00	7.18426424e-03	2.54293452e-04
1.14500000e+00	7.01941714e-03	2.52585231e-04
1.15000000e+00	7.15421732e-03	2.57679201e-04
1.15500000e+00	7.21513886e-03	2.58159614e-04
1.16000000e+00	7.26240408e-03	2.60359395e-04
1.16500000e+00	7.07651995e-03	2.53933252e-04
1.17000000e+00	7.20212584e-03	2.62745856e-04
1.17500000e+00	7.25680280e-03	2.60055509e-04
1.18000000e+00	7.29968503e-03	2.62173819e-04
1.18500000e+00	7.28692154e-03	2.62040674e-04
1.19000000e+00	7.28974259e-03	2.65636697e-04
1.19500000e+00	7.15021761e-03	2.55932298e-04
1.20000000e+00	7.31527570e-03	2.64024348e-04
1.20500000e+00	7.26830523e-03	2.62323185e-04
1.21000000e+00	7.31849480e-03	2.66920294e-04
1.21500000e+00	7.29632890e-03	2.61975845e-04
1.22000000e+00	7.26560299e-03	2.62406783e-04
1.22500000e+00	7.18395062e-03	2.59370207e-04
1.23000000e+00	7.19981908e-03	2.62193243e-04
1.23500000e+00	7.22857796e-03	2.62006464e-04
1.24000000e+00	7.26169153e-03	2.61617600e-04
1.24500000e+00	7.16087923e-03	2.59727639e-04
1.25000000e+00	7.16080655e-03	2.60255561e-04
1.25500000e+00	7.21632898e-03	2.59566945e-04
1.26000000e+00	7.15169875e-03	2.58292180e-04
1.26500000e+00	7.35822282e-03	2.65429015e-04
1.27000000e+00	7.38187241e-03	2.69800544e-04
1.27500000e+00	7.14829191e-03	2.59432126e-04
1.28000000e+00	7.18991454e-03	2.58934126e-04
1.28500000e+00	7.29448532e-03	2.64590204e-04
1.29000000e+00	7.25188720e-03	2.64353479e-04
1.29500000e+00	7.12960351e-03	2.56828906e-04
1.30000000e+00	7.14209256e-03	2.56627202e-04
1.30500000e+00	7.24054503e-03	2.63253493e-04
1.31000000e+00	7.08975419e-03	2.59227219e-04
1.31500000e+00	7.16874286e-03	2.61550923e-04
1.32000000e+00	7.05352910e-03	2.55503339e-04
1.32500000e+00	7.32744977e-03	2.65497114e-04
1.33000000e+00	7.10881801e-03	2.61332186e-04
1.33500000e+00	7.30973932e-03	2.64277598e-04
1.34000000e+00	7.11122630e-03	2.58790405e-04
1.34500000e+00	7.34452310e-03	2.66832285e-04
1.35000000e+00	7.11824448e-03	2.61607615e-04
1.35500000e+00	7.21288789e-03	2.61640511e-04
1.36000000e+00	7.14578137e-03	2.58368385e-04
1.36500000e+00	7.26602727e-03	2.63861309e-04
1.37000000e+00	7.29121429e-03	2.68909552e-04
1.37500000e+00	7.20348418e-03	2.61761866e-04
1.38000000e+00	7.23108328e-03	2.62339250e-04
1.38500000e+00	7.13654311e-03	2.59841951e-04
1.39000000e+00	7.27050490e-03	2.67985155e-04
1.39500000e+00	7.15734787e-03	2.59362618e-04
1.40000000e+00	7.26984302e-03	2.73463128e-04
1.40500000e+00	7.16819235e-03	2.88028788e-04
1.41000000e+00	6.98971236e-03	2.94568985e-04
1.41500000e+00	6.99245037e-03	3.06119988e-04
1.42000000e+00	6.91986385e-03	3.14929477e-04
1.42500000e+00	6.82952952e-03	3.20169867e-04
1.43000000e+00	7.00843181e-03	3.39651104e-04
1.43500000e+00	6.94556765e-03	3.49050299e-04
1.44000000e+00	6.80886561e-03	3.57500756e-04
1.44500000e+00	6.76909366e-03	3.63984165e-04
1.45000000e+00	6.74962655e-03	3.51507928e-04
1.45500000e+00	7.08358093e-03	3.28907219e-04
1.46000000e+00	7.00541144e-03	3.17384555e-04
1.46500000e+00	6.76179846e-03	3.04554575e-04
1.47000000e+00	6.91531466e-03	3.06237789e-04
1.47500000e+00	6.95205743e-03	3.00697418e-04
1.48000000e+00	7.00164279e-03	2.98390022e-04
1.48500000e+00	6.80140237e-03	2.89515338e-04
1.49000000e+00	6.85134342e-03	2.92152532e-04
1.49500000e+00	7.07185267e-03	2.95560203e-04
1.50000000e+00	6.98624627e-03	2.89431034e-04
1.50500000e+00	6.98237069e-03	2.89600035e-04
1.51000000e+00	7.13174606e-03	2.99189751e-04
1.51500000e+00	7.14188512e-03	2.93953299e-04
1.52000000e+00	7.08569563e-03	2.89590683e-04
1.52500000e+00	7.17170374e-03	2.93011565e-04
1.53000000e+00	6.97568516e-03	2.87034486e-04
1.53500000e+00	6.96690681e-03	2.79898782e-04
1.54000000e+00	7.00474469e-03	2.79893319e-04
1.54500000e+00	6.84465200e-03	2.74190286e-04
1.55000000e+00	6.80874525e-03	2.70539159e-04
1.55500000e+00	6.88150446e-03	2.68154281e-04
1.56000000e+00	6.72888270e-03	2.63176962e-04
1.56500000e+00	6.73661989e-03	2.61623776e-04
1.57000000e+00	6.75840073e-03	2.62291275e-04
1.57500000e+00	6.84942295e-03	2.60326177e-04
1.58000000e+00	6.70889127e-03	2.54892240e-04
1.58500000e+00	6.48419707e-03	2.46240304e-04
1.59000000e+00	6.66406460e-03	2.53140420e-04
1.59500000e+00	6.52494720e-03	2.43323016e-04
1.60000000e+00	6.67651760e-03	2.47178805e-04
1.60500000e+00	6.54948924e-03	2.43550046e-04
1.61000000e+00	6.48928793e-03	2.40573577e-04
1.61500000e+00	6.75630506e-03	2.48959291e-04
1.62000000e+00	6.71696244e-03	2.48560832e-04
1.62500000e+00	6.52804586e-03	2.44597774e-04
1.63000000e+00	6.50047136e-03	2.40253338e-04
1.63500000e+00	6.33537739e-03	2.34389538e-04
1.64000000e+00	6.64584032e-03	2.44102700e-04
1.64500000e+00	6.60877127e-03	2.46285500e-04
1.65000000e+00	6.41891843e-03	2.36228715e-04
1.65500000e+00	6.41431521e-03	2.37948102e-04
1.66000000e+00	6.48916762e-03	2.37402145e-04
1.66500000e+00	6.53071296e-03	2.45095520e-04
1.67000000e+00	6.36372817e-03	2.33688151e-04
1.67500000e+00	6.33133132e-03	2.32769008e-04
1.68000000e+00	6.42329717e-03	2.37395932e-04
1.68500000e+00	6.26803831e-03	2.35886640e-04
1.69000000e+00	6.35899522e-03	2.33821161e-04
1.69500000e+00	6.31833595e-03	2.35239542e-04
1.70000000e+00	6.22816921e-03	2.32341081e-04
1.70500000e+00	6.27041311e-03	2.34094698e-04
1.71000000e+00	6.33254722e-03	2.33991205e-04
1.71500000e+00	6.20360766e-03	2.30864229e-04
1.72000000e+00	6.37350052e-03	2.38037542e-04
1.72500000e+00	6.28418809e-03	2.35230141e-04
1.73000000e+00	6.28186914e-03	2.31284664e-04
1.73500000e+00	6.31196896e-03	2.32769513e-04
1.74000000e+00	6.20858894e-03	2.31338383e-04
1.74500000e+00	6.25292583e-03	2.34920539e-04
1.75000000e+00	6.13637117e-03	2.26578766e-04
1.75500000e+00	6.07196711e-03	2.25523141e-04
1.76000000e+00	6.08229234e-03	2.27096556e-04
1.76500000e+00	6.02599383e-03	2.26823527e-04
1.77000000e+00	6.13491849e-03	2.26969400e-04
1.77500000e+00	6.23163665e-03	2.31139203e-04
1.78000000e+00	6.18106895e-03	2.29165355e-04
1.78500000e+00	6.15714669e-03	2.31176933e-04
1.79000000e+00	5.99555925e-03	2.22592572e-04
1.79500000e+00	5.92026469e-03	2.19226757e-04
1.80000000e+00	6.05544360e-03	2.26427247e-04
1.80500000e+00	5.84989423e-03	2.20628994e-04
1.81000000e+00	5.85673767e-03	2.17631524e-04
1.81500000e+00	5.83965016e-03	2.17318405e-04
1.82000000e+00	6.00953927e-03	2.25306621e-04
1.82500000e+00	5.91918759e-03	2.22382066e-04
1.83000000e+00	5.88502459e-03	2.18139816e-04
1.83500000e+00	5.92936280e-03	2.20335052e-04
1.84000000e+00	5.81749401e-03	2.17910918e-04
1.84500000e+00	5.79520955e-03	2.16801503e-04
1.85000000e+00	5.66984178e-03	2.10794973e-04
1.85500000e+00	5.82464377e-03	2.16770310e-04
1.86000000e+00	5.68867091e-03	2.13573598e-04
1.86500000e+00	5.66733852e-03	2.14149177e-04
1.87000000e+00	5.62441648e-03	2.09527746e-04
1.87500000e+00	5.62493688e-03	2.10158214e-04
1.88000000e+00	5.63419970e-03	2.11495555e-04
1.88500000e+00	5.64301486e-03	2.13182063e-04
1.89000000e+00	5.64162313e-03	2.09948345e-04
1.89500000e+00	5.65880897e-03	2.12680829e-04
1.90000000e+00	5.67769246e-03	2.11716600e-04
1.90500000e+00	5.56084465e-03	2.09760402e-04
1.91000000e+00	5.38438881e-03	2.00898835e-04
1.91500000e+00	5.32167888e-03	1.99602764e-04
1.92000000e+00	5.46127022e-03	2.06371783e-04
1.92500000e+00	5.40297035e-03	2.03304145e-04
1.93000000e+00	5.43996944e-03	2.04027408e-04
1.93500000e+00	5.29921465e-03	1.98342981e-04
1.94000000e+00	5.33089697e-03	2.01535012e-04
1.94500000e+00	5.35817634e-03	2.02223066e-04
1.95000000e+00	5.30482545e-03	1.98241139e-04
1.95500000e+00	5.14162255e-03	1.92033913e-04
1.96000000e+00	5.15908064e-03	1.95816391e-04
1.96500000e+00	5.15302186e-03	1.95385819e-04
1.97000000e+00	5.08957640e-03	1.89261370e-04
1.97500000e+00	5.04639127e-03	1.90382085e-04
1.98000000e+00	5.04215531e-03	1.89867635e-04
1.98500000e+00	4.94589232e-03	1.87133541e-04
1.99000000e+00	4.95406799e-03	1.85253052e-04
1.99500000e+00	4.96132426e-03	1.86054742e-04
2.00000000e+00	4.85306150e-03	1.84533425e-04
2.00500000e+00	4.88979590e-03	1.86102295e-04
2.01000000e+00	4.84517904e-03	2.02166439e-04
2.01500000e+00	4.81295116e-03	2.12975943e-04
2.02000000e+00	4.65516447e-03	2.19784414e-04
2.02500000e+00	4.78269785e-03	2.34430933e-04
2.03000000e+00	4.65508276e-03	2.42027016e-04
2.03500000e+00	4.72754283e-03	2.59373614e-04
2.04000000e+00	4.55901191e-03	2.62805665e-04
2.04500000e+00	4.24101446e-03	2.54487635e-04
2.05000000e+00	4.45662546e-03	2.84764908e-04
2.05500000e+00	4.44384416e-03	2.76867700e-04
2.06000000e+00	4.79581270e-03	2.56373726e-04
2.06500000e+00	4.58099141e-03	2.34726076e-04
2.07000000e+00	4.48722721e-03	2.19184593e-04
2.07500000e+00	4.61077631e-03	2.18155679e-04
2.08000000e+00	4.49662457e-03	2.14125447e-04
2.08500000e+00	4.40548813e-03	2.08348016e-04
2.09000000e+00	4.38721499e-03	2.01696747e-04
2.09500000e+00	4.33015455e-03	1.96085423e-04
2.10000000e+00	4.36868070e-03	1.96569378e-04
2.10500000e+00	4.19394984e-03	1.88635371e-04
2.11000000e+00	4.27663166e-03	1.83955959e-04
2.11500000e+00	4.23286201e-03	1.81591831e-04
2.12000000e+00	4.21654801e-03	1.79320466e-04
2.12500000e+00	4.19136014e-03	1.78696225e-04
2.13000000e+00	4.03994087e-03	1.64975988e-04
2.13500000e+00	3.97946403e-03	1.61182856e-04
2.14000000e+00	4.07698568e-03	1.63939219e-04
2.14500000e+00	3.96991403e-03	1.59886097e-04
2.15000000e+00	3.97968916e-03	1.55463100e-04
2.15500000e+00	3.85417721e-03	1.49739412e-04
2.16000000e+00	3.96306849e-03	1.51864834e-04
2.16500000e+00	3.94347710e-03	1.53190826e-04
2.17000000e+00	3.83561081e-03	1.46423859e-04
2.17500000e+00	3.78859134e-03	1.45959293e-04
2.18000000e+00	3.75456821e-03	1.44785861e-04
2.18500000e+00	3.81009761e-03	1.47609948e-04
2.19000000e+00	3.85205579e-03	1.48655128e-04
2.19500000e+00	3.82652198e-03	1.45648323e-04
2.20000000e+00	3.66761448e-03	1.40666771e-04
2.20500000e+00	3.76332408e-03	1.45647557e-04
2.21000000e+00	3.66254311e-03	1.41788018e-04
2.21500000e+00	3.65529293e-03	1.40600639e-04
2.22000000e+00	3.54035824e-03	1.35496216e-04
2.22500000e+00	3.63857466e-03	1.41145418e-04
2.23000000e+00	3.51156030e-03	1.35555549e-04
2.23500000e+00	3.52339095e-03	1.35678763e-04
2.24000000e+00	3.50460233e-03	1.34591896e-04
2.24500000e+00	3.63007453e-03	1.40685250e-04
2.25000000e+00	3.50482786e-03	1.36263221e-04
2.25500000e+00	3.46273741e-03	1.33253911e-04
2.26000000e+00	3.50216930e-03	1.34634062e-04
2.26500000e+00	3.40635876e-03	1.32270485e-04
2.27000000e+00	3.41430077e-03	1.33427562e-04
2.27500000e+00	3.36121969e-03	1.29851372e-04
2.28000000e+00	3.25161123e-03	1.24704081e-04
2.28500000e+00	3.35603377e-03	1.29065781e-04
2.29000000e+00	3.32814357e-03	1.30629463e-04
2.29500000e+00	3.22647768e-03	1.26931166e-04
2.30000000e+00	3.23620902e-03	1.25893009e-04
2.30500000e+00	3.20899639e-03	1.24706957e-04
2.31000000e+00	3.22065517e-03	1.25305141e-04
2.31500000e+00	3.27348264e-03	1.27746215e-04
2.32000000e+00	3.09786739e-03	1.19853047e-04
2.32500000e+00	3.16609582e-03	1.23428658e-04
2.33000000e+00	3.11086960e-03	1.20998314e-04
2.33500000e+00	3.18262611e-03	1.23825724e-04
2.34000000e+00	3.07312363e-03	1.17840027e-04
2.34500000e+00	3.06656506e-03	1.17770989e-04
2.35000000e+00	3.19152716e-03	1.23975730e-04
2.35500000e+00	3.05772269e-03	1.21021300e-04
2.36000000e+00	2.99512769e-03	1.17033623e-04
2.36500000e+00	3.04262883e-03	1.18213680e-04
2.37000000e+00	2.89663932e-03	1.13259472e-04
2.37500000e+00	2.95468572e-03	1.17163943e-04
2.38000000e+00	2.95820013e-03	1.16987545e-04
2.38500000e+00	2.91224727e-03	1.14105485e-04
2.39000000e+00	2.94070807e-03	1.14426928e-04
2.39500000e+00	2.89803668e-03	1.13756264e-04
2.40000000e+00	2.82932729e-03	1.12987229e-04
2.40500000e+00	2.87167187e-03	1.13416236e-04
2.41000000e+00	2.83785934e-03	1.11919613e-04
2.41500000e+00	2.83250257e-03	1.11592116e-04
2.42000000e+00	2.77070396e-03	1.10508369e-04
2.42500000e+00	2.79938075e-03	1.11498707e-04
2.43000000e+00	2.83606227e-03	1.11445240e-04
2.43500000e+00	2.76543328e-03	1.09372150e-04
2.44000000e+00	2.74016948e-03	1.08977574e-04
2.44500000e+00	2.76071174e-03	1.10698916e-04
2.45000000e+00	2.67108713e-03	1.06575925e-04
2.45500000e+00	2.74010495e-03	1.09920886e-04
2.46000000e+00	2.67777217e-03	1.08652146e-04
2.46500000e+00	2.64315738e-03	1.06603692e-04
2.47000000e+00	2.64262125e-03	1.06682599e-04
2.47500000e+00	2.59599162e-03	1.04244949e-04
2.48000000e+00	2.68593966e-03	1.07917908e-04
2.48500000e+00	2.53099268e-03	1.03341163e-04
2.49000000e+00	2.66619662e-03	1.09276639e-04
2.49500000e+00	2.49686389e-03	1.00775852e-04
2.50000000e+00	2.57250484e-03	1.04027338e-04
2.50500000e+00	2.57317652e-03	1.05193544e-04
2.51000000e+00	2.48847514e-03	1.02577129e-04
2.51500000e+00	2.46720300e-03	1.01856929e-04
2.52000000e+00	2.43405764e-03	9.94984093e-05
2.52500000e+00	2.45067787e-03	1.00081946e-04
2.53000000e+00	2.49531255e-03	1.03747220e-04
2.53500000e+00	2.46775378e-03	1.03550532e-04
2.54000000e+00	2.54282253e-03	1.03522445e-04
2.54500000e+00	2.54423361e-03	1.05403924e-04
2.55000000e+00	2.39680568e-03	1.00292371e-04
2.55500000e+00	2.50987305e-03	1.06142596e-04
2.56000000e+00	2.42646310e-03	1.02644808e-04
2.56500000e+00	2.30944279e-03	9.71190030e-05
2.57000000e+00	2.31222092e-03	9.83710284e-05
2.57500000e+00	2.31479410e-03	9.93595989e-05
2.58000000e+00	2.34018632e-03	1.00264872e-04
2.58500000e+00	2.35781636e-03	1.00630127e-04
2.59000000e+00	2.30960516e-03	9.70114607e-05
2.59500000e+00	2.29311271e-03	9.83665834e-05
2.60000000e+00	2.29643175e-03	9.98884596e-05
2.60500000e+00	2.22134946e-03	9.74660775e-05
2.61000000e+00	2.23333508e-03	1.12083097e-04
2.61500000e+00	2.26735907e-03	1.27691133e-04
2.62000000e+00	2.28411481e-03	1.39616682e-04
2.62500000e+00	2.27329908e-03	1.50410010e-04
2.63000000e+00	2.14472010e-03	1.58868513e-04
2.63500000e+00	2.19222120e-03	1.75878273e-04
2.64000000e+00	2.20189398e-03	1.94331133e-04
2.64500000e+00	2.11020953e-03	1.99638314e-04
2.65000000e+00	2.11310677e-03	2.15020252e-04
2.65500000e+00	2.01189789e-03	2.16078827e-04
2.66000000e+00	2.19310640e-03	2.55865885e-04
2.66500000e+00	2.22038357e-03	2.87572193e-04
2.67000000e+00	2.42360243e-03	3.31609370e-04
2.67500000e+00	2.00302367e-03	3.51353557e-04
2.68000000e+00	1.72792345e-03	3.73588239e-04
2.68500000e+00	2.51106628e-03	6.09176820e-04
2.69000000e+00	2.70313124e-03	1.02008399e-03
2.69500000e+00	0.00000000e+00	0.00000000e+00
2.70000000e+00	0.00000000e+00	0.00000000e+00
