% Filename : WSW19_00033_00031.h5
% Date & Time : 30-Oct-2025 17:24:42
% X-ray Energy (keV) : 13.30001
% Exposure Time (s) : 0.500
% Photodiode Value : 141012.000
% I0 of Sample : 0
% I0 of Standard : 1
% 
% q(A^-1)   I(q)    I(q)_SE
8.40000000e-01	0.00000000e+00	0.00000000e+00
8.45000000e-01	3.37153452e-03	5.89752648e-04
8.50000000e-01	3.11622050e-03	2.88902482e-04
8.55000000e-01	3.09281542e-03	2.52283428e-04
8.60000000e-01	3.02710179e-03	2.13846912e-04
8.65000000e-01	3.05477580e-03	1.98845362e-04
8.70000000e-01	3.06150362e-03	1.90009723e-04
8.75000000e-01	3.08290023e-03	1.84005703e-04
8.80000000e-01	3.05829882e-03	1.76583063e-04
8.85000000e-01	3.06851864e-03	1.67401335e-04
8.90000000e-01	3.05208252e-03	1.63076709e-04
8.95000000e-01	3.09041609e-03	1.60490504e-04
9.00000000e-01	3.09935992e-03	1.59481385e-04
9.05000000e-01	3.10016110e-03	1.52445452e-04
9.10000000e-01	3.11192622e-03	1.50337335e-04
9.15000000e-01	3.08107631e-03	1.46315572e-04
9.20000000e-01	3.13842302e-03	1.49065118e-04
9.25000000e-01	3.11978111e-03	1.41600009e-04
9.30000000e-01	3.14038306e-03	1.41148575e-04
9.35000000e-01	3.14575834e-03	1.38638768e-04
9.40000000e-01	3.13523303e-03	1.38561657e-04
9.45000000e-01	3.13895518e-03	1.35376160e-04
9.50000000e-01	3.13823943e-03	1.33375853e-04
9.55000000e-01	3.17079997e-03	1.32292802e-04
9.60000000e-01	3.17007562e-03	1.32418202e-04
9.65000000e-01	3.18965764e-03	1.30979143e-04
9.70000000e-01	3.18871281e-03	1.28763105e-04
9.75000000e-01	3.20371439e-03	1.27978415e-04
9.80000000e-01	3.19314922e-03	1.26407026e-04
9.85000000e-01	3.20063755e-03	1.26773483e-04
9.90000000e-01	3.21406794e-03	1.23605109e-04
9.95000000e-01	3.22724272e-03	1.23460608e-04
1.00000000e+00	3.20388072e-03	1.22088685e-04
1.00500000e+00	3.21881937e-03	1.22674706e-04
1.01000000e+00	3.22572274e-03	1.20239624e-04
1.01500000e+00	3.24760292e-03	1.19769452e-04
1.02000000e+00	3.24156417e-03	1.19525615e-04
1.02500000e+00	3.24860707e-03	1.18347586e-04
1.03000000e+00	3.22027928e-03	1.16945129e-04
1.03500000e+00	3.22455190e-03	1.15326220e-04
1.04000000e+00	3.22693385e-03	1.14724247e-04
1.04500000e+00	3.22427488e-03	1.14681871e-04
1.05000000e+00	3.22028286e-03	1.13810906e-04
1.05500000e+00	3.21757004e-03	1.11901750e-04
1.06000000e+00	3.21398677e-03	1.11576395e-04
1.06500000e+00	3.23505004e-03	1.12416093e-04
1.07000000e+00	3.24456976e-03	1.12440529e-04
1.07500000e+00	3.23642090e-03	1.11396462e-04
1.08000000e+00	3.24871138e-03	1.11136601e-04
1.08500000e+00	3.29081764e-03	1.12707487e-04
1.09000000e+00	3.26650386e-03	1.12568205e-04
1.09500000e+00	3.27115840e-03	1.10343542e-04
1.10000000e+00	3.27317384e-03	1.11179051e-04
1.10500000e+00	3.28983290e-03	1.12127949e-04
1.11000000e+00	3.32328670e-03	1.13428680e-04
1.11500000e+00	3.31570068e-03	1.12346478e-04
1.12000000e+00	3.31313984e-03	1.12696014e-04
1.12500000e+00	3.35773808e-03	1.13899252e-04
1.13000000e+00	3.37482435e-03	1.15889778e-04
1.13500000e+00	3.37028056e-03	1.14281755e-04
1.14000000e+00	3.36414067e-03	1.13840707e-04
1.14500000e+00	3.38409450e-03	1.15541436e-04
1.15000000e+00	3.39466394e-03	1.16490187e-04
1.15500000e+00	3.43454923e-03	1.16715280e-04
1.16000000e+00	3.41813768e-03	1.16508154e-04
1.16500000e+00	3.42458997e-03	1.16553695e-04
1.17000000e+00	3.41603013e-03	1.17672719e-04
1.17500000e+00	3.44172710e-03	1.16926641e-04
1.18000000e+00	3.42590755e-03	1.16904018e-04
1.18500000e+00	3.46283764e-03	1.17999419e-04
1.19000000e+00	3.45749846e-03	1.19024240e-04
1.19500000e+00	3.45921094e-03	1.17673295e-04
1.20000000e+00	3.49693975e-03	1.19659512e-04
1.20500000e+00	3.49387961e-03	1.19283113e-04
1.21000000e+00	3.48044266e-03	1.20360151e-04
1.21500000e+00	3.50958607e-03	1.19570363e-04
1.22000000e+00	3.53146831e-03	1.20418491e-04
1.22500000e+00	3.48862714e-03	1.19347077e-04
1.23000000e+00	3.49959019e-03	1.20723649e-04
1.23500000e+00	3.53901141e-03	1.21237035e-04
1.24000000e+00	3.52341792e-03	1.20277663e-04
1.24500000e+00	3.52720224e-03	1.21187116e-04
1.25000000e+00	3.48479977e-03	1.20379387e-04
1.25500000e+00	3.53722925e-03	1.20768200e-04
1.26000000e+00	3.52239519e-03	1.21020463e-04
1.26500000e+00	3.56369388e-03	1.21971529e-04
1.27000000e+00	3.56154421e-03	1.23739621e-04
1.27500000e+00	3.54935695e-03	1.22020139e-04
1.28000000e+00	3.57467151e-03	1.22106342e-04
1.28500000e+00	3.58392381e-03	1.23170010e-04
1.29000000e+00	3.57851686e-03	1.24048317e-04
1.29500000e+00	3.57890335e-03	1.22772820e-04
1.30000000e+00	3.58522014e-03	1.22792838e-04
1.30500000e+00	3.59907795e-03	1.23777634e-04
1.31000000e+00	3.60114187e-03	1.25349246e-04
1.31500000e+00	3.59877597e-03	1.23659348e-04
1.32000000e+00	3.62028205e-03	1.24289696e-04
1.32500000e+00	3.59639937e-03	1.23796089e-04
1.33000000e+00	3.60776852e-03	1.25675218e-04
1.33500000e+00	3.60638913e-03	1.23935597e-04
1.34000000e+00	3.60440831e-03	1.23878973e-04
1.34500000e+00	3.59252577e-03	1.24035179e-04
1.35000000e+00	3.61729022e-03	1.26056614e-04
1.35500000e+00	3.60004558e-03	1.23781240e-04
1.36000000e+00	3.62520936e-03	1.24456443e-04
1.36500000e+00	3.61925525e-03	1.24659743e-04
1.37000000e+00	3.61365669e-03	1.26346911e-04
1.37500000e+00	3.62304604e-03	1.24725924e-04
1.38000000e+00	3.60372316e-03	1.24383926e-04
1.38500000e+00	3.60605862e-03	1.25040263e-04
1.39000000e+00	3.63254321e-03	1.26835598e-04
1.39500000e+00	3.60957410e-03	1.24125874e-04
1.40000000e+00	3.66496807e-03	1.29902706e-04
1.40500000e+00	3.64049850e-03	1.38814947e-04
1.41000000e+00	3.59724707e-03	1.43561951e-04
1.41500000e+00	3.58777913e-03	1.48426511e-04
1.42000000e+00	3.55142182e-03	1.52982623e-04
1.42500000e+00	3.56778940e-03	1.58091245e-04
1.43000000e+00	3.55751646e-03	1.63629597e-04
1.43500000e+00	3.56439113e-03	1.68856079e-04
1.44000000e+00	3.55883159e-03	1.75281814e-04
1.44500000e+00	3.53816366e-03	1.78855457e-04
1.45000000e+00	3.62727725e-03	1.77350747e-04
1.45500000e+00	3.66273862e-03	1.60795570e-04
1.46000000e+00	3.65910716e-03	1.56945086e-04
1.46500000e+00	3.59225774e-03	1.51246416e-04
1.47000000e+00	3.61223443e-03	1.51702715e-04
1.47500000e+00	3.59714128e-03	1.46641102e-04
1.48000000e+00	3.63628088e-03	1.46746315e-04
1.48500000e+00	3.60245394e-03	1.45586376e-04
1.49000000e+00	3.58482480e-03	1.45119361e-04
1.49500000e+00	3.63671922e-03	1.44013443e-04
1.50000000e+00	3.62866465e-03	1.43096119e-04
1.50500000e+00	3.63796870e-03	1.44382531e-04
1.51000000e+00	3.63564463e-03	1.44587474e-04
1.51500000e+00	3.63479651e-03	1.42231018e-04
1.52000000e+00	3.65847408e-03	1.42569203e-04
1.52500000e+00	3.66530495e-03	1.42752636e-04
1.53000000e+00	3.63307376e-03	1.42394276e-04
1.53500000e+00	3.64172379e-03	1.38658639e-04
1.54000000e+00	3.62911050e-03	1.37958441e-04
1.54500000e+00	3.60199517e-03	1.36597402e-04
1.55000000e+00	3.60314341e-03	1.36171609e-04
1.55500000e+00	3.56070832e-03	1.31580220e-04
1.56000000e+00	3.59255792e-03	1.33088866e-04
1.56500000e+00	3.54103667e-03	1.30536917e-04
1.57000000e+00	3.53023771e-03	1.29264144e-04
1.57500000e+00	3.51606910e-03	1.26297722e-04
1.58000000e+00	3.50610890e-03	1.25706351e-04
1.58500000e+00	3.50006274e-03	1.25549864e-04
1.59000000e+00	3.49560121e-03	1.25376786e-04
1.59500000e+00	3.48738544e-03	1.22701124e-04
1.60000000e+00	3.49161474e-03	1.22787443e-04
1.60500000e+00	3.47607336e-03	1.22295181e-04
1.61000000e+00	3.48822045e-03	1.22215545e-04
1.61500000e+00	3.48239325e-03	1.20922083e-04
1.62000000e+00	3.47133840e-03	1.21008814e-04
1.62500000e+00	3.46194427e-03	1.22026011e-04
1.63000000e+00	3.46090396e-03	1.20754131e-04
1.63500000e+00	3.43540774e-03	1.19805203e-04
1.64000000e+00	3.41114775e-03	1.19209362e-04
1.64500000e+00	3.43522692e-03	1.21201437e-04
1.65000000e+00	3.40006946e-03	1.18712546e-04
1.65500000e+00	3.40116289e-03	1.18637767e-04
1.66000000e+00	3.39506427e-03	1.18551677e-04
1.66500000e+00	3.37620469e-03	1.19874541e-04
1.67000000e+00	3.38379239e-03	1.17698352e-04
1.67500000e+00	3.37328372e-03	1.17536252e-04
1.68000000e+00	3.40197811e-03	1.18859759e-04
1.68500000e+00	3.37037031e-03	1.19763192e-04
1.69000000e+00	3.36375940e-03	1.17231186e-04
1.69500000e+00	3.34075127e-03	1.16166937e-04
1.70000000e+00	3.34926304e-03	1.17822514e-04
1.70500000e+00	3.32799341e-03	1.17604313e-04
1.71000000e+00	3.34281962e-03	1.16633658e-04
1.71500000e+00	3.32994064e-03	1.16120074e-04
1.72000000e+00	3.33651457e-03	1.17232724e-04
1.72500000e+00	3.31740243e-03	1.17342182e-04
1.73000000e+00	3.31385251e-03	1.15665474e-04
1.73500000e+00	3.27645673e-03	1.14654523e-04
1.74000000e+00	3.29101062e-03	1.15402679e-04
1.74500000e+00	3.28751319e-03	1.16695143e-04
1.75000000e+00	3.27993333e-03	1.14165073e-04
1.75500000e+00	3.28304272e-03	1.15040182e-04
1.76000000e+00	3.28056748e-03	1.14961911e-04
1.76500000e+00	3.27523085e-03	1.16140385e-04
1.77000000e+00	3.27058457e-03	1.14129629e-04
1.77500000e+00	3.27684019e-03	1.14694054e-04
1.78000000e+00	3.29367602e-03	1.15549212e-04
1.78500000e+00	3.27624476e-03	1.16218206e-04
1.79000000e+00	3.26343244e-03	1.13702799e-04
1.79500000e+00	3.28657016e-03	1.15005453e-04
1.80000000e+00	3.30156342e-03	1.16130592e-04
1.80500000e+00	3.27153485e-03	1.15851859e-04
1.81000000e+00	3.27075276e-03	1.14129890e-04
1.81500000e+00	3.29178056e-03	1.14936831e-04
1.82000000e+00	3.29507538e-03	1.15701715e-04
1.82500000e+00	3.27394880e-03	1.15792309e-04
1.83000000e+00	3.27294548e-03	1.14303185e-04
1.83500000e+00	3.25899953e-03	1.13981784e-04
1.84000000e+00	3.25774519e-03	1.14578569e-04
1.84500000e+00	3.26128205e-03	1.15305489e-04
1.85000000e+00	3.25314330e-03	1.13728400e-04
1.85500000e+00	3.23071337e-03	1.12997376e-04
1.86000000e+00	3.23431346e-03	1.13906866e-04
1.86500000e+00	3.22920868e-03	1.13976709e-04
1.87000000e+00	3.23317055e-03	1.12871759e-04
1.87500000e+00	3.18411700e-03	1.11478192e-04
1.88000000e+00	3.19558248e-03	1.12347769e-04
1.88500000e+00	3.17396950e-03	1.12263784e-04
1.89000000e+00	3.14001216e-03	1.09598533e-04
1.89500000e+00	3.14459224e-03	1.10360954e-04
1.90000000e+00	3.15376647e-03	1.10965907e-04
1.90500000e+00	3.11279967e-03	1.09624358e-04
1.91000000e+00	3.11269753e-03	1.08904408e-04
1.91500000e+00	3.10841709e-03	1.08766597e-04
1.92000000e+00	3.06500297e-03	1.07785479e-04
1.92500000e+00	3.08101637e-03	1.08545216e-04
1.93000000e+00	3.05886972e-03	1.06829824e-04
1.93500000e+00	3.03770658e-03	1.06344341e-04
1.94000000e+00	3.02939313e-03	1.06950073e-04
1.94500000e+00	2.99845111e-03	1.05471331e-04
1.95000000e+00	2.99023236e-03	1.04272804e-04
1.95500000e+00	2.97389892e-03	1.04200688e-04
1.96000000e+00	2.94870100e-03	1.03869854e-04
1.96500000e+00	2.94969786e-03	1.04038074e-04
1.97000000e+00	2.92667782e-03	1.01965068e-04
1.97500000e+00	2.90284799e-03	1.01750974e-04
1.98000000e+00	2.90741648e-03	1.02411741e-04
1.98500000e+00	2.89964829e-03	1.02320695e-04
1.99000000e+00	2.87625405e-03	1.00167597e-04
1.99500000e+00	2.85545432e-03	1.00017704e-04
2.00000000e+00	2.86835537e-03	1.01154042e-04
2.00500000e+00	2.88656874e-03	1.01879204e-04
2.01000000e+00	2.85599705e-03	1.10609398e-04
2.01500000e+00	2.83778788e-03	1.16732809e-04
2.02000000e+00	2.81797190e-03	1.23614497e-04
2.02500000e+00	2.79630267e-03	1.27558015e-04
2.03000000e+00	2.79606009e-03	1.35027341e-04
2.03500000e+00	2.79386887e-03	1.40910959e-04
2.04000000e+00	2.76640808e-03	1.45895364e-04
2.04500000e+00	2.74840150e-03	1.52452701e-04
2.05000000e+00	2.76590396e-03	1.61080002e-04
2.05500000e+00	2.75871219e-03	1.57355670e-04
2.06000000e+00	2.80244125e-03	1.39159233e-04
2.06500000e+00	2.76913277e-03	1.31322911e-04
2.07000000e+00	2.76503999e-03	1.24083689e-04
2.07500000e+00	2.77156118e-03	1.21695831e-04
2.08000000e+00	2.74365243e-03	1.20160421e-04
2.08500000e+00	2.75983760e-03	1.20007065e-04
2.09000000e+00	2.71831553e-03	1.14534981e-04
2.09500000e+00	2.78505537e-03	1.16191971e-04
2.10000000e+00	2.77016539e-03	1.14737878e-04
2.10500000e+00	2.76398462e-03	1.14176723e-04
2.11000000e+00	2.73879313e-03	1.08961359e-04
2.11500000e+00	2.73799295e-03	1.07808236e-04
2.12000000e+00	2.70750659e-03	1.06053595e-04
2.12500000e+00	2.72786742e-03	1.06569683e-04
2.13000000e+00	2.70417060e-03	1.01256522e-04
2.13500000e+00	2.70793094e-03	1.00246672e-04
2.14000000e+00	2.68152021e-03	9.82889093e-05
2.14500000e+00	2.67544748e-03	9.82983643e-05
2.15000000e+00	2.64815420e-03	9.41558296e-05
2.15500000e+00	2.65653752e-03	9.45587744e-05
2.16000000e+00	2.64681226e-03	9.38198433e-05
2.16500000e+00	2.62809707e-03	9.37950010e-05
2.17000000e+00	2.62091689e-03	9.12521628e-05
2.17500000e+00	2.59495956e-03	9.05687835e-05
2.18000000e+00	2.58688896e-03	9.05189252e-05
2.18500000e+00	2.55897274e-03	9.00853448e-05
2.19000000e+00	2.55873264e-03	8.97254938e-05
2.19500000e+00	2.56598933e-03	8.95120318e-05
2.20000000e+00	2.52492198e-03	8.82993876e-05
2.20500000e+00	2.51316742e-03	8.81660583e-05
2.21000000e+00	2.49330765e-03	8.79555862e-05
2.21500000e+00	2.46337965e-03	8.59825525e-05
2.22000000e+00	2.46423928e-03	8.58554653e-05
2.22500000e+00	2.43489903e-03	8.55931795e-05
2.23000000e+00	2.41289750e-03	8.52530758e-05
2.23500000e+00	2.37968209e-03	8.29855277e-05
2.24000000e+00	2.38374842e-03	8.31471466e-05
2.24500000e+00	2.34301034e-03	8.22193168e-05
2.25000000e+00	2.34259010e-03	8.29759478e-05
2.25500000e+00	2.30995704e-03	8.03745596e-05
2.26000000e+00	2.28342640e-03	7.97551017e-05
2.26500000e+00	2.29570167e-03	8.04435911e-05
2.27000000e+00	2.26604945e-03	8.06117062e-05
2.27500000e+00	2.24302390e-03	7.81339826e-05
2.28000000e+00	2.23729074e-03	7.79590038e-05
2.28500000e+00	2.21855626e-03	7.77241100e-05
2.29000000e+00	2.17148437e-03	7.66828282e-05
2.29500000e+00	2.20342404e-03	7.74447623e-05
2.30000000e+00	2.17765107e-03	7.57840589e-05
2.30500000e+00	2.15017240e-03	7.50696705e-05
2.31000000e+00	2.15246073e-03	7.55240228e-05
2.31500000e+00	2.12628329e-03	7.52699261e-05
2.32000000e+00	2.12457723e-03	7.36688852e-05
2.32500000e+00	2.10192698e-03	7.34976830e-05
2.33000000e+00	2.09659787e-03	7.35160090e-05
2.33500000e+00	2.08229819e-03	7.37407788e-05
2.34000000e+00	2.06415906e-03	7.19436671e-05
2.34500000e+00	2.04080320e-03	7.10876423e-05
2.35000000e+00	2.03629459e-03	7.12070923e-05
2.35500000e+00	2.02708502e-03	7.18217138e-05
2.36000000e+00	1.99464427e-03	6.97318957e-05
2.36500000e+00	2.01902618e-03	7.05063661e-05
2.37000000e+00	1.98929135e-03	6.94757221e-05
2.37500000e+00	1.96416776e-03	6.91720890e-05
2.38000000e+00	1.95617267e-03	6.93282381e-05
2.38500000e+00	1.93402568e-03	6.75552127e-05
2.39000000e+00	1.93157553e-03	6.76193417e-05
2.39500000e+00	1.91829292e-03	6.75676549e-05
2.40000000e+00	1.90640761e-03	6.80905799e-05
2.40500000e+00	1.90536050e-03	6.66732148e-05
2.41000000e+00	1.88580349e-03	6.62667236e-05
2.41500000e+00	1.87637263e-03	6.59421999e-05
2.42000000e+00	1.87763805e-03	6.69104094e-05
2.42500000e+00	1.86381151e-03	6.62568013e-05
2.43000000e+00	1.85649161e-03	6.54475071e-05
2.43500000e+00	1.83993169e-03	6.51077663e-05
2.44000000e+00	1.83035525e-03	6.48947390e-05
2.44500000e+00	1.81745739e-03	6.52395503e-05
2.45000000e+00	1.81073941e-03	6.38400760e-05
2.45500000e+00	1.82159601e-03	6.44812022e-05
2.46000000e+00	1.78917753e-03	6.35107720e-05
2.46500000e+00	1.76707860e-03	6.35901208e-05
2.47000000e+00	1.77640177e-03	6.32619301e-05
2.47500000e+00	1.76044018e-03	6.23558180e-05
2.48000000e+00	1.74063577e-03	6.21389240e-05
2.48500000e+00	1.73820627e-03	6.19757088e-05
2.49000000e+00	1.73970572e-03	6.30119100e-05
2.49500000e+00	1.72956071e-03	6.14499914e-05
2.50000000e+00	1.71795628e-03	6.12264128e-05
2.50500000e+00	1.70608598e-03	6.11380254e-05
2.51000000e+00	1.70936025e-03	6.16431007e-05
2.51500000e+00	1.68131269e-03	6.07878140e-05
2.52000000e+00	1.68676882e-03	6.03554766e-05
2.52500000e+00	1.69129362e-03	6.08438809e-05
2.53000000e+00	1.68597955e-03	6.12154311e-05
2.53500000e+00	1.66848303e-03	6.13837967e-05
2.54000000e+00	1.66226965e-03	6.00831177e-05
2.54500000e+00	1.65554699e-03	6.01133701e-05
2.55000000e+00	1.64163506e-03	5.98677671e-05
2.55500000e+00	1.63072007e-03	5.99905347e-05
2.56000000e+00	1.62866475e-03	6.02898499e-05
2.56500000e+00	1.62187285e-03	5.94441097e-05
2.57000000e+00	1.61667417e-03	5.95426005e-05
2.57500000e+00	1.60576746e-03	5.92978176e-05
2.58000000e+00	1.59124911e-03	5.97565456e-05
2.58500000e+00	1.58905170e-03	5.92336241e-05
2.59000000e+00	1.60231577e-03	5.94780022e-05
2.59500000e+00	1.57191707e-03	5.85966767e-05
2.60000000e+00	1.56829327e-03	5.89165784e-05
2.60500000e+00	1.57832049e-03	6.06015179e-05
2.61000000e+00	1.56495539e-03	6.85612166e-05
2.61500000e+00	1.52378693e-03	7.39371049e-05
2.62000000e+00	1.51734385e-03	8.13052631e-05
2.62500000e+00	1.48352494e-03	8.57970017e-05
2.63000000e+00	1.52032171e-03	9.69749475e-05
2.63500000e+00	1.56722631e-03	1.10320540e-04
2.64000000e+00	1.59907460e-03	1.23998442e-04
2.64500000e+00	1.54658839e-03	1.27654904e-04
2.65000000e+00	1.55592833e-03	1.36541617e-04
2.65500000e+00	1.56642295e-03	1.46988258e-04
2.66000000e+00	1.56119423e-03	1.56875105e-04
2.66500000e+00	1.52873775e-03	1.73147403e-04
2.67000000e+00	1.52898008e-03	1.87534257e-04
2.67500000e+00	1.54454326e-03	2.21883954e-04
2.68000000e+00	1.47911885e-03	2.49006976e-04
2.68500000e+00	1.21906372e-03	2.73302395e-04
2.69000000e+00	1.17073451e-03	4.14567768e-04
2.69500000e+00	0.00000000e+00	0.00000000e+00
2.70000000e+00	0.00000000e+00	0.00000000e+00
