% Filename : WSW19_00033_00016.h5
% Date & Time : 30-Oct-2025 17:23:59
% X-ray Energy (keV) : 13.30001
% Exposure Time (s) : 0.500
% Photodiode Value : 140015.000
% I0 of Sample : 0
% I0 of Standard : 1
% 
% q(A^-1)   I(q)    I(q)_SE
8.40000000e-01	0.00000000e+00	0.00000000e+00
8.45000000e-01	3.90097357e-03	6.83474054e-04
8.50000000e-01	3.61589250e-03	3.35051809e-04
8.55000000e-01	3.51722436e-03	2.87275578e-04
8.60000000e-01	3.59293597e-03	2.53608964e-04
8.65000000e-01	3.56496707e-03	2.31792993e-04
8.70000000e-01	3.57253040e-03	2.21619966e-04
8.75000000e-01	3.58356325e-03	2.13820656e-04
8.80000000e-01	3.55224166e-03	2.05028782e-04
8.85000000e-01	3.57970440e-03	1.95320925e-04
8.90000000e-01	3.57658090e-03	1.91000323e-04
8.95000000e-01	3.55702472e-03	1.84523477e-04
9.00000000e-01	3.57504648e-03	1.83894060e-04
9.05000000e-01	3.55710420e-03	1.74917408e-04
9.10000000e-01	3.56090783e-03	1.71789601e-04
9.15000000e-01	3.58039007e-03	1.70161290e-04
9.20000000e-01	3.55685674e-03	1.68813853e-04
9.25000000e-01	3.56991983e-03	1.61836445e-04
9.30000000e-01	3.64456028e-03	1.63563451e-04
9.35000000e-01	3.60605531e-03	1.58838458e-04
9.40000000e-01	3.60689194e-03	1.59442580e-04
9.45000000e-01	3.61177466e-03	1.55571749e-04
9.50000000e-01	3.64943498e-03	1.54886229e-04
9.55000000e-01	3.66466956e-03	1.52709927e-04
9.60000000e-01	3.63777092e-03	1.51790386e-04
9.65000000e-01	3.65491721e-03	1.49903334e-04
9.70000000e-01	3.68287652e-03	1.48697855e-04
9.75000000e-01	3.67967426e-03	1.46893129e-04
9.80000000e-01	3.68874964e-03	1.45884274e-04
9.85000000e-01	3.67367413e-03	1.45605039e-04
9.90000000e-01	3.72486741e-03	1.43107344e-04
9.95000000e-01	3.74273119e-03	1.42913303e-04
1.00000000e+00	3.74055448e-03	1.42258227e-04
1.00500000e+00	3.74360136e-03	1.42331981e-04
1.01000000e+00	3.74130727e-03	1.39170474e-04
1.01500000e+00	3.75240373e-03	1.38280935e-04
1.02000000e+00	3.74649728e-03	1.38002209e-04
1.02500000e+00	3.78342593e-03	1.37698735e-04
1.03000000e+00	3.75292019e-03	1.36018510e-04
1.03500000e+00	3.75791071e-03	1.34240829e-04
1.04000000e+00	3.73377688e-03	1.32465948e-04
1.04500000e+00	3.74471500e-03	1.32849551e-04
1.05000000e+00	3.74286264e-03	1.31919290e-04
1.05500000e+00	3.74558455e-03	1.29913435e-04
1.06000000e+00	3.75784903e-03	1.29890100e-04
1.06500000e+00	3.76203088e-03	1.30312752e-04
1.07000000e+00	3.78181543e-03	1.30793308e-04
1.07500000e+00	3.80272018e-03	1.30404981e-04
1.08000000e+00	3.81103698e-03	1.29979665e-04
1.08500000e+00	3.82904923e-03	1.30813609e-04
1.09000000e+00	3.81859160e-03	1.31070665e-04
1.09500000e+00	3.84511212e-03	1.29449128e-04
1.10000000e+00	3.85113850e-03	1.30523171e-04
1.10500000e+00	3.87230006e-03	1.31622181e-04
1.11000000e+00	3.84794434e-03	1.30976362e-04
1.11500000e+00	3.89957904e-03	1.31733793e-04
1.12000000e+00	3.91404401e-03	1.32826033e-04
1.12500000e+00	3.92659529e-03	1.32967558e-04
1.13000000e+00	3.95998780e-03	1.35547466e-04
1.13500000e+00	3.96840010e-03	1.34343297e-04
1.14000000e+00	3.97875836e-03	1.34355477e-04
1.14500000e+00	3.97690079e-03	1.35463264e-04
1.15000000e+00	3.96536984e-03	1.35745846e-04
1.15500000e+00	4.01085612e-03	1.35966971e-04
1.16000000e+00	4.02079118e-03	1.36650200e-04
1.16500000e+00	4.01953882e-03	1.36510729e-04
1.17000000e+00	4.03840507e-03	1.38829714e-04
1.17500000e+00	4.06186451e-03	1.37709911e-04
1.18000000e+00	4.08021441e-03	1.38937152e-04
1.18500000e+00	4.04877853e-03	1.37658812e-04
1.19000000e+00	4.10722502e-03	1.41148013e-04
1.19500000e+00	4.10287179e-03	1.39285758e-04
1.20000000e+00	4.10427822e-03	1.40190460e-04
1.20500000e+00	4.11562233e-03	1.40381577e-04
1.21000000e+00	4.12682649e-03	1.42466046e-04
1.21500000e+00	4.13684424e-03	1.40545341e-04
1.22000000e+00	4.14814319e-03	1.41142037e-04
1.22500000e+00	4.13862267e-03	1.41333683e-04
1.23000000e+00	4.14581853e-03	1.42709780e-04
1.23500000e+00	4.16983436e-03	1.42543575e-04
1.24000000e+00	4.19833085e-03	1.42835353e-04
1.24500000e+00	4.17821042e-03	1.43299513e-04
1.25000000e+00	4.18485879e-03	1.44341682e-04
1.25500000e+00	4.19526577e-03	1.42961336e-04
1.26000000e+00	4.24493502e-03	1.45567955e-04
1.26500000e+00	4.19233276e-03	1.43112927e-04
1.27000000e+00	4.24909554e-03	1.47326907e-04
1.27500000e+00	4.22697558e-03	1.45099431e-04
1.28000000e+00	4.25070311e-03	1.44981115e-04
1.28500000e+00	4.25442957e-03	1.45972116e-04
1.29000000e+00	4.24684025e-03	1.46940037e-04
1.29500000e+00	4.26697769e-03	1.46092357e-04
1.30000000e+00	4.26614861e-03	1.45795469e-04
1.30500000e+00	4.28650803e-03	1.47191255e-04
1.31000000e+00	4.28028291e-03	1.48717624e-04
1.31500000e+00	4.31034756e-03	1.47859413e-04
1.32000000e+00	4.30266156e-03	1.47480323e-04
1.32500000e+00	4.29233008e-03	1.47564247e-04
1.33000000e+00	4.31109009e-03	1.49945450e-04
1.33500000e+00	4.32116411e-03	1.48227157e-04
1.34000000e+00	4.34330699e-03	1.49075400e-04
1.34500000e+00	4.31981675e-03	1.48845390e-04
1.35000000e+00	4.33771084e-03	1.50903226e-04
1.35500000e+00	4.33517900e-03	1.48819797e-04
1.36000000e+00	4.33576568e-03	1.48549992e-04
1.36500000e+00	4.34227375e-03	1.49336048e-04
1.37000000e+00	4.30562882e-03	1.50238498e-04
1.37500000e+00	4.35051249e-03	1.49539908e-04
1.38000000e+00	4.35009801e-03	1.49838310e-04
1.38500000e+00	4.36637956e-03	1.51107340e-04
1.39000000e+00	4.36640916e-03	1.52174109e-04
1.39500000e+00	4.36957537e-03	1.50053591e-04
1.40000000e+00	4.44413676e-03	1.57236237e-04
1.40500000e+00	4.38861846e-03	1.67137740e-04
1.41000000e+00	4.35670278e-03	1.73592391e-04
1.41500000e+00	4.36670303e-03	1.80339656e-04
1.42000000e+00	4.33065835e-03	1.86113102e-04
1.42500000e+00	4.33071284e-03	1.91562649e-04
1.43000000e+00	4.35305186e-03	1.99873715e-04
1.43500000e+00	4.34054477e-03	2.05375187e-04
1.44000000e+00	4.31117422e-03	2.11851822e-04
1.44500000e+00	4.30722068e-03	2.17201966e-04
1.45000000e+00	4.43939628e-03	2.16394871e-04
1.45500000e+00	4.42937239e-03	1.93969696e-04
1.46000000e+00	4.40205381e-03	1.88460104e-04
1.46500000e+00	4.37191721e-03	1.83829669e-04
1.47000000e+00	4.38874516e-03	1.84203971e-04
1.47500000e+00	4.41860314e-03	1.80021765e-04
1.48000000e+00	4.38951796e-03	1.76871813e-04
1.48500000e+00	4.39047196e-03	1.76939565e-04
1.49000000e+00	4.38458427e-03	1.77293285e-04
1.49500000e+00	4.38561433e-03	1.73446598e-04
1.50000000e+00	4.39377680e-03	1.73204705e-04
1.50500000e+00	4.42692637e-03	1.75399369e-04
1.51000000e+00	4.45009112e-03	1.76646237e-04
1.51500000e+00	4.40555929e-03	1.72116980e-04
1.52000000e+00	4.48226134e-03	1.74535462e-04
1.52500000e+00	4.47758043e-03	1.74145523e-04
1.53000000e+00	4.39973436e-03	1.72128653e-04
1.53500000e+00	4.40884730e-03	1.67604269e-04
1.54000000e+00	4.42613533e-03	1.68136603e-04
1.54500000e+00	4.35449413e-03	1.64979314e-04
1.55000000e+00	4.36012098e-03	1.64791483e-04
1.55500000e+00	4.35371288e-03	1.60778418e-04
1.56000000e+00	4.35028102e-03	1.61031842e-04
1.56500000e+00	4.32794631e-03	1.59315098e-04
1.57000000e+00	4.28885890e-03	1.56783748e-04
1.57500000e+00	4.30674950e-03	1.54464356e-04
1.58000000e+00	4.25958236e-03	1.52496366e-04
1.58500000e+00	4.27468698e-03	1.53049037e-04
1.59000000e+00	4.24250664e-03	1.52040534e-04
1.59500000e+00	4.26131396e-03	1.49720831e-04
1.60000000e+00	4.25045418e-03	1.49309801e-04
1.60500000e+00	4.25838708e-03	1.49653523e-04
1.61000000e+00	4.23072087e-03	1.48095713e-04
1.61500000e+00	4.19601523e-03	1.45504003e-04
1.62000000e+00	4.22024839e-03	1.46979862e-04
1.62500000e+00	4.19209645e-03	1.47697904e-04
1.63000000e+00	4.18649962e-03	1.45941635e-04
1.63500000e+00	4.17733913e-03	1.45525975e-04
1.64000000e+00	4.19433367e-03	1.46201326e-04
1.64500000e+00	4.16794830e-03	1.46928838e-04
1.65000000e+00	4.16551937e-03	1.45238736e-04
1.65500000e+00	4.16522798e-03	1.45089644e-04
1.66000000e+00	4.14063980e-03	1.44393969e-04
1.66500000e+00	4.16826095e-03	1.47819629e-04
1.67000000e+00	4.16014221e-03	1.44446333e-04
1.67500000e+00	4.11847280e-03	1.43396849e-04
1.68000000e+00	4.11805314e-03	1.43791879e-04
1.68500000e+00	4.09961926e-03	1.45515999e-04
1.69000000e+00	4.09450496e-03	1.42471837e-04
1.69500000e+00	4.10444660e-03	1.42635049e-04
1.70000000e+00	4.08280031e-03	1.43530367e-04
1.70500000e+00	4.10833897e-03	1.45032354e-04
1.71000000e+00	4.07468722e-03	1.42028950e-04
1.71500000e+00	4.04241276e-03	1.40803540e-04
1.72000000e+00	4.03772835e-03	1.41743057e-04
1.72500000e+00	4.03389338e-03	1.42448449e-04
1.73000000e+00	4.04590673e-03	1.41085426e-04
1.73500000e+00	4.03023639e-03	1.40852686e-04
1.74000000e+00	4.04022826e-03	1.41489651e-04
1.74500000e+00	4.02844275e-03	1.42850654e-04
1.75000000e+00	4.02901489e-03	1.40068689e-04
1.75500000e+00	4.05184206e-03	1.41752363e-04
1.76000000e+00	4.03238039e-03	1.40991986e-04
1.76500000e+00	4.03919708e-03	1.43081397e-04
1.77000000e+00	4.03519803e-03	1.40579172e-04
1.77500000e+00	4.03830179e-03	1.41089115e-04
1.78000000e+00	4.07087562e-03	1.42765151e-04
1.78500000e+00	4.09380662e-03	1.45034315e-04
1.79000000e+00	4.09047010e-03	1.42529293e-04
1.79500000e+00	4.09694022e-03	1.43282596e-04
1.80000000e+00	4.14079258e-03	1.45662578e-04
1.80500000e+00	4.15047601e-03	1.46897600e-04
1.81000000e+00	4.14823874e-03	1.44700299e-04
1.81500000e+00	4.15774919e-03	1.45108695e-04
1.82000000e+00	4.17834938e-03	1.46838338e-04
1.82500000e+00	4.16205516e-03	1.47169347e-04
1.83000000e+00	4.19225805e-03	1.46327794e-04
1.83500000e+00	4.15782055e-03	1.45432802e-04
1.84000000e+00	4.16945753e-03	1.46613337e-04
1.84500000e+00	4.16322478e-03	1.47069396e-04
1.85000000e+00	4.16260886e-03	1.45443853e-04
1.85500000e+00	4.17221599e-03	1.45797650e-04
1.86000000e+00	4.11215313e-03	1.44668588e-04
1.86500000e+00	4.14732242e-03	1.46260231e-04
1.87000000e+00	4.06713254e-03	1.41852428e-04
1.87500000e+00	4.08175585e-03	1.42816026e-04
1.88000000e+00	4.09141504e-03	1.43750000e-04
1.88500000e+00	4.04710189e-03	1.42925251e-04
1.89000000e+00	4.00844350e-03	1.39663245e-04
1.89500000e+00	4.02313683e-03	1.40926091e-04
1.90000000e+00	3.99393994e-03	1.40281824e-04
1.90500000e+00	3.98355671e-03	1.39980489e-04
1.91000000e+00	3.99192782e-03	1.39360166e-04
1.91500000e+00	3.93394335e-03	1.37476321e-04
1.92000000e+00	3.92076967e-03	1.37788114e-04
1.92500000e+00	3.91274106e-03	1.37641063e-04
1.93000000e+00	3.87973403e-03	1.35153188e-04
1.93500000e+00	3.85887713e-03	1.34921226e-04
1.94000000e+00	3.83302102e-03	1.35133827e-04
1.94500000e+00	3.77593612e-03	1.32743534e-04
1.95000000e+00	3.79667679e-03	1.32181528e-04
1.95500000e+00	3.73682298e-03	1.30683761e-04
1.96000000e+00	3.71792088e-03	1.30824972e-04
1.96500000e+00	3.66508161e-03	1.29065583e-04
1.97000000e+00	3.66357734e-03	1.27445360e-04
1.97500000e+00	3.66197481e-03	1.28206782e-04
1.98000000e+00	3.64721209e-03	1.28279356e-04
1.98500000e+00	3.61733451e-03	1.27458017e-04
1.99000000e+00	3.58903394e-03	1.24879565e-04
1.99500000e+00	3.54830917e-03	1.24079650e-04
2.00000000e+00	3.56860354e-03	1.25593263e-04
2.00500000e+00	3.61032380e-03	1.27292576e-04
2.01000000e+00	3.58585278e-03	1.38765522e-04
2.01500000e+00	3.55769476e-03	1.46220701e-04
2.02000000e+00	3.51932985e-03	1.54215921e-04
2.02500000e+00	3.52802496e-03	1.60622665e-04
2.03000000e+00	3.51467178e-03	1.69381398e-04
2.03500000e+00	3.46508174e-03	1.74481244e-04
2.04000000e+00	3.50991072e-03	1.84801685e-04
2.04500000e+00	3.51617233e-03	1.94582149e-04
2.05000000e+00	3.49202437e-03	2.03132688e-04
2.05500000e+00	3.54999281e-03	2.02235631e-04
2.06000000e+00	3.54942074e-03	1.75735111e-04
2.06500000e+00	3.51131949e-03	1.66360825e-04
2.07000000e+00	3.48516120e-03	1.56392061e-04
2.07500000e+00	3.45128998e-03	1.51453588e-04
2.08000000e+00	3.44020866e-03	1.50567688e-04
2.08500000e+00	3.45839758e-03	1.50207947e-04
2.09000000e+00	3.42014232e-03	1.44309193e-04
2.09500000e+00	3.45225236e-03	1.43961103e-04
2.10000000e+00	3.41547837e-03	1.41604306e-04
2.10500000e+00	3.42238261e-03	1.41357597e-04
2.11000000e+00	3.39392471e-03	1.35075594e-04
2.11500000e+00	3.40180529e-03	1.34019563e-04
2.12000000e+00	3.37557996e-03	1.32136573e-04
2.12500000e+00	3.34682466e-03	1.30598151e-04
2.13000000e+00	3.35766347e-03	1.25657525e-04
2.13500000e+00	3.33407525e-03	1.23316030e-04
2.14000000e+00	3.33313047e-03	1.22194942e-04
2.14500000e+00	3.32816105e-03	1.22253058e-04
2.15000000e+00	3.29645128e-03	1.17172736e-04
2.15500000e+00	3.29816100e-03	1.17554493e-04
2.16000000e+00	3.29079885e-03	1.16702541e-04
2.16500000e+00	3.29511558e-03	1.17705613e-04
2.17000000e+00	3.30374413e-03	1.15108543e-04
2.17500000e+00	3.27160794e-03	1.14378089e-04
2.18000000e+00	3.25076669e-03	1.13932820e-04
2.18500000e+00	3.22945187e-03	1.13642739e-04
2.19000000e+00	3.21162395e-03	1.12737082e-04
2.19500000e+00	3.18358089e-03	1.11158307e-04
2.20000000e+00	3.16385198e-03	1.10736758e-04
2.20500000e+00	3.15544830e-03	1.10730400e-04
2.21000000e+00	3.10480896e-03	1.09472371e-04
2.21500000e+00	3.06859537e-03	1.07038489e-04
2.22000000e+00	3.06385235e-03	1.06671422e-04
2.22500000e+00	3.03413187e-03	1.06593072e-04
2.23000000e+00	3.00400296e-03	1.06078716e-04
2.23500000e+00	2.97041079e-03	1.03475753e-04
2.24000000e+00	2.96277300e-03	1.03212696e-04
2.24500000e+00	2.94449131e-03	1.03275484e-04
2.25000000e+00	2.90627825e-03	1.02839965e-04
2.25500000e+00	2.89520898e-03	1.00608571e-04
2.26000000e+00	2.85825154e-03	9.96464372e-05
2.26500000e+00	2.84261863e-03	9.95107146e-05
2.27000000e+00	2.82797769e-03	1.00441492e-04
2.27500000e+00	2.80479547e-03	9.74679378e-05
2.28000000e+00	2.77848185e-03	9.66894955e-05
2.28500000e+00	2.75814216e-03	9.65771881e-05
2.29000000e+00	2.73494006e-03	9.62866964e-05
2.29500000e+00	2.72061037e-03	9.54977445e-05
2.30000000e+00	2.70876685e-03	9.42544914e-05
2.30500000e+00	2.69361930e-03	9.38574013e-05
2.31000000e+00	2.69339932e-03	9.44252670e-05
2.31500000e+00	2.65933387e-03	9.40463448e-05
2.32000000e+00	2.64054419e-03	9.14485972e-05
2.32500000e+00	2.63078576e-03	9.18808921e-05
2.33000000e+00	2.60790595e-03	9.12734680e-05
2.33500000e+00	2.60714966e-03	9.22643297e-05
2.34000000e+00	2.56359581e-03	8.91981913e-05
2.34500000e+00	2.54927935e-03	8.87412335e-05
2.35000000e+00	2.56084496e-03	8.95357776e-05
2.35500000e+00	2.49959171e-03	8.84924656e-05
2.36000000e+00	2.53166564e-03	8.83740974e-05
2.36500000e+00	2.48443476e-03	8.67233503e-05
2.37000000e+00	2.49482108e-03	8.71171570e-05
2.37500000e+00	2.48012924e-03	8.73503219e-05
2.38000000e+00	2.46116356e-03	8.71087951e-05
2.38500000e+00	2.44472281e-03	8.53387468e-05
2.39000000e+00	2.44108323e-03	8.54583862e-05
2.39500000e+00	2.40134250e-03	8.46129983e-05
2.40000000e+00	2.40534748e-03	8.58816594e-05
2.40500000e+00	2.38514430e-03	8.35188292e-05
2.41000000e+00	2.37224312e-03	8.33794187e-05
2.41500000e+00	2.37222565e-03	8.34249355e-05
2.42000000e+00	2.36098606e-03	8.40731283e-05
2.42500000e+00	2.36336140e-03	8.40866729e-05
2.43000000e+00	2.32715094e-03	8.20114462e-05
2.43500000e+00	2.32821791e-03	8.23726644e-05
2.44000000e+00	2.29189475e-03	8.12385793e-05
2.44500000e+00	2.28166949e-03	8.20234936e-05
2.45000000e+00	2.27008864e-03	8.01045852e-05
2.45500000e+00	2.26714526e-03	8.02447096e-05
2.46000000e+00	2.25795752e-03	8.03080499e-05
2.46500000e+00	2.22642278e-03	8.01960241e-05
2.47000000e+00	2.21428224e-03	7.89508538e-05
2.47500000e+00	2.19850110e-03	7.79272375e-05
2.48000000e+00	2.21023250e-03	7.91692295e-05
2.48500000e+00	2.20604737e-03	7.88914032e-05
2.49000000e+00	2.17916556e-03	7.91162306e-05
2.49500000e+00	2.18395660e-03	7.77410953e-05
2.50000000e+00	2.16122712e-03	7.70560880e-05
2.50500000e+00	2.14291532e-03	7.69490502e-05
2.51000000e+00	2.13999297e-03	7.74777767e-05
2.51500000e+00	2.12545379e-03	7.70767457e-05
2.52000000e+00	2.12310776e-03	7.62596907e-05
2.52500000e+00	2.12796354e-03	7.67358939e-05
2.53000000e+00	2.12727986e-03	7.74978036e-05
2.53500000e+00	2.15325081e-03	8.10761762e-05
2.54000000e+00	2.13690146e-03	7.89750597e-05
2.54500000e+00	2.07165745e-03	7.54292913e-05
2.55000000e+00	2.09528236e-03	7.65484022e-05
2.55500000e+00	2.07742299e-03	7.66685557e-05
2.56000000e+00	2.08420339e-03	7.73107498e-05
2.56500000e+00	2.05541553e-03	7.55541073e-05
2.57000000e+00	2.05874999e-03	7.59277295e-05
2.57500000e+00	2.04561885e-03	7.58258441e-05
2.58000000e+00	2.04397957e-03	7.70147854e-05
2.58500000e+00	2.01975476e-03	7.54115254e-05
2.59000000e+00	2.03158917e-03	7.56004050e-05
2.59500000e+00	2.00734481e-03	7.51239376e-05
2.60000000e+00	2.01122614e-03	7.57308375e-05
2.60500000e+00	2.01897740e-03	7.78337793e-05
2.61000000e+00	2.00183464e-03	8.82400170e-05
2.61500000e+00	1.92224838e-03	9.42798615e-05
2.62000000e+00	1.93168015e-03	1.04322742e-04
2.62500000e+00	1.86205083e-03	1.08864407e-04
2.63000000e+00	1.96701247e-03	1.26481520e-04
2.63500000e+00	2.02895123e-03	1.42943240e-04
2.64000000e+00	2.10262441e-03	1.62278719e-04
2.64500000e+00	2.07091477e-03	1.70548893e-04
2.65000000e+00	2.08439870e-03	1.82216001e-04
2.65500000e+00	2.05497503e-03	1.93102593e-04
2.66000000e+00	2.02472556e-03	2.03537094e-04
2.66500000e+00	1.95184997e-03	2.21680770e-04
2.67000000e+00	1.91697038e-03	2.37234951e-04
2.67500000e+00	1.77109089e-03	2.53966831e-04
2.68000000e+00	1.51254548e-03	2.53547404e-04
2.68500000e+00	1.38693789e-03	3.10094355e-04
2.69000000e+00	1.26976939e-03	4.54832980e-04
2.69500000e+00	0.00000000e+00	0.00000000e+00
2.70000000e+00	0.00000000e+00	0.00000000e+00
