% Filename : WSW21_00035_00032.h5
% Date & Time : 30-Oct-2025 17:33:16
% X-ray Energy (keV) : 13.30001
% Exposure Time (s) : 0.500
% Photodiode Value : 140445.000
% I0 of Sample : 0
% I0 of Standard : 1
% 
% q(A^-1)   I(q)    I(q)_SE
8.40000000e-01	0.00000000e+00	0.00000000e+00
8.45000000e-01	3.51263601e-03	6.15251440e-04
8.50000000e-01	3.37360732e-03	3.12381913e-04
8.55000000e-01	3.36253029e-03	2.74262171e-04
8.60000000e-01	3.35915186e-03	2.37046383e-04
8.65000000e-01	3.33017273e-03	2.16901166e-04
8.70000000e-01	3.33455282e-03	2.07002799e-04
8.75000000e-01	3.36772782e-03	2.01233893e-04
8.80000000e-01	3.36604805e-03	1.94423743e-04
8.85000000e-01	3.34997774e-03	1.82817971e-04
8.90000000e-01	3.37765484e-03	1.80526773e-04
8.95000000e-01	3.44017463e-03	1.78658682e-04
9.00000000e-01	3.44019606e-03	1.77028313e-04
9.05000000e-01	3.47044403e-03	1.70556964e-04
9.10000000e-01	3.48386228e-03	1.68195411e-04
9.15000000e-01	3.47303853e-03	1.64997529e-04
9.20000000e-01	3.47896880e-03	1.65219543e-04
9.25000000e-01	3.46638824e-03	1.57288491e-04
9.30000000e-01	3.49871841e-03	1.57080868e-04
9.35000000e-01	3.50101272e-03	1.54239119e-04
9.40000000e-01	3.50336841e-03	1.54888945e-04
9.45000000e-01	3.49734131e-03	1.50757500e-04
9.50000000e-01	3.51394003e-03	1.49099905e-04
9.55000000e-01	3.54514528e-03	1.47737113e-04
9.60000000e-01	3.57611075e-03	1.49261270e-04
9.65000000e-01	3.56365597e-03	1.46236960e-04
9.70000000e-01	3.57319032e-03	1.44211124e-04
9.75000000e-01	3.58784934e-03	1.43280479e-04
9.80000000e-01	3.58078693e-03	1.41757734e-04
9.85000000e-01	3.57502560e-03	1.41589373e-04
9.90000000e-01	3.59463171e-03	1.37998566e-04
9.95000000e-01	3.62316403e-03	1.38481946e-04
1.00000000e+00	3.59557023e-03	1.36717381e-04
1.00500000e+00	3.58585180e-03	1.36295799e-04
1.01000000e+00	3.61658920e-03	1.34649684e-04
1.01500000e+00	3.63296166e-03	1.33898012e-04
1.02000000e+00	3.64168678e-03	1.34043252e-04
1.02500000e+00	3.63872158e-03	1.32363903e-04
1.03000000e+00	3.65378016e-03	1.32394307e-04
1.03500000e+00	3.64915476e-03	1.30370372e-04
1.04000000e+00	3.63101823e-03	1.28738535e-04
1.04500000e+00	3.62496474e-03	1.28604370e-04
1.05000000e+00	3.66651336e-03	1.29231787e-04
1.05500000e+00	3.64789434e-03	1.26423728e-04
1.06000000e+00	3.66046683e-03	1.26570314e-04
1.06500000e+00	3.64974721e-03	1.26368993e-04
1.07000000e+00	3.68326578e-03	1.27292018e-04
1.07500000e+00	3.68966655e-03	1.26555833e-04
1.08000000e+00	3.70504480e-03	1.26311628e-04
1.08500000e+00	3.71058433e-03	1.26611285e-04
1.09000000e+00	3.73373049e-03	1.28164012e-04
1.09500000e+00	3.75200213e-03	1.26271506e-04
1.10000000e+00	3.76198860e-03	1.27399860e-04
1.10500000e+00	3.77297528e-03	1.28223877e-04
1.11000000e+00	3.78411209e-03	1.28726482e-04
1.11500000e+00	3.78905290e-03	1.28011576e-04
1.12000000e+00	3.80578617e-03	1.29060523e-04
1.12500000e+00	3.80214790e-03	1.28660875e-04
1.13000000e+00	3.81596959e-03	1.30726664e-04
1.13500000e+00	3.82799469e-03	1.29453398e-04
1.14000000e+00	3.85271084e-03	1.30078680e-04
1.14500000e+00	3.85423247e-03	1.31263534e-04
1.15000000e+00	3.86763817e-03	1.32391617e-04
1.15500000e+00	3.87972657e-03	1.31424465e-04
1.16000000e+00	3.86851052e-03	1.31521240e-04
1.16500000e+00	3.85699302e-03	1.30913941e-04
1.17000000e+00	3.89177539e-03	1.33735380e-04
1.17500000e+00	3.88273763e-03	1.31606906e-04
1.18000000e+00	3.87476487e-03	1.31824786e-04
1.18500000e+00	3.90177438e-03	1.32664305e-04
1.19000000e+00	3.89894264e-03	1.34023669e-04
1.19500000e+00	3.90510847e-03	1.32612448e-04
1.20000000e+00	3.91566037e-03	1.33790469e-04
1.20500000e+00	3.90686512e-03	1.33184962e-04
1.21000000e+00	3.92788377e-03	1.35645050e-04
1.21500000e+00	3.89657463e-03	1.32444620e-04
1.22000000e+00	3.94463631e-03	1.34267424e-04
1.22500000e+00	3.92184118e-03	1.33988589e-04
1.23000000e+00	3.93895011e-03	1.35589525e-04
1.23500000e+00	3.91095496e-03	1.33789164e-04
1.24000000e+00	3.95587069e-03	1.34670860e-04
1.24500000e+00	3.94303517e-03	1.35210547e-04
1.25000000e+00	3.96464289e-03	1.36704263e-04
1.25500000e+00	3.97486588e-03	1.35551277e-04
1.26000000e+00	3.96135824e-03	1.35864738e-04
1.26500000e+00	3.95519129e-03	1.35163948e-04
1.27000000e+00	3.96048372e-03	1.37395698e-04
1.27500000e+00	3.95674335e-03	1.35825748e-04
1.28000000e+00	3.98048201e-03	1.35703660e-04
1.28500000e+00	3.97804801e-03	1.36532287e-04
1.29000000e+00	3.97194805e-03	1.37534772e-04
1.29500000e+00	3.98756245e-03	1.36534689e-04
1.30000000e+00	3.97513725e-03	1.35892673e-04
1.30500000e+00	3.97540228e-03	1.36595669e-04
1.31000000e+00	4.02980828e-03	1.40075534e-04
1.31500000e+00	4.00661457e-03	1.37552162e-04
1.32000000e+00	3.98989090e-03	1.36846439e-04
1.32500000e+00	4.02292120e-03	1.38409442e-04
1.33000000e+00	4.00254044e-03	1.39258839e-04
1.33500000e+00	4.01294011e-03	1.37736210e-04
1.34000000e+00	3.98642321e-03	1.37010220e-04
1.34500000e+00	3.99743400e-03	1.37834133e-04
1.35000000e+00	3.98877388e-03	1.38876993e-04
1.35500000e+00	3.98883182e-03	1.36999262e-04
1.36000000e+00	3.99274094e-03	1.36915545e-04
1.36500000e+00	4.00457387e-03	1.37771220e-04
1.37000000e+00	4.02148392e-03	1.40363109e-04
1.37500000e+00	3.99349017e-03	1.37288464e-04
1.38000000e+00	4.01631361e-03	1.38315769e-04
1.38500000e+00	4.00937879e-03	1.38894675e-04
1.39000000e+00	4.01050577e-03	1.39839135e-04
1.39500000e+00	3.99686760e-03	1.37281515e-04
1.40000000e+00	4.04788754e-03	1.43281492e-04
1.40500000e+00	4.03025077e-03	1.53537737e-04
1.41000000e+00	3.98981161e-03	1.59100408e-04
1.41500000e+00	3.98541066e-03	1.64696458e-04
1.42000000e+00	3.98930515e-03	1.71463676e-04
1.42500000e+00	3.95941787e-03	1.75147603e-04
1.43000000e+00	3.93237529e-03	1.80808748e-04
1.43500000e+00	3.91127939e-03	1.85216629e-04
1.44000000e+00	3.95996710e-03	1.95003137e-04
1.44500000e+00	3.91661507e-03	1.97641648e-04
1.45000000e+00	4.01049159e-03	1.95665181e-04
1.45500000e+00	4.01966886e-03	1.76330644e-04
1.46000000e+00	3.99028966e-03	1.70923077e-04
1.46500000e+00	4.00425087e-03	1.68444824e-04
1.47000000e+00	3.98831106e-03	1.67417149e-04
1.47500000e+00	3.98798100e-03	1.62502396e-04
1.48000000e+00	3.97841632e-03	1.60494815e-04
1.48500000e+00	3.98738465e-03	1.61025547e-04
1.49000000e+00	3.99015734e-03	1.61376560e-04
1.49500000e+00	3.97784808e-03	1.57367877e-04
1.50000000e+00	3.98602913e-03	1.57200802e-04
1.50500000e+00	3.98447300e-03	1.57895708e-04
1.51000000e+00	3.98301931e-03	1.58252046e-04
1.51500000e+00	4.00659397e-03	1.56601198e-04
1.52000000e+00	4.02065657e-03	1.56739165e-04
1.52500000e+00	4.03312886e-03	1.57018532e-04
1.53000000e+00	4.00137461e-03	1.56604738e-04
1.53500000e+00	3.95675442e-03	1.50490904e-04
1.54000000e+00	3.94405446e-03	1.49758049e-04
1.54500000e+00	3.94838056e-03	1.49619650e-04
1.55000000e+00	3.93208677e-03	1.48651485e-04
1.55500000e+00	3.90944990e-03	1.44429806e-04
1.56000000e+00	3.88717287e-03	1.43987204e-04
1.56500000e+00	3.91370865e-03	1.44156945e-04
1.57000000e+00	3.89802514e-03	1.42579182e-04
1.57500000e+00	3.83967132e-03	1.37820946e-04
1.58000000e+00	3.87147358e-03	1.38628730e-04
1.58500000e+00	3.82969701e-03	1.37207849e-04
1.59000000e+00	3.84840201e-03	1.37957580e-04
1.59500000e+00	3.83743597e-03	1.34887274e-04
1.60000000e+00	3.79953774e-03	1.33488710e-04
1.60500000e+00	3.82211764e-03	1.34394752e-04
1.61000000e+00	3.80032848e-03	1.33079757e-04
1.61500000e+00	3.80359991e-03	1.31961623e-04
1.62000000e+00	3.77035555e-03	1.31391964e-04
1.62500000e+00	3.77304315e-03	1.32995027e-04
1.63000000e+00	3.77360615e-03	1.31681942e-04
1.63500000e+00	3.79553151e-03	1.32588178e-04
1.64000000e+00	3.74944789e-03	1.30873792e-04
1.64500000e+00	3.76008257e-03	1.32622940e-04
1.65000000e+00	3.72763235e-03	1.30057548e-04
1.65500000e+00	3.72871874e-03	1.29954862e-04
1.66000000e+00	3.70049654e-03	1.29154080e-04
1.66500000e+00	3.70553611e-03	1.31399418e-04
1.67000000e+00	3.69979102e-03	1.28500921e-04
1.67500000e+00	3.71071252e-03	1.29241847e-04
1.68000000e+00	3.71762488e-03	1.29848018e-04
1.68500000e+00	3.68659162e-03	1.30905983e-04
1.69000000e+00	3.69833045e-03	1.28896397e-04
1.69500000e+00	3.68861301e-03	1.28294347e-04
1.70000000e+00	3.71345261e-03	1.30529426e-04
1.70500000e+00	3.68312444e-03	1.30043906e-04
1.71000000e+00	3.66907351e-03	1.27980402e-04
1.71500000e+00	3.68832393e-03	1.28576171e-04
1.72000000e+00	3.66556256e-03	1.28707393e-04
1.72500000e+00	3.70956943e-03	1.31096110e-04
1.73000000e+00	3.71036654e-03	1.29443425e-04
1.73500000e+00	3.72365227e-03	1.30250540e-04
1.74000000e+00	3.74079318e-03	1.31187003e-04
1.74500000e+00	3.78433256e-03	1.34301221e-04
1.75000000e+00	3.81945744e-03	1.32942531e-04
1.75500000e+00	3.87277654e-03	1.35764776e-04
1.76000000e+00	3.90802877e-03	1.37142292e-04
1.76500000e+00	3.99068556e-03	1.41815622e-04
1.77000000e+00	4.15569837e-03	1.45339628e-04
1.77500000e+00	4.31611238e-03	1.51693009e-04
1.78000000e+00	4.51857870e-03	1.60029762e-04
1.78500000e+00	4.82657000e-03	1.73371504e-04
1.79000000e+00	5.18682693e-03	1.84223980e-04
1.79500000e+00	5.43478308e-03	1.94592287e-04
1.80000000e+00	5.51596697e-03	1.99082285e-04
1.80500000e+00	5.38699547e-03	1.95244352e-04
1.81000000e+00	5.15414723e-03	1.83100667e-04
1.81500000e+00	4.80166947e-03	1.69640155e-04
1.82000000e+00	4.54153380e-03	1.60836123e-04
1.82500000e+00	4.31211777e-03	1.53232947e-04
1.83000000e+00	4.19055359e-03	1.46740192e-04
1.83500000e+00	4.10270863e-03	1.43767438e-04
1.84000000e+00	4.05965606e-03	1.42956597e-04
1.84500000e+00	4.02334393e-03	1.42418670e-04
1.85000000e+00	3.96557278e-03	1.38649378e-04
1.85500000e+00	3.96733357e-03	1.38717742e-04
1.86000000e+00	3.95259044e-03	1.39157716e-04
1.86500000e+00	3.95377623e-03	1.39399525e-04
1.87000000e+00	3.91575262e-03	1.36639519e-04
1.87500000e+00	3.93648394e-03	1.37654186e-04
1.88000000e+00	3.94119890e-03	1.38408076e-04
1.88500000e+00	3.95957902e-03	1.39957644e-04
1.89000000e+00	3.93487023e-03	1.37150986e-04
1.89500000e+00	3.92331943e-03	1.37464615e-04
1.90000000e+00	3.95451345e-03	1.38930119e-04
1.90500000e+00	3.93530160e-03	1.38390079e-04
1.91000000e+00	3.90666039e-03	1.36418514e-04
1.91500000e+00	3.90812021e-03	1.36559063e-04
1.92000000e+00	3.83437505e-03	1.34785019e-04
1.92500000e+00	3.84816459e-03	1.35341168e-04
1.93000000e+00	3.74617829e-03	1.30624219e-04
1.93500000e+00	3.75242162e-03	1.31159653e-04
1.94000000e+00	3.70467661e-03	1.30570204e-04
1.94500000e+00	3.67548765e-03	1.29216134e-04
1.95000000e+00	3.58711609e-03	1.24937892e-04
1.95500000e+00	3.58476364e-03	1.25375199e-04
1.96000000e+00	3.53906834e-03	1.24630368e-04
1.96500000e+00	3.51251092e-03	1.23656308e-04
1.97000000e+00	3.46307992e-03	1.20496068e-04
1.97500000e+00	3.42959403e-03	1.20186213e-04
1.98000000e+00	3.41272994e-03	1.20105775e-04
1.98500000e+00	3.36904159e-03	1.18788932e-04
1.99000000e+00	3.35694684e-03	1.16751412e-04
1.99500000e+00	3.31913280e-03	1.16001936e-04
2.00000000e+00	3.30701560e-03	1.16483136e-04
2.00500000e+00	3.33916260e-03	1.17814570e-04
2.01000000e+00	3.27721237e-03	1.26850431e-04
2.01500000e+00	3.24504230e-03	1.33421322e-04
2.02000000e+00	3.20851846e-03	1.40660167e-04
2.02500000e+00	3.19540976e-03	1.45461523e-04
2.03000000e+00	3.16365202e-03	1.52673132e-04
2.03500000e+00	3.14219382e-03	1.58386068e-04
2.04000000e+00	3.12448748e-03	1.64615140e-04
2.04500000e+00	3.12320720e-03	1.73008278e-04
2.05000000e+00	3.10187925e-03	1.80605154e-04
2.05500000e+00	3.10655221e-03	1.76996378e-04
2.06000000e+00	3.10987297e-03	1.54355252e-04
2.06500000e+00	3.07522839e-03	1.45703500e-04
2.07000000e+00	3.07016996e-03	1.37724165e-04
2.07500000e+00	3.06027702e-03	1.34317066e-04
2.08000000e+00	3.03850543e-03	1.33172489e-04
2.08500000e+00	2.99762024e-03	1.30198287e-04
2.09000000e+00	2.98795218e-03	1.25939680e-04
2.09500000e+00	3.01406823e-03	1.25637213e-04
2.10000000e+00	2.97452764e-03	1.23177466e-04
2.10500000e+00	2.98230249e-03	1.23112889e-04
2.11000000e+00	2.95365653e-03	1.17468949e-04
2.11500000e+00	2.93183096e-03	1.15488013e-04
2.12000000e+00	2.90316789e-03	1.13741239e-04
2.12500000e+00	2.88469519e-03	1.12619476e-04
2.13000000e+00	2.87189586e-03	1.07642092e-04
2.13500000e+00	2.83116706e-03	1.04769148e-04
2.14000000e+00	2.84534364e-03	1.04409432e-04
2.14500000e+00	2.82998069e-03	1.03985429e-04
2.15000000e+00	2.80968233e-03	9.99278552e-05
2.15500000e+00	2.81219311e-03	1.00266404e-04
2.16000000e+00	2.80735633e-03	9.94447596e-05
2.16500000e+00	2.81596568e-03	1.00484300e-04
2.17000000e+00	2.80383355e-03	9.76948742e-05
2.17500000e+00	2.79791750e-03	9.77016897e-05
2.18000000e+00	2.78033037e-03	9.74389558e-05
2.18500000e+00	2.77763290e-03	9.79046335e-05
2.19000000e+00	2.75590541e-03	9.67244078e-05
2.19500000e+00	2.72624897e-03	9.52058317e-05
2.20000000e+00	2.72429619e-03	9.54196761e-05
2.20500000e+00	2.73961401e-03	9.62067260e-05
2.21000000e+00	2.70594791e-03	9.54801057e-05
2.21500000e+00	2.69637898e-03	9.41449401e-05
2.22000000e+00	2.70314942e-03	9.42804849e-05
2.22500000e+00	2.67843849e-03	9.42719254e-05
2.23000000e+00	2.65930477e-03	9.41116027e-05
2.23500000e+00	2.62964923e-03	9.17319076e-05
2.24000000e+00	2.62873172e-03	9.18486348e-05
2.24500000e+00	2.60776399e-03	9.16202407e-05
2.25000000e+00	2.59746272e-03	9.20030641e-05
2.25500000e+00	2.58164283e-03	8.98469462e-05
2.26000000e+00	2.57427714e-03	8.99836520e-05
2.26500000e+00	2.55403582e-03	8.95802502e-05
2.27000000e+00	2.52291767e-03	8.96390732e-05
2.27500000e+00	2.52178323e-03	8.78403153e-05
2.28000000e+00	2.50448336e-03	8.73328301e-05
2.28500000e+00	2.49309574e-03	8.74490677e-05
2.29000000e+00	2.47654481e-03	8.73487868e-05
2.29500000e+00	2.47166502e-03	8.69464738e-05
2.30000000e+00	2.44646570e-03	8.51730860e-05
2.30500000e+00	2.42155683e-03	8.45653560e-05
2.31000000e+00	2.42479366e-03	8.51417628e-05
2.31500000e+00	2.39722297e-03	8.48231261e-05
2.32000000e+00	2.39376245e-03	8.30393731e-05
2.32500000e+00	2.36476490e-03	8.26963751e-05
2.33000000e+00	2.35103053e-03	8.23698225e-05
2.33500000e+00	2.35334242e-03	8.32685261e-05
2.34000000e+00	2.33354199e-03	8.11770068e-05
2.34500000e+00	2.33395482e-03	8.12271442e-05
2.35000000e+00	2.30011486e-03	8.03310140e-05
2.35500000e+00	2.27394684e-03	8.04303471e-05
2.36000000e+00	2.28612046e-03	7.97235935e-05
2.36500000e+00	2.26079091e-03	7.88065501e-05
2.37000000e+00	2.25091929e-03	7.85110673e-05
2.37500000e+00	2.24001322e-03	7.87449444e-05
2.38000000e+00	2.22622463e-03	7.86340902e-05
2.38500000e+00	2.20036691e-03	7.66458910e-05
2.39000000e+00	2.19123495e-03	7.65152420e-05
2.39500000e+00	2.20123779e-03	7.73450096e-05
2.40000000e+00	2.17411681e-03	7.74365527e-05
2.40500000e+00	2.17181545e-03	7.57629615e-05
2.41000000e+00	2.16775466e-03	7.59493315e-05
2.41500000e+00	2.13763622e-03	7.48575542e-05
2.42000000e+00	2.13803817e-03	7.59934692e-05
2.42500000e+00	2.11663988e-03	7.51190336e-05
2.43000000e+00	2.13445683e-03	7.49370835e-05
2.43500000e+00	2.10746624e-03	7.42870870e-05
2.44000000e+00	2.09031581e-03	7.38985173e-05
2.44500000e+00	2.06478766e-03	7.39287805e-05
2.45000000e+00	2.07200958e-03	7.27985650e-05
2.45500000e+00	2.04296024e-03	7.20711482e-05
2.46000000e+00	2.05102863e-03	7.26334487e-05
2.46500000e+00	2.03379243e-03	7.28887965e-05
2.47000000e+00	2.03331426e-03	7.22448275e-05
2.47500000e+00	2.02184413e-03	7.13329049e-05
2.48000000e+00	2.00964367e-03	7.15285770e-05
2.48500000e+00	2.00882457e-03	7.14956535e-05
2.49000000e+00	2.00829686e-03	7.24707351e-05
2.49500000e+00	1.98196318e-03	7.01776283e-05
2.50000000e+00	1.97261973e-03	6.99909118e-05
2.50500000e+00	1.95413815e-03	6.97890554e-05
2.51000000e+00	1.95176552e-03	7.01697896e-05
2.51500000e+00	1.94928517e-03	7.02678415e-05
2.52000000e+00	1.94501501e-03	6.94464096e-05
2.52500000e+00	1.95152939e-03	7.00357016e-05
2.53000000e+00	1.92668389e-03	6.98213112e-05
2.53500000e+00	1.90994771e-03	7.00146967e-05
2.54000000e+00	1.91149321e-03	6.88712112e-05
2.54500000e+00	1.91306551e-03	6.92914578e-05
2.55000000e+00	1.91159105e-03	6.95079621e-05
2.55500000e+00	1.90579067e-03	6.98826336e-05
2.56000000e+00	1.88616855e-03	6.94939231e-05
2.56500000e+00	1.90598525e-03	6.95267439e-05
2.57000000e+00	1.87672959e-03	6.87669197e-05
2.57500000e+00	1.87746202e-03	6.90803822e-05
2.58000000e+00	1.87254905e-03	6.99972760e-05
2.58500000e+00	1.84583294e-03	6.84776516e-05
2.59000000e+00	1.86247310e-03	6.87701316e-05
2.59500000e+00	1.84078017e-03	6.83312448e-05
2.60000000e+00	1.85037130e-03	6.91857296e-05
2.60500000e+00	1.87849808e-03	7.17882717e-05
2.61000000e+00	1.83853648e-03	7.99761982e-05
2.61500000e+00	1.83773881e-03	8.87162799e-05
2.62000000e+00	1.81351266e-03	9.61927517e-05
2.62500000e+00	1.81231935e-03	1.04180558e-04
2.63000000e+00	1.79505199e-03	1.14457209e-04
2.63500000e+00	1.84393190e-03	1.29806900e-04
2.64000000e+00	1.85685412e-03	1.43411591e-04
2.64500000e+00	1.86322940e-03	1.53830613e-04
2.65000000e+00	1.84571653e-03	1.61190985e-04
2.65500000e+00	1.85145965e-03	1.73918638e-04
2.66000000e+00	1.84215515e-03	1.84895276e-04
2.66500000e+00	1.85385147e-03	2.09398018e-04
2.67000000e+00	1.82935055e-03	2.24056264e-04
2.67500000e+00	1.91012695e-03	2.73944965e-04
2.68000000e+00	1.87895459e-03	3.11716456e-04
2.68500000e+00	1.89910279e-03	4.19011559e-04
2.69000000e+00	1.94404467e-03	6.95902717e-04
2.69500000e+00	0.00000000e+00	0.00000000e+00
2.70000000e+00	0.00000000e+00	0.00000000e+00
