% Filename : WSW20_00038_00024.h5
% Date & Time : 30-Oct-2025 17:44:21
% X-ray Energy (keV) : 13.30001
% Exposure Time (s) : 0.500
% Photodiode Value : 141331.000
% I0 of Sample : 0
% I0 of Standard : 1
% 
% q(A^-1)   I(q)    I(q)_SE
8.40000000e-01	0.00000000e+00	0.00000000e+00
8.45000000e-01	3.34582714e-03	5.85491523e-04
8.50000000e-01	3.19016438e-03	2.95648478e-04
8.55000000e-01	3.11412585e-03	2.54523009e-04
8.60000000e-01	3.11065321e-03	2.19810351e-04
8.65000000e-01	3.07719734e-03	2.00425196e-04
8.70000000e-01	3.10787933e-03	1.92744285e-04
8.75000000e-01	3.12077372e-03	1.86559669e-04
8.80000000e-01	3.11343996e-03	1.79827331e-04
8.85000000e-01	3.13514416e-03	1.71064303e-04
8.90000000e-01	3.12648588e-03	1.67023048e-04
8.95000000e-01	3.13915357e-03	1.62942163e-04
9.00000000e-01	3.15931998e-03	1.62678936e-04
9.05000000e-01	3.14897631e-03	1.54739939e-04
9.10000000e-01	3.17681145e-03	1.53312702e-04
9.15000000e-01	3.17523252e-03	1.50801119e-04
9.20000000e-01	3.16468292e-03	1.50218493e-04
9.25000000e-01	3.17141214e-03	1.44051069e-04
9.30000000e-01	3.20172074e-03	1.43960907e-04
9.35000000e-01	3.20921893e-03	1.41413989e-04
9.40000000e-01	3.20844299e-03	1.41720080e-04
9.45000000e-01	3.21500124e-03	1.38573375e-04
9.50000000e-01	3.25709927e-03	1.38358447e-04
9.55000000e-01	3.23927141e-03	1.35180608e-04
9.60000000e-01	3.25353699e-03	1.35954079e-04
9.65000000e-01	3.25514872e-03	1.33675999e-04
9.70000000e-01	3.26871546e-03	1.32020546e-04
9.75000000e-01	3.28170706e-03	1.31170932e-04
9.80000000e-01	3.28612308e-03	1.30129477e-04
9.85000000e-01	3.31496647e-03	1.31383285e-04
9.90000000e-01	3.30446586e-03	1.26956073e-04
9.95000000e-01	3.30007399e-03	1.26198865e-04
1.00000000e+00	3.31698593e-03	1.26281005e-04
1.00500000e+00	3.30284871e-03	1.25714826e-04
1.01000000e+00	3.31729186e-03	1.23590927e-04
1.01500000e+00	3.30520881e-03	1.21923593e-04
1.02000000e+00	3.34757347e-03	1.23411235e-04
1.02500000e+00	3.30031301e-03	1.20192528e-04
1.03000000e+00	3.30416654e-03	1.19965560e-04
1.03500000e+00	3.31690638e-03	1.18625679e-04
1.04000000e+00	3.31779514e-03	1.17923244e-04
1.04500000e+00	3.31760795e-03	1.18053628e-04
1.05000000e+00	3.32964227e-03	1.17549579e-04
1.05500000e+00	3.30422905e-03	1.14906684e-04
1.06000000e+00	3.33401752e-03	1.15754694e-04
1.06500000e+00	3.35134427e-03	1.16453866e-04
1.07000000e+00	3.32853549e-03	1.15321912e-04
1.07500000e+00	3.35901821e-03	1.15482716e-04
1.08000000e+00	3.35704974e-03	1.14849822e-04
1.08500000e+00	3.37385895e-03	1.15430083e-04
1.09000000e+00	3.39138227e-03	1.16706458e-04
1.09500000e+00	3.38633790e-03	1.14290552e-04
1.10000000e+00	3.41157606e-03	1.15730854e-04
1.10500000e+00	3.41745842e-03	1.16411290e-04
1.11000000e+00	3.40790395e-03	1.16196447e-04
1.11500000e+00	3.43719023e-03	1.16338459e-04
1.12000000e+00	3.44447185e-03	1.17073060e-04
1.12500000e+00	3.45353499e-03	1.17144915e-04
1.13000000e+00	3.49353486e-03	1.19839603e-04
1.13500000e+00	3.47982317e-03	1.17971275e-04
1.14000000e+00	3.48222096e-03	1.17844265e-04
1.14500000e+00	3.52088945e-03	1.20088230e-04
1.15000000e+00	3.49368822e-03	1.19849806e-04
1.15500000e+00	3.53138728e-03	1.19965213e-04
1.16000000e+00	3.51769851e-03	1.19765277e-04
1.16500000e+00	3.54293639e-03	1.20523242e-04
1.17000000e+00	3.53839887e-03	1.21886454e-04
1.17500000e+00	3.55785506e-03	1.20783960e-04
1.18000000e+00	3.56083356e-03	1.21394083e-04
1.18500000e+00	3.55596954e-03	1.21176319e-04
1.19000000e+00	3.57691651e-03	1.23227638e-04
1.19500000e+00	3.61018470e-03	1.22813753e-04
1.20000000e+00	3.61267143e-03	1.23615454e-04
1.20500000e+00	3.59045122e-03	1.22539584e-04
1.21000000e+00	3.60635020e-03	1.24611468e-04
1.21500000e+00	3.60795007e-03	1.22766878e-04
1.22000000e+00	3.61854784e-03	1.23354442e-04
1.22500000e+00	3.61341923e-03	1.23666824e-04
1.23000000e+00	3.61901372e-03	1.24788909e-04
1.23500000e+00	3.66545791e-03	1.25504752e-04
1.24000000e+00	3.64749217e-03	1.24277791e-04
1.24500000e+00	3.65865263e-03	1.25621336e-04
1.25000000e+00	3.65864566e-03	1.26321438e-04
1.25500000e+00	3.66413604e-03	1.24976765e-04
1.26000000e+00	3.67413840e-03	1.26151528e-04
1.26500000e+00	3.68072623e-03	1.25920585e-04
1.27000000e+00	3.67830762e-03	1.27660808e-04
1.27500000e+00	3.67852353e-03	1.26398064e-04
1.28000000e+00	3.68328215e-03	1.25824998e-04
1.28500000e+00	3.68830049e-03	1.26657406e-04
1.29000000e+00	3.69544281e-03	1.28077454e-04
1.29500000e+00	3.69374044e-03	1.26658837e-04
1.30000000e+00	3.68757645e-03	1.26188796e-04
1.30500000e+00	3.71063949e-03	1.27542784e-04
1.31000000e+00	3.68533534e-03	1.28140765e-04
1.31500000e+00	3.70898212e-03	1.27408422e-04
1.32000000e+00	3.71128610e-03	1.27343029e-04
1.32500000e+00	3.71673569e-03	1.27829154e-04
1.33000000e+00	3.73259102e-03	1.30001360e-04
1.33500000e+00	3.72211086e-03	1.27802252e-04
1.34000000e+00	3.74496559e-03	1.28721303e-04
1.34500000e+00	3.72658352e-03	1.28634512e-04
1.35000000e+00	3.73915971e-03	1.30302883e-04
1.35500000e+00	3.74559478e-03	1.28771258e-04
1.36000000e+00	3.72489440e-03	1.27767592e-04
1.36500000e+00	3.74746165e-03	1.28966392e-04
1.37000000e+00	3.73949774e-03	1.30633781e-04
1.37500000e+00	3.75317612e-03	1.29098505e-04
1.38000000e+00	3.77730962e-03	1.30175337e-04
1.38500000e+00	3.74207346e-03	1.29672282e-04
1.39000000e+00	3.76824876e-03	1.31428665e-04
1.39500000e+00	3.76655814e-03	1.29470436e-04
1.40000000e+00	3.80657305e-03	1.34762789e-04
1.40500000e+00	3.80165547e-03	1.44861416e-04
1.41000000e+00	3.76424491e-03	1.50317072e-04
1.41500000e+00	3.75039187e-03	1.55164502e-04
1.42000000e+00	3.74673228e-03	1.61226599e-04
1.42500000e+00	3.77690525e-03	1.67242373e-04
1.43000000e+00	3.75253315e-03	1.72610481e-04
1.43500000e+00	3.77054198e-03	1.78693607e-04
1.44000000e+00	3.76260134e-03	1.85093993e-04
1.44500000e+00	3.76151790e-03	1.89925214e-04
1.45000000e+00	3.82127168e-03	1.86541924e-04
1.45500000e+00	3.81895870e-03	1.67540639e-04
1.46000000e+00	3.80848350e-03	1.63082328e-04
1.46500000e+00	3.82594813e-03	1.60999952e-04
1.47000000e+00	3.78605344e-03	1.59053701e-04
1.47500000e+00	3.77936593e-03	1.54062565e-04
1.48000000e+00	3.82044009e-03	1.54143378e-04
1.48500000e+00	3.81398005e-03	1.53967375e-04
1.49000000e+00	3.79540358e-03	1.53615980e-04
1.49500000e+00	3.74828743e-03	1.48308899e-04
1.50000000e+00	3.76178994e-03	1.48393803e-04
1.50500000e+00	3.77984880e-03	1.49863604e-04
1.51000000e+00	3.79596329e-03	1.50917459e-04
1.51500000e+00	3.78863376e-03	1.48097817e-04
1.52000000e+00	3.80477105e-03	1.48319969e-04
1.52500000e+00	3.81603198e-03	1.48465840e-04
1.53000000e+00	3.79348254e-03	1.48550420e-04
1.53500000e+00	3.75826267e-03	1.43010493e-04
1.54000000e+00	3.76765069e-03	1.43164503e-04
1.54500000e+00	3.75099919e-03	1.42244546e-04
1.55000000e+00	3.72282742e-03	1.40730709e-04
1.55500000e+00	3.72723475e-03	1.37810851e-04
1.56000000e+00	3.72170656e-03	1.37795649e-04
1.56500000e+00	3.69124764e-03	1.35988278e-04
1.57000000e+00	3.66386811e-03	1.34020755e-04
1.57500000e+00	3.65592266e-03	1.31339981e-04
1.58000000e+00	3.66377442e-03	1.31314841e-04
1.58500000e+00	3.65804840e-03	1.31098499e-04
1.59000000e+00	3.64357721e-03	1.30649811e-04
1.59500000e+00	3.63759337e-03	1.27937633e-04
1.60000000e+00	3.61530697e-03	1.27036246e-04
1.60500000e+00	3.62262862e-03	1.27397416e-04
1.61000000e+00	3.58188972e-03	1.25475647e-04
1.61500000e+00	3.59574274e-03	1.24773752e-04
1.62000000e+00	3.59666767e-03	1.25338800e-04
1.62500000e+00	3.59008482e-03	1.26597527e-04
1.63000000e+00	3.57076091e-03	1.24484846e-04
1.63500000e+00	3.56634633e-03	1.24363150e-04
1.64000000e+00	3.55663042e-03	1.24110538e-04
1.64500000e+00	3.58165439e-03	1.26368873e-04
1.65000000e+00	3.56485364e-03	1.24407474e-04
1.65500000e+00	3.53423048e-03	1.23224509e-04
1.66000000e+00	3.53156498e-03	1.23249112e-04
1.66500000e+00	3.56425446e-03	1.26503744e-04
1.67000000e+00	3.51766989e-03	1.22191014e-04
1.67500000e+00	3.50578711e-03	1.22094335e-04
1.68000000e+00	3.53010963e-03	1.23403459e-04
1.68500000e+00	3.50908496e-03	1.24760070e-04
1.69000000e+00	3.50801856e-03	1.22234568e-04
1.69500000e+00	3.52184930e-03	1.22483531e-04
1.70000000e+00	3.49691246e-03	1.23038114e-04
1.70500000e+00	3.49986373e-03	1.23670300e-04
1.71000000e+00	3.48911960e-03	1.21717299e-04
1.71500000e+00	3.47503784e-03	1.21140417e-04
1.72000000e+00	3.46891565e-03	1.21864151e-04
1.72500000e+00	3.47142875e-03	1.22647298e-04
1.73000000e+00	3.45992364e-03	1.20727230e-04
1.73500000e+00	3.44561042e-03	1.20547159e-04
1.74000000e+00	3.44338366e-03	1.20753942e-04
1.74500000e+00	3.44979380e-03	1.22377716e-04
1.75000000e+00	3.42660361e-03	1.19218260e-04
1.75500000e+00	3.42244148e-03	1.19831176e-04
1.76000000e+00	3.40903607e-03	1.19349638e-04
1.76500000e+00	3.40052296e-03	1.20553406e-04
1.77000000e+00	3.42241866e-03	1.19313730e-04
1.77500000e+00	3.41872582e-03	1.19471364e-04
1.78000000e+00	3.41150291e-03	1.19617149e-04
1.78500000e+00	3.43448610e-03	1.21645508e-04
1.79000000e+00	3.43605178e-03	1.19677212e-04
1.79500000e+00	3.44771526e-03	1.20508182e-04
1.80000000e+00	3.41765796e-03	1.20204525e-04
1.80500000e+00	3.43146916e-03	1.21414216e-04
1.81000000e+00	3.44366205e-03	1.20105627e-04
1.81500000e+00	3.41982527e-03	1.19327343e-04
1.82000000e+00	3.44511362e-03	1.20945260e-04
1.82500000e+00	3.40208055e-03	1.20258922e-04
1.83000000e+00	3.38122456e-03	1.17988660e-04
1.83500000e+00	3.40677900e-03	1.19052791e-04
1.84000000e+00	3.38655615e-03	1.19014270e-04
1.84500000e+00	3.34844389e-03	1.18308079e-04
1.85000000e+00	3.35871817e-03	1.17348951e-04
1.85500000e+00	3.35155951e-03	1.17117270e-04
1.86000000e+00	3.34601619e-03	1.17708081e-04
1.86500000e+00	3.33025794e-03	1.17471751e-04
1.87000000e+00	3.31827463e-03	1.15753978e-04
1.87500000e+00	3.31124692e-03	1.15871274e-04
1.88000000e+00	3.30717773e-03	1.16250611e-04
1.88500000e+00	3.29114729e-03	1.16358088e-04
1.89000000e+00	3.30300398e-03	1.15279985e-04
1.89500000e+00	3.27292552e-03	1.14705817e-04
1.90000000e+00	3.28833104e-03	1.15690620e-04
1.90500000e+00	3.26565261e-03	1.14938879e-04
1.91000000e+00	3.27841384e-03	1.14634649e-04
1.91500000e+00	3.27230752e-03	1.14439502e-04
1.92000000e+00	3.24661258e-03	1.14115809e-04
1.92500000e+00	3.22603534e-03	1.13621625e-04
1.93000000e+00	3.21702595e-03	1.12282794e-04
1.93500000e+00	3.18086616e-03	1.11328474e-04
1.94000000e+00	3.18575896e-03	1.12443449e-04
1.94500000e+00	3.17262741e-03	1.11622456e-04
1.95000000e+00	3.15291110e-03	1.09918292e-04
1.95500000e+00	3.12815645e-03	1.09526868e-04
1.96000000e+00	3.08718193e-03	1.08730467e-04
1.96500000e+00	3.08094761e-03	1.08625201e-04
1.97000000e+00	3.04283395e-03	1.06006178e-04
1.97500000e+00	3.05036249e-03	1.06951413e-04
1.98000000e+00	3.04435019e-03	1.07223912e-04
1.98500000e+00	3.02579799e-03	1.06762911e-04
1.99000000e+00	2.99952976e-03	1.04481010e-04
1.99500000e+00	2.98926356e-03	1.04661946e-04
2.00000000e+00	2.98051636e-03	1.05019738e-04
2.00500000e+00	2.99167318e-03	1.05606776e-04
2.01000000e+00	2.94649971e-03	1.14101096e-04
2.01500000e+00	2.90448717e-03	1.19554196e-04
2.02000000e+00	2.91883555e-03	1.28046219e-04
2.02500000e+00	2.89685796e-03	1.32017288e-04
2.03000000e+00	2.85628886e-03	1.37860045e-04
2.03500000e+00	2.85340943e-03	1.43850232e-04
2.04000000e+00	2.86371347e-03	1.50889493e-04
2.04500000e+00	2.86575572e-03	1.58966786e-04
2.05000000e+00	2.81183453e-03	1.63651777e-04
2.05500000e+00	2.86551561e-03	1.63490661e-04
2.06000000e+00	2.89895524e-03	1.43846320e-04
2.06500000e+00	2.87576385e-03	1.36291191e-04
2.07000000e+00	2.88429158e-03	1.29541655e-04
2.07500000e+00	2.88227077e-03	1.26606597e-04
2.08000000e+00	2.88651041e-03	1.26369597e-04
2.08500000e+00	2.88762121e-03	1.25420889e-04
2.09000000e+00	2.87927579e-03	1.21329868e-04
2.09500000e+00	2.89747555e-03	1.20811457e-04
2.10000000e+00	2.89953900e-03	1.20026051e-04
2.10500000e+00	2.89407922e-03	1.19464931e-04
2.11000000e+00	2.89515138e-03	1.15167102e-04
2.11500000e+00	2.88543869e-03	1.13641650e-04
2.12000000e+00	2.88523285e-03	1.13066150e-04
2.12500000e+00	2.88146829e-03	1.12649882e-04
2.13000000e+00	2.86387427e-03	1.07375441e-04
2.13500000e+00	2.85327018e-03	1.05760695e-04
2.14000000e+00	2.83758551e-03	1.04224555e-04
2.14500000e+00	2.85877359e-03	1.05260857e-04
2.15000000e+00	2.82884853e-03	1.00773723e-04
2.15500000e+00	2.82320710e-03	1.00748598e-04
2.16000000e+00	2.83046451e-03	1.00502437e-04
2.16500000e+00	2.82733247e-03	1.01102282e-04
2.17000000e+00	2.79557584e-03	9.75110283e-05
2.17500000e+00	2.79140662e-03	9.75878637e-05
2.18000000e+00	2.78811953e-03	9.78436063e-05
2.18500000e+00	2.75236179e-03	9.70542520e-05
2.19000000e+00	2.74629010e-03	9.65725278e-05
2.19500000e+00	2.71094070e-03	9.47857537e-05
2.20000000e+00	2.71477812e-03	9.51671947e-05
2.20500000e+00	2.69278663e-03	9.46722306e-05
2.21000000e+00	2.67136248e-03	9.43758701e-05
2.21500000e+00	2.65795088e-03	9.29091455e-05
2.22000000e+00	2.65040689e-03	9.26037772e-05
2.22500000e+00	2.61745118e-03	9.22155601e-05
2.23000000e+00	2.58918724e-03	9.17968048e-05
2.23500000e+00	2.57679119e-03	9.00411389e-05
2.24000000e+00	2.53576380e-03	8.87163026e-05
2.24500000e+00	2.53100471e-03	8.90492367e-05
2.25000000e+00	2.52201412e-03	8.94854619e-05
2.25500000e+00	2.47776308e-03	8.63467714e-05
2.26000000e+00	2.45689440e-03	8.58443296e-05
2.26500000e+00	2.46024800e-03	8.62836106e-05
2.27000000e+00	2.41358939e-03	8.59029562e-05
2.27500000e+00	2.39605047e-03	8.35024298e-05
2.28000000e+00	2.38945390e-03	8.33765423e-05
2.28500000e+00	2.37366904e-03	8.34240863e-05
2.29000000e+00	2.35288654e-03	8.30788306e-05
2.29500000e+00	2.36272504e-03	8.31451320e-05
2.30000000e+00	2.31400767e-03	8.07272892e-05
2.30500000e+00	2.31915430e-03	8.10892899e-05
2.31000000e+00	2.32261692e-03	8.16590424e-05
2.31500000e+00	2.29308775e-03	8.12435077e-05
2.32000000e+00	2.26275540e-03	7.84900107e-05
2.32500000e+00	2.23146215e-03	7.80912437e-05
2.33000000e+00	2.22907019e-03	7.80973342e-05
2.33500000e+00	2.21484848e-03	7.84527187e-05
2.34000000e+00	2.19672001e-03	7.65034547e-05
2.34500000e+00	2.19008139e-03	7.62943930e-05
2.35000000e+00	2.15649712e-03	7.54505925e-05
2.35500000e+00	2.16251291e-03	7.65638861e-05
2.36000000e+00	2.13549538e-03	7.46112177e-05
2.36500000e+00	2.12617922e-03	7.42038103e-05
2.37000000e+00	2.09707933e-03	7.31971074e-05
2.37500000e+00	2.08488030e-03	7.34057945e-05
2.38000000e+00	2.06733204e-03	7.31753447e-05
2.38500000e+00	2.03871096e-03	7.11059761e-05
2.39000000e+00	2.04383133e-03	7.14644917e-05
2.39500000e+00	2.04555577e-03	7.19257012e-05
2.40000000e+00	2.01870709e-03	7.19631410e-05
2.40500000e+00	2.00088242e-03	6.99531520e-05
2.41000000e+00	1.97718694e-03	6.93789401e-05
2.41500000e+00	1.98736368e-03	6.97328578e-05
2.42000000e+00	1.96442612e-03	6.98791863e-05
2.42500000e+00	1.94283341e-03	6.89429113e-05
2.43000000e+00	1.93948471e-03	6.81577394e-05
2.43500000e+00	1.92772505e-03	6.80582149e-05
2.44000000e+00	1.91869140e-03	6.78196772e-05
2.44500000e+00	1.89968353e-03	6.81371952e-05
2.45000000e+00	1.90086606e-03	6.69525800e-05
2.45500000e+00	1.88418722e-03	6.65248904e-05
2.46000000e+00	1.86840970e-03	6.63156942e-05
2.46500000e+00	1.87851090e-03	6.73958120e-05
2.47000000e+00	1.86315572e-03	6.62129943e-05
2.47500000e+00	1.84282512e-03	6.51627301e-05
2.48000000e+00	1.84157650e-03	6.56135287e-05
2.48500000e+00	1.81417621e-03	6.46037513e-05
2.49000000e+00	1.80004189e-03	6.50490492e-05
2.49500000e+00	1.82344651e-03	6.46679022e-05
2.50000000e+00	1.79642220e-03	6.38518995e-05
2.50500000e+00	1.77977483e-03	6.36801177e-05
2.51000000e+00	1.77215547e-03	6.38280689e-05
2.51500000e+00	1.78620699e-03	6.44425350e-05
2.52000000e+00	1.76825981e-03	6.31780735e-05
2.52500000e+00	1.75276746e-03	6.28933639e-05
2.53000000e+00	1.75196126e-03	6.34501298e-05
2.53500000e+00	1.75000946e-03	6.42219170e-05
2.54000000e+00	1.73712387e-03	6.26313958e-05
2.54500000e+00	1.72603882e-03	6.25313373e-05
2.55000000e+00	1.71993413e-03	6.26241771e-05
2.55500000e+00	1.71391213e-03	6.29304581e-05
2.56000000e+00	1.71455685e-03	6.32374974e-05
2.56500000e+00	1.70036774e-03	6.21878346e-05
2.57000000e+00	1.69651608e-03	6.23405369e-05
2.57500000e+00	1.69100599e-03	6.23058884e-05
2.58000000e+00	1.68725649e-03	6.31297656e-05
2.58500000e+00	1.68025915e-03	6.24963029e-05
2.59000000e+00	1.66408437e-03	6.15166132e-05
2.59500000e+00	1.66441264e-03	6.18255324e-05
2.60000000e+00	1.66078877e-03	6.21130414e-05
2.60500000e+00	1.67338595e-03	6.39993269e-05
2.61000000e+00	1.65326519e-03	7.21928591e-05
2.61500000e+00	1.64485245e-03	7.94883102e-05
2.62000000e+00	1.61679605e-03	8.59807753e-05
2.62500000e+00	1.60800323e-03	9.26172426e-05
2.63000000e+00	1.57793085e-03	1.00613735e-04
2.63500000e+00	1.63746302e-03	1.15129275e-04
2.64000000e+00	1.65954049e-03	1.28527645e-04
2.64500000e+00	1.65323161e-03	1.36619660e-04
2.65000000e+00	1.63271659e-03	1.42807031e-04
2.65500000e+00	1.67429369e-03	1.56997671e-04
2.66000000e+00	1.63293287e-03	1.64642260e-04
2.66500000e+00	1.66761839e-03	1.88887112e-04
2.67000000e+00	1.65970814e-03	2.03869751e-04
2.67500000e+00	1.59126088e-03	2.28368023e-04
2.68000000e+00	1.60523677e-03	2.67002333e-04
2.68500000e+00	1.66870527e-03	3.68071026e-04
2.69000000e+00	1.85698026e-03	6.61198411e-04
2.69500000e+00	0.00000000e+00	0.00000000e+00
2.70000000e+00	0.00000000e+00	0.00000000e+00
