% Filename : SB2_00042_00009.h5
% Date & Time : 30-Oct-2025 18:00:07
% X-ray Energy (keV) : 13.30001
% Exposure Time (s) : 0.500
% Beam Center : 1461.24000, 208.98300
% Sample to Detector Distance (SDD) (mm) : 1990.750
% Detector Pixel Size (mm) : 0.075
% Photodiode Value : 137711.000
% I0 of Sample : 0
% I0 of Standard : 1
% 
% q(A^-1)   I(q)    I(q)_SE
0.00000000e+00	9.18346909e-03	5.71854152e-03
2.50000000e-04	0.00000000e+00	0.00000000e+00
5.00000000e-04	0.00000000e+00	0.00000000e+00
7.50000000e-04	0.00000000e+00	0.00000000e+00
1.00000000e-03	0.00000000e+00	0.00000000e+00
1.25000000e-03	0.00000000e+00	0.00000000e+00
1.50000000e-03	0.00000000e+00	0.00000000e+00
1.75000000e-03	0.00000000e+00	0.00000000e+00
2.00000000e-03	0.00000000e+00	0.00000000e+00
2.25000000e-03	0.00000000e+00	0.00000000e+00
2.50000000e-03	0.00000000e+00	0.00000000e+00
2.75000000e-03	0.00000000e+00	0.00000000e+00
3.00000000e-03	0.00000000e+00	0.00000000e+00
3.25000000e-03	7.53555976e+03	4.37358681e+03
3.50000000e-03	3.83305756e+03	9.39620563e+02
3.75000000e-03	2.73622190e+03	5.39388389e+02
4.00000000e-03	2.21656929e+03	4.06063280e+02
4.25000000e-03	1.53174245e+03	2.29907760e+02
4.50000000e-03	1.32447772e+03	1.74469357e+02
4.75000000e-03	1.15803604e+03	1.36519828e+02
5.00000000e-03	9.40798501e+02	1.04856284e+02
5.25000000e-03	7.98017876e+02	8.81664175e+01
5.50000000e-03	6.80528825e+02	7.17691265e+01
5.75000000e-03	5.88224164e+02	6.04105146e+01
6.00000000e-03	4.89365144e+02	4.82937210e+01
6.25000000e-03	4.29446621e+02	4.20401698e+01
6.50000000e-03	3.67337143e+02	3.48019547e+01
6.75000000e-03	3.21377160e+02	2.98354524e+01
7.00000000e-03	2.87394095e+02	2.59158841e+01
7.25000000e-03	2.49808748e+02	2.21458221e+01
7.50000000e-03	2.21849377e+02	1.94701314e+01
7.75000000e-03	1.95778334e+02	1.66601453e+01
8.00000000e-03	1.79200625e+02	1.50607660e+01
8.25000000e-03	1.59437481e+02	1.29183336e+01
8.50000000e-03	1.43487667e+02	1.14910371e+01
8.75000000e-03	1.28734359e+02	1.01982577e+01
9.00000000e-03	1.15536631e+02	9.02306071e+00
9.25000000e-03	1.04893803e+02	7.98663556e+00
9.50000000e-03	9.46364993e+01	7.02501219e+00
9.75000000e-03	8.63822928e+01	6.40017999e+00
1.00000000e-02	7.83540323e+01	5.69422056e+00
1.02500000e-02	7.18474096e+01	5.21658658e+00
1.05000000e-02	6.64241623e+01	4.65088293e+00
1.07500000e-02	6.08137362e+01	4.24775046e+00
1.10000000e-02	5.59603055e+01	3.80410909e+00
1.12500000e-02	5.18746241e+01	3.61212431e+00
1.15000000e-02	4.78925596e+01	3.26109290e+00
1.17500000e-02	4.37124106e+01	2.88088340e+00
1.20000000e-02	4.11780307e+01	2.72333789e+00
1.22500000e-02	3.79774471e+01	2.45878783e+00
1.25000000e-02	3.54796597e+01	2.29025540e+00
1.27500000e-02	3.30372179e+01	2.09811061e+00
1.30000000e-02	3.10734450e+01	1.94643625e+00
1.32500000e-02	2.85769574e+01	1.75006713e+00
1.35000000e-02	2.68138266e+01	1.64695546e+00
1.37500000e-02	2.49944172e+01	1.52500994e+00
1.40000000e-02	2.33084463e+01	1.40267816e+00
1.42500000e-02	2.20829319e+01	1.30487612e+00
1.45000000e-02	2.06854573e+01	1.21808526e+00
1.47500000e-02	1.94025100e+01	1.13194715e+00
1.50000000e-02	1.82248977e+01	1.05633127e+00
1.52500000e-02	1.73016706e+01	9.93003265e-01
1.55000000e-02	1.63426249e+01	9.19902979e-01
1.57500000e-02	1.53316238e+01	8.61423316e-01
1.60000000e-02	1.43993365e+01	7.96475841e-01
1.62500000e-02	1.37000060e+01	7.65140480e-01
1.65000000e-02	1.29908873e+01	7.11486873e-01
1.67500000e-02	1.23910767e+01	6.68810897e-01
1.70000000e-02	1.17470769e+01	6.33015772e-01
1.72500000e-02	1.11307751e+01	5.94522926e-01
1.75000000e-02	1.05404618e+01	5.62720718e-01
1.77500000e-02	9.93342889e+00	5.18506483e-01
1.80000000e-02	9.65848301e+00	5.05914145e-01
1.82500000e-02	9.09114012e+00	4.62113357e-01
1.85000000e-02	8.67342858e+00	4.53238189e-01
1.87500000e-02	8.26851502e+00	4.21025058e-01
1.90000000e-02	7.91770238e+00	4.01735733e-01
1.92500000e-02	7.58802489e+00	3.78345918e-01
1.95000000e-02	7.22135258e+00	3.57414402e-01
1.97500000e-02	6.96353814e+00	3.47214096e-01
2.00000000e-02	6.59587883e+00	3.25066686e-01
2.02500000e-02	6.32437452e+00	3.10293546e-01
2.05000000e-02	6.09057007e+00	2.91667634e-01
2.07500000e-02	5.84880240e+00	2.80718228e-01
2.10000000e-02	5.63847001e+00	2.73088719e-01
2.12500000e-02	5.44114242e+00	2.62582694e-01
2.15000000e-02	5.27045943e+00	2.52342034e-01
2.17500000e-02	5.10025023e+00	2.46074067e-01
2.20000000e-02	4.90395106e+00	2.37324474e-01
2.22500000e-02	4.71831858e+00	2.26851708e-01
2.25000000e-02	4.58630919e+00	2.22740512e-01
2.27500000e-02	4.38286861e+00	2.09575564e-01
2.30000000e-02	4.27996205e+00	2.06294060e-01
2.32500000e-02	4.11761362e+00	1.96214237e-01
2.35000000e-02	3.98299727e+00	1.91934273e-01
2.37500000e-02	3.84284581e+00	1.83932299e-01
2.40000000e-02	3.71772992e+00	1.78878722e-01
2.42500000e-02	3.62169258e+00	1.72579261e-01
2.45000000e-02	3.48424461e+00	1.66406002e-01
2.47500000e-02	3.35672361e+00	1.58045323e-01
2.50000000e-02	3.25801165e+00	1.54196760e-01
2.52500000e-02	3.17343411e+00	1.51527283e-01
2.55000000e-02	3.07345139e+00	1.43046990e-01
2.57500000e-02	2.99063886e+00	1.40492847e-01
2.60000000e-02	2.87366920e+00	1.33628351e-01
2.62500000e-02	2.80630757e+00	1.32219245e-01
2.65000000e-02	2.71574784e+00	1.26301784e-01
2.67500000e-02	2.64624973e+00	1.22061814e-01
2.70000000e-02	2.57117067e+00	1.19396356e-01
2.72500000e-02	2.49119500e+00	1.14089622e-01
2.75000000e-02	2.41648035e+00	1.12793225e-01
2.77500000e-02	2.33571444e+00	1.08694346e-01
2.80000000e-02	2.29211852e+00	1.03941775e-01
2.82500000e-02	2.20045552e+00	9.98637283e-02
2.85000000e-02	2.17118273e+00	9.88239938e-02
2.87500000e-02	2.10008865e+00	9.60774670e-02
2.90000000e-02	2.05137117e+00	9.38757823e-02
2.92500000e-02	1.99373812e+00	8.84382697e-02
2.95000000e-02	1.94175216e+00	8.80373631e-02
2.97500000e-02	1.88575704e+00	8.46901675e-02
3.00000000e-02	1.83706685e+00	8.29724251e-02
3.02500000e-02	1.79538608e+00	8.09996783e-02
3.05000000e-02	1.75534867e+00	7.71771907e-02
3.07500000e-02	1.69337223e+00	7.53320174e-02
3.10000000e-02	1.66493818e+00	7.40358680e-02
3.12500000e-02	1.62665935e+00	7.29104564e-02
3.15000000e-02	1.57241140e+00	6.96001661e-02
3.17500000e-02	1.54016180e+00	6.68919369e-02
3.20000000e-02	1.50656407e+00	6.62249578e-02
3.22500000e-02	1.45932952e+00	6.41874533e-02
3.25000000e-02	1.42536148e+00	6.28104961e-02
3.27500000e-02	1.39864450e+00	6.08484238e-02
3.30000000e-02	1.37037973e+00	5.90983940e-02
3.32500000e-02	1.33251849e+00	5.74530164e-02
3.35000000e-02	1.30830254e+00	5.71731204e-02
3.37500000e-02	1.27470364e+00	5.50412284e-02
3.40000000e-02	1.24732658e+00	5.39039106e-02
3.42500000e-02	1.22470133e+00	5.22486431e-02
3.45000000e-02	1.19637369e+00	5.14625054e-02
3.47500000e-02	1.17166867e+00	5.00269705e-02
3.50000000e-02	1.13853478e+00	4.85087077e-02
3.52500000e-02	1.12055888e+00	4.77306140e-02
3.55000000e-02	1.09660465e+00	4.59434360e-02
3.57500000e-02	1.07149101e+00	4.55194235e-02
3.60000000e-02	1.04710204e+00	4.42681168e-02
3.62500000e-02	1.02795778e+00	4.35467526e-02
3.65000000e-02	1.00782162e+00	4.23997487e-02
3.67500000e-02	9.88265270e-01	4.13250589e-02
3.70000000e-02	9.68157827e-01	4.04649328e-02
3.72500000e-02	9.47695576e-01	3.94888897e-02
3.75000000e-02	9.26173092e-01	3.87831426e-02
3.77500000e-02	9.12376867e-01	3.78475312e-02
3.80000000e-02	8.87039448e-01	3.67158021e-02
3.82500000e-02	8.72671101e-01	3.58202807e-02
3.85000000e-02	8.52621450e-01	3.53896026e-02
3.87500000e-02	8.36152016e-01	3.42570987e-02
3.90000000e-02	8.18664198e-01	3.38577783e-02
3.92500000e-02	8.07819865e-01	3.28524450e-02
3.95000000e-02	7.88198579e-01	3.22716792e-02
3.97500000e-02	7.72505151e-01	3.15275888e-02
4.00000000e-02	7.63592226e-01	3.10562378e-02
4.02500000e-02	7.54928591e-01	3.06288631e-02
4.05000000e-02	7.39657418e-01	2.97102977e-02
4.07500000e-02	7.23413799e-01	2.89435916e-02
4.10000000e-02	7.13273301e-01	2.88982634e-02
4.12500000e-02	6.97661216e-01	2.80331603e-02
4.15000000e-02	6.86871086e-01	2.73830550e-02
4.17500000e-02	6.72396082e-01	2.68687715e-02
4.20000000e-02	6.60315482e-01	2.61745156e-02
4.22500000e-02	6.51049992e-01	2.57662309e-02
4.25000000e-02	6.39745232e-01	2.53621017e-02
4.27500000e-02	6.28317724e-01	2.47841886e-02
4.30000000e-02	6.21779874e-01	2.44746324e-02
4.32500000e-02	6.07298644e-01	2.37820018e-02
4.35000000e-02	6.00663130e-01	2.37084276e-02
4.37500000e-02	5.87852998e-01	2.28316527e-02
4.40000000e-02	5.83217662e-01	2.28704721e-02
4.42500000e-02	5.67545268e-01	2.21305667e-02
4.45000000e-02	5.66355872e-01	2.18902126e-02
4.47500000e-02	5.57261752e-01	2.15877622e-02
4.50000000e-02	5.46771016e-01	2.12194573e-02
4.52500000e-02	5.41520941e-01	2.08156611e-02
4.55000000e-02	5.31664576e-01	2.03828158e-02
4.57500000e-02	5.15397992e-01	1.96900756e-02
4.60000000e-02	5.12689995e-01	1.96599005e-02
4.62500000e-02	5.05273926e-01	1.93891897e-02
4.65000000e-02	5.03796645e-01	1.91581797e-02
4.67500000e-02	4.93521139e-01	1.86852872e-02
4.70000000e-02	4.85346606e-01	1.83336965e-02
4.72500000e-02	4.78150241e-01	1.81208837e-02
4.75000000e-02	4.72139501e-01	1.79625484e-02
4.77500000e-02	4.66176705e-01	1.74813517e-02
4.80000000e-02	4.54551232e-01	1.70472744e-02
4.82500000e-02	4.53892921e-01	1.69954053e-02
4.85000000e-02	4.46654117e-01	1.68867558e-02
4.87500000e-02	4.37753717e-01	1.63933732e-02
4.90000000e-02	4.32699111e-01	1.60484763e-02
4.92500000e-02	4.25275454e-01	1.57524337e-02
4.95000000e-02	4.15050183e-01	1.53854896e-02
4.97500000e-02	4.14319426e-01	1.54465881e-02
5.00000000e-02	4.09010925e-01	1.51634177e-02
5.02500000e-02	4.01146553e-01	1.47287934e-02
5.05000000e-02	3.98810343e-01	1.46412350e-02
5.07500000e-02	3.91784296e-01	1.44080524e-02
5.10000000e-02	3.88243310e-01	1.42291883e-02
5.12500000e-02	3.84691913e-01	1.41456746e-02
5.15000000e-02	3.78473523e-01	1.37391341e-02
5.17500000e-02	3.70741009e-01	1.35539925e-02
5.20000000e-02	3.67476828e-01	1.33469106e-02
5.22500000e-02	3.65391532e-01	1.33511224e-02
5.25000000e-02	3.53782981e-01	1.27612508e-02
5.27500000e-02	3.52439578e-01	1.26806151e-02
5.30000000e-02	3.49474928e-01	1.26818593e-02
5.32500000e-02	3.44489395e-01	1.23856566e-02
5.35000000e-02	3.43396258e-01	1.23583428e-02
5.37500000e-02	3.36012606e-01	1.20330497e-02
5.40000000e-02	3.33618089e-01	1.19425026e-02
5.42500000e-02	3.26332463e-01	1.16310409e-02
5.45000000e-02	3.28198589e-01	1.17268153e-02
5.47500000e-02	3.25749473e-01	1.15641924e-02
5.50000000e-02	3.19154102e-01	1.13551974e-02
5.52500000e-02	3.15954923e-01	1.11726017e-02
5.55000000e-02	3.09658009e-01	1.09186695e-02
5.57500000e-02	3.06427878e-01	1.08606539e-02
5.60000000e-02	3.01792920e-01	1.06048907e-02
5.62500000e-02	2.99035690e-01	1.05594306e-02
5.65000000e-02	2.96623347e-01	1.03976273e-02
5.67500000e-02	2.95854324e-01	1.04161545e-02
5.70000000e-02	2.88955992e-01	1.01040330e-02
5.72500000e-02	2.85077966e-01	9.97756697e-03
5.75000000e-02	2.83608638e-01	9.94822715e-03
5.77500000e-02	2.79693608e-01	9.67062485e-03
5.80000000e-02	2.77184560e-01	9.65264847e-03
5.82500000e-02	2.73720656e-01	9.47109167e-03
5.85000000e-02	2.70310675e-01	9.37075552e-03
5.87500000e-02	2.66980320e-01	9.20002116e-03
5.90000000e-02	2.65819473e-01	9.17949857e-03
5.92500000e-02	2.65020157e-01	9.10420286e-03
5.95000000e-02	2.60231606e-01	8.90281629e-03
5.97500000e-02	2.58833946e-01	8.91937480e-03
6.00000000e-02	2.55166940e-01	8.75453656e-03
6.02500000e-02	2.52768675e-01	8.64905289e-03
6.05000000e-02	2.51260586e-01	8.55975511e-03
6.07500000e-02	2.48624487e-01	8.48944154e-03
6.10000000e-02	2.43524189e-01	8.28168705e-03
6.12500000e-02	2.44081280e-01	8.28852513e-03
6.15000000e-02	2.42007319e-01	8.18909052e-03
6.17500000e-02	2.38842708e-01	8.07804134e-03
6.20000000e-02	2.34055380e-01	7.90784118e-03
6.22500000e-02	2.32536000e-01	7.84790485e-03
6.25000000e-02	2.31737688e-01	7.83074959e-03
6.27500000e-02	2.27391630e-01	7.60477740e-03
6.30000000e-02	2.26455818e-01	7.60938618e-03
6.32500000e-02	2.24607859e-01	7.52968494e-03
6.35000000e-02	2.19508830e-01	7.34643472e-03
6.37500000e-02	2.20813213e-01	7.40225275e-03
6.40000000e-02	2.15369570e-01	7.18762674e-03
6.42500000e-02	2.15452475e-01	7.14254017e-03
6.45000000e-02	2.13121270e-01	7.05983965e-03
6.47500000e-02	2.10632732e-01	7.01186373e-03
6.50000000e-02	2.09065340e-01	6.93365194e-03
6.52500000e-02	2.10226873e-01	6.93132298e-03
6.55000000e-02	2.04488561e-01	6.74354448e-03
6.57500000e-02	2.04791408e-01	6.74022301e-03
6.60000000e-02	2.03234867e-01	6.68663032e-03
6.62500000e-02	2.01713354e-01	6.66429974e-03
6.65000000e-02	1.96814929e-01	6.44408212e-03
6.67500000e-02	1.96440736e-01	6.40647082e-03
6.70000000e-02	1.93537554e-01	6.35615183e-03
6.72500000e-02	1.92450939e-01	6.30786271e-03
6.75000000e-02	1.90350017e-01	6.18184602e-03
6.77500000e-02	1.89007615e-01	6.13446431e-03
6.80000000e-02	1.86873849e-01	6.09129091e-03
6.82500000e-02	1.86472078e-01	6.06204332e-03
6.85000000e-02	1.85573002e-01	6.05098970e-03
6.87500000e-02	1.82614511e-01	5.90406978e-03
6.90000000e-02	1.81053649e-01	5.84338904e-03
6.92500000e-02	1.80054846e-01	5.79976804e-03
6.95000000e-02	1.79803245e-01	5.81463632e-03
6.97500000e-02	1.77886639e-01	5.73385837e-03
7.00000000e-02	1.76091799e-01	5.65685796e-03
7.02500000e-02	1.74226420e-01	5.57340353e-03
7.05000000e-02	1.75074108e-01	5.58833586e-03
7.07500000e-02	1.71421489e-01	5.51839605e-03
7.10000000e-02	1.70696654e-01	5.43178194e-03
7.12500000e-02	1.68841059e-01	5.38403102e-03
7.15000000e-02	1.67590407e-01	5.31410676e-03
7.17500000e-02	1.65783188e-01	5.26634325e-03
7.20000000e-02	1.64990340e-01	5.26598113e-03
7.22500000e-02	1.63582908e-01	5.19593922e-03
7.25000000e-02	1.63408586e-01	5.16984335e-03
7.27500000e-02	1.61252507e-01	5.11135561e-03
7.30000000e-02	1.60755838e-01	5.08341933e-03
7.32500000e-02	1.58671595e-01	4.98232171e-03
7.35000000e-02	1.58018029e-01	4.98951042e-03
7.37500000e-02	1.57146267e-01	4.92270949e-03
7.40000000e-02	1.55566415e-01	4.88674134e-03
7.42500000e-02	1.54348125e-01	4.85338368e-03
7.45000000e-02	1.52272360e-01	4.76516007e-03
7.47500000e-02	1.50674388e-01	4.69846063e-03
7.50000000e-02	1.49096157e-01	4.65090196e-03
7.52500000e-02	1.51330633e-01	4.71911089e-03
7.55000000e-02	1.47157708e-01	4.57107005e-03
7.57500000e-02	1.47902291e-01	4.60608000e-03
7.60000000e-02	1.44707671e-01	4.49746443e-03
7.62500000e-02	1.43791093e-01	4.47070235e-03
7.65000000e-02	1.44823119e-01	4.50027789e-03
7.67500000e-02	1.44079875e-01	4.46044605e-03
7.70000000e-02	1.42491607e-01	4.39686050e-03
7.72500000e-02	1.42622462e-01	4.48872502e-03
7.75000000e-02	1.41423061e-01	4.47878122e-03
7.77500000e-02	1.40136015e-01	4.46554106e-03
7.80000000e-02	1.40590291e-01	4.49882765e-03
7.82500000e-02	1.41696235e-01	4.55873840e-03
7.85000000e-02	1.39024394e-01	4.50588778e-03
7.87500000e-02	1.37585871e-01	4.43539066e-03
7.90000000e-02	1.37592195e-01	4.48081123e-03
7.92500000e-02	1.36096833e-01	4.44589314e-03
7.95000000e-02	1.35699573e-01	4.43200896e-03
7.97500000e-02	1.35769348e-01	4.46150895e-03
8.00000000e-02	1.34573993e-01	4.40871441e-03
8.02500000e-02	1.34066059e-01	4.41820109e-03
8.05000000e-02	1.33740862e-01	4.39825287e-03
8.07500000e-02	1.32940852e-01	4.42229842e-03
8.10000000e-02	1.30799610e-01	4.34159877e-03
8.12500000e-02	1.30801084e-01	4.34044207e-03
8.15000000e-02	1.30668533e-01	4.32474728e-03
8.17500000e-02	1.30761366e-01	4.36236067e-03
8.20000000e-02	1.28072507e-01	4.26618789e-03
8.22500000e-02	1.28095007e-01	4.28603080e-03
8.25000000e-02	1.26008459e-01	4.21814776e-03
8.27500000e-02	1.24834933e-01	4.16889203e-03
8.30000000e-02	1.24533838e-01	4.19207010e-03
8.32500000e-02	1.25189550e-01	4.21525551e-03
8.35000000e-02	1.25438568e-01	4.25441683e-03
8.37500000e-02	1.22777777e-01	4.10444677e-03
8.40000000e-02	1.23432880e-01	4.15565620e-03
8.42500000e-02	1.23305591e-01	4.17180949e-03
8.45000000e-02	1.22525772e-01	4.15732444e-03
8.47500000e-02	1.19694470e-01	4.07399188e-03
8.50000000e-02	1.20459869e-01	4.07326127e-03
8.52500000e-02	1.19014030e-01	4.05902054e-03
8.55000000e-02	1.18417917e-01	4.01695451e-03
8.57500000e-02	1.17964644e-01	4.02560985e-03
8.60000000e-02	1.18219570e-01	4.03421348e-03
8.62500000e-02	1.16905047e-01	3.97327914e-03
8.65000000e-02	1.17520900e-01	3.99082480e-03
8.67500000e-02	1.14468090e-01	3.88172296e-03
8.70000000e-02	1.14553087e-01	3.84333238e-03
8.72500000e-02	1.13818221e-01	3.73928634e-03
8.75000000e-02	1.13701340e-01	3.69855226e-03
8.77500000e-02	1.12067368e-01	3.63183313e-03
8.80000000e-02	1.11654771e-01	3.61273957e-03
8.82500000e-02	1.10438774e-01	3.56157505e-03
8.85000000e-02	1.09927689e-01	3.53510107e-03
8.87500000e-02	1.08524143e-01	3.43533592e-03
8.90000000e-02	1.08007764e-01	3.44416168e-03
8.92500000e-02	1.08283635e-01	3.42753165e-03
8.95000000e-02	1.05852044e-01	3.35693892e-03
8.97500000e-02	1.06333441e-01	3.33943479e-03
9.00000000e-02	1.05302005e-01	3.29237004e-03
9.02500000e-02	1.05661070e-01	3.29890408e-03
9.05000000e-02	1.04056286e-01	3.26319913e-03
9.07500000e-02	1.02809024e-01	3.20498288e-03
9.10000000e-02	1.03700636e-01	3.20782500e-03
9.12500000e-02	1.02751290e-01	3.17238239e-03
9.15000000e-02	1.02185385e-01	3.15331271e-03
9.17500000e-02	1.02513018e-01	3.16990378e-03
9.20000000e-02	1.01238458e-01	3.11556385e-03
9.22500000e-02	1.01635971e-01	3.11557731e-03
9.25000000e-02	1.00876667e-01	3.08273090e-03
9.27500000e-02	1.00455267e-01	3.06723695e-03
9.30000000e-02	9.95846350e-02	3.03351623e-03
9.32500000e-02	1.00866831e-01	3.08853422e-03
9.35000000e-02	9.80625441e-02	2.97514036e-03
9.37500000e-02	9.71819953e-02	2.94048903e-03
9.40000000e-02	9.83046831e-02	2.98268261e-03
9.42500000e-02	9.63647110e-02	2.90706597e-03
9.45000000e-02	9.69909780e-02	2.92871483e-03
9.47500000e-02	9.65012364e-02	2.91333166e-03
9.50000000e-02	9.62476042e-02	2.88713329e-03
9.52500000e-02	9.49516225e-02	2.84851667e-03
9.55000000e-02	9.52120415e-02	2.84781819e-03
9.57500000e-02	9.53260927e-02	2.85380666e-03
9.60000000e-02	9.45854480e-02	2.82081200e-03
9.62500000e-02	9.28266169e-02	2.76763750e-03
9.65000000e-02	9.42483614e-02	2.80789766e-03
9.67500000e-02	9.31872649e-02	2.76457170e-03
9.70000000e-02	9.26896248e-02	2.74924607e-03
9.72500000e-02	9.21781304e-02	2.72256525e-03
9.75000000e-02	9.27348833e-02	2.74330650e-03
9.77500000e-02	9.20575457e-02	2.70381224e-03
9.80000000e-02	9.16817534e-02	2.70044430e-03
9.82500000e-02	9.15020467e-02	2.69506162e-03
9.85000000e-02	9.08922310e-02	2.66795953e-03
9.87500000e-02	9.02272722e-02	2.64079441e-03
9.90000000e-02	8.95655189e-02	2.62588465e-03
9.92500000e-02	8.88201105e-02	2.60905311e-03
9.95000000e-02	8.99769319e-02	2.63015732e-03
9.97500000e-02	8.82966746e-02	2.58372584e-03
1.00000000e-01	8.82629721e-02	2.09887680e-03
1.00500000e-01	8.83709778e-02	1.82322713e-03
1.01000000e-01	8.79691381e-02	1.79742998e-03
1.01500000e-01	8.70781466e-02	1.78450339e-03
1.02000000e-01	8.60425245e-02	1.75183526e-03
1.02500000e-01	8.70654357e-02	1.76657336e-03
1.03000000e-01	8.51852935e-02	1.72777415e-03
1.03500000e-01	8.47313486e-02	1.71459142e-03
1.04000000e-01	8.51136199e-02	1.71831394e-03
1.04500000e-01	8.43161199e-02	1.69718311e-03
1.05000000e-01	8.45971019e-02	1.69519171e-03
1.05500000e-01	8.38159221e-02	1.68020565e-03
1.06000000e-01	8.37174132e-02	1.67007429e-03
1.06500000e-01	8.33751945e-02	1.66038728e-03
1.07000000e-01	8.23558611e-02	1.66271529e-03
1.07500000e-01	8.15964221e-02	1.67356546e-03
1.08000000e-01	8.14702329e-02	1.68753413e-03
1.08500000e-01	8.06478388e-02	1.67980391e-03
1.09000000e-01	8.02506855e-02	1.68315462e-03
1.09500000e-01	8.03895311e-02	1.69959714e-03
1.10000000e-01	8.13486902e-02	1.69965510e-03
1.10500000e-01	8.11253870e-02	1.66096450e-03
1.11000000e-01	8.26268264e-02	1.66354590e-03
1.11500000e-01	8.20420845e-02	1.64448167e-03
1.12000000e-01	8.27759388e-02	1.63919573e-03
1.12500000e-01	8.34556875e-02	1.64296723e-03
1.13000000e-01	8.25717527e-02	1.62581373e-03
1.13500000e-01	8.40150500e-02	1.64569192e-03
1.14000000e-01	8.39900833e-02	1.63616850e-03
1.14500000e-01	8.48215167e-02	1.65257150e-03
1.15000000e-01	8.55666972e-02	1.65500718e-03
1.15500000e-01	8.56165893e-02	1.65862717e-03
1.16000000e-01	8.61725933e-02	1.65953773e-03
1.16500000e-01	8.68726782e-02	1.67197439e-03
1.17000000e-01	8.79228074e-02	1.68981704e-03
1.17500000e-01	8.90318574e-02	1.70518008e-03
1.18000000e-01	8.93074085e-02	1.71032330e-03
1.18500000e-01	9.10769208e-02	1.73242461e-03
1.19000000e-01	9.18127995e-02	1.74846373e-03
1.19500000e-01	9.33156569e-02	1.77092875e-03
1.20000000e-01	9.36385608e-02	1.77232742e-03
1.20500000e-01	9.47099884e-02	1.78998329e-03
1.21000000e-01	9.63375016e-02	1.81360605e-03
1.21500000e-01	9.87236855e-02	1.85633001e-03
1.22000000e-01	9.87444508e-02	1.85103540e-03
1.22500000e-01	1.00807560e-01	1.88459313e-03
1.23000000e-01	1.02651572e-01	1.91637449e-03
1.23500000e-01	1.03496860e-01	1.92430242e-03
1.24000000e-01	1.04708014e-01	1.95144821e-03
1.24500000e-01	1.06048122e-01	1.96496770e-03
1.25000000e-01	1.08365640e-01	2.00913012e-03
1.25500000e-01	1.09692962e-01	2.02635006e-03
1.26000000e-01	1.09895099e-01	2.02981413e-03
1.26500000e-01	1.11713853e-01	2.05766792e-03
1.27000000e-01	1.12380596e-01	2.06602014e-03
1.27500000e-01	1.14326019e-01	2.09819756e-03
1.28000000e-01	1.15174619e-01	2.11492845e-03
1.28500000e-01	1.15683378e-01	2.11941655e-03
1.29000000e-01	1.16339073e-01	2.13282129e-03
1.29500000e-01	1.17187235e-01	2.14764447e-03
1.30000000e-01	1.18652147e-01	2.17021181e-03
1.30500000e-01	1.16979522e-01	2.13511718e-03
1.31000000e-01	1.17096272e-01	2.13002572e-03
1.31500000e-01	1.16195286e-01	2.10920630e-03
1.32000000e-01	1.13228108e-01	2.04433772e-03
1.32500000e-01	1.09757940e-01	1.97199456e-03
1.33000000e-01	1.04825291e-01	1.88280120e-03
1.33500000e-01	1.03931906e-01	1.85095718e-03
1.34000000e-01	9.96362180e-02	1.77837928e-03
1.34500000e-01	9.71162458e-02	1.72473296e-03
1.35000000e-01	9.45656814e-02	1.67735390e-03
1.35500000e-01	9.21286429e-02	1.62915962e-03
1.36000000e-01	8.86125480e-02	1.56443005e-03
1.36500000e-01	8.56975471e-02	1.51857801e-03
1.37000000e-01	8.40328110e-02	1.47563875e-03
1.37500000e-01	8.18845923e-02	1.43977203e-03
1.38000000e-01	7.93122823e-02	1.39228330e-03
1.38500000e-01	7.68167938e-02	1.34970170e-03
1.39000000e-01	7.47967090e-02	1.31549724e-03
1.39500000e-01	7.30811565e-02	1.28276358e-03
1.40000000e-01	7.04022141e-02	1.23758888e-03
1.40500000e-01	6.87049577e-02	1.20483381e-03
1.41000000e-01	6.74339307e-02	1.17798900e-03
1.41500000e-01	6.43521230e-02	1.12748870e-03
1.42000000e-01	6.30347678e-02	1.09688354e-03
1.42500000e-01	6.12255047e-02	1.06954534e-03
1.43000000e-01	6.07652001e-02	1.06159768e-03
1.43500000e-01	5.90079691e-02	1.02805907e-03
1.44000000e-01	5.80071569e-02	1.00702855e-03
1.44500000e-01	5.69469031e-02	9.85659564e-04
1.45000000e-01	5.58788982e-02	9.70324458e-04
1.45500000e-01	5.52362670e-02	9.54970151e-04
1.46000000e-01	5.40132685e-02	9.32429085e-04
1.46500000e-01	5.38018190e-02	9.30924090e-04
1.47000000e-01	5.25381137e-02	9.06011063e-04
1.47500000e-01	5.17173974e-02	8.89681493e-04
1.48000000e-01	5.19450477e-02	8.92855769e-04
1.48500000e-01	5.06741343e-02	8.69084822e-04
1.49000000e-01	4.98606911e-02	8.52850575e-04
1.49500000e-01	4.94604987e-02	8.45461548e-04
1.50000000e-01	4.93577945e-02	8.44198406e-04
1.50500000e-01	4.86863756e-02	8.33346152e-04
1.51000000e-01	4.81729479e-02	8.22388062e-04
1.51500000e-01	4.73137689e-02	8.05869788e-04
1.52000000e-01	4.72537888e-02	8.00285713e-04
1.52500000e-01	4.70144456e-02	7.99302139e-04
1.53000000e-01	4.61060309e-02	7.83985086e-04
1.53500000e-01	4.58350164e-02	7.76728552e-04
1.54000000e-01	4.56641539e-02	7.72523167e-04
1.54500000e-01	4.50202404e-02	7.74828908e-04
1.55000000e-01	4.50784068e-02	7.86514510e-04
1.55500000e-01	4.43305962e-02	7.78217049e-04
1.56000000e-01	4.43936274e-02	7.83175720e-04
1.56500000e-01	4.40081780e-02	7.75912523e-04
1.57000000e-01	4.35376367e-02	7.69555735e-04
1.57500000e-01	4.29016047e-02	7.45121577e-04
1.58000000e-01	4.31718301e-02	7.38773528e-04
1.58500000e-01	4.26146015e-02	7.26287643e-04
1.59000000e-01	4.27596297e-02	7.25776269e-04
1.59500000e-01	4.25522946e-02	7.20543324e-04
1.60000000e-01	4.21164166e-02	7.12170116e-04
1.60500000e-01	4.18085583e-02	7.03022452e-04
1.61000000e-01	4.19168127e-02	7.06999855e-04
1.61500000e-01	4.15407090e-02	6.96755796e-04
1.62000000e-01	4.14374011e-02	6.94136424e-04
1.62500000e-01	4.11985562e-02	6.90056877e-04
1.63000000e-01	4.07608653e-02	6.78497403e-04
1.63500000e-01	4.09359286e-02	6.86580203e-04
1.64000000e-01	4.09166723e-02	6.79946666e-04
1.64500000e-01	4.02088880e-02	6.68187723e-04
1.65000000e-01	4.03986163e-02	6.71250876e-04
1.65500000e-01	4.03386309e-02	6.68801139e-04
1.66000000e-01	3.96675090e-02	6.57702851e-04
1.66500000e-01	3.96645029e-02	6.55001975e-04
1.67000000e-01	3.96034849e-02	6.55057227e-04
1.67500000e-01	3.94846220e-02	6.51431581e-04
1.68000000e-01	3.94328408e-02	6.49263201e-04
1.68500000e-01	3.88269715e-02	6.39338798e-04
1.69000000e-01	3.92254066e-02	6.44451113e-04
1.69500000e-01	3.87615088e-02	6.34995481e-04
1.70000000e-01	3.86881490e-02	6.33227323e-04
1.70500000e-01	3.87609452e-02	6.33574150e-04
1.71000000e-01	3.85930648e-02	6.29662964e-04
1.71500000e-01	3.84203381e-02	6.26911588e-04
1.72000000e-01	3.81797740e-02	6.21340334e-04
1.72500000e-01	3.83825501e-02	6.23048365e-04
1.73000000e-01	3.79177228e-02	6.14699152e-04
1.73500000e-01	3.76946267e-02	6.07838326e-04
1.74000000e-01	3.78270890e-02	6.10793040e-04
1.74500000e-01	3.73843406e-02	6.01548041e-04
1.75000000e-01	3.74789815e-02	6.02511520e-04
1.75500000e-01	3.70049538e-02	5.91926600e-04
1.76000000e-01	3.69454936e-02	5.91698671e-04
1.76500000e-01	3.68667255e-02	5.90558477e-04
1.77000000e-01	3.66409523e-02	5.86206790e-04
1.77500000e-01	3.69503317e-02	5.90168972e-04
1.78000000e-01	3.66665176e-02	5.86221254e-04
1.78500000e-01	3.65829725e-02	5.84195275e-04
1.79000000e-01	3.61952865e-02	5.77899157e-04
1.79500000e-01	3.66869944e-02	5.86360769e-04
1.80000000e-01	3.58913224e-02	5.72528444e-04
1.80500000e-01	3.63830361e-02	5.79223401e-04
1.81000000e-01	3.64399908e-02	5.80490799e-04
1.81500000e-01	3.56694760e-02	5.66286559e-04
1.82000000e-01	3.60012443e-02	5.71679357e-04
1.82500000e-01	3.56184046e-02	5.62331843e-04
1.83000000e-01	3.55403489e-02	5.63433182e-04
1.83500000e-01	3.52451223e-02	5.57803196e-04
1.84000000e-01	3.51289778e-02	5.54932994e-04
1.84500000e-01	3.55303502e-02	5.61391178e-04
1.85000000e-01	3.53946080e-02	5.57972146e-04
1.85500000e-01	3.54044148e-02	5.56986256e-04
1.86000000e-01	3.49919786e-02	5.50165860e-04
1.86500000e-01	3.46964826e-02	5.44654549e-04
1.87000000e-01	3.48134902e-02	5.46195889e-04
1.87500000e-01	3.46201666e-02	5.42112419e-04
1.88000000e-01	3.51768695e-02	5.49944746e-04
1.88500000e-01	3.45606377e-02	5.40133122e-04
1.89000000e-01	3.45113487e-02	5.38253433e-04
1.89500000e-01	3.44202949e-02	5.37558232e-04
1.90000000e-01	3.42991865e-02	5.34296948e-04
1.90500000e-01	3.44853809e-02	5.37639409e-04
1.91000000e-01	3.41144090e-02	5.29912273e-04
1.91500000e-01	3.41750654e-02	5.31643146e-04
1.92000000e-01	3.45696222e-02	5.33695373e-04
1.92500000e-01	3.41880497e-02	5.27758122e-04
1.93000000e-01	3.39624967e-02	5.26498540e-04
1.93500000e-01	3.37360688e-02	5.22251453e-04
1.94000000e-01	3.38290174e-02	5.21543097e-04
1.94500000e-01	3.36848004e-02	5.19355795e-04
1.95000000e-01	3.38428971e-02	5.22402767e-04
1.95500000e-01	3.36901439e-02	5.17055782e-04
1.96000000e-01	3.34909277e-02	5.13919514e-04
1.96500000e-01	3.33046603e-02	5.11487162e-04
1.97000000e-01	3.33048353e-02	5.10256341e-04
1.97500000e-01	3.31519805e-02	5.08537870e-04
1.98000000e-01	3.32052665e-02	5.07609619e-04
1.98500000e-01	3.31363755e-02	5.04999611e-04
1.99000000e-01	3.26974038e-02	4.99876105e-04
1.99500000e-01	3.26628957e-02	4.96273667e-04
2.00000000e-01	3.30024010e-02	5.03222920e-04
2.00500000e-01	3.27599309e-02	5.00359207e-04
2.01000000e-01	3.24142207e-02	4.92292584e-04
2.01500000e-01	3.25139955e-02	4.94123652e-04
2.02000000e-01	3.29998830e-02	4.99383434e-04
2.02500000e-01	3.23903527e-02	4.88268351e-04
2.03000000e-01	3.25278832e-02	4.91278220e-04
2.03500000e-01	3.22056225e-02	4.87081176e-04
2.04000000e-01	3.21771172e-02	4.86008952e-04
2.04500000e-01	3.21332944e-02	4.84638152e-04
2.05000000e-01	3.18942370e-02	4.80034058e-04
2.05500000e-01	3.18317334e-02	4.80627872e-04
2.06000000e-01	3.21722288e-02	4.83986188e-04
2.06500000e-01	3.16694397e-02	4.76994755e-04
2.07000000e-01	3.15877717e-02	4.72588092e-04
2.07500000e-01	3.18076046e-02	4.75781946e-04
2.08000000e-01	3.13314727e-02	4.69448953e-04
2.08500000e-01	3.16921614e-02	4.73153412e-04
2.09000000e-01	3.16882712e-02	4.73658959e-04
2.09500000e-01	3.14009834e-02	4.68858516e-04
2.10000000e-01	3.13133596e-02	4.67148911e-04
2.10500000e-01	3.12235622e-02	4.66455398e-04
2.11000000e-01	3.14583261e-02	4.66109699e-04
2.11500000e-01	3.12670485e-02	4.66004022e-04
2.12000000e-01	3.11990957e-02	4.62642509e-04
2.12500000e-01	3.07455425e-02	4.56972354e-04
2.13000000e-01	3.11344104e-02	4.59806492e-04
2.13500000e-01	3.10618183e-02	4.57233088e-04
2.14000000e-01	3.05270362e-02	4.51130974e-04
2.14500000e-01	3.08977727e-02	4.55232911e-04
2.15000000e-01	3.03953320e-02	4.51462855e-04
2.15500000e-01	3.02576619e-02	4.44832615e-04
2.16000000e-01	3.03559990e-02	4.45621393e-04
2.16500000e-01	3.04072164e-02	4.47126673e-04
2.17000000e-01	3.01301839e-02	4.48811481e-04
2.17500000e-01	3.01780490e-02	4.57284031e-04
2.18000000e-01	3.02481534e-02	4.59164442e-04
2.18500000e-01	3.04699197e-02	4.66367147e-04
2.19000000e-01	3.00897306e-02	4.61274098e-04
2.19500000e-01	3.02091041e-02	4.64474559e-04
2.20000000e-01	2.98719256e-02	4.62960480e-04
2.20500000e-01	2.99535946e-02	4.62950504e-04
2.21000000e-01	2.99307107e-02	4.64050221e-04
2.21500000e-01	2.99094468e-02	4.69094584e-04
2.22000000e-01	2.95745517e-02	4.61474336e-04
2.22500000e-01	2.95418671e-02	4.63354714e-04
2.23000000e-01	2.99328565e-02	4.70563930e-04
2.23500000e-01	2.96537354e-02	4.67045013e-04
2.24000000e-01	2.97646263e-02	4.68691578e-04
2.24500000e-01	2.96796031e-02	4.69132336e-04
2.25000000e-01	2.97606106e-02	4.71361721e-04
2.25500000e-01	2.94721949e-02	4.68497206e-04
2.26000000e-01	2.93272694e-02	4.68517087e-04
2.26500000e-01	2.94178113e-02	4.60459240e-04
2.27000000e-01	2.93909282e-02	4.55991422e-04
2.27500000e-01	2.93285875e-02	4.51718996e-04
2.28000000e-01	2.89388481e-02	4.44107590e-04
2.28500000e-01	2.90106753e-02	4.42792229e-04
2.29000000e-01	2.89467272e-02	4.39648287e-04
2.29500000e-01	2.88317575e-02	4.37203568e-04
2.30000000e-01	2.89143776e-02	4.36544069e-04
2.30500000e-01	2.89547361e-02	4.34521461e-04
2.31000000e-01	2.88568125e-02	4.32971008e-04
2.31500000e-01	2.92502970e-02	4.38423553e-04
2.32000000e-01	2.87933721e-02	4.30992315e-04
2.32500000e-01	2.88117605e-02	4.30348565e-04
2.33000000e-01	2.85581040e-02	4.26063761e-04
2.33500000e-01	2.86995229e-02	4.26233051e-04
2.34000000e-01	2.86907941e-02	4.24010628e-04
2.34500000e-01	2.87208691e-02	4.24609804e-04
2.35000000e-01	2.88450566e-02	4.25730978e-04
2.35500000e-01	2.83737108e-02	4.19382382e-04
2.36000000e-01	2.85884323e-02	4.21000025e-04
2.36500000e-01	2.84795123e-02	4.18318795e-04
2.37000000e-01	2.83962617e-02	4.17121391e-04
2.37500000e-01	2.83408376e-02	4.14473026e-04
2.38000000e-01	2.82995511e-02	4.12741348e-04
2.38500000e-01	2.82871817e-02	4.14345747e-04
2.39000000e-01	2.83311432e-02	4.13289924e-04
2.39500000e-01	2.82486272e-02	4.11409737e-04
2.40000000e-01	2.82294642e-02	4.09606758e-04
2.40500000e-01	2.80981186e-02	4.07678072e-04
2.41000000e-01	2.85773106e-02	4.13699504e-04
2.41500000e-01	2.80411380e-02	4.05313098e-04
2.42000000e-01	2.80960747e-02	4.06161171e-04
2.42500000e-01	2.79331645e-02	4.02012005e-04
2.43000000e-01	2.78110293e-02	3.99510588e-04
2.43500000e-01	2.82476000e-02	4.05817038e-04
2.44000000e-01	2.82097171e-02	4.03399450e-04
2.44500000e-01	2.79915339e-02	4.00364136e-04
2.45000000e-01	2.76879841e-02	3.95937557e-04
2.45500000e-01	2.80139306e-02	4.00447488e-04
2.46000000e-01	2.77319208e-02	3.95419419e-04
2.46500000e-01	2.76668498e-02	3.94124471e-04
2.47000000e-01	2.80555170e-02	3.99233730e-04
2.47500000e-01	2.79442996e-02	3.96059539e-04
2.48000000e-01	2.79349413e-02	3.97638007e-04
2.48500000e-01	2.79912896e-02	3.96338261e-04
2.49000000e-01	2.81166685e-02	3.97518954e-04
2.49500000e-01	2.79710632e-02	3.95741710e-04
2.50000000e-01	2.79529869e-02	3.94303568e-04
2.50500000e-01	2.81533586e-02	3.98561735e-04
2.51000000e-01	2.84102066e-02	3.99332657e-04
2.51500000e-01	2.81192802e-02	3.95124936e-04
2.52000000e-01	2.82201659e-02	3.96340033e-04
2.52500000e-01	2.80572316e-02	3.94046035e-04
2.53000000e-01	2.79933584e-02	3.93882062e-04
2.53500000e-01	2.82844280e-02	3.97115155e-04
2.54000000e-01	2.83202529e-02	3.97702536e-04
2.54500000e-01	2.83086366e-02	3.96621976e-04
2.55000000e-01	2.83293848e-02	3.96223417e-04
2.55500000e-01	2.83268124e-02	3.95321830e-04
2.56000000e-01	2.84993171e-02	3.95753000e-04
2.56500000e-01	2.82689249e-02	3.94475048e-04
2.57000000e-01	2.85410068e-02	3.96369347e-04
2.57500000e-01	2.83369699e-02	3.93619153e-04
2.58000000e-01	2.83102358e-02	3.93298165e-04
2.58500000e-01	2.82612762e-02	3.91992200e-04
2.59000000e-01	2.83979427e-02	3.93883025e-04
2.59500000e-01	2.82241753e-02	3.90219390e-04
2.60000000e-01	2.83472668e-02	3.92168414e-04
2.60500000e-01	2.81787934e-02	3.89204175e-04
2.61000000e-01	2.84503147e-02	3.90789438e-04
2.61500000e-01	2.81904482e-02	3.88575355e-04
2.62000000e-01	2.80603348e-02	3.85399602e-04
2.62500000e-01	2.83316497e-02	3.90600124e-04
2.63000000e-01	2.80597546e-02	3.85143733e-04
2.63500000e-01	2.81538616e-02	3.85286366e-04
2.64000000e-01	2.78794561e-02	3.82261884e-04
2.64500000e-01	2.78802760e-02	3.81045686e-04
2.65000000e-01	2.76998936e-02	3.79253303e-04
2.65500000e-01	2.76219711e-02	3.77625950e-04
2.66000000e-01	2.73880366e-02	3.73536479e-04
2.66500000e-01	2.75290396e-02	3.74599628e-04
2.67000000e-01	2.73196996e-02	3.73042482e-04
2.67500000e-01	2.72757655e-02	3.70946736e-04
2.68000000e-01	2.68584175e-02	3.65294410e-04
2.68500000e-01	2.69930835e-02	3.67303607e-04
2.69000000e-01	2.68704099e-02	3.64101644e-04
2.69500000e-01	2.67183953e-02	3.62608312e-04
2.70000000e-01	2.64684443e-02	3.59419439e-04
2.70500000e-01	2.64419356e-02	3.58315459e-04
2.71000000e-01	2.64238043e-02	3.58170178e-04
2.71500000e-01	2.63303770e-02	3.56376869e-04
2.72000000e-01	2.63535387e-02	3.55459544e-04
2.72500000e-01	2.60945960e-02	3.53707641e-04
2.73000000e-01	2.62412542e-02	3.53878518e-04
2.73500000e-01	2.61490090e-02	3.51554941e-04
2.74000000e-01	2.61017806e-02	3.52266362e-04
2.74500000e-01	2.58649804e-02	3.47843698e-04
2.75000000e-01	2.58584136e-02	3.48809956e-04
2.75500000e-01	2.58209138e-02	3.47696920e-04
2.76000000e-01	2.55849464e-02	3.44404887e-04
2.76500000e-01	2.58624680e-02	3.47055663e-04
2.77000000e-01	2.54911848e-02	3.42823042e-04
2.77500000e-01	2.56058223e-02	3.43999331e-04
2.78000000e-01	2.54339275e-02	3.40907892e-04
2.78500000e-01	2.53533918e-02	3.40740284e-04
2.79000000e-01	2.54969486e-02	3.40381257e-04
2.79500000e-01	2.53058479e-02	3.38328315e-04
2.80000000e-01	2.51761466e-02	3.36920488e-04
2.80500000e-01	2.54282329e-02	3.38944799e-04
2.81000000e-01	2.52077011e-02	3.36328726e-04
2.81500000e-01	2.52710799e-02	3.36390130e-04
2.82000000e-01	2.49092463e-02	3.31773313e-04
2.82500000e-01	2.50009575e-02	3.33159995e-04
2.83000000e-01	2.50251761e-02	3.32857560e-04
2.83500000e-01	2.49063352e-02	3.31028699e-04
2.84000000e-01	2.46571653e-02	3.28011915e-04
2.84500000e-01	2.51242319e-02	3.33453758e-04
2.85000000e-01	2.47225595e-02	3.28151109e-04
2.85500000e-01	2.48535883e-02	3.28533125e-04
2.86000000e-01	2.44808791e-02	3.25621610e-04
2.86500000e-01	2.43687524e-02	3.22137559e-04
2.87000000e-01	2.43292321e-02	3.22542312e-04
2.87500000e-01	2.45681982e-02	3.23309051e-04
2.88000000e-01	2.44990713e-02	3.22189073e-04
2.88500000e-01	2.44519271e-02	3.22149447e-04
2.89000000e-01	2.44138106e-02	3.21928346e-04
2.89500000e-01	2.39699012e-02	3.15482651e-04
2.90000000e-01	2.38968088e-02	3.15036156e-04
2.90500000e-01	2.43506611e-02	3.19450811e-04
2.91000000e-01	2.43262352e-02	3.18862778e-04
2.91500000e-01	2.43595811e-02	3.18661487e-04
2.92000000e-01	2.41913343e-02	3.16049218e-04
2.92500000e-01	2.38540071e-02	3.12286759e-04
2.93000000e-01	2.43409798e-02	3.16920477e-04
2.93500000e-01	2.40195111e-02	3.13499269e-04
2.94000000e-01	2.36591420e-02	3.08862473e-04
2.94500000e-01	2.38777023e-02	3.12134870e-04
2.95000000e-01	2.40496429e-02	3.13038701e-04
2.95500000e-01	2.37006392e-02	3.09841300e-04
2.96000000e-01	2.38311482e-02	3.09740292e-04
2.96500000e-01	2.38042673e-02	3.09451653e-04
2.97000000e-01	2.38107939e-02	3.09310063e-04
2.97500000e-01	2.36876598e-02	3.08032351e-04
2.98000000e-01	2.36726221e-02	3.07284020e-04
2.98500000e-01	2.38809219e-02	3.09517807e-04
2.99000000e-01	2.37946840e-02	3.07869891e-04
2.99500000e-01	2.36248084e-02	3.06648815e-04
3.00000000e-01	2.35722416e-02	3.05204875e-04
3.00500000e-01	2.36914839e-02	3.06838362e-04
3.01000000e-01	2.35157457e-02	3.03440757e-04
3.01500000e-01	2.34990603e-02	3.03452432e-04
3.02000000e-01	2.34875575e-02	3.03459039e-04
3.02500000e-01	2.33636450e-02	3.01180466e-04
3.03000000e-01	2.34083352e-02	3.02479823e-04
3.03500000e-01	2.33741735e-02	3.01497611e-04
3.04000000e-01	2.32901255e-02	3.00108322e-04
3.04500000e-01	2.34400904e-02	3.00502141e-04
3.05000000e-01	2.34796094e-02	3.01543819e-04
3.05500000e-01	2.34027182e-02	3.00788201e-04
3.06000000e-01	2.33029337e-02	2.97184419e-04
3.06500000e-01	2.32678397e-02	2.97503303e-04
3.07000000e-01	2.32458468e-02	2.96612775e-04
3.07500000e-01	2.29273898e-02	2.92855039e-04
3.08000000e-01	2.31371919e-02	2.95568022e-04
3.08500000e-01	2.31954390e-02	2.96822753e-04
3.09000000e-01	2.30819876e-02	2.95617995e-04
3.09500000e-01	2.28971980e-02	2.92444528e-04
3.10000000e-01	2.34007129e-02	2.98251322e-04
3.10500000e-01	2.29470391e-02	2.92021268e-04
3.11000000e-01	2.29367852e-02	2.92205073e-04
3.11500000e-01	2.27991009e-02	2.89654931e-04
3.12000000e-01	2.27582432e-02	2.89282737e-04
3.12500000e-01	2.30424738e-02	2.93259233e-04
3.13000000e-01	2.28347507e-02	2.89444360e-04
3.13500000e-01	2.27968980e-02	2.89272394e-04
3.14000000e-01	2.29283044e-02	2.89775223e-04
3.14500000e-01	2.30916006e-02	2.91390465e-04
3.15000000e-01	2.29035383e-02	2.90507885e-04
3.15500000e-01	2.28888259e-02	2.89366849e-04
3.16000000e-01	2.26718386e-02	2.87289771e-04
3.16500000e-01	2.27242844e-02	2.86449245e-04
3.17000000e-01	2.27588173e-02	2.87739242e-04
3.17500000e-01	2.29184330e-02	2.88963834e-04
3.18000000e-01	2.28480499e-02	2.87101158e-04
3.18500000e-01	2.27124526e-02	2.86468711e-04
3.19000000e-01	2.28311437e-02	2.87599266e-04
3.19500000e-01	2.26614196e-02	2.85131064e-04
3.20000000e-01	2.26879767e-02	2.85970439e-04
3.20500000e-01	2.26385452e-02	2.83142056e-04
3.21000000e-01	2.29027202e-02	2.87243951e-04
3.21500000e-01	2.25655264e-02	2.82702295e-04
3.22000000e-01	2.26448626e-02	2.83128750e-04
3.22500000e-01	2.24496721e-02	2.80110779e-04
3.23000000e-01	2.26029762e-02	2.82563775e-04
3.23500000e-01	2.24100306e-02	2.80306122e-04
3.24000000e-01	2.23846920e-02	2.79391259e-04
3.24500000e-01	2.25047872e-02	2.80935351e-04
3.25000000e-01	2.25287283e-02	2.79941115e-04
3.25500000e-01	2.23533469e-02	2.78689578e-04
3.26000000e-01	2.25366695e-02	2.80838860e-04
3.26500000e-01	2.23313988e-02	2.77729615e-04
3.27000000e-01	2.23175738e-02	2.78318081e-04
3.27500000e-01	2.22572259e-02	2.76351569e-04
3.28000000e-01	2.22204685e-02	2.76076706e-04
3.28500000e-01	2.23746214e-02	2.77641106e-04
3.29000000e-01	2.22311910e-02	2.75368444e-04
3.29500000e-01	2.22358698e-02	2.75831659e-04
3.30000000e-01	2.22447327e-02	2.75218814e-04
3.30500000e-01	2.20564058e-02	2.73391993e-04
3.31000000e-01	2.22437541e-02	2.74797348e-04
3.31500000e-01	2.21246369e-02	2.73065508e-04
3.32000000e-01	2.19766026e-02	2.72196373e-04
3.32500000e-01	2.21770924e-02	2.73441354e-04
3.33000000e-01	2.21093387e-02	2.72872975e-04
3.33500000e-01	2.18856098e-02	2.69985070e-04
3.34000000e-01	2.19991434e-02	2.71216227e-04
3.34500000e-01	2.20730949e-02	2.71095825e-04
3.35000000e-01	2.20696844e-02	2.70790754e-04
3.35500000e-01	2.21690057e-02	2.72071211e-04
3.36000000e-01	2.19515944e-02	2.70365393e-04
3.36500000e-01	2.20202540e-02	2.70668993e-04
3.37000000e-01	2.18931310e-02	2.68080617e-04
3.37500000e-01	2.19461549e-02	2.69564805e-04
3.38000000e-01	2.18203379e-02	2.66851452e-04
3.38500000e-01	2.16150325e-02	2.65192233e-04
3.39000000e-01	2.18525449e-02	2.68370820e-04
3.39500000e-01	2.20148369e-02	2.68502918e-04
3.40000000e-01	2.18199545e-02	2.66446077e-04
3.40500000e-01	2.19530625e-02	2.67707065e-04
3.41000000e-01	2.16847620e-02	2.64318503e-04
3.41500000e-01	2.18042664e-02	2.65300319e-04
3.42000000e-01	2.18027167e-02	2.64753730e-04
3.42500000e-01	2.18757181e-02	2.67246807e-04
3.43000000e-01	2.16529635e-02	2.63230696e-04
3.43500000e-01	2.19246556e-02	2.66192857e-04
3.44000000e-01	2.15498163e-02	2.62627404e-04
3.44500000e-01	2.18762582e-02	2.64833390e-04
3.45000000e-01	2.19772813e-02	2.66237085e-04
3.45500000e-01	2.17900871e-02	2.64006342e-04
3.46000000e-01	2.14557192e-02	2.60995452e-04
3.46500000e-01	2.17982350e-02	2.63980881e-04
3.47000000e-01	2.15945401e-02	2.61282170e-04
3.47500000e-01	2.16872257e-02	2.62127456e-04
3.48000000e-01	2.17025474e-02	2.62380147e-04
3.48500000e-01	2.15378904e-02	2.60290373e-04
3.49000000e-01	2.14404816e-02	2.58436214e-04
3.49500000e-01	2.15424167e-02	2.59345616e-04
3.50000000e-01	2.16719977e-02	2.13093191e-04
3.51000000e-01	2.15989786e-02	1.83973805e-04
3.52000000e-01	2.16974477e-02	1.84304944e-04
3.53000000e-01	2.16006605e-02	1.82601131e-04
3.54000000e-01	2.16461507e-02	1.82673757e-04
3.55000000e-01	2.15794640e-02	1.81936680e-04
3.56000000e-01	2.13424666e-02	1.81301826e-04
3.57000000e-01	2.16591610e-02	1.86834800e-04
3.58000000e-01	2.14259885e-02	1.87311231e-04
3.59000000e-01	2.14053397e-02	1.87730900e-04
3.60000000e-01	2.12995701e-02	1.88475677e-04
3.61000000e-01	2.14191325e-02	1.90336652e-04
3.62000000e-01	2.14434900e-02	1.91219349e-04
3.63000000e-01	2.12882020e-02	1.90604118e-04
3.64000000e-01	2.12459301e-02	1.91009026e-04
3.65000000e-01	2.14045751e-02	1.92776824e-04
3.66000000e-01	2.13989415e-02	1.90506010e-04
3.67000000e-01	2.13198604e-02	1.86999263e-04
3.68000000e-01	2.13659477e-02	1.85996909e-04
3.69000000e-01	2.13875414e-02	1.85541620e-04
3.70000000e-01	2.13253382e-02	1.83510316e-04
3.71000000e-01	2.15273655e-02	1.87982023e-04
3.72000000e-01	2.14655037e-02	1.88875031e-04
3.73000000e-01	2.16592091e-02	1.90516895e-04
3.74000000e-01	2.15366604e-02	1.89593479e-04
3.75000000e-01	2.15925118e-02	1.90208673e-04
3.76000000e-01	2.18075015e-02	1.91995148e-04
3.77000000e-01	2.17108844e-02	1.91593860e-04
3.78000000e-01	2.18784536e-02	1.92619867e-04
3.79000000e-01	2.19585723e-02	1.93297623e-04
3.80000000e-01	2.21387599e-02	1.94012137e-04
3.81000000e-01	2.21499757e-02	1.94240319e-04
3.82000000e-01	2.23853351e-02	1.96177287e-04
3.83000000e-01	2.24492946e-02	1.96596786e-04
3.84000000e-01	2.26629362e-02	1.98102505e-04
3.85000000e-01	2.26677416e-02	1.98058582e-04
3.86000000e-01	2.28800075e-02	1.99945505e-04
3.87000000e-01	2.29719350e-02	2.00567589e-04
3.88000000e-01	2.33313623e-02	2.03006868e-04
3.89000000e-01	2.33136074e-02	2.03296313e-04
3.90000000e-01	2.34482330e-02	2.03786261e-04
3.91000000e-01	2.34327670e-02	2.04088869e-04
3.92000000e-01	2.34961565e-02	2.04454340e-04
3.93000000e-01	2.34510946e-02	2.03731726e-04
3.94000000e-01	2.36137793e-02	2.05094960e-04
3.95000000e-01	2.32392020e-02	2.01902728e-04
3.96000000e-01	2.29295262e-02	1.99545538e-04
3.97000000e-01	2.27670632e-02	1.98033677e-04
3.98000000e-01	2.24370779e-02	1.95959094e-04
3.99000000e-01	2.20558316e-02	1.92530984e-04
4.00000000e-01	2.20466895e-02	1.92336245e-04
4.01000000e-01	2.17811736e-02	1.90407813e-04
4.02000000e-01	2.17734227e-02	1.90107550e-04
4.03000000e-01	2.12648678e-02	1.86083636e-04
4.04000000e-01	2.11011907e-02	1.83957375e-04
4.05000000e-01	2.11388843e-02	1.85396737e-04
4.06000000e-01	2.07398961e-02	1.81488865e-04
4.07000000e-01	2.07554167e-02	1.81735421e-04
4.08000000e-01	2.06843004e-02	1.80863192e-04
4.09000000e-01	2.07511606e-02	1.81331290e-04
4.10000000e-01	2.04817074e-02	1.79431468e-04
4.11000000e-01	2.05267514e-02	1.79894259e-04
4.12000000e-01	2.05547617e-02	1.79928839e-04
4.13000000e-01	2.03170881e-02	1.77742230e-04
4.14000000e-01	2.03097075e-02	1.77797862e-04
4.15000000e-01	2.01952264e-02	1.76620247e-04
4.16000000e-01	2.01164778e-02	1.76088831e-04
4.17000000e-01	2.01891496e-02	1.76706319e-04
4.18000000e-01	2.01470040e-02	1.78526050e-04
4.19000000e-01	1.99965080e-02	1.79078070e-04
4.20000000e-01	2.00769867e-02	1.81009768e-04
4.21000000e-01	2.01812302e-02	1.82259123e-04
4.22000000e-01	2.00463010e-02	1.81547449e-04
4.23000000e-01	2.00898947e-02	1.82959236e-04
4.24000000e-01	2.01830040e-02	1.84036482e-04
4.25000000e-01	2.00944180e-02	1.83719315e-04
4.26000000e-01	1.99093670e-02	1.81686285e-04
4.27000000e-01	1.98721497e-02	1.81537713e-04
4.28000000e-01	1.98987161e-02	1.82560303e-04
4.29000000e-01	2.00378175e-02	1.84196589e-04
4.30000000e-01	1.98831187e-02	1.82422180e-04
4.31000000e-01	1.98918679e-02	1.82272465e-04
4.32000000e-01	1.99924852e-02	1.83176369e-04
4.33000000e-01	1.98077002e-02	1.82003487e-04
4.34000000e-01	1.98984949e-02	1.82781936e-04
4.35000000e-01	1.97899245e-02	1.82247753e-04
4.36000000e-01	1.97379123e-02	1.82298672e-04
4.37000000e-01	1.98368682e-02	1.83009094e-04
4.38000000e-01	1.97314906e-02	1.82337652e-04
4.39000000e-01	1.97816769e-02	1.82983384e-04
4.40000000e-01	1.98656764e-02	1.83675012e-04
4.41000000e-01	1.97378164e-02	1.83232867e-04
4.42000000e-01	1.97395690e-02	1.83223160e-04
4.43000000e-01	1.98723096e-02	1.84715417e-04
4.44000000e-01	1.96303588e-02	1.82997793e-04
4.45000000e-01	1.96363044e-02	1.83053727e-04
4.46000000e-01	1.97417125e-02	1.84348334e-04
4.47000000e-01	1.95640981e-02	1.82681092e-04
4.48000000e-01	1.95609537e-02	1.82571116e-04
4.49000000e-01	1.96536930e-02	1.83784788e-04
4.50000000e-01	1.96186958e-02	1.84160032e-04
4.51000000e-01	1.94590997e-02	1.82749392e-04
4.52000000e-01	1.96450806e-02	1.84277614e-04
4.53000000e-01	1.97384395e-02	1.85642256e-04
4.54000000e-01	1.96151543e-02	1.84370349e-04
4.55000000e-01	1.96586558e-02	1.84717711e-04
4.56000000e-01	1.95808485e-02	1.84010562e-04
4.57000000e-01	1.93983079e-02	1.83161138e-04
4.58000000e-01	1.95868414e-02	1.84644180e-04
4.59000000e-01	1.94604898e-02	1.83966306e-04
4.60000000e-01	1.94801098e-02	1.84115254e-04
4.61000000e-01	1.94885169e-02	1.84242282e-04
4.62000000e-01	1.96425498e-02	1.85759925e-04
4.63000000e-01	1.94487341e-02	1.84020887e-04
4.64000000e-01	1.93822205e-02	1.83969129e-04
4.65000000e-01	1.95674194e-02	1.85385412e-04
4.66000000e-01	1.94676578e-02	1.84687642e-04
4.67000000e-01	1.94218820e-02	1.84829915e-04
4.68000000e-01	1.95250839e-02	1.85426798e-04
4.69000000e-01	1.94506491e-02	1.84812691e-04
4.70000000e-01	1.93610607e-02	1.84453810e-04
4.71000000e-01	1.94268743e-02	1.84884047e-04
4.72000000e-01	1.93833504e-02	1.84405008e-04
4.73000000e-01	1.94940658e-02	1.84918664e-04
4.74000000e-01	1.93992071e-02	1.84272988e-04
4.75000000e-01	1.93287947e-02	1.83388467e-04
4.76000000e-01	1.94618875e-02	1.84967508e-04
4.77000000e-01	1.94376719e-02	1.85094604e-04
4.78000000e-01	1.93944301e-02	1.84471688e-04
4.79000000e-01	1.93888287e-02	1.84435816e-04
4.80000000e-01	1.93115420e-02	1.83355647e-04
4.81000000e-01	1.93231262e-02	1.83772008e-04
4.82000000e-01	1.92256853e-02	1.83462890e-04
4.83000000e-01	1.93848073e-02	1.84390789e-04
4.84000000e-01	1.92605757e-02	1.84150709e-04
4.85000000e-01	1.94748554e-02	1.85724009e-04
4.86000000e-01	1.93782638e-02	1.84729982e-04
4.87000000e-01	1.94272475e-02	1.85597970e-04
4.88000000e-01	1.94372837e-02	1.85956508e-04
4.89000000e-01	1.94357346e-02	1.85910072e-04
4.90000000e-01	1.93161386e-02	1.84831936e-04
4.91000000e-01	1.93744140e-02	1.85355999e-04
4.92000000e-01	1.95238448e-02	1.86727949e-04
4.93000000e-01	1.93153481e-02	1.84945708e-04
4.94000000e-01	1.94503634e-02	1.86488325e-04
4.95000000e-01	1.93989151e-02	1.87419850e-04
4.96000000e-01	1.93962428e-02	1.92928899e-04
4.97000000e-01	1.93581961e-02	1.95880628e-04
4.98000000e-01	1.95179149e-02	1.99596592e-04
4.99000000e-01	1.94085286e-02	2.01700549e-04
5.00000000e-01	1.94171931e-02	2.04140206e-04
5.01000000e-01	1.94319196e-02	2.05743525e-04
5.02000000e-01	1.93840144e-02	2.07184171e-04
5.03000000e-01	1.94122332e-02	2.09637499e-04
5.04000000e-01	1.95936165e-02	2.12937551e-04
5.05000000e-01	1.94452970e-02	2.08220558e-04
5.06000000e-01	1.95454446e-02	2.05071003e-04
5.07000000e-01	1.94243339e-02	2.01621912e-04
5.08000000e-01	1.94388121e-02	2.00322660e-04
5.09000000e-01	1.96156428e-02	2.01108710e-04
5.10000000e-01	1.94032855e-02	1.99386530e-04
5.11000000e-01	1.94514568e-02	1.98640576e-04
5.12000000e-01	1.95501648e-02	1.98965836e-04
5.13000000e-01	1.95392962e-02	1.98244649e-04
5.14000000e-01	1.96511611e-02	1.99292783e-04
5.15000000e-01	1.96075830e-02	1.97791178e-04
5.16000000e-01	1.95123061e-02	1.96530797e-04
5.17000000e-01	1.94611634e-02	1.96019192e-04
5.18000000e-01	1.94946565e-02	1.95883648e-04
5.19000000e-01	1.97251063e-02	1.97532279e-04
5.20000000e-01	1.94104704e-02	1.94179920e-04
5.21000000e-01	1.94569007e-02	1.94285075e-04
5.22000000e-01	1.96402457e-02	1.95998512e-04
5.23000000e-01	1.95006759e-02	1.94593153e-04
5.24000000e-01	1.95468210e-02	1.95043551e-04
5.25000000e-01	1.96464202e-02	1.95574234e-04
5.26000000e-01	1.95363599e-02	1.94893472e-04
5.27000000e-01	1.95868556e-02	1.95220275e-04
5.28000000e-01	1.93074585e-02	1.92860111e-04
5.29000000e-01	1.94270100e-02	1.93551073e-04
5.30000000e-01	1.94609682e-02	1.93984003e-04
5.31000000e-01	1.94941791e-02	1.94655621e-04
5.32000000e-01	1.94671198e-02	1.94862260e-04
5.33000000e-01	1.92918357e-02	1.92612865e-04
5.34000000e-01	1.93509456e-02	1.93174924e-04
5.35000000e-01	1.93376834e-02	1.93041238e-04
5.36000000e-01	1.94542813e-02	1.93949699e-04
5.37000000e-01	1.94821896e-02	1.94477023e-04
5.38000000e-01	1.93723798e-02	1.93349753e-04
5.39000000e-01	1.93797746e-02	1.93738514e-04
5.40000000e-01	1.94040592e-02	1.93237181e-04
5.41000000e-01	1.93249118e-02	1.92638357e-04
5.42000000e-01	1.94509896e-02	1.93310442e-04
5.43000000e-01	1.91812528e-02	1.91401807e-04
5.44000000e-01	1.94069259e-02	1.93199926e-04
5.45000000e-01	1.94160733e-02	1.93529793e-04
5.46000000e-01	1.93676140e-02	1.93047837e-04
5.47000000e-01	1.93030328e-02	1.92182053e-04
5.48000000e-01	1.92302493e-02	1.91653293e-04
5.49000000e-01	1.94961766e-02	1.93898850e-04
5.50000000e-01	1.91639263e-02	1.90975247e-04
5.51000000e-01	1.93342975e-02	1.91856573e-04
5.52000000e-01	1.92889019e-02	1.91222996e-04
5.53000000e-01	1.94016924e-02	1.92545855e-04
5.54000000e-01	1.93438033e-02	1.91703396e-04
5.55000000e-01	1.94406921e-02	1.92635130e-04
5.56000000e-01	1.92410894e-02	1.90826667e-04
5.57000000e-01	1.92561618e-02	1.90909460e-04
5.58000000e-01	1.92497630e-02	1.91082392e-04
5.59000000e-01	1.92851074e-02	1.90452688e-04
5.60000000e-01	1.92365103e-02	1.90837839e-04
5.61000000e-01	1.92953299e-02	1.90659097e-04
5.62000000e-01	1.90978826e-02	1.89426198e-04
5.63000000e-01	1.91472874e-02	1.89710020e-04
5.64000000e-01	1.92549251e-02	1.89907676e-04
5.65000000e-01	1.92509452e-02	1.90455202e-04
5.66000000e-01	1.91844358e-02	1.90069494e-04
5.67000000e-01	1.93465609e-02	1.92154883e-04
5.68000000e-01	1.91449967e-02	1.89593127e-04
5.69000000e-01	1.92130518e-02	1.89748071e-04
5.70000000e-01	1.92665085e-02	1.90781807e-04
5.71000000e-01	1.93339461e-02	1.90852991e-04
5.72000000e-01	1.91652951e-02	1.89768046e-04
5.73000000e-01	1.92804675e-02	1.90972518e-04
5.74000000e-01	1.92570369e-02	1.90423307e-04
5.75000000e-01	1.92384852e-02	1.90497842e-04
5.76000000e-01	1.92759267e-02	1.90510212e-04
5.77000000e-01	1.90459433e-02	1.88767033e-04
5.78000000e-01	1.92566994e-02	1.91219235e-04
5.79000000e-01	1.90694333e-02	1.89263168e-04
5.80000000e-01	1.94959041e-02	1.93244113e-04
5.81000000e-01	1.92036952e-02	1.90486003e-04
5.82000000e-01	1.92134895e-02	1.90398724e-04
5.83000000e-01	1.92851220e-02	1.91102032e-04
5.84000000e-01	1.92280449e-02	1.90939880e-04
5.85000000e-01	1.92634597e-02	1.90698756e-04
5.86000000e-01	1.91244624e-02	1.89940514e-04
5.87000000e-01	1.92415699e-02	1.90777596e-04
5.88000000e-01	1.93031148e-02	1.91374741e-04
5.89000000e-01	1.92614349e-02	1.91167301e-04
5.90000000e-01	1.91791754e-02	1.90248463e-04
5.91000000e-01	1.92116316e-02	1.90664702e-04
5.92000000e-01	1.91197452e-02	1.89865055e-04
5.93000000e-01	1.91293627e-02	1.90102859e-04
5.94000000e-01	1.93076316e-02	1.91321431e-04
5.95000000e-01	1.92855557e-02	1.91129778e-04
5.96000000e-01	1.91738487e-02	1.89945457e-04
5.97000000e-01	1.93585774e-02	1.91472331e-04
5.98000000e-01	1.92101930e-02	1.90698732e-04
5.99000000e-01	1.93240600e-02	1.91769098e-04
6.00000000e-01	1.92021129e-02	1.90869231e-04
6.01000000e-01	1.91983938e-02	1.90207133e-04
6.02000000e-01	1.93964991e-02	1.92447040e-04
6.03000000e-01	1.93265444e-02	1.91971877e-04
6.04000000e-01	1.91267233e-02	1.89830197e-04
6.05000000e-01	1.91953159e-02	1.90868951e-04
6.06000000e-01	1.92392477e-02	1.91300708e-04
6.07000000e-01	1.91926123e-02	1.90971147e-04
6.08000000e-01	1.93219220e-02	1.91875988e-04
6.09000000e-01	1.93156963e-02	1.92068893e-04
6.10000000e-01	1.94451841e-02	1.93432941e-04
6.11000000e-01	1.91940736e-02	1.90795966e-04
6.12000000e-01	1.92118872e-02	1.91099247e-04
6.13000000e-01	1.93759930e-02	1.92128692e-04
6.14000000e-01	1.92024728e-02	1.90926545e-04
6.15000000e-01	1.92412425e-02	1.91506521e-04
6.16000000e-01	1.91705011e-02	1.90660977e-04
6.17000000e-01	1.92352996e-02	1.91440217e-04
6.18000000e-01	1.91596524e-02	1.90420118e-04
6.19000000e-01	1.91725654e-02	1.90268130e-04
6.20000000e-01	1.93422786e-02	1.91804017e-04
6.21000000e-01	1.90922417e-02	1.89287760e-04
6.22000000e-01	1.93289985e-02	1.91525749e-04
6.23000000e-01	1.92130053e-02	1.90203273e-04
6.24000000e-01	1.91975683e-02	1.89479172e-04
6.25000000e-01	1.93769341e-02	1.91162129e-04
6.26000000e-01	1.92219886e-02	1.89718496e-04
6.27000000e-01	1.91727138e-02	1.89292414e-04
6.28000000e-01	1.94456931e-02	1.91254943e-04
6.29000000e-01	1.94808010e-02	1.91990142e-04
6.30000000e-01	1.92518088e-02	1.89813960e-04
6.31000000e-01	1.92733707e-02	1.90150254e-04
6.32000000e-01	1.93074968e-02	1.90437453e-04
6.33000000e-01	1.91833796e-02	1.89211451e-04
6.34000000e-01	1.93104400e-02	1.94974925e-04
6.35000000e-01	1.93780050e-02	2.01455178e-04
6.36000000e-01	1.93454229e-02	2.04814978e-04
6.37000000e-01	1.95555172e-02	2.10223132e-04
6.38000000e-01	1.96443208e-02	2.13885575e-04
6.39000000e-01	1.96630338e-02	2.17211904e-04
6.40000000e-01	1.94307033e-02	2.17067661e-04
6.41000000e-01	1.96596312e-02	2.21941324e-04
6.42000000e-01	1.97279072e-02	2.25281502e-04
6.43000000e-01	1.95676883e-02	2.23233649e-04
6.44000000e-01	1.97129984e-02	2.16715566e-04
6.45000000e-01	1.97545427e-02	2.14455647e-04
6.46000000e-01	1.97033391e-02	2.11836182e-04
6.47000000e-01	1.97128182e-02	2.10498823e-04
6.48000000e-01	1.96250498e-02	2.07701843e-04
6.49000000e-01	1.97509301e-02	2.08117222e-04
6.50000000e-01	1.99064366e-02	2.08295425e-04
6.51000000e-01	2.00013289e-02	2.08415329e-04
6.52000000e-01	1.98015077e-02	2.05621653e-04
6.53000000e-01	1.96880102e-02	2.03604515e-04
6.54000000e-01	1.98912453e-02	2.05266297e-04
6.55000000e-01	1.97279120e-02	2.03132071e-04
6.56000000e-01	1.97884873e-02	2.03781858e-04
6.57000000e-01	1.97503468e-02	2.02997375e-04
6.58000000e-01	1.98994042e-02	2.04216758e-04
6.59000000e-01	1.96762400e-02	2.02301789e-04
6.60000000e-01	1.96694942e-02	2.01995916e-04
6.61000000e-01	1.96503035e-02	2.01080011e-04
6.62000000e-01	1.97474107e-02	2.02451348e-04
6.63000000e-01	1.97457631e-02	2.01822157e-04
6.64000000e-01	1.96987693e-02	2.01433289e-04
6.65000000e-01	1.95939152e-02	2.00275322e-04
6.66000000e-01	1.96350815e-02	2.00588124e-04
6.67000000e-01	1.95244896e-02	1.99364851e-04
6.68000000e-01	1.95346010e-02	1.99620182e-04
6.69000000e-01	1.94948674e-02	1.99578777e-04
6.70000000e-01	1.94326803e-02	1.98077767e-04
6.71000000e-01	1.95484996e-02	1.99882517e-04
6.72000000e-01	1.94256756e-02	1.98260810e-04
6.73000000e-01	1.96104106e-02	2.00014869e-04
6.74000000e-01	1.95708311e-02	1.99541852e-04
6.75000000e-01	1.93216809e-02	1.97381461e-04
6.76000000e-01	1.92072077e-02	1.95604318e-04
6.77000000e-01	1.94898681e-02	1.97914087e-04
6.78000000e-01	1.93943054e-02	1.97274113e-04
6.79000000e-01	1.93297544e-02	1.96740659e-04
6.80000000e-01	1.93490713e-02	1.97124109e-04
6.81000000e-01	1.93957984e-02	1.96841597e-04
6.82000000e-01	1.93695667e-02	1.97296614e-04
6.83000000e-01	1.93089405e-02	1.96530402e-04
6.84000000e-01	1.93325741e-02	1.96309593e-04
6.85000000e-01	1.94808852e-02	1.97775343e-04
6.86000000e-01	1.92902777e-02	1.95895180e-04
6.87000000e-01	1.91492917e-02	1.94525908e-04
6.88000000e-01	1.92761700e-02	1.95853769e-04
6.89000000e-01	1.92097524e-02	1.94786740e-04
6.90000000e-01	1.90181224e-02	1.93354103e-04
6.91000000e-01	1.91320141e-02	1.94510984e-04
6.92000000e-01	1.91504852e-02	1.94279346e-04
6.93000000e-01	1.90316433e-02	1.93807646e-04
6.94000000e-01	1.92141610e-02	1.94839675e-04
6.95000000e-01	1.92470474e-02	1.95779559e-04
6.96000000e-01	1.91084857e-02	1.94148568e-04
6.97000000e-01	1.90921226e-02	1.93754597e-04
6.98000000e-01	1.90834857e-02	1.94268864e-04
6.99000000e-01	1.92410752e-02	1.95310916e-04
7.00000000e-01	1.90246752e-02	1.93061401e-04
7.01000000e-01	1.91267292e-02	1.94224726e-04
7.02000000e-01	1.88907926e-02	1.91624743e-04
7.03000000e-01	1.91486906e-02	1.94113590e-04
7.04000000e-01	1.88756534e-02	1.91431864e-04
7.05000000e-01	1.89843368e-02	1.92735956e-04
7.06000000e-01	1.91297108e-02	1.94040657e-04
7.07000000e-01	1.89296765e-02	1.92027594e-04
7.08000000e-01	1.89708267e-02	1.91689228e-04
7.09000000e-01	1.88743872e-02	1.91786020e-04
7.10000000e-01	1.88298698e-02	1.90475066e-04
7.11000000e-01	1.88678915e-02	1.91769077e-04
7.12000000e-01	1.89483665e-02	1.92049133e-04
7.13000000e-01	1.90589530e-02	1.93092507e-04
7.14000000e-01	1.88064457e-02	1.90670149e-04
7.15000000e-01	1.87667041e-02	1.90009037e-04
7.16000000e-01	1.87053348e-02	1.89919038e-04
7.17000000e-01	1.89649155e-02	1.92287234e-04
7.18000000e-01	1.86956875e-02	1.90014372e-04
7.19000000e-01	1.87674082e-02	1.90460013e-04
7.20000000e-01	1.89859261e-02	1.92673494e-04
7.21000000e-01	1.88389761e-02	1.91533828e-04
7.22000000e-01	1.86206402e-02	1.88995305e-04
7.23000000e-01	1.86055629e-02	1.88721992e-04
7.24000000e-01	1.87173804e-02	1.90300397e-04
7.25000000e-01	1.87874711e-02	1.90436981e-04
7.26000000e-01	1.86003623e-02	1.88505037e-04
7.27000000e-01	1.85884093e-02	1.88642464e-04
7.28000000e-01	1.85596442e-02	1.88340271e-04
7.29000000e-01	1.85879288e-02	1.88938411e-04
7.30000000e-01	1.86512031e-02	1.89279900e-04
7.31000000e-01	1.85391992e-02	1.87844545e-04
7.32000000e-01	1.85093259e-02	1.87976253e-04
7.33000000e-01	1.86231091e-02	1.89126702e-04
7.34000000e-01	1.85316348e-02	1.87469175e-04
7.35000000e-01	1.84906989e-02	1.86994432e-04
7.36000000e-01	1.83182726e-02	1.85440696e-04
7.37000000e-01	1.84201715e-02	1.85766098e-04
7.38000000e-01	1.84648254e-02	1.85946786e-04
7.39000000e-01	1.84102786e-02	1.85092054e-04
7.40000000e-01	1.83194610e-02	1.84204306e-04
7.41000000e-01	1.84623578e-02	1.85433523e-04
7.42000000e-01	1.82719503e-02	1.83672305e-04
7.43000000e-01	1.83449654e-02	1.84566116e-04
7.44000000e-01	1.82018370e-02	1.82911579e-04
7.45000000e-01	1.83076911e-02	1.83698694e-04
7.46000000e-01	1.82422656e-02	1.83703283e-04
7.47000000e-01	1.84098695e-02	1.84838624e-04
7.48000000e-01	1.84511234e-02	1.85121786e-04
7.49000000e-01	1.82213561e-02	1.83823972e-04
7.50000000e-01	1.82113739e-02	1.83237457e-04
7.51000000e-01	1.79698734e-02	1.80951463e-04
7.52000000e-01	1.82473046e-02	1.83342022e-04
7.53000000e-01	1.82073390e-02	1.83493389e-04
7.54000000e-01	1.82390706e-02	1.83468270e-04
7.55000000e-01	1.82475809e-02	1.83804900e-04
7.56000000e-01	1.81564557e-02	1.82267095e-04
7.57000000e-01	1.80028933e-02	1.80776524e-04
7.58000000e-01	1.80896413e-02	1.81862377e-04
7.59000000e-01	1.81480816e-02	1.82099828e-04
7.60000000e-01	1.80434803e-02	1.80942873e-04
7.61000000e-01	1.79798037e-02	1.80524506e-04
7.62000000e-01	1.79998087e-02	1.80055945e-04
7.63000000e-01	1.79823251e-02	1.79935089e-04
7.64000000e-01	1.79685452e-02	1.79951384e-04
7.65000000e-01	1.79050422e-02	1.78638363e-04
7.66000000e-01	1.80296744e-02	1.79545244e-04
7.67000000e-01	1.78786901e-02	1.78887490e-04
7.68000000e-01	1.78348241e-02	1.77697607e-04
7.69000000e-01	1.79601256e-02	1.78959588e-04
7.70000000e-01	1.78717533e-02	1.78044960e-04
7.71000000e-01	1.79122958e-02	1.78615169e-04
7.72000000e-01	1.78370098e-02	1.83211479e-04
7.73000000e-01	1.79556899e-02	1.90084684e-04
7.74000000e-01	1.78963073e-02	1.93552974e-04
7.75000000e-01	1.78126438e-02	1.95936641e-04
7.76000000e-01	1.79127224e-02	2.00259682e-04
7.77000000e-01	1.79823769e-02	2.04459569e-04
7.78000000e-01	1.78139029e-02	2.04587653e-04
7.79000000e-01	1.79469849e-02	2.08153570e-04
7.80000000e-01	1.77027711e-02	2.07926724e-04
7.81000000e-01	1.76752892e-02	2.10367633e-04
7.82000000e-01	1.77282874e-02	2.12787083e-04
7.83000000e-01	1.74706454e-02	2.13198237e-04
7.84000000e-01	1.78502745e-02	2.20241728e-04
7.85000000e-01	1.78171463e-02	2.21106854e-04
7.86000000e-01	1.76689406e-02	2.22280714e-04
7.87000000e-01	1.74749183e-02	2.22415895e-04
7.88000000e-01	1.73656040e-02	2.23165705e-04
7.89000000e-01	1.74602825e-02	2.26064649e-04
7.90000000e-01	1.74549932e-02	2.28412203e-04
7.91000000e-01	1.75561891e-02	2.31840017e-04
7.92000000e-01	1.75333856e-02	2.33411554e-04
7.93000000e-01	1.74050570e-02	2.34527361e-04
7.94000000e-01	1.75338848e-02	2.38363943e-04
7.95000000e-01	1.74553832e-02	2.39580505e-04
7.96000000e-01	1.75742939e-02	2.43380059e-04
7.97000000e-01	1.72435641e-02	2.41544685e-04
7.98000000e-01	1.73320223e-02	2.46548602e-04
7.99000000e-01	1.74360327e-02	2.49903755e-04
8.00000000e-01	1.75224700e-02	2.52920079e-04
8.01000000e-01	1.71451352e-02	2.51378343e-04
8.02000000e-01	1.72054831e-02	2.54682459e-04
8.03000000e-01	1.72967139e-02	2.58811741e-04
8.04000000e-01	1.71826364e-02	2.59361798e-04
8.05000000e-01	1.70744245e-02	2.60461756e-04
8.06000000e-01	1.69883171e-02	2.63812151e-04
8.07000000e-01	1.70865536e-02	2.66963207e-04
8.08000000e-01	1.72173890e-02	2.72024146e-04
8.09000000e-01	1.70671276e-02	2.72626310e-04
8.10000000e-01	1.71820466e-02	2.77616424e-04
8.11000000e-01	1.70316741e-02	2.77471529e-04
8.12000000e-01	1.70517413e-02	2.80721322e-04
8.13000000e-01	1.72003074e-02	2.86588152e-04
8.14000000e-01	1.72855873e-02	2.91107014e-04
8.15000000e-01	1.68941454e-02	2.89527971e-04
8.16000000e-01	1.70556042e-02	2.94571037e-04
8.17000000e-01	1.71387862e-02	2.98501222e-04
8.18000000e-01	1.70710982e-02	3.02704015e-04
8.19000000e-01	1.67943791e-02	3.01931732e-04
8.20000000e-01	1.69760370e-02	3.08628376e-04
8.21000000e-01	1.67509790e-02	3.08473340e-04
8.22000000e-01	1.69611523e-02	3.17648399e-04
8.23000000e-01	1.67856114e-02	3.17265751e-04
8.24000000e-01	1.69878025e-02	3.26387869e-04
8.25000000e-01	1.66914294e-02	3.23896738e-04
8.26000000e-01	1.66246809e-02	3.29091331e-04
8.27000000e-01	1.65178728e-02	3.30326421e-04
8.28000000e-01	1.65580460e-02	3.36544274e-04
8.29000000e-01	1.64555931e-02	3.39867923e-04
8.30000000e-01	1.65688573e-02	3.48479624e-04
8.31000000e-01	1.65698556e-02	3.53023630e-04
8.32000000e-01	1.64235905e-02	3.56735772e-04
8.33000000e-01	1.66481843e-02	3.66987245e-04
8.34000000e-01	1.64253999e-02	3.67079813e-04
8.35000000e-01	1.64837621e-02	3.75811079e-04
8.36000000e-01	1.62048475e-02	3.75698029e-04
8.37000000e-01	1.63688685e-02	3.90633197e-04
8.38000000e-01	1.66156343e-02	4.01813455e-04
8.39000000e-01	1.67036259e-02	4.13968975e-04
8.40000000e-01	1.64572757e-02	4.14196781e-04
8.41000000e-01	1.62492794e-02	4.17954308e-04
8.42000000e-01	1.59216779e-02	4.21613186e-04
8.43000000e-01	1.66376094e-02	4.47775664e-04
8.44000000e-01	1.64673983e-02	4.54953440e-04
8.45000000e-01	1.64153687e-02	4.66949382e-04
8.46000000e-01	1.65692261e-02	4.81041052e-04
8.47000000e-01	1.62951540e-02	4.87996784e-04
8.48000000e-01	1.58674062e-02	4.92130709e-04
8.49000000e-01	1.64814341e-02	5.30503370e-04
8.50000000e-01	1.62848524e-02	5.37729151e-04
8.51000000e-01	1.65034383e-02	5.68265610e-04
8.52000000e-01	1.58332113e-02	5.70242962e-04
8.53000000e-01	1.61300933e-02	5.96158753e-04
8.54000000e-01	1.56758926e-02	6.09267077e-04
8.55000000e-01	1.62137160e-02	6.56481674e-04
8.56000000e-01	1.56784803e-02	6.49183594e-04
8.57000000e-01	1.54692577e-02	6.59010447e-04
8.58000000e-01	1.62283514e-02	7.09728349e-04
8.59000000e-01	1.56720504e-02	7.15414132e-04
8.60000000e-01	1.54453083e-02	7.17635666e-04
8.61000000e-01	1.59786984e-02	7.70249933e-04
8.62000000e-01	1.55421735e-02	7.81959890e-04
8.63000000e-01	1.51840862e-02	7.79584783e-04
8.64000000e-01	1.60146057e-02	8.70328934e-04
8.65000000e-01	1.66828370e-02	9.40466328e-04
8.66000000e-01	1.63034077e-02	9.56146377e-04
8.67000000e-01	1.59596197e-02	1.00403795e-03
8.68000000e-01	1.47202058e-02	9.98947406e-04
8.69000000e-01	1.54240704e-02	1.11574586e-03
8.70000000e-01	1.56390119e-02	1.24738417e-03
8.71000000e-01	1.55850691e-02	1.38327179e-03
8.72000000e-01	1.51880041e-02	1.53751362e-03
8.73000000e-01	1.60173407e-02	1.91010707e-03
8.74000000e-01	1.43816517e-02	2.24552204e-03
8.75000000e-01	1.53055062e-02	5.30197731e-03
