% Filename : SB3_00041_00009.h5
% Date & Time : 30-Oct-2025 17:57:13
% X-ray Energy (keV) : 13.30001
% Exposure Time (s) : 0.500
% Beam Center : 1461.24000, 208.98300
% Sample to Detector Distance (SDD) (mm) : 1990.750
% Detector Pixel Size (mm) : 0.075
% Photodiode Value : 140088.000
% I0 of Sample : 0
% I0 of Standard : 1
% 
% q(A^-1)   I(q)    I(q)_SE
0.00000000e+00	1.28967011e-02	6.82429594e-03
2.50000000e-04	0.00000000e+00	0.00000000e+00
5.00000000e-04	0.00000000e+00	0.00000000e+00
7.50000000e-04	0.00000000e+00	0.00000000e+00
1.00000000e-03	0.00000000e+00	0.00000000e+00
1.25000000e-03	0.00000000e+00	0.00000000e+00
1.50000000e-03	0.00000000e+00	0.00000000e+00
1.75000000e-03	0.00000000e+00	0.00000000e+00
2.00000000e-03	0.00000000e+00	0.00000000e+00
2.25000000e-03	0.00000000e+00	0.00000000e+00
2.50000000e-03	0.00000000e+00	0.00000000e+00
2.75000000e-03	0.00000000e+00	0.00000000e+00
3.00000000e-03	0.00000000e+00	0.00000000e+00
3.25000000e-03	5.85407329e+02	3.48878596e+02
3.50000000e-03	1.74146121e+03	5.64845765e+02
3.75000000e-03	1.55284943e+03	4.23541222e+02
4.00000000e-03	9.86684783e+02	2.50536190e+02
4.25000000e-03	1.23531952e+03	2.67028821e+02
4.50000000e-03	8.50893360e+02	1.56428804e+02
4.75000000e-03	6.73763521e+02	1.09211923e+02
5.00000000e-03	5.76439729e+02	9.22045142e+01
5.25000000e-03	4.57093480e+02	7.10315603e+01
5.50000000e-03	3.75886087e+02	5.63217576e+01
5.75000000e-03	2.91881483e+02	4.13737430e+01
6.00000000e-03	2.64378854e+02	3.64152020e+01
6.25000000e-03	2.28082330e+02	3.22093827e+01
6.50000000e-03	1.94708397e+02	2.62470016e+01
6.75000000e-03	1.56132209e+02	2.04322873e+01
7.00000000e-03	1.43435597e+02	1.86121211e+01
7.25000000e-03	1.21240024e+02	1.49846437e+01
7.50000000e-03	1.10161556e+02	1.36363947e+01
7.75000000e-03	9.41340951e+01	1.11587210e+01
8.00000000e-03	7.85142527e+01	9.13476342e+00
8.25000000e-03	7.65851425e+01	8.66393002e+00
8.50000000e-03	6.55771772e+01	7.25138045e+00
8.75000000e-03	5.96200265e+01	6.47192553e+00
9.00000000e-03	5.17915328e+01	5.47737434e+00
9.25000000e-03	4.49374627e+01	4.59054867e+00
9.50000000e-03	4.24721581e+01	4.28858189e+00
9.75000000e-03	3.83909267e+01	3.80408321e+00
1.00000000e-02	3.45615255e+01	3.37799183e+00
1.02500000e-02	3.10066319e+01	2.99860380e+00
1.05000000e-02	2.78347429e+01	2.59322596e+00
1.07500000e-02	2.61298924e+01	2.43949505e+00
1.10000000e-02	2.38727391e+01	2.10357229e+00
1.12500000e-02	2.21357471e+01	2.05234227e+00
1.15000000e-02	1.95703909e+01	1.69754719e+00
1.17500000e-02	1.82925669e+01	1.55077732e+00
1.20000000e-02	1.76058320e+01	1.51485324e+00
1.22500000e-02	1.55944727e+01	1.29206538e+00
1.25000000e-02	1.46354922e+01	1.21372559e+00
1.27500000e-02	1.32717229e+01	1.06050827e+00
1.30000000e-02	1.23984472e+01	9.83600847e-01
1.32500000e-02	1.16862861e+01	9.14511579e-01
1.35000000e-02	1.06463734e+01	8.21146675e-01
1.37500000e-02	9.90311652e+00	7.61168898e-01
1.40000000e-02	9.31271031e+00	7.02016409e-01
1.42500000e-02	8.72355759e+00	6.42337462e-01
1.45000000e-02	8.24130434e+00	6.11660711e-01
1.47500000e-02	7.60620485e+00	5.59540650e-01
1.50000000e-02	7.07684690e+00	5.10504181e-01
1.52500000e-02	6.79388437e+00	4.87513426e-01
1.55000000e-02	6.29594473e+00	4.41855962e-01
1.57500000e-02	5.95531533e+00	4.22230519e-01
1.60000000e-02	5.50387521e+00	3.75101083e-01
1.62500000e-02	5.14235439e+00	3.53375912e-01
1.65000000e-02	4.93390733e+00	3.30792237e-01
1.67500000e-02	4.63421705e+00	3.05229056e-01
1.70000000e-02	4.31609616e+00	2.84658872e-01
1.72500000e-02	4.13724931e+00	2.69415825e-01
1.75000000e-02	3.87100403e+00	2.51035496e-01
1.77500000e-02	3.69183008e+00	2.35664679e-01
1.80000000e-02	3.48726909e+00	2.24063797e-01
1.82500000e-02	3.32386122e+00	2.05114598e-01
1.85000000e-02	3.08561242e+00	1.95248676e-01
1.87500000e-02	3.00005222e+00	1.85867947e-01
1.90000000e-02	2.83864389e+00	1.75146994e-01
1.92500000e-02	2.67464947e+00	1.60600249e-01
1.95000000e-02	2.54783702e+00	1.52829272e-01
1.97500000e-02	2.44450709e+00	1.48174144e-01
2.00000000e-02	2.33409342e+00	1.39914661e-01
2.02500000e-02	2.20059148e+00	1.30796550e-01
2.05000000e-02	2.11452764e+00	1.23411156e-01
2.07500000e-02	1.96615592e+00	1.13724568e-01
2.10000000e-02	1.90547537e+00	1.11513980e-01
2.12500000e-02	1.82498040e+00	1.07338454e-01
2.15000000e-02	1.77419234e+00	1.03475408e-01
2.17500000e-02	1.69276816e+00	9.89122669e-02
2.20000000e-02	1.59093779e+00	9.38035856e-02
2.22500000e-02	1.53356157e+00	9.05259451e-02
2.25000000e-02	1.48601517e+00	8.80651564e-02
2.27500000e-02	1.39541409e+00	8.14141270e-02
2.30000000e-02	1.34815941e+00	7.96731646e-02
2.32500000e-02	1.26436869e+00	7.40154679e-02
2.35000000e-02	1.23876107e+00	7.37316714e-02
2.37500000e-02	1.17120569e+00	6.87984354e-02
2.40000000e-02	1.13059549e+00	6.69479638e-02
2.42500000e-02	1.07216323e+00	6.25590884e-02
2.45000000e-02	1.02660055e+00	6.02415207e-02
2.47500000e-02	9.92631251e-01	5.79219902e-02
2.50000000e-02	9.39238730e-01	5.42938006e-02
2.52500000e-02	9.03426491e-01	5.23932594e-02
2.55000000e-02	8.54264248e-01	4.85441210e-02
2.57500000e-02	8.22581350e-01	4.73451015e-02
2.60000000e-02	7.95839120e-01	4.53080387e-02
2.62500000e-02	7.52650975e-01	4.31107115e-02
2.65000000e-02	7.33999586e-01	4.12305499e-02
2.67500000e-02	7.04349420e-01	3.92169546e-02
2.70000000e-02	6.67426932e-01	3.74154843e-02
2.72500000e-02	6.51075648e-01	3.61480311e-02
2.75000000e-02	6.21965700e-01	3.49532103e-02
2.77500000e-02	5.92883531e-01	3.28630889e-02
2.80000000e-02	5.93179682e-01	3.26826915e-02
2.82500000e-02	5.52646734e-01	2.99270919e-02
2.85000000e-02	5.47238355e-01	2.99256755e-02
2.87500000e-02	5.21186880e-01	2.85238915e-02
2.90000000e-02	5.03666676e-01	2.74214640e-02
2.92500000e-02	4.96845711e-01	2.65643885e-02
2.95000000e-02	4.69503685e-01	2.53563424e-02
2.97500000e-02	4.62177873e-01	2.48453137e-02
3.00000000e-02	4.40335524e-01	2.36844612e-02
3.02500000e-02	4.30360900e-01	2.29094988e-02
3.05000000e-02	4.24950662e-01	2.24018374e-02
3.07500000e-02	4.05971168e-01	2.14692655e-02
3.10000000e-02	3.93795063e-01	2.07698997e-02
3.12500000e-02	3.82062660e-01	2.04249386e-02
3.15000000e-02	3.68463043e-01	1.93608947e-02
3.17500000e-02	3.66331144e-01	1.90372057e-02
3.20000000e-02	3.46244130e-01	1.80065449e-02
3.22500000e-02	3.44017871e-01	1.80374448e-02
3.25000000e-02	3.33311486e-01	1.73952342e-02
3.27500000e-02	3.17711964e-01	1.62223714e-02
3.30000000e-02	3.24126849e-01	1.65688497e-02
3.32500000e-02	3.02897117e-01	1.54840370e-02
3.35000000e-02	2.97566170e-01	1.53105312e-02
3.37500000e-02	2.98435499e-01	1.52399124e-02
3.40000000e-02	2.81618148e-01	1.42690758e-02
3.42500000e-02	2.81918457e-01	1.42727165e-02
3.45000000e-02	2.64406880e-01	1.34208834e-02
3.47500000e-02	2.58947657e-01	1.28489264e-02
3.50000000e-02	2.60988218e-01	1.30912837e-02
3.52500000e-02	2.51296493e-01	1.25344697e-02
3.55000000e-02	2.48157054e-01	1.22826863e-02
3.57500000e-02	2.35265059e-01	1.17176411e-02
3.60000000e-02	2.28321023e-01	1.12870939e-02
3.62500000e-02	2.29784232e-01	1.14756199e-02
3.65000000e-02	2.19821392e-01	1.08939029e-02
3.67500000e-02	2.17823397e-01	1.06801176e-02
3.70000000e-02	2.12336150e-01	1.03358256e-02
3.72500000e-02	1.99568631e-01	9.67282844e-03
3.75000000e-02	2.06253261e-01	1.00727426e-02
3.77500000e-02	1.93601686e-01	9.33334650e-03
3.80000000e-02	1.93174165e-01	9.28568679e-03
3.82500000e-02	1.87635586e-01	8.89143611e-03
3.85000000e-02	1.78955504e-01	8.56637037e-03
3.87500000e-02	1.83729840e-01	8.73081328e-03
3.90000000e-02	1.74417819e-01	8.26863792e-03
3.92500000e-02	1.73438776e-01	8.05893983e-03
3.95000000e-02	1.70020552e-01	7.96882739e-03
3.97500000e-02	1.62253494e-01	7.57353819e-03
4.00000000e-02	1.64781683e-01	7.61040976e-03
4.02500000e-02	1.58755926e-01	7.36389322e-03
4.05000000e-02	1.51509053e-01	6.92267172e-03
4.07500000e-02	1.54635669e-01	7.08749170e-03
4.10000000e-02	1.47604686e-01	6.75325488e-03
4.12500000e-02	1.48365876e-01	6.76856232e-03
4.15000000e-02	1.46430191e-01	6.64359607e-03
4.17500000e-02	1.41048304e-01	6.36847654e-03
4.20000000e-02	1.42138882e-01	6.43178366e-03
4.22500000e-02	1.36542797e-01	6.15104723e-03
4.25000000e-02	1.35867125e-01	6.09910132e-03
4.27500000e-02	1.34937205e-01	6.06048797e-03
4.30000000e-02	1.28981059e-01	5.78399300e-03
4.32500000e-02	1.30215820e-01	5.87389357e-03
4.35000000e-02	1.23337518e-01	5.54020281e-03
4.37500000e-02	1.23488217e-01	5.47118257e-03
4.40000000e-02	1.24383459e-01	5.52259154e-03
4.42500000e-02	1.18837323e-01	5.25219811e-03
4.45000000e-02	1.19571905e-01	5.31080222e-03
4.47500000e-02	1.15219784e-01	5.03572986e-03
4.50000000e-02	1.15202246e-01	5.09647473e-03
4.52500000e-02	1.13428910e-01	4.93502420e-03
4.55000000e-02	1.09683380e-01	4.79122431e-03
4.57500000e-02	1.09461631e-01	4.77641536e-03
4.60000000e-02	1.06218710e-01	4.59458771e-03
4.62500000e-02	1.05371520e-01	4.58693158e-03
4.65000000e-02	1.02953354e-01	4.48277417e-03
4.67500000e-02	1.02072745e-01	4.32860608e-03
4.70000000e-02	1.02218148e-01	4.38127768e-03
4.72500000e-02	9.89288365e-02	4.20749983e-03
4.75000000e-02	9.67872381e-02	4.14340736e-03
4.77500000e-02	9.82871804e-02	4.17819829e-03
4.80000000e-02	9.40401505e-02	3.97468173e-03
4.82500000e-02	9.37830881e-02	3.97113731e-03
4.85000000e-02	9.19017129e-02	3.89732429e-03
4.87500000e-02	9.29661576e-02	3.91286202e-03
4.90000000e-02	9.16922529e-02	3.82115630e-03
4.92500000e-02	8.79841339e-02	3.64390529e-03
4.95000000e-02	8.86194592e-02	3.69050637e-03
4.97500000e-02	8.76251032e-02	3.63952722e-03
5.00000000e-02	8.48490149e-02	3.50734597e-03
5.02500000e-02	8.64061767e-02	3.52568001e-03
5.05000000e-02	8.31521163e-02	3.37933684e-03
5.07500000e-02	8.32862710e-02	3.41156571e-03
5.10000000e-02	8.02440223e-02	3.27091459e-03
5.12500000e-02	7.98224278e-02	3.22587362e-03
5.15000000e-02	8.18881657e-02	3.29008913e-03
5.17500000e-02	7.80479823e-02	3.15341440e-03
5.20000000e-02	7.90564885e-02	3.18185788e-03
5.22500000e-02	7.62967392e-02	3.09291402e-03
5.25000000e-02	7.46470235e-02	2.98423114e-03
5.27500000e-02	7.64962820e-02	3.04157832e-03
5.30000000e-02	7.39342019e-02	2.98574695e-03
5.32500000e-02	7.29041104e-02	2.88711958e-03
5.35000000e-02	7.41460283e-02	2.96710775e-03
5.37500000e-02	7.00554124e-02	2.75652997e-03
5.40000000e-02	7.17254958e-02	2.82904312e-03
5.42500000e-02	6.86293300e-02	2.71403241e-03
5.45000000e-02	6.83640148e-02	2.67379588e-03
5.47500000e-02	6.90633815e-02	2.71583346e-03
5.50000000e-02	6.71008569e-02	2.61757161e-03
5.52500000e-02	6.76894438e-02	2.64003211e-03
5.55000000e-02	6.64917386e-02	2.57497131e-03
5.57500000e-02	6.51763860e-02	2.52683240e-03
5.60000000e-02	6.65150092e-02	2.58275285e-03
5.62500000e-02	6.42550331e-02	2.49431885e-03
5.65000000e-02	6.29823191e-02	2.42754476e-03
5.67500000e-02	6.30457078e-02	2.44605119e-03
5.70000000e-02	6.25984595e-02	2.38977951e-03
5.72500000e-02	6.26591828e-02	2.42411347e-03
5.75000000e-02	6.12703771e-02	2.35284277e-03
5.77500000e-02	6.11491591e-02	2.30056599e-03
5.80000000e-02	5.99860596e-02	2.28578813e-03
5.82500000e-02	5.91213710e-02	2.22210299e-03
5.85000000e-02	6.01566395e-02	2.28541934e-03
5.87500000e-02	5.93722270e-02	2.23313188e-03
5.90000000e-02	5.75091688e-02	2.15663358e-03
5.92500000e-02	5.89072365e-02	2.21845457e-03
5.95000000e-02	5.62471936e-02	2.09602546e-03
5.97500000e-02	5.66765356e-02	2.12128373e-03
6.00000000e-02	5.47715587e-02	2.03759059e-03
6.02500000e-02	5.58451328e-02	2.07569319e-03
6.05000000e-02	5.58428982e-02	2.06744517e-03
6.07500000e-02	5.43995422e-02	2.00361145e-03
6.10000000e-02	5.46068747e-02	2.01606602e-03
6.12500000e-02	5.38094242e-02	1.97741821e-03
6.15000000e-02	5.21121117e-02	1.90619678e-03
6.17500000e-02	5.33932887e-02	1.96103138e-03
6.20000000e-02	5.24553670e-02	1.91841577e-03
6.22500000e-02	5.37441558e-02	1.97042043e-03
6.25000000e-02	5.27874811e-02	1.93205052e-03
6.27500000e-02	5.17776484e-02	1.88428260e-03
6.30000000e-02	5.09198629e-02	1.85930680e-03
6.32500000e-02	5.03161008e-02	1.81464251e-03
6.35000000e-02	5.06066218e-02	1.82688162e-03
6.37500000e-02	5.07313299e-02	1.84686680e-03
6.40000000e-02	4.95241801e-02	1.77817531e-03
6.42500000e-02	5.03053948e-02	1.78727190e-03
6.45000000e-02	4.96358507e-02	1.77090423e-03
6.47500000e-02	5.08520635e-02	1.81608691e-03
6.50000000e-02	5.07916793e-02	1.80843508e-03
6.52500000e-02	5.11883150e-02	1.81964271e-03
6.55000000e-02	5.09167585e-02	1.80401426e-03
6.57500000e-02	5.06653369e-02	1.78025952e-03
6.60000000e-02	5.18717608e-02	1.81644073e-03
6.62500000e-02	5.23512081e-02	1.83240496e-03
6.65000000e-02	5.27772031e-02	1.82415278e-03
6.67500000e-02	5.51311868e-02	1.91440910e-03
6.70000000e-02	5.71453615e-02	1.97740470e-03
6.72500000e-02	5.84650396e-02	1.99434927e-03
6.75000000e-02	6.15350444e-02	2.08093339e-03
6.77500000e-02	6.71771899e-02	2.26312574e-03
6.80000000e-02	7.19400614e-02	2.48909567e-03
6.82500000e-02	7.45061740e-02	2.65437726e-03
6.85000000e-02	7.73576525e-02	2.75449194e-03
6.87500000e-02	7.28915512e-02	2.50553237e-03
6.90000000e-02	6.65868230e-02	2.24780583e-03
6.92500000e-02	6.14809611e-02	2.06951928e-03
6.95000000e-02	5.79519230e-02	1.95039393e-03
6.97500000e-02	5.67523006e-02	1.90473807e-03
7.00000000e-02	5.46812406e-02	1.82556660e-03
7.02500000e-02	5.24831710e-02	1.74389997e-03
7.05000000e-02	4.87451664e-02	1.62370897e-03
7.07500000e-02	4.84927214e-02	1.62876251e-03
7.10000000e-02	4.58503962e-02	1.53685725e-03
7.12500000e-02	4.48722455e-02	1.51037851e-03
7.15000000e-02	4.35112754e-02	1.45592568e-03
7.17500000e-02	4.28848543e-02	1.44960024e-03
7.20000000e-02	4.21223676e-02	1.42422089e-03
7.22500000e-02	4.08390183e-02	1.37119760e-03
7.25000000e-02	4.03901207e-02	1.35557278e-03
7.27500000e-02	4.00014384e-02	1.35310206e-03
7.30000000e-02	3.98205276e-02	1.33495890e-03
7.32500000e-02	4.03361309e-02	1.35229070e-03
7.35000000e-02	3.97511665e-02	1.34529904e-03
7.37500000e-02	3.94238528e-02	1.31558333e-03
7.40000000e-02	3.88687324e-02	1.30560685e-03
7.42500000e-02	3.90328034e-02	1.31399308e-03
7.45000000e-02	3.93887802e-02	1.31589093e-03
7.47500000e-02	3.79830927e-02	1.26909495e-03
7.50000000e-02	3.83854165e-02	1.27800963e-03
7.52500000e-02	3.84692248e-02	1.27985672e-03
7.55000000e-02	3.78123608e-02	1.25274542e-03
7.57500000e-02	3.81617110e-02	1.26774486e-03
7.60000000e-02	3.72998831e-02	1.23889661e-03
7.62500000e-02	3.80271759e-02	1.25699542e-03
7.65000000e-02	3.69041957e-02	1.22135965e-03
7.67500000e-02	3.67120922e-02	1.20554015e-03
7.70000000e-02	3.69524070e-02	1.21198689e-03
7.72500000e-02	3.65995847e-02	1.22714309e-03
7.75000000e-02	3.73214621e-02	1.26317599e-03
7.77500000e-02	3.61454892e-02	1.23036657e-03
7.80000000e-02	3.64345138e-02	1.23760023e-03
7.82500000e-02	3.60855338e-02	1.23903201e-03
7.85000000e-02	3.51671434e-02	1.22679639e-03
7.87500000e-02	3.62594605e-02	1.25060270e-03
7.90000000e-02	3.53442650e-02	1.22476744e-03
7.92500000e-02	3.53091423e-02	1.22801803e-03
7.95000000e-02	3.49161399e-02	1.22119953e-03
7.97500000e-02	3.56939945e-02	1.25604047e-03
8.00000000e-02	3.51973239e-02	1.23222711e-03
8.02500000e-02	3.55343159e-02	1.24136740e-03
8.05000000e-02	3.55585113e-02	1.25346618e-03
8.07500000e-02	3.51495373e-02	1.24042525e-03
8.10000000e-02	3.43465181e-02	1.21413011e-03
8.12500000e-02	3.40529169e-02	1.21267119e-03
8.15000000e-02	3.48937114e-02	1.22920159e-03
8.17500000e-02	3.38808548e-02	1.20712369e-03
8.20000000e-02	3.46388154e-02	1.22561054e-03
8.22500000e-02	3.46043824e-02	1.22698755e-03
8.25000000e-02	3.38524694e-02	1.19833695e-03
8.27500000e-02	3.45585003e-02	1.22392945e-03
8.30000000e-02	3.37937644e-02	1.20453832e-03
8.32500000e-02	3.36971728e-02	1.21112010e-03
8.35000000e-02	3.31407337e-02	1.20435688e-03
8.37500000e-02	3.31169694e-02	1.18010863e-03
8.40000000e-02	3.32695303e-02	1.19357863e-03
8.42500000e-02	3.21952463e-02	1.16655707e-03
8.45000000e-02	3.35660512e-02	1.21834437e-03
8.47500000e-02	3.28223602e-02	1.18254674e-03
8.50000000e-02	3.29186894e-02	1.18268829e-03
8.52500000e-02	3.31005897e-02	1.20049875e-03
8.55000000e-02	3.20279693e-02	1.15650311e-03
8.57500000e-02	3.28426188e-02	1.19456383e-03
8.60000000e-02	3.26097786e-02	1.18114154e-03
8.62500000e-02	3.18455604e-02	1.15445514e-03
8.65000000e-02	3.18639567e-02	1.15334151e-03
8.67500000e-02	3.27178344e-02	1.17645831e-03
8.70000000e-02	3.14318236e-02	1.11641090e-03
8.72500000e-02	3.24673829e-02	1.13580357e-03
8.75000000e-02	3.18117393e-02	1.09934241e-03
8.77500000e-02	3.31592152e-02	1.12907363e-03
8.80000000e-02	3.17258099e-02	1.09373542e-03
8.82500000e-02	3.15584061e-02	1.07909119e-03
8.85000000e-02	3.11396437e-02	1.06291961e-03
8.87500000e-02	3.21011559e-02	1.07044662e-03
8.90000000e-02	3.13146712e-02	1.05506012e-03
8.92500000e-02	3.11680620e-02	1.04445955e-03
8.95000000e-02	3.18481225e-02	1.06550998e-03
8.97500000e-02	3.11442259e-02	1.04233456e-03
9.00000000e-02	3.04339555e-02	1.01528152e-03
9.02500000e-02	3.06304321e-02	1.01476897e-03
9.05000000e-02	2.98636169e-02	9.91963481e-04
9.07500000e-02	2.98806793e-02	9.89851463e-04
9.10000000e-02	3.08977006e-02	1.01774327e-03
9.12500000e-02	3.03064165e-02	9.94286774e-04
9.15000000e-02	2.98631074e-02	9.79480745e-04
9.17500000e-02	2.99071463e-02	9.73672895e-04
9.20000000e-02	2.94266559e-02	9.59694208e-04
9.22500000e-02	3.03491739e-02	9.83505607e-04
9.25000000e-02	3.07061388e-02	9.88773925e-04
9.27500000e-02	2.98125504e-02	9.63559034e-04
9.30000000e-02	3.01184527e-02	9.77972191e-04
9.32500000e-02	3.00607463e-02	9.75562039e-04
9.35000000e-02	2.97059742e-02	9.51581458e-04
9.37500000e-02	2.95093387e-02	9.47045544e-04
9.40000000e-02	2.89587096e-02	9.35878231e-04
9.42500000e-02	2.95785455e-02	9.44760302e-04
9.45000000e-02	3.00990922e-02	9.66636828e-04
9.47500000e-02	3.02536553e-02	9.66075639e-04
9.50000000e-02	2.91285326e-02	9.33431599e-04
9.52500000e-02	2.90070389e-02	9.17962638e-04
9.55000000e-02	2.90065490e-02	9.20852506e-04
9.57500000e-02	2.91467254e-02	9.24151487e-04
9.60000000e-02	2.91386350e-02	9.16779272e-04
9.62500000e-02	2.86801348e-02	9.05041590e-04
9.65000000e-02	2.92701663e-02	9.15389663e-04
9.67500000e-02	2.94339868e-02	9.20778239e-04
9.70000000e-02	2.96120498e-02	9.24671662e-04
9.72500000e-02	2.86682717e-02	8.98435716e-04
9.75000000e-02	2.95306802e-02	9.19910036e-04
9.77500000e-02	2.84827837e-02	8.85886927e-04
9.80000000e-02	2.85823705e-02	8.87677622e-04
9.82500000e-02	2.88806668e-02	9.01395969e-04
9.85000000e-02	2.88852349e-02	8.99901250e-04
9.87500000e-02	2.91600401e-02	9.00295724e-04
9.90000000e-02	2.86974807e-02	8.92123835e-04
9.92500000e-02	2.91422377e-02	9.06093083e-04
9.95000000e-02	2.84163501e-02	8.78892818e-04
9.97500000e-02	2.90224217e-02	8.99893126e-04
1.00000000e-01	2.82139489e-02	7.08390595e-04
1.00500000e-01	2.80622335e-02	6.13673408e-04
1.01000000e-01	2.78094454e-02	6.03059053e-04
1.01500000e-01	2.83863390e-02	6.14602816e-04
1.02000000e-01	2.78959503e-02	6.00301244e-04
1.02500000e-01	2.75907539e-02	5.92639727e-04
1.03000000e-01	2.77455256e-02	5.93931059e-04
1.03500000e-01	2.79072853e-02	5.98542367e-04
1.04000000e-01	2.76377733e-02	5.89022971e-04
1.04500000e-01	2.77254930e-02	5.92232758e-04
1.05000000e-01	2.76610412e-02	5.87546933e-04
1.05500000e-01	2.75578547e-02	5.81763588e-04
1.06000000e-01	2.80981490e-02	5.91436095e-04
1.06500000e-01	2.77069421e-02	5.82496833e-04
1.07000000e-01	2.80196692e-02	5.94443397e-04
1.07500000e-01	2.76718631e-02	5.99112048e-04
1.08000000e-01	2.77252719e-02	6.06980762e-04
1.08500000e-01	2.78249563e-02	6.12963599e-04
1.09000000e-01	2.74031786e-02	6.08106344e-04
1.09500000e-01	2.78077347e-02	6.17571128e-04
1.10000000e-01	2.80701073e-02	6.17039819e-04
1.10500000e-01	2.74720283e-02	5.93247583e-04
1.11000000e-01	2.78097473e-02	5.90656192e-04
1.11500000e-01	2.77390391e-02	5.83439856e-04
1.12000000e-01	2.79577876e-02	5.83078537e-04
1.12500000e-01	2.79919662e-02	5.79574622e-04
1.13000000e-01	2.77063466e-02	5.73058284e-04
1.13500000e-01	2.80419296e-02	5.77967616e-04
1.14000000e-01	2.83315786e-02	5.80208102e-04
1.14500000e-01	2.84564724e-02	5.83698127e-04
1.15000000e-01	2.84869517e-02	5.78749567e-04
1.15500000e-01	2.86787537e-02	5.85070088e-04
1.16000000e-01	2.86984836e-02	5.81515733e-04
1.16500000e-01	2.84506537e-02	5.76574415e-04
1.17000000e-01	2.97126271e-02	6.01865559e-04
1.17500000e-01	2.89800910e-02	5.84037544e-04
1.18000000e-01	2.92645864e-02	5.91126018e-04
1.18500000e-01	2.98814911e-02	5.95954822e-04
1.19000000e-01	2.99691890e-02	5.98878808e-04
1.19500000e-01	2.99240549e-02	5.99594647e-04
1.20000000e-01	3.03616503e-02	6.02586317e-04
1.20500000e-01	3.04110891e-02	6.03923066e-04
1.21000000e-01	3.08185002e-02	6.10661835e-04
1.21500000e-01	3.03803440e-02	6.01383369e-04
1.22000000e-01	3.09705874e-02	6.09814865e-04
1.22500000e-01	3.16846728e-02	6.20282884e-04
1.23000000e-01	3.21894882e-02	6.30318090e-04
1.23500000e-01	3.25514210e-02	6.36552108e-04
1.24000000e-01	3.31105312e-02	6.45868351e-04
1.24500000e-01	3.34874678e-02	6.51434831e-04
1.25000000e-01	3.44037231e-02	6.68719772e-04
1.25500000e-01	3.49964060e-02	6.78853957e-04
1.26000000e-01	3.46977485e-02	6.74473730e-04
1.26500000e-01	3.56492775e-02	6.90449733e-04
1.27000000e-01	3.54247075e-02	6.85349436e-04
1.27500000e-01	3.62931177e-02	7.01759857e-04
1.28000000e-01	3.68569992e-02	7.12874215e-04
1.28500000e-01	3.72896942e-02	7.18341271e-04
1.29000000e-01	3.83307076e-02	7.36182467e-04
1.29500000e-01	3.85421193e-02	7.43276449e-04
1.30000000e-01	3.90676445e-02	7.49546372e-04
1.30500000e-01	3.98474349e-02	7.64952828e-04
1.31000000e-01	4.12565914e-02	7.91141785e-04
1.31500000e-01	4.20303840e-02	8.08664547e-04
1.32000000e-01	4.12142216e-02	7.90239776e-04
1.32500000e-01	4.08757701e-02	7.77757246e-04
1.33000000e-01	4.02551517e-02	7.64175590e-04
1.33500000e-01	3.93808941e-02	7.42037905e-04
1.34000000e-01	3.90439472e-02	7.38481847e-04
1.34500000e-01	3.86357112e-02	7.23107943e-04
1.35000000e-01	3.73913211e-02	6.97878845e-04
1.35500000e-01	3.73550064e-02	6.97120538e-04
1.36000000e-01	3.67418461e-02	6.85527923e-04
1.36500000e-01	3.66115712e-02	6.84011977e-04
1.37000000e-01	3.57469354e-02	6.59121830e-04
1.37500000e-01	3.58339852e-02	6.62233866e-04
1.38000000e-01	3.46051628e-02	6.40844290e-04
1.38500000e-01	3.34137917e-02	6.16067491e-04
1.39000000e-01	3.30004372e-02	6.09935846e-04
1.39500000e-01	3.21826134e-02	5.92954860e-04
1.40000000e-01	3.18564451e-02	5.89186330e-04
1.40500000e-01	3.08409615e-02	5.69252284e-04
1.41000000e-01	3.05757687e-02	5.60140702e-04
1.41500000e-01	2.94707294e-02	5.42535528e-04
1.42000000e-01	2.87734884e-02	5.26533704e-04
1.42500000e-01	2.87570967e-02	5.27072025e-04
1.43000000e-01	2.83197209e-02	5.16133515e-04
1.43500000e-01	2.79707920e-02	5.11635675e-04
1.44000000e-01	2.80644134e-02	5.09970223e-04
1.44500000e-01	2.73574545e-02	4.97186385e-04
1.45000000e-01	2.71588141e-02	4.91912660e-04
1.45500000e-01	2.72437244e-02	4.93980553e-04
1.46000000e-01	2.67503831e-02	4.84831749e-04
1.46500000e-01	2.67450708e-02	4.83328125e-04
1.47000000e-01	2.59919025e-02	4.69661987e-04
1.47500000e-01	2.58259867e-02	4.64967342e-04
1.48000000e-01	2.59230083e-02	4.65969390e-04
1.48500000e-01	2.52814765e-02	4.53515841e-04
1.49000000e-01	2.56084689e-02	4.59239125e-04
1.49500000e-01	2.54298952e-02	4.54556423e-04
1.50000000e-01	2.49973880e-02	4.46950766e-04
1.50500000e-01	2.52279890e-02	4.51949706e-04
1.51000000e-01	2.51076247e-02	4.49613856e-04
1.51500000e-01	2.44425636e-02	4.35016218e-04
1.52000000e-01	2.48039044e-02	4.36742250e-04
1.52500000e-01	2.42492904e-02	4.32522046e-04
1.53000000e-01	2.45108842e-02	4.34857218e-04
1.53500000e-01	2.43021170e-02	4.28125462e-04
1.54000000e-01	2.42533142e-02	4.29061452e-04
1.54500000e-01	2.44040539e-02	4.38771455e-04
1.55000000e-01	2.42845008e-02	4.42914477e-04
1.55500000e-01	2.42815933e-02	4.45042417e-04
1.56000000e-01	2.39454129e-02	4.42848277e-04
1.56500000e-01	2.41334198e-02	4.44199282e-04
1.57000000e-01	2.39598303e-02	4.42339511e-04
1.57500000e-01	2.39065106e-02	4.32978865e-04
1.58000000e-01	2.37771582e-02	4.23662832e-04
1.58500000e-01	2.35779169e-02	4.18666374e-04
1.59000000e-01	2.37173499e-02	4.18140125e-04
1.59500000e-01	2.30819147e-02	4.07267558e-04
1.60000000e-01	2.34425137e-02	4.12174938e-04
1.60500000e-01	2.36441646e-02	4.14186837e-04
1.61000000e-01	2.31272387e-02	4.06034885e-04
1.61500000e-01	2.32864970e-02	4.06251762e-04
1.62000000e-01	2.30950858e-02	4.02919784e-04
1.62500000e-01	2.29235597e-02	4.00356527e-04
1.63000000e-01	2.31765272e-02	4.02005126e-04
1.63500000e-01	2.32586252e-02	4.04541121e-04
1.64000000e-01	2.31306183e-02	3.99315830e-04
1.64500000e-01	2.32444258e-02	4.01496539e-04
1.65000000e-01	2.30970036e-02	3.98754447e-04
1.65500000e-01	2.29645560e-02	3.94756671e-04
1.66000000e-01	2.26941642e-02	3.91695403e-04
1.66500000e-01	2.30678572e-02	3.97488531e-04
1.67000000e-01	2.25477287e-02	3.86865914e-04
1.67500000e-01	2.31435469e-02	3.96517766e-04
1.68000000e-01	2.27332640e-02	3.88222456e-04
1.68500000e-01	2.30360631e-02	3.94652915e-04
1.69000000e-01	2.26263851e-02	3.87031079e-04
1.69500000e-01	2.25691233e-02	3.84576878e-04
1.70000000e-01	2.26036741e-02	3.85054149e-04
1.70500000e-01	2.25020982e-02	3.81516400e-04
1.71000000e-01	2.23787567e-02	3.80108238e-04
1.71500000e-01	2.23375615e-02	3.78550528e-04
1.72000000e-01	2.23882147e-02	3.77787155e-04
1.72500000e-01	2.25125005e-02	3.80762722e-04
1.73000000e-01	2.24312451e-02	3.78061949e-04
1.73500000e-01	2.23145169e-02	3.74199549e-04
1.74000000e-01	2.23337664e-02	3.75365345e-04
1.74500000e-01	2.26987690e-02	3.78688014e-04
1.75000000e-01	2.24650187e-02	3.73866609e-04
1.75500000e-01	2.20768203e-02	3.67664572e-04
1.76000000e-01	2.21369368e-02	3.68626026e-04
1.76500000e-01	2.21531837e-02	3.68442776e-04
1.77000000e-01	2.20018621e-02	3.64814739e-04
1.77500000e-01	2.20516152e-02	3.65124160e-04
1.78000000e-01	2.22719807e-02	3.69737637e-04
1.78500000e-01	2.24128459e-02	3.70642988e-04
1.79000000e-01	2.20477667e-02	3.65894886e-04
1.79500000e-01	2.20560634e-02	3.66199028e-04
1.80000000e-01	2.21021634e-02	3.65535225e-04
1.80500000e-01	2.20991626e-02	3.64172390e-04
1.81000000e-01	2.21998859e-02	3.67028745e-04
1.81500000e-01	2.19108588e-02	3.60279751e-04
1.82000000e-01	2.21388320e-02	3.64453905e-04
1.82500000e-01	2.22271323e-02	3.64171207e-04
1.83000000e-01	2.20795546e-02	3.63202753e-04
1.83500000e-01	2.18901149e-02	3.59580004e-04
1.84000000e-01	2.21338710e-02	3.61119727e-04
1.84500000e-01	2.19087535e-02	3.57484693e-04
1.85000000e-01	2.20918157e-02	3.60786375e-04
1.85500000e-01	2.19176457e-02	3.56339030e-04
1.86000000e-01	2.21133851e-02	3.59008724e-04
1.86500000e-01	2.21149236e-02	3.58786825e-04
1.87000000e-01	2.19163357e-02	3.56211978e-04
1.87500000e-01	2.21759961e-02	3.59463591e-04
1.88000000e-01	2.18782324e-02	3.54747476e-04
1.88500000e-01	2.18264619e-02	3.53082590e-04
1.89000000e-01	2.18783863e-02	3.53333639e-04
1.89500000e-01	2.17585712e-02	3.51624008e-04
1.90000000e-01	2.18812128e-02	3.52645938e-04
1.90500000e-01	2.15702771e-02	3.45334507e-04
1.91000000e-01	2.17926344e-02	3.49149326e-04
1.91500000e-01	2.19592181e-02	3.51810155e-04
1.92000000e-01	2.18147292e-02	3.48809366e-04
1.92500000e-01	2.16850474e-02	3.46853550e-04
1.93000000e-01	2.14433551e-02	3.44460318e-04
1.93500000e-01	2.17245984e-02	3.47738221e-04
1.94000000e-01	2.15264435e-02	3.44446476e-04
1.94500000e-01	2.17274234e-02	3.46416332e-04
1.95000000e-01	2.15896415e-02	3.43687604e-04
1.95500000e-01	2.17527420e-02	3.45395854e-04
1.96000000e-01	2.15663687e-02	3.43157460e-04
1.96500000e-01	2.15711842e-02	3.43026143e-04
1.97000000e-01	2.15601304e-02	3.42089781e-04
1.97500000e-01	2.17242675e-02	3.43367827e-04
1.98000000e-01	2.14519835e-02	3.38667673e-04
1.98500000e-01	2.16046225e-02	3.40932820e-04
1.99000000e-01	2.14977071e-02	3.39214783e-04
1.99500000e-01	2.15610149e-02	3.38590333e-04
2.00000000e-01	2.15334893e-02	3.38704147e-04
2.00500000e-01	2.15456185e-02	3.38940423e-04
2.01000000e-01	2.11209276e-02	3.31177536e-04
2.01500000e-01	2.14421615e-02	3.36658613e-04
2.02000000e-01	2.16382873e-02	3.37885443e-04
2.02500000e-01	2.13454043e-02	3.32359699e-04
2.03000000e-01	2.14683479e-02	3.35091794e-04
2.03500000e-01	2.13915121e-02	3.33226223e-04
2.04000000e-01	2.13176036e-02	3.31534196e-04
2.04500000e-01	2.11118066e-02	3.29859652e-04
2.05000000e-01	2.12931652e-02	3.29108574e-04
2.05500000e-01	2.15561181e-02	3.34605998e-04
2.06000000e-01	2.13205213e-02	3.31285205e-04
2.06500000e-01	2.10954343e-02	3.27067297e-04
2.07000000e-01	2.11888660e-02	3.28033014e-04
2.07500000e-01	2.14877116e-02	3.30568089e-04
2.08000000e-01	2.11945016e-02	3.28132841e-04
2.08500000e-01	2.13018323e-02	3.28267153e-04
2.09000000e-01	2.11538678e-02	3.27193936e-04
2.09500000e-01	2.11935916e-02	3.25790800e-04
2.10000000e-01	2.14447138e-02	3.28629771e-04
2.10500000e-01	2.15483642e-02	3.29953915e-04
2.11000000e-01	2.12126882e-02	3.23826361e-04
2.11500000e-01	2.12621884e-02	3.25554910e-04
2.12000000e-01	2.13582307e-02	3.25850397e-04
2.12500000e-01	2.12667397e-02	3.23261019e-04
2.13000000e-01	2.12047878e-02	3.22971892e-04
2.13500000e-01	2.11631191e-02	3.22932429e-04
2.14000000e-01	2.08960772e-02	3.18698269e-04
2.14500000e-01	2.12646343e-02	3.22967537e-04
2.15000000e-01	2.10581926e-02	3.22309042e-04
2.15500000e-01	2.09842895e-02	3.18357362e-04
2.16000000e-01	2.08349990e-02	3.15962987e-04
2.16500000e-01	2.10504003e-02	3.18621829e-04
2.17000000e-01	2.09961400e-02	3.21807113e-04
2.17500000e-01	2.10773744e-02	3.29385983e-04
2.18000000e-01	2.10525241e-02	3.29315542e-04
2.18500000e-01	2.11482611e-02	3.31641470e-04
2.19000000e-01	2.11755466e-02	3.34633946e-04
2.19500000e-01	2.10268287e-02	3.33488203e-04
2.20000000e-01	2.11697766e-02	3.38341561e-04
2.20500000e-01	2.08088986e-02	3.31634576e-04
2.21000000e-01	2.09402026e-02	3.34965510e-04
2.21500000e-01	2.09046680e-02	3.37615137e-04
2.22000000e-01	2.07693928e-02	3.33225025e-04
2.22500000e-01	2.08892443e-02	3.35593731e-04
2.23000000e-01	2.08436095e-02	3.36969225e-04
2.23500000e-01	2.07495368e-02	3.35165579e-04
2.24000000e-01	2.06440651e-02	3.35056836e-04
2.24500000e-01	2.06144876e-02	3.35823799e-04
2.25000000e-01	2.07967601e-02	3.37918008e-04
2.25500000e-01	2.09146911e-02	3.40265570e-04
2.26000000e-01	2.08662889e-02	3.41058746e-04
2.26500000e-01	2.07967150e-02	3.34478187e-04
2.27000000e-01	2.06294557e-02	3.28806148e-04
2.27500000e-01	2.07452083e-02	3.29371068e-04
2.28000000e-01	2.04711132e-02	3.23415824e-04
2.28500000e-01	2.09698995e-02	3.28055018e-04
2.29000000e-01	2.05797780e-02	3.21888262e-04
2.29500000e-01	2.05187285e-02	3.19743499e-04
2.30000000e-01	2.06767079e-02	3.20391579e-04
2.30500000e-01	2.07314788e-02	3.20616861e-04
2.31000000e-01	2.03972694e-02	3.15877032e-04
2.31500000e-01	2.04939595e-02	3.16491567e-04
2.32000000e-01	2.05011686e-02	3.15135073e-04
2.32500000e-01	2.04593366e-02	3.14770432e-04
2.33000000e-01	2.05864378e-02	3.15236708e-04
2.33500000e-01	2.06125507e-02	3.13618466e-04
2.34000000e-01	2.04527533e-02	3.10672724e-04
2.34500000e-01	2.08358187e-02	3.15189755e-04
2.35000000e-01	2.02912001e-02	3.08816635e-04
2.35500000e-01	2.04312857e-02	3.08540433e-04
2.36000000e-01	2.03793001e-02	3.08996885e-04
2.36500000e-01	2.06086253e-02	3.10771091e-04
2.37000000e-01	1.99868358e-02	3.01158285e-04
2.37500000e-01	2.02107214e-02	3.04062289e-04
2.38000000e-01	2.04882982e-02	3.06669676e-04
2.38500000e-01	1.99874280e-02	3.01118831e-04
2.39000000e-01	2.04995373e-02	3.05630534e-04
2.39500000e-01	2.02051386e-02	3.02048696e-04
2.40000000e-01	2.04565340e-02	3.04930133e-04
2.40500000e-01	2.01934606e-02	2.99965769e-04
2.41000000e-01	2.00949620e-02	2.99568906e-04
2.41500000e-01	2.01783218e-02	3.00282503e-04
2.42000000e-01	2.02433445e-02	2.99385273e-04
2.42500000e-01	2.00547779e-02	2.96870243e-04
2.43000000e-01	2.03424724e-02	2.99792593e-04
2.43500000e-01	2.01769771e-02	2.97236189e-04
2.44000000e-01	2.02600931e-02	2.98521267e-04
2.44500000e-01	2.02786396e-02	2.98081919e-04
2.45000000e-01	2.03048651e-02	2.97494192e-04
2.45500000e-01	2.02200124e-02	2.96352281e-04
2.46000000e-01	2.01141217e-02	2.95588860e-04
2.46500000e-01	2.01258013e-02	2.94552983e-04
2.47000000e-01	2.00618127e-02	2.93614188e-04
2.47500000e-01	2.02384565e-02	2.94680429e-04
2.48000000e-01	1.99282167e-02	2.90164681e-04
2.48500000e-01	2.01746064e-02	2.93879373e-04
2.49000000e-01	2.01747506e-02	2.92636111e-04
2.49500000e-01	2.02090489e-02	2.94120995e-04
2.50000000e-01	2.01444820e-02	2.91906980e-04
2.50500000e-01	2.00866054e-02	2.92084435e-04
2.51000000e-01	2.03068527e-02	2.93089539e-04
2.51500000e-01	2.00358449e-02	2.90829913e-04
2.52000000e-01	1.98692461e-02	2.88235346e-04
2.52500000e-01	2.01186045e-02	2.89788524e-04
2.53000000e-01	2.03062700e-02	2.92820405e-04
2.53500000e-01	2.00764779e-02	2.88524979e-04
2.54000000e-01	2.00621921e-02	2.89410692e-04
2.54500000e-01	2.00868929e-02	2.89613330e-04
2.55000000e-01	2.00392980e-02	2.87702979e-04
2.55500000e-01	1.99420331e-02	2.86218155e-04
2.56000000e-01	2.00676927e-02	2.86717989e-04
2.56500000e-01	2.03586229e-02	2.90909692e-04
2.57000000e-01	2.00346462e-02	2.86075248e-04
2.57500000e-01	2.02779718e-02	2.88561477e-04
2.58000000e-01	2.02158445e-02	2.88882223e-04
2.58500000e-01	2.01347673e-02	2.86843173e-04
2.59000000e-01	2.00564329e-02	2.86663870e-04
2.59500000e-01	1.98993882e-02	2.83179583e-04
2.60000000e-01	2.01435788e-02	2.85789196e-04
2.60500000e-01	2.02541487e-02	2.86984268e-04
2.61000000e-01	2.03532717e-02	2.87203623e-04
2.61500000e-01	2.00462007e-02	2.84119989e-04
2.62000000e-01	2.02280987e-02	2.85837754e-04
2.62500000e-01	2.01752480e-02	2.85299327e-04
2.63000000e-01	2.00709761e-02	2.83486102e-04
2.63500000e-01	2.03135017e-02	2.86194754e-04
2.64000000e-01	2.02157229e-02	2.84950865e-04
2.64500000e-01	1.99488730e-02	2.81114957e-04
2.65000000e-01	2.00756496e-02	2.82414593e-04
2.65500000e-01	1.99698035e-02	2.79945145e-04
2.66000000e-01	2.00662244e-02	2.81074180e-04
2.66500000e-01	2.01692952e-02	2.83291427e-04
2.67000000e-01	2.00190877e-02	2.79834132e-04
2.67500000e-01	2.02996026e-02	2.82529844e-04
2.68000000e-01	2.00069466e-02	2.79273895e-04
2.68500000e-01	1.99348829e-02	2.77863947e-04
2.69000000e-01	2.00729173e-02	2.78750158e-04
2.69500000e-01	1.96824672e-02	2.73591174e-04
2.70000000e-01	1.98842691e-02	2.75851710e-04
2.70500000e-01	1.98832065e-02	2.75958125e-04
2.71000000e-01	1.97078524e-02	2.73772841e-04
2.71500000e-01	1.97045899e-02	2.72592960e-04
2.72000000e-01	1.97284339e-02	2.72096655e-04
2.72500000e-01	1.99804177e-02	2.76469987e-04
2.73000000e-01	1.98364079e-02	2.72706842e-04
2.73500000e-01	1.96805476e-02	2.71534183e-04
2.74000000e-01	1.98213177e-02	2.73187294e-04
2.74500000e-01	1.94995604e-02	2.67821679e-04
2.75000000e-01	1.95555682e-02	2.68801440e-04
2.75500000e-01	1.96022618e-02	2.69394335e-04
2.76000000e-01	1.97651536e-02	2.70917279e-04
2.76500000e-01	1.92758183e-02	2.66219211e-04
2.77000000e-01	1.93632631e-02	2.66362553e-04
2.77500000e-01	1.96116768e-02	2.69761420e-04
2.78000000e-01	1.93420504e-02	2.65126262e-04
2.78500000e-01	1.96171337e-02	2.68711609e-04
2.79000000e-01	1.94172682e-02	2.66861248e-04
2.79500000e-01	1.97421185e-02	2.68955889e-04
2.80000000e-01	1.94197163e-02	2.65746311e-04
2.80500000e-01	1.94805074e-02	2.65238745e-04
2.81000000e-01	1.95822023e-02	2.67071257e-04
2.81500000e-01	1.93365628e-02	2.63356100e-04
2.82000000e-01	1.93036909e-02	2.63080800e-04
2.82500000e-01	1.92729293e-02	2.62823063e-04
2.83000000e-01	1.94700537e-02	2.64347121e-04
2.83500000e-01	1.92609841e-02	2.61849006e-04
2.84000000e-01	1.92992076e-02	2.62216316e-04
2.84500000e-01	1.90170648e-02	2.58454674e-04
2.85000000e-01	1.93065198e-02	2.61894505e-04
2.85500000e-01	1.90794636e-02	2.57298231e-04
2.86000000e-01	1.90012719e-02	2.57994998e-04
2.86500000e-01	1.88787500e-02	2.56206247e-04
2.87000000e-01	1.90019436e-02	2.56491169e-04
2.87500000e-01	1.88549321e-02	2.54178987e-04
2.88000000e-01	1.91638842e-02	2.58129469e-04
2.88500000e-01	1.90251047e-02	2.56366340e-04
2.89000000e-01	1.88682009e-02	2.54078782e-04
2.89500000e-01	1.91190963e-02	2.56618869e-04
2.90000000e-01	1.88512445e-02	2.53239040e-04
2.90500000e-01	1.87495649e-02	2.51811898e-04
2.91000000e-01	1.89376063e-02	2.54587350e-04
2.91500000e-01	1.87831287e-02	2.51719070e-04
2.92000000e-01	1.89462689e-02	2.52902426e-04
2.92500000e-01	1.87347595e-02	2.50303851e-04
2.93000000e-01	1.87775566e-02	2.50749720e-04
2.93500000e-01	1.88362521e-02	2.52209020e-04
2.94000000e-01	1.86847314e-02	2.48714980e-04
2.94500000e-01	1.87468703e-02	2.50576110e-04
2.95000000e-01	1.89359430e-02	2.51290060e-04
2.95500000e-01	1.86881540e-02	2.48715521e-04
2.96000000e-01	1.87939354e-02	2.50946868e-04
2.96500000e-01	1.85965581e-02	2.47229858e-04
2.97000000e-01	1.86437356e-02	2.47837566e-04
2.97500000e-01	1.87178066e-02	2.47862975e-04
2.98000000e-01	1.87625559e-02	2.47964776e-04
2.98500000e-01	1.87394274e-02	2.47485014e-04
2.99000000e-01	1.87990367e-02	2.48531838e-04
2.99500000e-01	1.85349109e-02	2.45730947e-04
3.00000000e-01	1.86397572e-02	2.46768221e-04
3.00500000e-01	1.85362633e-02	2.45777836e-04
3.01000000e-01	1.88826916e-02	2.47834264e-04
3.01500000e-01	1.84353880e-02	2.43539487e-04
3.02000000e-01	1.86808501e-02	2.45796189e-04
3.02500000e-01	1.84567795e-02	2.43509610e-04
3.03000000e-01	1.86611118e-02	2.45794422e-04
3.03500000e-01	1.84745050e-02	2.43112970e-04
3.04000000e-01	1.87712082e-02	2.47507713e-04
3.04500000e-01	1.86774664e-02	2.44929436e-04
3.05000000e-01	1.87565998e-02	2.45201134e-04
3.05500000e-01	1.85669137e-02	2.43839557e-04
3.06000000e-01	1.87351417e-02	2.43630089e-04
3.06500000e-01	1.85361248e-02	2.42800338e-04
3.07000000e-01	1.85655897e-02	2.41986736e-04
3.07500000e-01	1.84162405e-02	2.40996700e-04
3.08000000e-01	1.83513418e-02	2.39099884e-04
3.08500000e-01	1.83322280e-02	2.39053880e-04
3.09000000e-01	1.83933058e-02	2.39722781e-04
3.09500000e-01	1.83684046e-02	2.38753141e-04
3.10000000e-01	1.83991583e-02	2.39909841e-04
3.10500000e-01	1.83685076e-02	2.38683833e-04
3.11000000e-01	1.82003063e-02	2.36966296e-04
3.11500000e-01	1.83427560e-02	2.39129961e-04
3.12000000e-01	1.84705101e-02	2.38904140e-04
3.12500000e-01	1.83059644e-02	2.37683462e-04
3.13000000e-01	1.83065041e-02	2.36896501e-04
3.13500000e-01	1.82406113e-02	2.35532297e-04
3.14000000e-01	1.82584285e-02	2.35480595e-04
3.14500000e-01	1.82696243e-02	2.35921768e-04
3.15000000e-01	1.83568694e-02	2.37582343e-04
3.15500000e-01	1.82209201e-02	2.35516577e-04
3.16000000e-01	1.82741024e-02	2.36450910e-04
3.16500000e-01	1.82070539e-02	2.34662076e-04
3.17000000e-01	1.82166508e-02	2.33716470e-04
3.17500000e-01	1.80644803e-02	2.33272227e-04
3.18000000e-01	1.82900413e-02	2.35117340e-04
3.18500000e-01	1.81504219e-02	2.33115707e-04
3.19000000e-01	1.81338965e-02	2.32109095e-04
3.19500000e-01	1.81990049e-02	2.34040147e-04
3.20000000e-01	1.81578220e-02	2.33035230e-04
3.20500000e-01	1.82310118e-02	2.32679564e-04
3.21000000e-01	1.82004253e-02	2.33510924e-04
3.21500000e-01	1.82019002e-02	2.33219794e-04
3.22000000e-01	1.79170894e-02	2.28656833e-04
3.22500000e-01	1.79374564e-02	2.29806851e-04
3.23000000e-01	1.80140874e-02	2.29792311e-04
3.23500000e-01	1.80003651e-02	2.30153358e-04
3.24000000e-01	1.80252940e-02	2.29390658e-04
3.24500000e-01	1.78325220e-02	2.27256525e-04
3.25000000e-01	1.81599470e-02	2.29986962e-04
3.25500000e-01	1.78045486e-02	2.26564787e-04
3.26000000e-01	1.80849356e-02	2.29295878e-04
3.26500000e-01	1.78404748e-02	2.26826309e-04
3.27000000e-01	1.79665260e-02	2.27794288e-04
3.27500000e-01	1.79784069e-02	2.27585662e-04
3.28000000e-01	1.78528606e-02	2.26748775e-04
3.28500000e-01	1.79424847e-02	2.27307564e-04
3.29000000e-01	1.81182573e-02	2.28993248e-04
3.29500000e-01	1.79366837e-02	2.27572144e-04
3.30000000e-01	1.80955054e-02	2.28000374e-04
3.30500000e-01	1.79531354e-02	2.25984574e-04
3.31000000e-01	1.77380896e-02	2.23499026e-04
3.31500000e-01	1.77957887e-02	2.24304361e-04
3.32000000e-01	1.77521247e-02	2.24000603e-04
3.32500000e-01	1.79783782e-02	2.25991159e-04
3.33000000e-01	1.77221657e-02	2.23339806e-04
3.33500000e-01	1.79565220e-02	2.25762003e-04
3.34000000e-01	1.76934367e-02	2.22285422e-04
3.34500000e-01	1.78223081e-02	2.24368295e-04
3.35000000e-01	1.78273713e-02	2.23654734e-04
3.35500000e-01	1.75580628e-02	2.20510872e-04
3.36000000e-01	1.79133112e-02	2.23169984e-04
3.36500000e-01	1.76822198e-02	2.21378775e-04
3.37000000e-01	1.77210380e-02	2.21517782e-04
3.37500000e-01	1.80389249e-02	2.25001000e-04
3.38000000e-01	1.76818337e-02	2.21383564e-04
3.38500000e-01	1.78655588e-02	2.23018361e-04
3.39000000e-01	1.77144473e-02	2.21811607e-04
3.39500000e-01	1.78352510e-02	2.21962180e-04
3.40000000e-01	1.77891946e-02	2.21930618e-04
3.40500000e-01	1.77022076e-02	2.20558493e-04
3.41000000e-01	1.75157443e-02	2.18343657e-04
3.41500000e-01	1.76809752e-02	2.20296036e-04
3.42000000e-01	1.76977096e-02	2.18818394e-04
3.42500000e-01	1.77532413e-02	2.20326437e-04
3.43000000e-01	1.76932575e-02	2.19601502e-04
3.43500000e-01	1.74956439e-02	2.16677416e-04
3.44000000e-01	1.77072839e-02	2.19870444e-04
3.44500000e-01	1.75939583e-02	2.18564543e-04
3.45000000e-01	1.74989708e-02	2.16909651e-04
3.45500000e-01	1.74246896e-02	2.15007939e-04
3.46000000e-01	1.74849590e-02	2.16619102e-04
3.46500000e-01	1.74439166e-02	2.15489441e-04
3.47000000e-01	1.75616502e-02	2.16761040e-04
3.47500000e-01	1.76563104e-02	2.17745107e-04
3.48000000e-01	1.74074463e-02	2.13994927e-04
3.48500000e-01	1.73596208e-02	2.14441257e-04
3.49000000e-01	1.74671083e-02	2.14758730e-04
3.49500000e-01	1.76613630e-02	2.16871429e-04
3.50000000e-01	1.73755989e-02	1.74544216e-04
3.51000000e-01	1.75281486e-02	1.51782642e-04
3.52000000e-01	1.74744476e-02	1.51911148e-04
3.53000000e-01	1.75537066e-02	1.51103660e-04
3.54000000e-01	1.74568304e-02	1.50430996e-04
3.55000000e-01	1.74886587e-02	1.50772402e-04
3.56000000e-01	1.72839789e-02	1.49769979e-04
3.57000000e-01	1.75303933e-02	1.54433972e-04
3.58000000e-01	1.72104533e-02	1.53273768e-04
3.59000000e-01	1.73019614e-02	1.55237039e-04
3.60000000e-01	1.73301873e-02	1.56579573e-04
3.61000000e-01	1.72379137e-02	1.55878236e-04
3.62000000e-01	1.72643344e-02	1.57244800e-04
3.63000000e-01	1.72741496e-02	1.57709922e-04
3.64000000e-01	1.72601099e-02	1.58052205e-04
3.65000000e-01	1.69889450e-02	1.56547430e-04
3.66000000e-01	1.69533768e-02	1.54124865e-04
3.67000000e-01	1.71371811e-02	1.53544897e-04
3.68000000e-01	1.71283204e-02	1.52146910e-04
3.69000000e-01	1.72870550e-02	1.53112127e-04
3.70000000e-01	1.70594341e-02	1.50216354e-04
3.71000000e-01	1.70825130e-02	1.52321387e-04
3.72000000e-01	1.70836108e-02	1.53594793e-04
3.73000000e-01	1.71571687e-02	1.54695236e-04
3.74000000e-01	1.70232307e-02	1.53366459e-04
3.75000000e-01	1.70949169e-02	1.54125797e-04
3.76000000e-01	1.72658520e-02	1.55080577e-04
3.77000000e-01	1.69832166e-02	1.53240772e-04
3.78000000e-01	1.70830336e-02	1.53966526e-04
3.79000000e-01	1.70786114e-02	1.53663731e-04
3.80000000e-01	1.71790475e-02	1.54548379e-04
3.81000000e-01	1.72205857e-02	1.54695932e-04
3.82000000e-01	1.72701202e-02	1.55261950e-04
3.83000000e-01	1.71519401e-02	1.53936236e-04
3.84000000e-01	1.72036822e-02	1.54361747e-04
3.85000000e-01	1.71836171e-02	1.54619566e-04
3.86000000e-01	1.70976612e-02	1.53726335e-04
3.87000000e-01	1.70644957e-02	1.53625982e-04
3.88000000e-01	1.72291900e-02	1.54541229e-04
3.89000000e-01	1.72673512e-02	1.54367007e-04
3.90000000e-01	1.72692120e-02	1.54753073e-04
3.91000000e-01	1.73653211e-02	1.55677422e-04
3.92000000e-01	1.73921131e-02	1.55287987e-04
3.93000000e-01	1.74170273e-02	1.55420490e-04
3.94000000e-01	1.74659058e-02	1.55988121e-04
3.95000000e-01	1.74893327e-02	1.56188731e-04
3.96000000e-01	1.75090697e-02	1.56619192e-04
3.97000000e-01	1.73132960e-02	1.54658568e-04
3.98000000e-01	1.72112462e-02	1.54201388e-04
3.99000000e-01	1.73086858e-02	1.54933663e-04
4.00000000e-01	1.71734191e-02	1.53781744e-04
4.01000000e-01	1.70112830e-02	1.52388834e-04
4.02000000e-01	1.70266034e-02	1.52319843e-04
4.03000000e-01	1.69261562e-02	1.51462901e-04
4.04000000e-01	1.68359866e-02	1.50940584e-04
4.05000000e-01	1.69122762e-02	1.51578118e-04
4.06000000e-01	1.68399043e-02	1.50779832e-04
4.07000000e-01	1.66665471e-02	1.49435805e-04
4.08000000e-01	1.67806699e-02	1.49998605e-04
4.09000000e-01	1.67324165e-02	1.49483196e-04
4.10000000e-01	1.67239491e-02	1.49622304e-04
4.11000000e-01	1.65543601e-02	1.47910736e-04
4.12000000e-01	1.66027053e-02	1.48449205e-04
4.13000000e-01	1.66796232e-02	1.49072908e-04
4.14000000e-01	1.65837841e-02	1.48109476e-04
4.15000000e-01	1.64716924e-02	1.47137083e-04
4.16000000e-01	1.65271604e-02	1.47246799e-04
4.17000000e-01	1.66087173e-02	1.48361144e-04
4.18000000e-01	1.65633219e-02	1.49696837e-04
4.19000000e-01	1.65949237e-02	1.51617669e-04
4.20000000e-01	1.66125981e-02	1.53102279e-04
4.21000000e-01	1.66045892e-02	1.52914751e-04
4.22000000e-01	1.65780128e-02	1.53425969e-04
4.23000000e-01	1.65492371e-02	1.53841305e-04
4.24000000e-01	1.65608536e-02	1.54323413e-04
4.25000000e-01	1.64153130e-02	1.52819964e-04
4.26000000e-01	1.65818829e-02	1.54496737e-04
4.27000000e-01	1.64704937e-02	1.54032073e-04
4.28000000e-01	1.64074365e-02	1.53380357e-04
4.29000000e-01	1.64850882e-02	1.54488691e-04
4.30000000e-01	1.64370394e-02	1.53916307e-04
4.31000000e-01	1.64251342e-02	1.53594150e-04
4.32000000e-01	1.65278728e-02	1.54575650e-04
4.33000000e-01	1.62298504e-02	1.51953619e-04
4.34000000e-01	1.64314073e-02	1.53569217e-04
4.35000000e-01	1.64141247e-02	1.54143468e-04
4.36000000e-01	1.63508053e-02	1.53212460e-04
4.37000000e-01	1.64951730e-02	1.54784443e-04
4.38000000e-01	1.63640226e-02	1.53887414e-04
4.39000000e-01	1.63645289e-02	1.54661544e-04
4.40000000e-01	1.62200745e-02	1.53107584e-04
4.41000000e-01	1.62959535e-02	1.54218903e-04
4.42000000e-01	1.63726883e-02	1.55006583e-04
4.43000000e-01	1.63565115e-02	1.55051098e-04
4.44000000e-01	1.61751020e-02	1.54193168e-04
4.45000000e-01	1.62444645e-02	1.54549486e-04
4.46000000e-01	1.61366519e-02	1.53721972e-04
4.47000000e-01	1.62446422e-02	1.54504551e-04
4.48000000e-01	1.61074272e-02	1.53932175e-04
4.49000000e-01	1.60982988e-02	1.53816027e-04
4.50000000e-01	1.62818806e-02	1.55740926e-04
4.51000000e-01	1.63064679e-02	1.55244817e-04
4.52000000e-01	1.63126348e-02	1.55888265e-04
4.53000000e-01	1.61973664e-02	1.55213217e-04
4.54000000e-01	1.61799729e-02	1.55187343e-04
4.55000000e-01	1.62442534e-02	1.55748860e-04
4.56000000e-01	1.61984491e-02	1.55540440e-04
4.57000000e-01	1.60770033e-02	1.54929740e-04
4.58000000e-01	1.60587339e-02	1.54809044e-04
4.59000000e-01	1.59693666e-02	1.53582957e-04
4.60000000e-01	1.60717397e-02	1.55134173e-04
4.61000000e-01	1.61287986e-02	1.55587980e-04
4.62000000e-01	1.60018550e-02	1.54397664e-04
4.63000000e-01	1.61515821e-02	1.55859738e-04
4.64000000e-01	1.62816017e-02	1.57210079e-04
4.65000000e-01	1.61271157e-02	1.55988630e-04
4.66000000e-01	1.60614003e-02	1.55113074e-04
4.67000000e-01	1.59714898e-02	1.54947418e-04
4.68000000e-01	1.61019129e-02	1.56170814e-04
4.69000000e-01	1.59570617e-02	1.54928931e-04
4.70000000e-01	1.61278210e-02	1.56372418e-04
4.71000000e-01	1.60419869e-02	1.55562452e-04
4.72000000e-01	1.60094078e-02	1.55338565e-04
4.73000000e-01	1.60927509e-02	1.56046578e-04
4.74000000e-01	1.59255429e-02	1.54413615e-04
4.75000000e-01	1.59275941e-02	1.54568386e-04
4.76000000e-01	1.58419547e-02	1.53679855e-04
4.77000000e-01	1.59859200e-02	1.55041225e-04
4.78000000e-01	1.60511936e-02	1.55615766e-04
4.79000000e-01	1.61080463e-02	1.55913491e-04
4.80000000e-01	1.59854392e-02	1.55115407e-04
4.81000000e-01	1.58475491e-02	1.54136917e-04
4.82000000e-01	1.59017021e-02	1.54359156e-04
4.83000000e-01	1.58780271e-02	1.54558965e-04
4.84000000e-01	1.59708281e-02	1.55337369e-04
4.85000000e-01	1.59553165e-02	1.55299970e-04
4.86000000e-01	1.58568399e-02	1.54320918e-04
4.87000000e-01	1.59098024e-02	1.55235467e-04
4.88000000e-01	1.57636936e-02	1.54145593e-04
4.89000000e-01	1.59170409e-02	1.55597148e-04
4.90000000e-01	1.59247353e-02	1.55292872e-04
4.91000000e-01	1.60561654e-02	1.56960580e-04
4.92000000e-01	1.60219109e-02	1.56503000e-04
4.93000000e-01	1.58947041e-02	1.55355876e-04
4.94000000e-01	1.58552118e-02	1.55220195e-04
4.95000000e-01	1.58271705e-02	1.56031987e-04
4.96000000e-01	1.58600751e-02	1.61077256e-04
4.97000000e-01	1.58209529e-02	1.63512710e-04
4.98000000e-01	1.60189970e-02	1.67147899e-04
4.99000000e-01	1.59054612e-02	1.68732565e-04
5.00000000e-01	1.59572113e-02	1.70669444e-04
5.01000000e-01	1.58477967e-02	1.71284702e-04
5.02000000e-01	1.59923281e-02	1.74614315e-04
5.03000000e-01	1.58255884e-02	1.74455143e-04
5.04000000e-01	1.60924969e-02	1.78680847e-04
5.05000000e-01	1.60086746e-02	1.75080383e-04
5.06000000e-01	1.60837571e-02	1.71675817e-04
5.07000000e-01	1.59029248e-02	1.68229122e-04
5.08000000e-01	1.58966219e-02	1.67340314e-04
5.09000000e-01	1.58948742e-02	1.66644811e-04
5.10000000e-01	1.59503745e-02	1.66581704e-04
5.11000000e-01	1.60030960e-02	1.66056150e-04
5.12000000e-01	1.58651620e-02	1.64907047e-04
5.13000000e-01	1.58972897e-02	1.65095200e-04
5.14000000e-01	1.58696013e-02	1.64341862e-04
5.15000000e-01	1.59493832e-02	1.64232653e-04
5.16000000e-01	1.58478270e-02	1.63287136e-04
5.17000000e-01	1.58109358e-02	1.62563363e-04
5.18000000e-01	1.58367288e-02	1.62397320e-04
5.19000000e-01	1.57161075e-02	1.61055429e-04
5.20000000e-01	1.58981223e-02	1.62254747e-04
5.21000000e-01	1.57524625e-02	1.61099858e-04
5.22000000e-01	1.59025594e-02	1.62074213e-04
5.23000000e-01	1.57956278e-02	1.60931005e-04
5.24000000e-01	1.56707584e-02	1.60392277e-04
5.25000000e-01	1.58084452e-02	1.60976025e-04
5.26000000e-01	1.58363076e-02	1.61652143e-04
5.27000000e-01	1.59544676e-02	1.62175476e-04
5.28000000e-01	1.58203378e-02	1.60991261e-04
5.29000000e-01	1.56994605e-02	1.60437653e-04
5.30000000e-01	1.57172887e-02	1.60344257e-04
5.31000000e-01	1.58167215e-02	1.61207544e-04
5.32000000e-01	1.56541153e-02	1.60205862e-04
5.33000000e-01	1.56782379e-02	1.59840639e-04
5.34000000e-01	1.57354043e-02	1.60538518e-04
5.35000000e-01	1.57873740e-02	1.60485109e-04
5.36000000e-01	1.57232222e-02	1.60371173e-04
5.37000000e-01	1.56830109e-02	1.59659867e-04
5.38000000e-01	1.56879859e-02	1.59485303e-04
5.39000000e-01	1.58649429e-02	1.61193080e-04
5.40000000e-01	1.56887752e-02	1.60016382e-04
5.41000000e-01	1.56116434e-02	1.59392436e-04
5.42000000e-01	1.57172554e-02	1.59716741e-04
5.43000000e-01	1.57010744e-02	1.59664208e-04
5.44000000e-01	1.56775668e-02	1.59883794e-04
5.45000000e-01	1.55833169e-02	1.58691880e-04
5.46000000e-01	1.55051216e-02	1.57719169e-04
5.47000000e-01	1.56008455e-02	1.59010132e-04
5.48000000e-01	1.56676536e-02	1.59417769e-04
5.49000000e-01	1.53662041e-02	1.56153475e-04
5.50000000e-01	1.56526953e-02	1.59236777e-04
5.51000000e-01	1.55501974e-02	1.57493178e-04
5.52000000e-01	1.55739739e-02	1.57983936e-04
5.53000000e-01	1.55233742e-02	1.57563948e-04
5.54000000e-01	1.54175265e-02	1.56096742e-04
5.55000000e-01	1.55946886e-02	1.57622957e-04
5.56000000e-01	1.56558386e-02	1.58481022e-04
5.57000000e-01	1.54101288e-02	1.56439646e-04
5.58000000e-01	1.55346287e-02	1.57860906e-04
5.59000000e-01	1.55709464e-02	1.57633730e-04
5.60000000e-01	1.54850042e-02	1.56998489e-04
5.61000000e-01	1.53689941e-02	1.55393829e-04
5.62000000e-01	1.56407282e-02	1.58109094e-04
5.63000000e-01	1.55149902e-02	1.57209906e-04
5.64000000e-01	1.55907777e-02	1.57536248e-04
5.65000000e-01	1.53471783e-02	1.55658652e-04
5.66000000e-01	1.54704439e-02	1.56782941e-04
5.67000000e-01	1.55087962e-02	1.57504376e-04
5.68000000e-01	1.54227736e-02	1.56506034e-04
5.69000000e-01	1.56024284e-02	1.57466677e-04
5.70000000e-01	1.53695654e-02	1.55634685e-04
5.71000000e-01	1.55056229e-02	1.57143308e-04
5.72000000e-01	1.54000070e-02	1.56173515e-04
5.73000000e-01	1.54393098e-02	1.56241966e-04
5.74000000e-01	1.54080516e-02	1.56211004e-04
5.75000000e-01	1.53091323e-02	1.55519248e-04
5.76000000e-01	1.55053993e-02	1.57506989e-04
5.77000000e-01	1.55613683e-02	1.57929962e-04
5.78000000e-01	1.51925070e-02	1.54067306e-04
5.79000000e-01	1.53936504e-02	1.55859784e-04
5.80000000e-01	1.53179593e-02	1.55728654e-04
5.81000000e-01	1.54557646e-02	1.56772865e-04
5.82000000e-01	1.54031004e-02	1.56075255e-04
5.83000000e-01	1.53537062e-02	1.56154308e-04
5.84000000e-01	1.52816656e-02	1.55035702e-04
5.85000000e-01	1.53810011e-02	1.55714252e-04
5.86000000e-01	1.53766083e-02	1.56186961e-04
5.87000000e-01	1.52921120e-02	1.55170112e-04
5.88000000e-01	1.52899999e-02	1.55645634e-04
5.89000000e-01	1.55629133e-02	1.58120553e-04
5.90000000e-01	1.53156561e-02	1.55859474e-04
5.91000000e-01	1.52645266e-02	1.55336830e-04
5.92000000e-01	1.53987259e-02	1.56334608e-04
5.93000000e-01	1.54220213e-02	1.56557824e-04
5.94000000e-01	1.52544534e-02	1.55501771e-04
5.95000000e-01	1.53757389e-02	1.56366315e-04
5.96000000e-01	1.52239188e-02	1.54954011e-04
5.97000000e-01	1.52653631e-02	1.55111294e-04
5.98000000e-01	1.51115084e-02	1.54474996e-04
5.99000000e-01	1.52281499e-02	1.54869399e-04
6.00000000e-01	1.54164527e-02	1.56654067e-04
6.01000000e-01	1.51313461e-02	1.54701584e-04
6.02000000e-01	1.52683954e-02	1.55368109e-04
6.03000000e-01	1.53011241e-02	1.55551697e-04
6.04000000e-01	1.52779381e-02	1.56050419e-04
6.05000000e-01	1.52507996e-02	1.55386768e-04
6.06000000e-01	1.52260098e-02	1.55353690e-04
6.07000000e-01	1.52666913e-02	1.55703049e-04
6.08000000e-01	1.51570072e-02	1.54614085e-04
6.09000000e-01	1.51817862e-02	1.54705029e-04
6.10000000e-01	1.53534655e-02	1.56628934e-04
6.11000000e-01	1.51936895e-02	1.54468471e-04
6.12000000e-01	1.52876424e-02	1.55631186e-04
6.13000000e-01	1.51025790e-02	1.53991035e-04
6.14000000e-01	1.51506528e-02	1.54299723e-04
6.15000000e-01	1.51973507e-02	1.54780815e-04
6.16000000e-01	1.52559373e-02	1.55950434e-04
6.17000000e-01	1.52291212e-02	1.54915954e-04
6.18000000e-01	1.52401090e-02	1.55658776e-04
6.19000000e-01	1.52120296e-02	1.54459131e-04
6.20000000e-01	1.51007436e-02	1.53708437e-04
6.21000000e-01	1.50758472e-02	1.53841241e-04
6.22000000e-01	1.51011353e-02	1.53616037e-04
6.23000000e-01	1.51205132e-02	1.53402617e-04
6.24000000e-01	1.51963456e-02	1.54003721e-04
6.25000000e-01	1.51098494e-02	1.52560587e-04
6.26000000e-01	1.51220541e-02	1.53057840e-04
6.27000000e-01	1.51958324e-02	1.53842526e-04
6.28000000e-01	1.50914986e-02	1.52912500e-04
6.29000000e-01	1.51761901e-02	1.53315349e-04
6.30000000e-01	1.49472903e-02	1.51901963e-04
6.31000000e-01	1.51949568e-02	1.53734447e-04
6.32000000e-01	1.51751372e-02	1.53759986e-04
6.33000000e-01	1.51315685e-02	1.53794131e-04
6.34000000e-01	1.51721306e-02	1.57316092e-04
6.35000000e-01	1.51728776e-02	1.62185263e-04
6.36000000e-01	1.53035251e-02	1.66003616e-04
6.37000000e-01	1.51047710e-02	1.66884807e-04
6.38000000e-01	1.51834891e-02	1.69373523e-04
6.39000000e-01	1.51630639e-02	1.71372532e-04
6.40000000e-01	1.52652002e-02	1.74764960e-04
6.41000000e-01	1.51260945e-02	1.75479980e-04
6.42000000e-01	1.52215562e-02	1.78131268e-04
6.43000000e-01	1.50822895e-02	1.77215463e-04
6.44000000e-01	1.53910361e-02	1.73535704e-04
6.45000000e-01	1.53047588e-02	1.70296719e-04
6.46000000e-01	1.52525448e-02	1.68526900e-04
6.47000000e-01	1.52842353e-02	1.67317187e-04
6.48000000e-01	1.54015541e-02	1.66781319e-04
6.49000000e-01	1.52966429e-02	1.65426313e-04
6.50000000e-01	1.52038208e-02	1.63231261e-04
6.51000000e-01	1.51626356e-02	1.63072970e-04
6.52000000e-01	1.52602519e-02	1.63069505e-04
6.53000000e-01	1.54021095e-02	1.63620921e-04
6.54000000e-01	1.53501176e-02	1.62621631e-04
6.55000000e-01	1.52595372e-02	1.61221046e-04
6.56000000e-01	1.54368505e-02	1.63034422e-04
6.57000000e-01	1.52811750e-02	1.61277923e-04
6.58000000e-01	1.52857447e-02	1.61265301e-04
6.59000000e-01	1.51367342e-02	1.59672746e-04
6.60000000e-01	1.53245006e-02	1.61512101e-04
6.61000000e-01	1.51461139e-02	1.59716419e-04
6.62000000e-01	1.53203225e-02	1.61573575e-04
6.63000000e-01	1.53498452e-02	1.61417544e-04
6.64000000e-01	1.52498195e-02	1.60137916e-04
6.65000000e-01	1.52359690e-02	1.60573333e-04
6.66000000e-01	1.54262652e-02	1.61621797e-04
6.67000000e-01	1.52355080e-02	1.59799717e-04
6.68000000e-01	1.49920586e-02	1.57766118e-04
6.69000000e-01	1.49765525e-02	1.57511142e-04
6.70000000e-01	1.51190207e-02	1.58329033e-04
6.71000000e-01	1.51838538e-02	1.58887113e-04
6.72000000e-01	1.50512086e-02	1.57436357e-04
6.73000000e-01	1.51061928e-02	1.57731491e-04
6.74000000e-01	1.50580351e-02	1.58018540e-04
6.75000000e-01	1.50862536e-02	1.57881092e-04
6.76000000e-01	1.51031997e-02	1.58124415e-04
6.77000000e-01	1.51042822e-02	1.57883106e-04
6.78000000e-01	1.49652040e-02	1.56579243e-04
6.79000000e-01	1.49274574e-02	1.56231693e-04
6.80000000e-01	1.52093489e-02	1.58579847e-04
6.81000000e-01	1.49819848e-02	1.56630245e-04
6.82000000e-01	1.50433842e-02	1.57117960e-04
6.83000000e-01	1.49738451e-02	1.56373545e-04
6.84000000e-01	1.51469104e-02	1.58295373e-04
6.85000000e-01	1.50685502e-02	1.57013818e-04
6.86000000e-01	1.50186897e-02	1.56621494e-04
6.87000000e-01	1.48809964e-02	1.55498597e-04
6.88000000e-01	1.49381320e-02	1.56287085e-04
6.89000000e-01	1.47702889e-02	1.54204627e-04
6.90000000e-01	1.48801419e-02	1.55992472e-04
6.91000000e-01	1.47862815e-02	1.54480347e-04
6.92000000e-01	1.48796715e-02	1.55689936e-04
6.93000000e-01	1.50331867e-02	1.57325448e-04
6.94000000e-01	1.50211537e-02	1.56289911e-04
6.95000000e-01	1.49289370e-02	1.55412299e-04
6.96000000e-01	1.50533124e-02	1.56427734e-04
6.97000000e-01	1.49731177e-02	1.56006809e-04
6.98000000e-01	1.49948836e-02	1.55793169e-04
6.99000000e-01	1.47669898e-02	1.54112092e-04
7.00000000e-01	1.48337858e-02	1.54881480e-04
7.01000000e-01	1.48982917e-02	1.55380163e-04
7.02000000e-01	1.47534021e-02	1.53666100e-04
7.03000000e-01	1.49186344e-02	1.55845773e-04
7.04000000e-01	1.47330925e-02	1.53971692e-04
7.05000000e-01	1.48363296e-02	1.54948485e-04
7.06000000e-01	1.47496444e-02	1.54074806e-04
7.07000000e-01	1.49495919e-02	1.55754980e-04
7.08000000e-01	1.49063970e-02	1.54329759e-04
7.09000000e-01	1.46828844e-02	1.53082439e-04
7.10000000e-01	1.46118371e-02	1.52354400e-04
7.11000000e-01	1.47999132e-02	1.53780304e-04
7.12000000e-01	1.46309853e-02	1.52147422e-04
7.13000000e-01	1.46414006e-02	1.52469497e-04
7.14000000e-01	1.47314738e-02	1.53795563e-04
7.15000000e-01	1.46372238e-02	1.52565965e-04
7.16000000e-01	1.45660430e-02	1.51982630e-04
7.17000000e-01	1.46915275e-02	1.53326686e-04
7.18000000e-01	1.46142531e-02	1.52468975e-04
7.19000000e-01	1.45955021e-02	1.52068600e-04
7.20000000e-01	1.44305306e-02	1.50642228e-04
7.21000000e-01	1.43794130e-02	1.50344804e-04
7.22000000e-01	1.45496806e-02	1.51578516e-04
7.23000000e-01	1.45486812e-02	1.51980164e-04
7.24000000e-01	1.45359117e-02	1.51531884e-04
7.25000000e-01	1.45174560e-02	1.51512213e-04
7.26000000e-01	1.46051793e-02	1.52336780e-04
7.27000000e-01	1.43817899e-02	1.50081336e-04
7.28000000e-01	1.43950980e-02	1.50192488e-04
7.29000000e-01	1.45064176e-02	1.51722431e-04
7.30000000e-01	1.44030535e-02	1.51016990e-04
7.31000000e-01	1.44660361e-02	1.50840996e-04
7.32000000e-01	1.44661437e-02	1.50980960e-04
7.33000000e-01	1.44750345e-02	1.50822181e-04
7.34000000e-01	1.43538244e-02	1.49326973e-04
7.35000000e-01	1.43428134e-02	1.48952886e-04
7.36000000e-01	1.44003929e-02	1.49575821e-04
7.37000000e-01	1.44008966e-02	1.49202363e-04
7.38000000e-01	1.43168664e-02	1.48333138e-04
7.39000000e-01	1.42404284e-02	1.48236355e-04
7.40000000e-01	1.43279344e-02	1.48208452e-04
7.41000000e-01	1.42730599e-02	1.47450439e-04
7.42000000e-01	1.42809814e-02	1.48068578e-04
7.43000000e-01	1.43484225e-02	1.48327333e-04
7.44000000e-01	1.42906412e-02	1.47926432e-04
7.45000000e-01	1.43056665e-02	1.47719186e-04
7.46000000e-01	1.41421083e-02	1.46232400e-04
7.47000000e-01	1.42384857e-02	1.47543216e-04
7.48000000e-01	1.43125581e-02	1.47886854e-04
7.49000000e-01	1.42817466e-02	1.47465236e-04
7.50000000e-01	1.41775036e-02	1.46910386e-04
7.51000000e-01	1.41818563e-02	1.46898759e-04
7.52000000e-01	1.41593125e-02	1.46097042e-04
7.53000000e-01	1.40213639e-02	1.45277437e-04
7.54000000e-01	1.41020376e-02	1.46109452e-04
7.55000000e-01	1.40347259e-02	1.45090996e-04
7.56000000e-01	1.40946757e-02	1.45970786e-04
7.57000000e-01	1.43030584e-02	1.48477680e-04
7.58000000e-01	1.39987480e-02	1.44743945e-04
7.59000000e-01	1.40947912e-02	1.46035573e-04
7.60000000e-01	1.41750026e-02	1.46236879e-04
7.61000000e-01	1.40107083e-02	1.44509588e-04
7.62000000e-01	1.40883651e-02	1.45050147e-04
7.63000000e-01	1.40929811e-02	1.44769052e-04
7.64000000e-01	1.39176617e-02	1.42991219e-04
7.65000000e-01	1.39049975e-02	1.43074039e-04
7.66000000e-01	1.39479647e-02	1.43331678e-04
7.67000000e-01	1.39835347e-02	1.43294697e-04
7.68000000e-01	1.39675855e-02	1.43613220e-04
7.69000000e-01	1.38108427e-02	1.41737396e-04
7.70000000e-01	1.39773547e-02	1.43391748e-04
7.71000000e-01	1.40173406e-02	1.44146739e-04
7.72000000e-01	1.38019254e-02	1.46257588e-04
7.73000000e-01	1.39789418e-02	1.53086248e-04
7.74000000e-01	1.38419929e-02	1.54341890e-04
7.75000000e-01	1.39070960e-02	1.57794664e-04
7.76000000e-01	1.37309044e-02	1.58405736e-04
7.77000000e-01	1.37862352e-02	1.60869995e-04
7.78000000e-01	1.37633532e-02	1.62595965e-04
7.79000000e-01	1.38235886e-02	1.65716060e-04
7.80000000e-01	1.36864455e-02	1.65497399e-04
7.81000000e-01	1.37086207e-02	1.67649181e-04
7.82000000e-01	1.37171041e-02	1.70307889e-04
7.83000000e-01	1.36804596e-02	1.70664425e-04
7.84000000e-01	1.37041174e-02	1.73463255e-04
7.85000000e-01	1.36349280e-02	1.74754143e-04
7.86000000e-01	1.36708724e-02	1.77347342e-04
7.87000000e-01	1.34808104e-02	1.76326406e-04
7.88000000e-01	1.36800993e-02	1.79773444e-04
7.89000000e-01	1.35498768e-02	1.79934914e-04
7.90000000e-01	1.33991532e-02	1.80439151e-04
7.91000000e-01	1.34812949e-02	1.84085950e-04
7.92000000e-01	1.35470121e-02	1.86274533e-04
7.93000000e-01	1.33226654e-02	1.84980324e-04
7.94000000e-01	1.32980386e-02	1.86284104e-04
7.95000000e-01	1.36013697e-02	1.92304335e-04
7.96000000e-01	1.34949859e-02	1.93046403e-04
7.97000000e-01	1.33043939e-02	1.91865291e-04
7.98000000e-01	1.35367370e-02	1.97282691e-04
7.99000000e-01	1.34060605e-02	1.98898170e-04
8.00000000e-01	1.35213167e-02	2.01828038e-04
8.01000000e-01	1.33936846e-02	2.01518078e-04
8.02000000e-01	1.32746836e-02	2.02003891e-04
8.03000000e-01	1.32190439e-02	2.04133556e-04
8.04000000e-01	1.31085830e-02	2.04100482e-04
8.05000000e-01	1.34807318e-02	2.10689386e-04
8.06000000e-01	1.34393499e-02	2.13573085e-04
8.07000000e-01	1.33373419e-02	2.13224664e-04
8.08000000e-01	1.31172100e-02	2.13735606e-04
8.09000000e-01	1.31659009e-02	2.16034137e-04
8.10000000e-01	1.31434515e-02	2.19853978e-04
8.11000000e-01	1.34014827e-02	2.24739398e-04
8.12000000e-01	1.32782786e-02	2.26456721e-04
8.13000000e-01	1.33594704e-02	2.28609053e-04
8.14000000e-01	1.29461287e-02	2.24526813e-04
8.15000000e-01	1.30333612e-02	2.31282740e-04
8.16000000e-01	1.31557097e-02	2.34282478e-04
8.17000000e-01	1.31745564e-02	2.37236973e-04
8.18000000e-01	1.33125339e-02	2.42693005e-04
8.19000000e-01	1.30088392e-02	2.39430622e-04
8.20000000e-01	1.31339844e-02	2.45843695e-04
8.21000000e-01	1.29847595e-02	2.46670760e-04
8.22000000e-01	1.27902574e-02	2.46348054e-04
8.23000000e-01	1.27758930e-02	2.48793821e-04
8.24000000e-01	1.30225179e-02	2.57941599e-04
8.25000000e-01	1.31123359e-02	2.62463791e-04
8.26000000e-01	1.29099629e-02	2.64592096e-04
8.27000000e-01	1.28859595e-02	2.67741364e-04
8.28000000e-01	1.26529259e-02	2.65964431e-04
8.29000000e-01	1.27456838e-02	2.72213424e-04
8.30000000e-01	1.27292988e-02	2.75825487e-04
8.31000000e-01	1.27459796e-02	2.80123863e-04
8.32000000e-01	1.24639030e-02	2.80711648e-04
8.33000000e-01	1.27295150e-02	2.89262103e-04
8.34000000e-01	1.26322664e-02	2.93156726e-04
8.35000000e-01	1.26595577e-02	2.99053038e-04
8.36000000e-01	1.24209148e-02	2.98597940e-04
8.37000000e-01	1.27484638e-02	3.10982272e-04
8.38000000e-01	1.25638586e-02	3.14748843e-04
8.39000000e-01	1.23223229e-02	3.15691411e-04
8.40000000e-01	1.25950591e-02	3.32238215e-04
8.41000000e-01	1.25333043e-02	3.36314171e-04
8.42000000e-01	1.22307291e-02	3.37293847e-04
8.43000000e-01	1.25704638e-02	3.50629622e-04
8.44000000e-01	1.25743526e-02	3.59616322e-04
8.45000000e-01	1.22863224e-02	3.61878623e-04
8.46000000e-01	1.23315870e-02	3.71110893e-04
8.47000000e-01	1.22819155e-02	3.85300083e-04
8.48000000e-01	1.26554753e-02	4.06794550e-04
8.49000000e-01	1.28036759e-02	4.20542141e-04
8.50000000e-01	1.19455840e-02	4.07368535e-04
8.51000000e-01	1.21307316e-02	4.30611401e-04
8.52000000e-01	1.22969456e-02	4.50700833e-04
8.53000000e-01	1.22234363e-02	4.76881482e-04
8.54000000e-01	1.20913007e-02	4.84566491e-04
8.55000000e-01	1.18859951e-02	4.94114213e-04
8.56000000e-01	1.12967004e-02	4.88918379e-04
8.57000000e-01	1.19376385e-02	5.23092749e-04
8.58000000e-01	1.20299966e-02	5.49022992e-04
8.59000000e-01	1.21235183e-02	5.68297960e-04
8.60000000e-01	1.22210682e-02	5.86846173e-04
8.61000000e-01	1.25063704e-02	6.16048330e-04
8.62000000e-01	1.26277056e-02	6.54180742e-04
8.63000000e-01	1.23700450e-02	6.67352701e-04
8.64000000e-01	1.22598344e-02	6.84359708e-04
8.65000000e-01	1.17987550e-02	6.98440189e-04
8.66000000e-01	1.17930208e-02	7.42795144e-04
8.67000000e-01	1.20102813e-02	7.96941762e-04
8.68000000e-01	1.20259631e-02	8.51975269e-04
8.69000000e-01	1.13820415e-02	8.59958763e-04
8.70000000e-01	1.28806275e-02	1.03609699e-03
8.71000000e-01	1.20441147e-02	1.09005226e-03
8.72000000e-01	1.08971746e-02	1.15105461e-03
8.73000000e-01	1.17277347e-02	1.40958211e-03
8.74000000e-01	1.27047481e-02	2.00145596e-03
8.75000000e-01	1.03171177e-02	3.32983790e-03
