% Filename : SB3_00041_00025.h5
% Date & Time : 30-Oct-2025 17:57:58
% X-ray Energy (keV) : 13.30001
% Exposure Time (s) : 0.500
% Beam Center : 1461.24000, 208.98300
% Sample to Detector Distance (SDD) (mm) : 1990.750
% Detector Pixel Size (mm) : 0.075
% Photodiode Value : 139277.000
% I0 of Sample : 0
% I0 of Standard : 1
% 
% q(A^-1)   I(q)    I(q)_SE
0.00000000e+00	1.29718130e-02	7.10496715e-03
2.50000000e-04	0.00000000e+00	0.00000000e+00
5.00000000e-04	0.00000000e+00	0.00000000e+00
7.50000000e-04	0.00000000e+00	0.00000000e+00
1.00000000e-03	0.00000000e+00	0.00000000e+00
1.25000000e-03	0.00000000e+00	0.00000000e+00
1.50000000e-03	0.00000000e+00	0.00000000e+00
1.75000000e-03	0.00000000e+00	0.00000000e+00
2.00000000e-03	0.00000000e+00	0.00000000e+00
2.25000000e-03	0.00000000e+00	0.00000000e+00
2.50000000e-03	0.00000000e+00	0.00000000e+00
2.75000000e-03	0.00000000e+00	0.00000000e+00
3.00000000e-03	0.00000000e+00	0.00000000e+00
3.25000000e-03	7.67688425e+03	5.42990727e+03
3.50000000e-03	4.94506568e+03	1.33331387e+03
3.75000000e-03	4.15141950e+03	7.85996117e+02
4.00000000e-03	3.19928202e+03	5.55754205e+02
4.25000000e-03	2.18706412e+03	3.09371642e+02
4.50000000e-03	1.89078741e+03	2.35469907e+02
4.75000000e-03	1.62248711e+03	1.83654832e+02
5.00000000e-03	1.29852560e+03	1.40296087e+02
5.25000000e-03	1.05921208e+03	1.12987778e+02
5.50000000e-03	8.72082650e+02	8.86428135e+01
5.75000000e-03	7.53982670e+02	7.52297445e+01
6.00000000e-03	6.07051810e+02	5.85643484e+01
6.25000000e-03	5.25086680e+02	5.00325813e+01
6.50000000e-03	4.41353803e+02	4.10167790e+01
6.75000000e-03	3.82337724e+02	3.49225474e+01
7.00000000e-03	3.35666860e+02	2.97445545e+01
7.25000000e-03	2.84162811e+02	2.46922371e+01
7.50000000e-03	2.50607000e+02	2.18210219e+01
7.75000000e-03	2.18055637e+02	1.83579576e+01
8.00000000e-03	1.97498116e+02	1.64166488e+01
8.25000000e-03	1.70912682e+02	1.36978930e+01
8.50000000e-03	1.50419129e+02	1.18353319e+01
8.75000000e-03	1.35620246e+02	1.06204275e+01
9.00000000e-03	1.19525978e+02	9.23250536e+00
9.25000000e-03	1.08636638e+02	8.17100756e+00
9.50000000e-03	9.70501650e+01	7.13330907e+00
9.75000000e-03	8.69153737e+01	6.35528301e+00
1.00000000e-02	7.85227360e+01	5.65791828e+00
1.02500000e-02	7.17932642e+01	5.17922665e+00
1.05000000e-02	6.59902518e+01	4.57845921e+00
1.07500000e-02	5.93585598e+01	4.11523117e+00
1.10000000e-02	5.42318292e+01	3.67048068e+00
1.12500000e-02	4.97301800e+01	3.42859763e+00
1.15000000e-02	4.56304046e+01	3.07387682e+00
1.17500000e-02	4.15959754e+01	2.71910020e+00
1.20000000e-02	3.89581000e+01	2.54381157e+00
1.22500000e-02	3.57466197e+01	2.29352742e+00
1.25000000e-02	3.30584264e+01	2.11590680e+00
1.27500000e-02	3.07508672e+01	1.94388916e+00
1.30000000e-02	2.86173846e+01	1.78032148e+00
1.32500000e-02	2.62865635e+01	1.59671454e+00
1.35000000e-02	2.44047271e+01	1.48293142e+00
1.37500000e-02	2.28464525e+01	1.38632217e+00
1.40000000e-02	2.11269785e+01	1.26618976e+00
1.42500000e-02	2.00080976e+01	1.17515478e+00
1.45000000e-02	1.85609854e+01	1.08432900e+00
1.47500000e-02	1.72134154e+01	1.00181672e+00
1.50000000e-02	1.61670650e+01	9.34476059e-01
1.52500000e-02	1.52696295e+01	8.72279956e-01
1.55000000e-02	1.43045241e+01	8.01625239e-01
1.57500000e-02	1.33942848e+01	7.50055672e-01
1.60000000e-02	1.25563004e+01	6.91903683e-01
1.62500000e-02	1.19273615e+01	6.65771191e-01
1.65000000e-02	1.11243746e+01	6.06640338e-01
1.67500000e-02	1.06216426e+01	5.71068426e-01
1.70000000e-02	9.96022376e+00	5.34246173e-01
1.72500000e-02	9.37535155e+00	5.00323522e-01
1.75000000e-02	8.90634090e+00	4.73762535e-01
1.77500000e-02	8.41014173e+00	4.38088358e-01
1.80000000e-02	8.00568401e+00	4.19259994e-01
1.82500000e-02	7.57210212e+00	3.84691238e-01
1.85000000e-02	7.16777190e+00	3.74572905e-01
1.87500000e-02	6.81240745e+00	3.46756737e-01
1.90000000e-02	6.48357604e+00	3.29015923e-01
1.92500000e-02	6.15872588e+00	3.07300087e-01
1.95000000e-02	5.82134465e+00	2.89118385e-01
1.97500000e-02	5.52665694e+00	2.76607616e-01
2.00000000e-02	5.25060578e+00	2.59213258e-01
2.02500000e-02	5.04393759e+00	2.47852886e-01
2.05000000e-02	4.84268120e+00	2.33232888e-01
2.07500000e-02	4.58330367e+00	2.20422379e-01
2.10000000e-02	4.41899430e+00	2.14195613e-01
2.12500000e-02	4.25728293e+00	2.06458050e-01
2.15000000e-02	4.09343660e+00	1.96491018e-01
2.17500000e-02	3.97426321e+00	1.91787650e-01
2.20000000e-02	3.78774559e+00	1.83933654e-01
2.22500000e-02	3.62240604e+00	1.74330610e-01
2.25000000e-02	3.52090771e+00	1.70957841e-01
2.27500000e-02	3.34526847e+00	1.59876982e-01
2.30000000e-02	3.26545624e+00	1.57585019e-01
2.32500000e-02	3.10976514e+00	1.48650270e-01
2.35000000e-02	3.01566398e+00	1.45936452e-01
2.37500000e-02	2.90643850e+00	1.39276871e-01
2.40000000e-02	2.76799642e+00	1.33181823e-01
2.42500000e-02	2.68925526e+00	1.28594717e-01
2.45000000e-02	2.57258791e+00	1.23192208e-01
2.47500000e-02	2.50045843e+00	1.18149052e-01
2.50000000e-02	2.39077708e+00	1.13314969e-01
2.52500000e-02	2.30946879e+00	1.10550245e-01
2.55000000e-02	2.23328008e+00	1.04281002e-01
2.57500000e-02	2.14691453e+00	1.00903177e-01
2.60000000e-02	2.07537273e+00	9.69354826e-02
2.62500000e-02	2.01572794e+00	9.54596182e-02
2.65000000e-02	1.93455309e+00	9.03305742e-02
2.67500000e-02	1.87791090e+00	8.69789663e-02
2.70000000e-02	1.80698435e+00	8.43209991e-02
2.72500000e-02	1.74315102e+00	8.01227138e-02
2.75000000e-02	1.68959886e+00	7.92615996e-02
2.77500000e-02	1.62283645e+00	7.60813332e-02
2.80000000e-02	1.58514705e+00	7.22619111e-02
2.82500000e-02	1.52237450e+00	6.95077116e-02
2.85000000e-02	1.48421962e+00	6.80870055e-02
2.87500000e-02	1.43393597e+00	6.59847109e-02
2.90000000e-02	1.39353510e+00	6.42112075e-02
2.92500000e-02	1.34840282e+00	6.02590501e-02
2.95000000e-02	1.30313634e+00	5.95367769e-02
2.97500000e-02	1.26355994e+00	5.70942148e-02
3.00000000e-02	1.21837946e+00	5.54190348e-02
3.02500000e-02	1.18648995e+00	5.38081117e-02
3.05000000e-02	1.14778658e+00	5.08763539e-02
3.07500000e-02	1.11238943e+00	4.98904557e-02
3.10000000e-02	1.08159379e+00	4.85194393e-02
3.12500000e-02	1.05051411e+00	4.75440633e-02
3.15000000e-02	1.01452025e+00	4.53632497e-02
3.17500000e-02	9.91192340e-01	4.34199014e-02
3.20000000e-02	9.68670383e-01	4.30985594e-02
3.22500000e-02	9.41508710e-01	4.17950521e-02
3.25000000e-02	9.08908159e-01	4.04540619e-02
3.27500000e-02	8.79470243e-01	3.86595636e-02
3.30000000e-02	8.64056418e-01	3.76914786e-02
3.32500000e-02	8.32892515e-01	3.63517414e-02
3.35000000e-02	8.11978169e-01	3.58751725e-02
3.37500000e-02	7.91448126e-01	3.45028037e-02
3.40000000e-02	7.70126355e-01	3.36319744e-02
3.42500000e-02	7.52773249e-01	3.24913618e-02
3.45000000e-02	7.34114224e-01	3.19798504e-02
3.47500000e-02	7.15999660e-01	3.09939355e-02
3.50000000e-02	6.93092530e-01	2.99911341e-02
3.52500000e-02	6.78745333e-01	2.93718511e-02
3.55000000e-02	6.61662491e-01	2.81004784e-02
3.57500000e-02	6.44987635e-01	2.77594202e-02
3.60000000e-02	6.25342715e-01	2.68437931e-02
3.62500000e-02	6.08746264e-01	2.61581800e-02
3.65000000e-02	5.93783002e-01	2.53797674e-02
3.67500000e-02	5.82406139e-01	2.47583963e-02
3.70000000e-02	5.63965707e-01	2.39837552e-02
3.72500000e-02	5.51018676e-01	2.33332135e-02
3.75000000e-02	5.38095625e-01	2.28936000e-02
3.77500000e-02	5.24763924e-01	2.21377793e-02
3.80000000e-02	5.15077501e-01	2.16791125e-02
3.82500000e-02	4.98061764e-01	2.07892592e-02
3.85000000e-02	4.88343307e-01	2.05767932e-02
3.87500000e-02	4.77251373e-01	1.98503554e-02
3.90000000e-02	4.68847772e-01	1.97684243e-02
3.92500000e-02	4.55118001e-01	1.88139013e-02
3.95000000e-02	4.45474326e-01	1.84966317e-02
3.97500000e-02	4.36710186e-01	1.81140775e-02
4.00000000e-02	4.32031576e-01	1.78381153e-02
4.02500000e-02	4.19110917e-01	1.72827203e-02
4.05000000e-02	4.07626044e-01	1.67076595e-02
4.07500000e-02	4.03139445e-01	1.64426256e-02
4.10000000e-02	3.93311564e-01	1.62263455e-02
4.12500000e-02	3.85675616e-01	1.58238031e-02
4.15000000e-02	3.76029879e-01	1.52282537e-02
4.17500000e-02	3.72064982e-01	1.51145537e-02
4.20000000e-02	3.61150679e-01	1.45702582e-02
4.22500000e-02	3.56589774e-01	1.43440060e-02
4.25000000e-02	3.51654671e-01	1.42113476e-02
4.27500000e-02	3.39540996e-01	1.36473378e-02
4.30000000e-02	3.35555448e-01	1.34536178e-02
4.32500000e-02	3.25203049e-01	1.29768536e-02
4.35000000e-02	3.20645120e-01	1.29424918e-02
4.37500000e-02	3.15977662e-01	1.24978611e-02
4.40000000e-02	3.08830121e-01	1.23227943e-02
4.42500000e-02	3.04511839e-01	1.20874079e-02
4.45000000e-02	2.97345551e-01	1.17127789e-02
4.47500000e-02	2.91193631e-01	1.14801894e-02
4.50000000e-02	2.85938882e-01	1.12914915e-02
4.52500000e-02	2.83074150e-01	1.11121728e-02
4.55000000e-02	2.77840035e-01	1.08765579e-02
4.57500000e-02	2.70934813e-01	1.05771803e-02
4.60000000e-02	2.67004959e-01	1.04421676e-02
4.62500000e-02	2.64515934e-01	1.03602289e-02
4.65000000e-02	2.58937626e-01	1.00461930e-02
4.67500000e-02	2.52469092e-01	9.71635526e-03
4.70000000e-02	2.49297335e-01	9.61238073e-03
4.72500000e-02	2.45884674e-01	9.51633217e-03
4.75000000e-02	2.42484092e-01	9.41457967e-03
4.77500000e-02	2.38298881e-01	9.09700198e-03
4.80000000e-02	2.33760859e-01	8.92827076e-03
4.82500000e-02	2.29669290e-01	8.77507929e-03
4.85000000e-02	2.25730679e-01	8.71362551e-03
4.87500000e-02	2.22414589e-01	8.48991372e-03
4.90000000e-02	2.19924962e-01	8.31137980e-03
4.92500000e-02	2.11877004e-01	8.01684900e-03
4.95000000e-02	2.11267188e-01	7.99579126e-03
4.97500000e-02	2.09491844e-01	7.97741081e-03
5.00000000e-02	2.02532970e-01	7.66195346e-03
5.02500000e-02	2.02555501e-01	7.58623928e-03
5.05000000e-02	2.00714160e-01	7.51394816e-03
5.07500000e-02	1.98516887e-01	7.44808675e-03
5.10000000e-02	1.92756225e-01	7.22055669e-03
5.12500000e-02	1.90479512e-01	7.15335696e-03
5.15000000e-02	1.85498749e-01	6.87274049e-03
5.17500000e-02	1.83679364e-01	6.85528982e-03
5.20000000e-02	1.81428115e-01	6.73287557e-03
5.22500000e-02	1.79523051e-01	6.67950793e-03
5.25000000e-02	1.74409224e-01	6.43825299e-03
5.27500000e-02	1.73844928e-01	6.39909538e-03
5.30000000e-02	1.71882026e-01	6.36774479e-03
5.32500000e-02	1.70470607e-01	6.28193979e-03
5.35000000e-02	1.67331965e-01	6.17012965e-03
5.37500000e-02	1.63112667e-01	5.95441816e-03
5.40000000e-02	1.62397753e-01	5.93394093e-03
5.42500000e-02	1.58410558e-01	5.76631210e-03
5.45000000e-02	1.58485990e-01	5.78358251e-03
5.47500000e-02	1.56753498e-01	5.69133803e-03
5.50000000e-02	1.54150379e-01	5.61285902e-03
5.52500000e-02	1.50758257e-01	5.45209367e-03
5.55000000e-02	1.51113701e-01	5.43414480e-03
5.57500000e-02	1.47657361e-01	5.35828055e-03
5.60000000e-02	1.45814129e-01	5.23190561e-03
5.62500000e-02	1.43712202e-01	5.18430942e-03
5.65000000e-02	1.41839975e-01	5.08167353e-03
5.67500000e-02	1.40011723e-01	5.03657701e-03
5.70000000e-02	1.39303283e-01	4.97458631e-03
5.72500000e-02	1.35818111e-01	4.85111139e-03
5.75000000e-02	1.36100440e-01	4.86744385e-03
5.77500000e-02	1.33820253e-01	4.73534043e-03
5.80000000e-02	1.32264652e-01	4.69177215e-03
5.82500000e-02	1.29258010e-01	4.56453138e-03
5.85000000e-02	1.29319980e-01	4.58141376e-03
5.87500000e-02	1.27340163e-01	4.48127815e-03
5.90000000e-02	1.26497146e-01	4.47458363e-03
5.92500000e-02	1.25276518e-01	4.40559893e-03
5.95000000e-02	1.24893815e-01	4.36932634e-03
5.97500000e-02	1.23206983e-01	4.34741882e-03
6.00000000e-02	1.23477707e-01	4.32034192e-03
6.02500000e-02	1.19001655e-01	4.17044835e-03
6.05000000e-02	1.17165140e-01	4.07869737e-03
6.07500000e-02	1.17370759e-01	4.09093492e-03
6.10000000e-02	1.16597204e-01	4.04885887e-03
6.12500000e-02	1.16273574e-01	4.02272654e-03
6.15000000e-02	1.14218147e-01	3.95418938e-03
6.17500000e-02	1.11926955e-01	3.86415476e-03
6.20000000e-02	1.13085678e-01	3.92027903e-03
6.22500000e-02	1.11782172e-01	3.85746212e-03
6.25000000e-02	1.10124093e-01	3.78575351e-03
6.27500000e-02	1.08958114e-01	3.73580589e-03
6.30000000e-02	1.09433295e-01	3.74215702e-03
6.32500000e-02	1.08370580e-01	3.70789404e-03
6.35000000e-02	1.08019842e-01	3.70843202e-03
6.37500000e-02	1.11684020e-01	3.84469359e-03
6.40000000e-02	1.11654400e-01	3.81574428e-03
6.42500000e-02	1.13424611e-01	3.85279159e-03
6.45000000e-02	1.14794336e-01	3.90753369e-03
6.47500000e-02	1.17474286e-01	4.01412585e-03
6.50000000e-02	1.18181878e-01	4.04258714e-03
6.52500000e-02	1.20021059e-01	4.11187167e-03
6.55000000e-02	1.25164579e-01	4.33474726e-03
6.57500000e-02	1.30945050e-01	4.63258407e-03
6.60000000e-02	1.30927411e-01	4.61529273e-03
6.62500000e-02	1.26142535e-01	4.35304998e-03
6.65000000e-02	1.20135124e-01	4.03245440e-03
6.67500000e-02	1.18094579e-01	3.95356499e-03
6.70000000e-02	1.20187186e-01	4.03572843e-03
6.72500000e-02	1.23001070e-01	4.11336852e-03
6.75000000e-02	1.25323871e-01	4.15311436e-03
6.77500000e-02	1.27595853e-01	4.21343153e-03
6.80000000e-02	1.31215977e-01	4.34209684e-03
6.82500000e-02	1.38479879e-01	4.57379699e-03
6.85000000e-02	1.50613192e-01	5.03163207e-03
6.87500000e-02	1.65856715e-01	5.56782453e-03
6.90000000e-02	1.74985424e-01	5.98206713e-03
6.92500000e-02	1.79901982e-01	6.32255557e-03
6.95000000e-02	1.76594986e-01	6.40010670e-03
6.97500000e-02	1.65622252e-01	6.15637317e-03
7.00000000e-02	1.48378626e-01	5.55094937e-03
7.02500000e-02	1.27866694e-01	4.54666526e-03
7.05000000e-02	1.12181269e-01	3.77820707e-03
7.07500000e-02	1.02300581e-01	3.40282067e-03
7.10000000e-02	9.29687232e-02	3.03587787e-03
7.12500000e-02	8.99536050e-02	2.93414957e-03
7.15000000e-02	8.76748033e-02	2.84326950e-03
7.17500000e-02	8.31185344e-02	2.70605226e-03
7.20000000e-02	8.29999095e-02	2.70557494e-03
7.22500000e-02	8.03120667e-02	2.60839062e-03
7.25000000e-02	8.00411599e-02	2.59089553e-03
7.27500000e-02	7.92702986e-02	2.57184126e-03
7.30000000e-02	7.86076492e-02	2.53859841e-03
7.32500000e-02	7.60540234e-02	2.45361754e-03
7.35000000e-02	7.72582371e-02	2.50081350e-03
7.37500000e-02	7.52402984e-02	2.42356194e-03
7.40000000e-02	7.45544783e-02	2.40448342e-03
7.42500000e-02	7.35604084e-02	2.37107936e-03
7.45000000e-02	7.33515544e-02	2.35927327e-03
7.47500000e-02	7.23843170e-02	2.31671500e-03
7.50000000e-02	7.19898152e-02	2.30373130e-03
7.52500000e-02	7.11287032e-02	2.27440191e-03
7.55000000e-02	7.12930408e-02	2.26573103e-03
7.57500000e-02	7.04108311e-02	2.23927860e-03
7.60000000e-02	6.85575230e-02	2.18875141e-03
7.62500000e-02	6.87407282e-02	2.19349990e-03
7.65000000e-02	6.84108544e-02	2.17930310e-03
7.67500000e-02	6.80055929e-02	2.15696366e-03
7.70000000e-02	6.84186109e-02	2.16418128e-03
7.72500000e-02	6.98900244e-02	2.24989573e-03
7.75000000e-02	6.77273473e-02	2.20607799e-03
7.77500000e-02	6.71585580e-02	2.19604170e-03
7.80000000e-02	6.74469828e-02	2.21677629e-03
7.82500000e-02	6.71624344e-02	2.21727080e-03
7.85000000e-02	6.69453077e-02	2.22495790e-03
7.87500000e-02	6.63721736e-02	2.19427468e-03
7.90000000e-02	6.58927240e-02	2.19484868e-03
7.92500000e-02	6.44468176e-02	2.15429744e-03
7.95000000e-02	6.46239094e-02	2.15834144e-03
7.97500000e-02	6.64368794e-02	2.24017944e-03
8.00000000e-02	6.43029354e-02	2.16137707e-03
8.02500000e-02	6.41537339e-02	2.15964127e-03
8.05000000e-02	6.36535739e-02	2.14247511e-03
8.07500000e-02	6.41462039e-02	2.17959545e-03
8.10000000e-02	6.30298294e-02	2.14646125e-03
8.12500000e-02	6.39942766e-02	2.17273838e-03
8.15000000e-02	6.36335242e-02	2.15086593e-03
8.17500000e-02	6.33002266e-02	2.16009299e-03
8.20000000e-02	6.21502579e-02	2.12205055e-03
8.22500000e-02	6.21349441e-02	2.12109042e-03
8.25000000e-02	6.19132439e-02	2.11939299e-03
8.27500000e-02	6.12471620e-02	2.09614942e-03
8.30000000e-02	6.04674446e-02	2.08486540e-03
8.32500000e-02	6.10876182e-02	2.10708750e-03
8.35000000e-02	6.10436005e-02	2.11123724e-03
8.37500000e-02	5.98374629e-02	2.04452186e-03
8.40000000e-02	6.05432222e-02	2.08611367e-03
8.42500000e-02	6.01291177e-02	2.08202167e-03
8.45000000e-02	6.02205358e-02	2.08155899e-03
8.47500000e-02	6.06955954e-02	2.10658812e-03
8.50000000e-02	5.90494750e-02	2.03589015e-03
8.52500000e-02	5.85924711e-02	2.03944174e-03
8.55000000e-02	5.88735743e-02	2.04249045e-03
8.57500000e-02	5.74749019e-02	2.00822429e-03
8.60000000e-02	5.90650836e-02	2.05826288e-03
8.62500000e-02	5.83322839e-02	2.02725328e-03
8.65000000e-02	5.74319470e-02	1.99713496e-03
8.67500000e-02	5.68920271e-02	1.97229553e-03
8.70000000e-02	5.70698451e-02	1.95331531e-03
8.72500000e-02	5.58708616e-02	1.88714110e-03
8.75000000e-02	5.51112565e-02	1.84172735e-03
8.77500000e-02	5.59942258e-02	1.85816690e-03
8.80000000e-02	5.49009994e-02	1.82348227e-03
8.82500000e-02	5.41029282e-02	1.78562368e-03
8.85000000e-02	5.33943205e-02	1.76996687e-03
8.87500000e-02	5.30337897e-02	1.72073256e-03
8.90000000e-02	5.30539984e-02	1.74047257e-03
8.92500000e-02	5.37372827e-02	1.74339771e-03
8.95000000e-02	5.25851295e-02	1.71132305e-03
8.97500000e-02	5.34876331e-02	1.72112899e-03
9.00000000e-02	5.25640718e-02	1.68066173e-03
9.02500000e-02	5.18062818e-02	1.66509718e-03
9.05000000e-02	5.11698269e-02	1.64127598e-03
9.07500000e-02	5.21632193e-02	1.67059426e-03
9.10000000e-02	5.15872880e-02	1.63573443e-03
9.12500000e-02	5.00085004e-02	1.59045474e-03
9.15000000e-02	5.07229846e-02	1.61150601e-03
9.17500000e-02	5.06687642e-02	1.61093363e-03
9.20000000e-02	4.98787040e-02	1.57858172e-03
9.22500000e-02	4.97764194e-02	1.57745692e-03
9.25000000e-02	4.99112338e-02	1.56898686e-03
9.27500000e-02	5.02085330e-02	1.57630823e-03
9.30000000e-02	4.92125072e-02	1.53897597e-03
9.32500000e-02	4.98040485e-02	1.56917541e-03
9.35000000e-02	4.91387481e-02	1.53681186e-03
9.37500000e-02	4.84757599e-02	1.51339585e-03
9.40000000e-02	4.90999868e-02	1.53026670e-03
9.42500000e-02	4.80882278e-02	1.50050547e-03
9.45000000e-02	4.79610012e-02	1.48169360e-03
9.47500000e-02	4.88985863e-02	1.51889675e-03
9.50000000e-02	4.85574565e-02	1.49574535e-03
9.52500000e-02	4.68970913e-02	1.45188854e-03
9.55000000e-02	4.71727166e-02	1.45870935e-03
9.57500000e-02	4.81331944e-02	1.48825284e-03
9.60000000e-02	4.71858246e-02	1.44840088e-03
9.62500000e-02	4.68275775e-02	1.43255233e-03
9.65000000e-02	4.64115048e-02	1.42222977e-03
9.67500000e-02	4.55624735e-02	1.39278909e-03
9.70000000e-02	4.64693021e-02	1.41430962e-03
9.72500000e-02	4.64024350e-02	1.42180342e-03
9.75000000e-02	4.53750895e-02	1.38223642e-03
9.77500000e-02	4.61509149e-02	1.39060178e-03
9.80000000e-02	4.54801040e-02	1.37908871e-03
9.82500000e-02	4.54842549e-02	1.38423372e-03
9.85000000e-02	4.52314680e-02	1.36836655e-03
9.87500000e-02	4.53872397e-02	1.37526008e-03
9.90000000e-02	4.56886990e-02	1.38211730e-03
9.92500000e-02	4.54443160e-02	1.36794577e-03
9.95000000e-02	4.55221848e-02	1.36935507e-03
9.97500000e-02	4.53487901e-02	1.36350421e-03
1.00000000e-01	4.53875359e-02	1.10812926e-03
1.00500000e-01	4.50550194e-02	9.54662345e-04
1.01000000e-01	4.44396926e-02	9.37930282e-04
1.01500000e-01	4.43651767e-02	9.33564227e-04
1.02000000e-01	4.37648870e-02	9.15164988e-04
1.02500000e-01	4.37911314e-02	9.14004952e-04
1.03000000e-01	4.34718129e-02	9.09652247e-04
1.03500000e-01	4.34769772e-02	9.01692169e-04
1.04000000e-01	4.27744786e-02	8.87667541e-04
1.04500000e-01	4.30280739e-02	8.92609988e-04
1.05000000e-01	4.23588683e-02	8.73556577e-04
1.05500000e-01	4.33663104e-02	8.91948319e-04
1.06000000e-01	4.28893039e-02	8.79470971e-04
1.06500000e-01	4.30386000e-02	8.81996552e-04
1.07000000e-01	4.19435353e-02	8.70134628e-04
1.07500000e-01	4.16393503e-02	8.79895600e-04
1.08000000e-01	4.06119749e-02	8.67903791e-04
1.08500000e-01	4.03226569e-02	8.65425765e-04
1.09000000e-01	4.04682051e-02	8.71884115e-04
1.09500000e-01	4.02899747e-02	8.76156292e-04
1.10000000e-01	4.03418392e-02	8.64627907e-04
1.10500000e-01	4.11205166e-02	8.63375689e-04
1.11000000e-01	4.19717965e-02	8.66368345e-04
1.11500000e-01	4.16477374e-02	8.58018884e-04
1.12000000e-01	4.21228023e-02	8.58667187e-04
1.12500000e-01	4.15641638e-02	8.40512458e-04
1.13000000e-01	4.20446651e-02	8.53290329e-04
1.13500000e-01	4.24708127e-02	8.57718673e-04
1.14000000e-01	4.26592623e-02	8.57383343e-04
1.14500000e-01	4.30470648e-02	8.64297370e-04
1.15000000e-01	4.25411195e-02	8.50688959e-04
1.15500000e-01	4.22117880e-02	8.42106846e-04
1.16000000e-01	4.32224498e-02	8.56280336e-04
1.16500000e-01	4.30096684e-02	8.50699074e-04
1.17000000e-01	4.29397175e-02	8.49004600e-04
1.17500000e-01	4.34328367e-02	8.52420995e-04
1.18000000e-01	4.40294899e-02	8.67199546e-04
1.18500000e-01	4.37107562e-02	8.56115286e-04
1.19000000e-01	4.47194544e-02	8.74391468e-04
1.19500000e-01	4.56112917e-02	8.86990027e-04
1.20000000e-01	4.57750411e-02	8.87329995e-04
1.20500000e-01	4.61317204e-02	8.95004459e-04
1.21000000e-01	4.59251726e-02	8.88412446e-04
1.21500000e-01	4.59826761e-02	8.90538137e-04
1.22000000e-01	4.59691983e-02	8.85318870e-04
1.22500000e-01	4.72688076e-02	9.07573888e-04
1.23000000e-01	4.82123996e-02	9.22475229e-04
1.23500000e-01	4.83414832e-02	9.22013555e-04
1.24000000e-01	5.01956194e-02	9.59435958e-04
1.24500000e-01	5.08256648e-02	9.65397892e-04
1.25000000e-01	5.18112521e-02	9.82214059e-04
1.25500000e-01	5.19197171e-02	9.81919479e-04
1.26000000e-01	5.29042584e-02	1.00251360e-03
1.26500000e-01	5.33146587e-02	1.00691199e-03
1.27000000e-01	5.44240476e-02	1.02252356e-03
1.27500000e-01	5.44485930e-02	1.01970732e-03
1.28000000e-01	5.54035251e-02	1.03439210e-03
1.28500000e-01	5.58371634e-02	1.04241829e-03
1.29000000e-01	5.65810440e-02	1.05352684e-03
1.29500000e-01	5.73647759e-02	1.06555738e-03
1.30000000e-01	5.79467534e-02	1.07612539e-03
1.30500000e-01	5.85645938e-02	1.08221144e-03
1.31000000e-01	5.85204217e-02	1.08102951e-03
1.31500000e-01	5.86717134e-02	1.08215947e-03
1.32000000e-01	5.81552728e-02	1.06766488e-03
1.32500000e-01	5.77293239e-02	1.05764736e-03
1.33000000e-01	5.64843538e-02	1.03493161e-03
1.33500000e-01	5.62362941e-02	1.02282301e-03
1.34000000e-01	5.57252538e-02	1.01332349e-03
1.34500000e-01	5.44610346e-02	9.85411947e-04
1.35000000e-01	5.33266774e-02	9.61653998e-04
1.35500000e-01	5.27356929e-02	9.52270899e-04
1.36000000e-01	5.15784928e-02	9.27875033e-04
1.36500000e-01	5.11276736e-02	9.26036444e-04
1.37000000e-01	5.06304270e-02	9.07176745e-04
1.37500000e-01	4.99830285e-02	8.97617125e-04
1.38000000e-01	4.88493458e-02	8.76735500e-04
1.38500000e-01	4.77877569e-02	8.59946733e-04
1.39000000e-01	4.59512515e-02	8.28360036e-04
1.39500000e-01	4.50752498e-02	8.10764477e-04
1.40000000e-01	4.35931764e-02	7.87284789e-04
1.40500000e-01	4.19312110e-02	7.52835212e-04
1.41000000e-01	4.05450312e-02	7.25410541e-04
1.41500000e-01	3.93703233e-02	7.07016532e-04
1.42000000e-01	3.87636922e-02	6.91431720e-04
1.42500000e-01	3.78376227e-02	6.75996180e-04
1.43000000e-01	3.69961899e-02	6.60235371e-04
1.43500000e-01	3.64103184e-02	6.46715974e-04
1.44000000e-01	3.58529170e-02	6.38486629e-04
1.44500000e-01	3.56342861e-02	6.29841708e-04
1.45000000e-01	3.52827910e-02	6.26810203e-04
1.45500000e-01	3.46234129e-02	6.13956089e-04
1.46000000e-01	3.41751591e-02	6.05035783e-04
1.46500000e-01	3.40398763e-02	6.02752717e-04
1.47000000e-01	3.34172210e-02	5.90392939e-04
1.47500000e-01	3.35920952e-02	5.92048908e-04
1.48000000e-01	3.29007247e-02	5.79216408e-04
1.48500000e-01	3.27769702e-02	5.75989709e-04
1.49000000e-01	3.21792363e-02	5.65729828e-04
1.49500000e-01	3.23554185e-02	5.66922722e-04
1.50000000e-01	3.16644433e-02	5.53134369e-04
1.50500000e-01	3.18892319e-02	5.60654989e-04
1.51000000e-01	3.13668902e-02	5.48940010e-04
1.51500000e-01	3.12815807e-02	5.45621377e-04
1.52000000e-01	3.07847177e-02	5.35317369e-04
1.52500000e-01	3.09195254e-02	5.39789308e-04
1.53000000e-01	3.10276229e-02	5.42445127e-04
1.53500000e-01	3.06576446e-02	5.31548468e-04
1.54000000e-01	3.05972663e-02	5.29904192e-04
1.54500000e-01	3.02101379e-02	5.34285512e-04
1.55000000e-01	3.02902229e-02	5.41192437e-04
1.55500000e-01	2.99335748e-02	5.40831417e-04
1.56000000e-01	3.01315038e-02	5.45024855e-04
1.56500000e-01	2.99113851e-02	5.41711731e-04
1.57000000e-01	2.99584010e-02	5.44642287e-04
1.57500000e-01	2.96140681e-02	5.29000926e-04
1.58000000e-01	2.93805621e-02	5.14823740e-04
1.58500000e-01	2.92029835e-02	5.12154505e-04
1.59000000e-01	2.94520407e-02	5.10787756e-04
1.59500000e-01	2.94483328e-02	5.11163842e-04
1.60000000e-01	2.90644638e-02	5.04125558e-04
1.60500000e-01	2.91592050e-02	5.00732735e-04
1.61000000e-01	2.87113558e-02	4.97233821e-04
1.61500000e-01	2.88856047e-02	4.96127399e-04
1.62000000e-01	2.88192808e-02	4.94890556e-04
1.62500000e-01	2.87641559e-02	4.95281775e-04
1.63000000e-01	2.84343513e-02	4.85549041e-04
1.63500000e-01	2.86903740e-02	4.92750921e-04
1.64000000e-01	2.83370763e-02	4.83223315e-04
1.64500000e-01	2.85272988e-02	4.85225180e-04
1.65000000e-01	2.83848520e-02	4.82353348e-04
1.65500000e-01	2.87082100e-02	4.88729892e-04
1.66000000e-01	2.81909116e-02	4.78258402e-04
1.66500000e-01	2.80874266e-02	4.75335662e-04
1.67000000e-01	2.76860797e-02	4.68057337e-04
1.67500000e-01	2.79344580e-02	4.73058909e-04
1.68000000e-01	2.78586284e-02	4.69919753e-04
1.68500000e-01	2.79997365e-02	4.70274958e-04
1.69000000e-01	2.81805265e-02	4.72177868e-04
1.69500000e-01	2.79025503e-02	4.65557006e-04
1.70000000e-01	2.75285918e-02	4.61792874e-04
1.70500000e-01	2.74916771e-02	4.60525534e-04
1.71000000e-01	2.76758805e-02	4.62698610e-04
1.71500000e-01	2.79396635e-02	4.66099121e-04
1.72000000e-01	2.79461771e-02	4.65187247e-04
1.72500000e-01	2.74703728e-02	4.56509906e-04
1.73000000e-01	2.76325085e-02	4.57398667e-04
1.73500000e-01	2.77705110e-02	4.57865763e-04
1.74000000e-01	2.72790644e-02	4.50923766e-04
1.74500000e-01	2.73621684e-02	4.49312022e-04
1.75000000e-01	2.76148335e-02	4.52895427e-04
1.75500000e-01	2.78404071e-02	4.54691494e-04
1.76000000e-01	2.70259164e-02	4.44493966e-04
1.76500000e-01	2.71713864e-02	4.46042918e-04
1.77000000e-01	2.71314926e-02	4.41941898e-04
1.77500000e-01	2.73199718e-02	4.47012817e-04
1.78000000e-01	2.71435045e-02	4.41946933e-04
1.78500000e-01	2.71558843e-02	4.42767119e-04
1.79000000e-01	2.71205947e-02	4.40672424e-04
1.79500000e-01	2.71897814e-02	4.42797473e-04
1.80000000e-01	2.71275986e-02	4.43559389e-04
1.80500000e-01	2.71377319e-02	4.41693857e-04
1.81000000e-01	2.67509701e-02	4.35639997e-04
1.81500000e-01	2.70323997e-02	4.37982548e-04
1.82000000e-01	2.67233035e-02	4.33734075e-04
1.82500000e-01	2.66868497e-02	4.31733311e-04
1.83000000e-01	2.68925181e-02	4.35748034e-04
1.83500000e-01	2.69768919e-02	4.34879549e-04
1.84000000e-01	2.68335972e-02	4.30689867e-04
1.84500000e-01	2.68859474e-02	4.32911318e-04
1.85000000e-01	2.67750600e-02	4.31815631e-04
1.85500000e-01	2.68313142e-02	4.29370507e-04
1.86000000e-01	2.69131214e-02	4.32639585e-04
1.86500000e-01	2.65776482e-02	4.27264010e-04
1.87000000e-01	2.67950013e-02	4.28154239e-04
1.87500000e-01	2.67965821e-02	4.27996174e-04
1.88000000e-01	2.69956719e-02	4.31836304e-04
1.88500000e-01	2.68162569e-02	4.27373601e-04
1.89000000e-01	2.69044034e-02	4.27189103e-04
1.89500000e-01	2.68931252e-02	4.27789141e-04
1.90000000e-01	2.68142872e-02	4.25787999e-04
1.90500000e-01	2.67733439e-02	4.24420503e-04
1.91000000e-01	2.69111184e-02	4.25662978e-04
1.91500000e-01	2.69478799e-02	4.26219037e-04
1.92000000e-01	2.68456268e-02	4.22772307e-04
1.92500000e-01	2.64328243e-02	4.17385955e-04
1.93000000e-01	2.68341785e-02	4.23238285e-04
1.93500000e-01	2.65452953e-02	4.17781299e-04
1.94000000e-01	2.63822403e-02	4.14526464e-04
1.94500000e-01	2.66531801e-02	4.17575280e-04
1.95000000e-01	2.65384426e-02	4.16063012e-04
1.95500000e-01	2.64583841e-02	4.13030478e-04
1.96000000e-01	2.63933511e-02	4.13605246e-04
1.96500000e-01	2.62050546e-02	4.10351416e-04
1.97000000e-01	2.64152964e-02	4.11671981e-04
1.97500000e-01	2.62418491e-02	4.08076960e-04
1.98000000e-01	2.63194093e-02	4.09990392e-04
1.98500000e-01	2.62605690e-02	4.07449230e-04
1.99000000e-01	2.61147747e-02	4.05177808e-04
1.99500000e-01	2.64415878e-02	4.09453196e-04
2.00000000e-01	2.63022388e-02	4.07317900e-04
2.00500000e-01	2.63938576e-02	4.07691806e-04
2.01000000e-01	2.63516018e-02	4.05544183e-04
2.01500000e-01	2.61273913e-02	4.04269325e-04
2.02000000e-01	2.61945311e-02	4.04916566e-04
2.02500000e-01	2.57668247e-02	3.95682232e-04
2.03000000e-01	2.60181754e-02	4.00281164e-04
2.03500000e-01	2.62785955e-02	4.03196741e-04
2.04000000e-01	2.60432763e-02	3.99820853e-04
2.04500000e-01	2.61042882e-02	4.00088195e-04
2.05000000e-01	2.60897188e-02	3.98101649e-04
2.05500000e-01	2.57901444e-02	3.95039217e-04
2.06000000e-01	2.59042579e-02	3.95059236e-04
2.06500000e-01	2.61708740e-02	3.99644723e-04
2.07000000e-01	2.61345630e-02	3.97188695e-04
2.07500000e-01	2.60711378e-02	3.96762645e-04
2.08000000e-01	2.60201661e-02	3.96366887e-04
2.08500000e-01	2.59454520e-02	3.93710330e-04
2.09000000e-01	2.58591496e-02	3.92971694e-04
2.09500000e-01	2.58573218e-02	3.91490737e-04
2.10000000e-01	2.58653333e-02	3.91347449e-04
2.10500000e-01	2.57784480e-02	3.91147827e-04
2.11000000e-01	2.58528762e-02	3.90399831e-04
2.11500000e-01	2.54613996e-02	3.84425990e-04
2.12000000e-01	2.55129712e-02	3.82995917e-04
2.12500000e-01	2.57175839e-02	3.87377886e-04
2.13000000e-01	2.56144594e-02	3.85289997e-04
2.13500000e-01	2.53681957e-02	3.82649741e-04
2.14000000e-01	2.54045300e-02	3.82108214e-04
2.14500000e-01	2.53070529e-02	3.77935783e-04
2.15000000e-01	2.53155344e-02	3.81702544e-04
2.15500000e-01	2.55105619e-02	3.79969799e-04
2.16000000e-01	2.53011061e-02	3.78415609e-04
2.16500000e-01	2.51453733e-02	3.75205898e-04
2.17000000e-01	2.50190346e-02	3.79229103e-04
2.17500000e-01	2.52829354e-02	3.88468973e-04
2.18000000e-01	2.55849315e-02	3.93122398e-04
2.18500000e-01	2.51153794e-02	3.90251369e-04
2.19000000e-01	2.49461732e-02	3.88851808e-04
2.19500000e-01	2.51434896e-02	3.92685475e-04
2.20000000e-01	2.52213545e-02	3.95666823e-04
2.20500000e-01	2.47932646e-02	3.90250834e-04
2.21000000e-01	2.50476550e-02	3.95663043e-04
2.21500000e-01	2.50268472e-02	3.96550737e-04
2.22000000e-01	2.52211125e-02	3.99081118e-04
2.22500000e-01	2.49170098e-02	3.95253386e-04
2.23000000e-01	2.53025620e-02	4.04256254e-04
2.23500000e-01	2.49707580e-02	3.98840267e-04
2.24000000e-01	2.49690152e-02	3.99076090e-04
2.24500000e-01	2.47462931e-02	3.98681323e-04
2.25000000e-01	2.48596433e-02	3.99350473e-04
2.25500000e-01	2.46187034e-02	3.95918178e-04
2.26000000e-01	2.49372077e-02	4.03660757e-04
2.26500000e-01	2.50411377e-02	3.97540232e-04
2.27000000e-01	2.48575807e-02	3.91198478e-04
2.27500000e-01	2.47301959e-02	3.84553598e-04
2.28000000e-01	2.48681090e-02	3.86365124e-04
2.28500000e-01	2.43795032e-02	3.77846953e-04
2.29000000e-01	2.44100520e-02	3.76021340e-04
2.29500000e-01	2.47107191e-02	3.78842584e-04
2.30000000e-01	2.43357863e-02	3.72687436e-04
2.30500000e-01	2.45771235e-02	3.74795213e-04
2.31000000e-01	2.46009781e-02	3.74854872e-04
2.31500000e-01	2.43736392e-02	3.70076955e-04
2.32000000e-01	2.47494639e-02	3.75257846e-04
2.32500000e-01	2.46084249e-02	3.71711950e-04
2.33000000e-01	2.42743319e-02	3.65620992e-04
2.33500000e-01	2.41613051e-02	3.63337573e-04
2.34000000e-01	2.44667248e-02	3.66322560e-04
2.34500000e-01	2.45865251e-02	3.68280224e-04
2.35000000e-01	2.43838615e-02	3.65257326e-04
2.35500000e-01	2.42572627e-02	3.62604459e-04
2.36000000e-01	2.42316420e-02	3.61043644e-04
2.36500000e-01	2.43511249e-02	3.62461319e-04
2.37000000e-01	2.45236566e-02	3.63619795e-04
2.37500000e-01	2.41955690e-02	3.58651705e-04
2.38000000e-01	2.43419800e-02	3.59527303e-04
2.38500000e-01	2.39975060e-02	3.56162749e-04
2.39000000e-01	2.39158941e-02	3.53293489e-04
2.39500000e-01	2.43035913e-02	3.57694977e-04
2.40000000e-01	2.40073420e-02	3.53544852e-04
2.40500000e-01	2.40781995e-02	3.52840975e-04
2.41000000e-01	2.38605565e-02	3.50111248e-04
2.41500000e-01	2.39321720e-02	3.49996138e-04
2.42000000e-01	2.42731272e-02	3.54617241e-04
2.42500000e-01	2.42327162e-02	3.54256515e-04
2.43000000e-01	2.40079820e-02	3.50122597e-04
2.43500000e-01	2.40396942e-02	3.50110466e-04
2.44000000e-01	2.39409292e-02	3.48663554e-04
2.44500000e-01	2.39391195e-02	3.48310576e-04
2.45000000e-01	2.40627814e-02	3.47804684e-04
2.45500000e-01	2.38740301e-02	3.46172512e-04
2.46000000e-01	2.37382854e-02	3.44622626e-04
2.46500000e-01	2.38249855e-02	3.42945525e-04
2.47000000e-01	2.40033164e-02	3.45920298e-04
2.47500000e-01	2.37914629e-02	3.41859915e-04
2.48000000e-01	2.41359780e-02	3.47517255e-04
2.48500000e-01	2.40680315e-02	3.45202255e-04
2.49000000e-01	2.38358852e-02	3.41620053e-04
2.49500000e-01	2.40529896e-02	3.44563177e-04
2.50000000e-01	2.39613147e-02	3.43403448e-04
2.50500000e-01	2.40819124e-02	3.44907738e-04
2.51000000e-01	2.41433815e-02	3.44721675e-04
2.51500000e-01	2.39416404e-02	3.41723442e-04
2.52000000e-01	2.43734144e-02	3.46548825e-04
2.52500000e-01	2.40744271e-02	3.42388312e-04
2.53000000e-01	2.42449060e-02	3.44906900e-04
2.53500000e-01	2.41698466e-02	3.42537718e-04
2.54000000e-01	2.39488298e-02	3.39764046e-04
2.54500000e-01	2.40021633e-02	3.41255942e-04
2.55000000e-01	2.43641298e-02	3.44614382e-04
2.55500000e-01	2.40436884e-02	3.41297720e-04
2.56000000e-01	2.40427330e-02	3.38617379e-04
2.56500000e-01	2.41900131e-02	3.41516010e-04
2.57000000e-01	2.38656956e-02	3.36183363e-04
2.57500000e-01	2.40771776e-02	3.38690037e-04
2.58000000e-01	2.42003585e-02	3.40589728e-04
2.58500000e-01	2.40537373e-02	3.37680561e-04
2.59000000e-01	2.40148769e-02	3.36672574e-04
2.59500000e-01	2.41639382e-02	3.37646005e-04
2.60000000e-01	2.40023745e-02	3.37355510e-04
2.60500000e-01	2.41264089e-02	3.36360562e-04
2.61000000e-01	2.40573562e-02	3.35076829e-04
2.61500000e-01	2.44315461e-02	3.40683575e-04
2.62000000e-01	2.40623398e-02	3.34995512e-04
2.62500000e-01	2.40726257e-02	3.35805283e-04
2.63000000e-01	2.39309155e-02	3.32250307e-04
2.63500000e-01	2.40719501e-02	3.33591340e-04
2.64000000e-01	2.43817632e-02	3.38664081e-04
2.64500000e-01	2.41126370e-02	3.34376998e-04
2.65000000e-01	2.40415709e-02	3.33647356e-04
2.65500000e-01	2.38084817e-02	3.29455996e-04
2.66000000e-01	2.40320885e-02	3.31652465e-04
2.66500000e-01	2.41120168e-02	3.32320566e-04
2.67000000e-01	2.40238901e-02	3.30254862e-04
2.67500000e-01	2.40667681e-02	3.31453394e-04
2.68000000e-01	2.36049262e-02	3.23978938e-04
2.68500000e-01	2.38954054e-02	3.27653934e-04
2.69000000e-01	2.37188900e-02	3.25298985e-04
2.69500000e-01	2.37732126e-02	3.26598145e-04
2.70000000e-01	2.37204673e-02	3.24554317e-04
2.70500000e-01	2.36670983e-02	3.23422032e-04
2.71000000e-01	2.37557791e-02	3.24449301e-04
2.71500000e-01	2.35761314e-02	3.22103296e-04
2.72000000e-01	2.35522118e-02	3.21488132e-04
2.72500000e-01	2.32738062e-02	3.18820576e-04
2.73000000e-01	2.35645303e-02	3.21718334e-04
2.73500000e-01	2.34773042e-02	3.19102142e-04
2.74000000e-01	2.35338739e-02	3.19941247e-04
2.74500000e-01	2.37753615e-02	3.21314268e-04
2.75000000e-01	2.33241494e-02	3.16915977e-04
2.75500000e-01	2.34047020e-02	3.17953502e-04
2.76000000e-01	2.32476696e-02	3.14991461e-04
2.76500000e-01	2.33182274e-02	3.15949472e-04
2.77000000e-01	2.32758043e-02	3.15218953e-04
2.77500000e-01	2.30447223e-02	3.11744315e-04
2.78000000e-01	2.30555732e-02	3.11425079e-04
2.78500000e-01	2.31296091e-02	3.12202978e-04
2.79000000e-01	2.30487827e-02	3.11762926e-04
2.79500000e-01	2.32108585e-02	3.13736258e-04
2.80000000e-01	2.30623663e-02	3.11398935e-04
2.80500000e-01	2.29294149e-02	3.08873955e-04
2.81000000e-01	2.30293781e-02	3.10089975e-04
2.81500000e-01	2.27628521e-02	3.05497390e-04
2.82000000e-01	2.27463403e-02	3.05382270e-04
2.82500000e-01	2.26966036e-02	3.05888997e-04
2.83000000e-01	2.24078946e-02	2.99816328e-04
2.83500000e-01	2.25326023e-02	3.02117636e-04
2.84000000e-01	2.25076256e-02	3.01692171e-04
2.84500000e-01	2.24609318e-02	3.00243519e-04
2.85000000e-01	2.24491082e-02	3.00964780e-04
2.85500000e-01	2.22883948e-02	2.97323625e-04
2.86000000e-01	2.23079370e-02	2.98646968e-04
2.86500000e-01	2.21202210e-02	2.95854663e-04
2.87000000e-01	2.20301008e-02	2.93421151e-04
2.87500000e-01	2.19448216e-02	2.93000868e-04
2.88000000e-01	2.19509870e-02	2.91699974e-04
2.88500000e-01	2.19978263e-02	2.92973625e-04
2.89000000e-01	2.17276295e-02	2.89241744e-04
2.89500000e-01	2.16759812e-02	2.87922642e-04
2.90000000e-01	2.16755247e-02	2.87858618e-04
2.90500000e-01	2.16985487e-02	2.87746629e-04
2.91000000e-01	2.17288356e-02	2.87844945e-04
2.91500000e-01	2.19510477e-02	2.89077037e-04
2.92000000e-01	2.15811580e-02	2.84879852e-04
2.92500000e-01	2.16937468e-02	2.86681289e-04
2.93000000e-01	2.15078889e-02	2.83718336e-04
2.93500000e-01	2.18713623e-02	2.87909793e-04
2.94000000e-01	2.14329561e-02	2.83183534e-04
2.94500000e-01	2.13625354e-02	2.82715234e-04
2.95000000e-01	2.15448824e-02	2.83649479e-04
2.95500000e-01	2.15078641e-02	2.82392923e-04
2.96000000e-01	2.15759374e-02	2.82771476e-04
2.96500000e-01	2.15681700e-02	2.83455467e-04
2.97000000e-01	2.15521095e-02	2.82633812e-04
2.97500000e-01	2.14790235e-02	2.80366859e-04
2.98000000e-01	2.15413175e-02	2.81452554e-04
2.98500000e-01	2.14813738e-02	2.81184072e-04
2.99000000e-01	2.12622653e-02	2.77830374e-04
2.99500000e-01	2.17250587e-02	2.83960747e-04
3.00000000e-01	2.13011983e-02	2.78340416e-04
3.00500000e-01	2.12935785e-02	2.78075335e-04
3.01000000e-01	2.14427479e-02	2.78936135e-04
3.01500000e-01	2.13868377e-02	2.79757407e-04
3.02000000e-01	2.14564436e-02	2.78815378e-04
3.02500000e-01	2.15266396e-02	2.79179771e-04
3.03000000e-01	2.13036457e-02	2.76750154e-04
3.03500000e-01	2.12686956e-02	2.75554872e-04
3.04000000e-01	2.12281999e-02	2.76547187e-04
3.04500000e-01	2.10750017e-02	2.73901092e-04
3.05000000e-01	2.12740450e-02	2.75642715e-04
3.05500000e-01	2.09307018e-02	2.71193771e-04
3.06000000e-01	2.14579726e-02	2.75850340e-04
3.06500000e-01	2.12610828e-02	2.74764495e-04
3.07000000e-01	2.12891561e-02	2.74342105e-04
3.07500000e-01	2.11382835e-02	2.72596944e-04
3.08000000e-01	2.10175502e-02	2.71674790e-04
3.08500000e-01	2.11546516e-02	2.71393535e-04
3.09000000e-01	2.10014348e-02	2.69897095e-04
3.09500000e-01	2.10427353e-02	2.70648991e-04
3.10000000e-01	2.10645982e-02	2.70683953e-04
3.10500000e-01	2.08526754e-02	2.67651211e-04
3.11000000e-01	2.10612750e-02	2.69939210e-04
3.11500000e-01	2.11897712e-02	2.71968216e-04
3.12000000e-01	2.11922466e-02	2.71763003e-04
3.12500000e-01	2.10247388e-02	2.69737596e-04
3.13000000e-01	2.10053218e-02	2.68444567e-04
3.13500000e-01	2.08573373e-02	2.66820368e-04
3.14000000e-01	2.09046372e-02	2.67154672e-04
3.14500000e-01	2.08687943e-02	2.65175345e-04
3.15000000e-01	2.10209872e-02	2.68421782e-04
3.15500000e-01	2.08057199e-02	2.65387026e-04
3.16000000e-01	2.09950348e-02	2.67830588e-04
3.16500000e-01	2.08359196e-02	2.65704230e-04
3.17000000e-01	2.08100111e-02	2.64049801e-04
3.17500000e-01	2.08018443e-02	2.65683572e-04
3.18000000e-01	2.09152767e-02	2.65161660e-04
3.18500000e-01	2.06644558e-02	2.63531381e-04
3.19000000e-01	2.07455784e-02	2.62532096e-04
3.19500000e-01	2.09353926e-02	2.64806240e-04
3.20000000e-01	2.09428975e-02	2.64393970e-04
3.20500000e-01	2.06538344e-02	2.60914679e-04
3.21000000e-01	2.05508824e-02	2.60846182e-04
3.21500000e-01	2.06690217e-02	2.60969590e-04
3.22000000e-01	2.07331066e-02	2.61697849e-04
3.22500000e-01	2.06440151e-02	2.61152897e-04
3.23000000e-01	2.07952613e-02	2.61498257e-04
3.23500000e-01	2.05953225e-02	2.61270063e-04
3.24000000e-01	2.05822670e-02	2.58840479e-04
3.24500000e-01	2.06323449e-02	2.60065348e-04
3.25000000e-01	2.06027750e-02	2.59085354e-04
3.25500000e-01	2.05713322e-02	2.58889376e-04
3.26000000e-01	2.05612397e-02	2.57718417e-04
3.26500000e-01	2.07365405e-02	2.59349723e-04
3.27000000e-01	2.04793082e-02	2.56142012e-04
3.27500000e-01	2.04891605e-02	2.56072687e-04
3.28000000e-01	2.07775908e-02	2.59972926e-04
3.28500000e-01	2.06885405e-02	2.58590473e-04
3.29000000e-01	2.04749439e-02	2.55121459e-04
3.29500000e-01	2.04993432e-02	2.56436756e-04
3.30000000e-01	2.04608292e-02	2.55054435e-04
3.30500000e-01	2.05284255e-02	2.55784997e-04
3.31000000e-01	2.04122511e-02	2.53384037e-04
3.31500000e-01	2.03394985e-02	2.52230386e-04
3.32000000e-01	2.03580898e-02	2.53769084e-04
3.32500000e-01	2.01718386e-02	2.50645003e-04
3.33000000e-01	2.04103916e-02	2.53525036e-04
3.33500000e-01	2.01257409e-02	2.50142224e-04
3.34000000e-01	2.02160383e-02	2.51277668e-04
3.34500000e-01	2.02399966e-02	2.51430960e-04
3.35000000e-01	2.02748351e-02	2.50459824e-04
3.35500000e-01	2.02874338e-02	2.50817651e-04
3.36000000e-01	2.01766805e-02	2.49519184e-04
3.36500000e-01	1.99659909e-02	2.46896668e-04
3.37000000e-01	2.00850008e-02	2.48971242e-04
3.37500000e-01	2.02458011e-02	2.49337537e-04
3.38000000e-01	2.02063636e-02	2.49582601e-04
3.38500000e-01	2.01255954e-02	2.47867844e-04
3.39000000e-01	1.99969992e-02	2.46784774e-04
3.39500000e-01	2.00364644e-02	2.46333525e-04
3.40000000e-01	1.99706909e-02	2.46345011e-04
3.40500000e-01	2.01006070e-02	2.47576364e-04
3.41000000e-01	2.00793027e-02	2.46283381e-04
3.41500000e-01	2.01518483e-02	2.47774767e-04
3.42000000e-01	1.99461201e-02	2.45062228e-04
3.42500000e-01	2.00395543e-02	2.47313715e-04
3.43000000e-01	2.00270482e-02	2.45582980e-04
3.43500000e-01	1.99278315e-02	2.43933959e-04
3.44000000e-01	1.99013666e-02	2.44415817e-04
3.44500000e-01	2.00599994e-02	2.45051255e-04
3.45000000e-01	1.98238273e-02	2.42424929e-04
3.45500000e-01	2.01958066e-02	2.46012067e-04
3.46000000e-01	2.00662773e-02	2.45106897e-04
3.46500000e-01	1.99071413e-02	2.42701548e-04
3.47000000e-01	2.00830903e-02	2.43963376e-04
3.47500000e-01	1.99863655e-02	2.42795403e-04
3.48000000e-01	1.98024846e-02	2.40959370e-04
3.48500000e-01	1.99245734e-02	2.42062268e-04
3.49000000e-01	1.99947765e-02	2.42957214e-04
3.49500000e-01	1.98150689e-02	2.40641364e-04
3.50000000e-01	1.97288010e-02	1.95734009e-04
3.51000000e-01	1.99472514e-02	1.70926079e-04
3.52000000e-01	1.98366914e-02	1.69952749e-04
3.53000000e-01	2.00040642e-02	1.70284295e-04
3.54000000e-01	1.98067811e-02	1.68584823e-04
3.55000000e-01	1.97355330e-02	1.68165379e-04
3.56000000e-01	1.99619969e-02	1.70483624e-04
3.57000000e-01	1.97026980e-02	1.71562928e-04
3.58000000e-01	1.96512697e-02	1.72764910e-04
3.59000000e-01	1.95730305e-02	1.73202213e-04
3.60000000e-01	1.96493978e-02	1.74715023e-04
3.61000000e-01	1.97062371e-02	1.76323952e-04
3.62000000e-01	1.95667989e-02	1.75873068e-04
3.63000000e-01	1.95730296e-02	1.76407866e-04
3.64000000e-01	1.94814466e-02	1.76446958e-04
3.65000000e-01	1.95426575e-02	1.77277871e-04
3.66000000e-01	1.95853110e-02	1.75698017e-04
3.67000000e-01	1.95310642e-02	1.73256875e-04
3.68000000e-01	1.92548504e-02	1.69486855e-04
3.69000000e-01	1.93899474e-02	1.69675565e-04
3.70000000e-01	1.93624219e-02	1.68261871e-04
3.71000000e-01	1.95073399e-02	1.71723166e-04
3.72000000e-01	1.93372421e-02	1.72075973e-04
3.73000000e-01	1.94142477e-02	1.72492025e-04
3.74000000e-01	1.93673051e-02	1.71757052e-04
3.75000000e-01	1.92645963e-02	1.71586764e-04
3.76000000e-01	1.93739214e-02	1.72205364e-04
3.77000000e-01	1.93130987e-02	1.72247438e-04
3.78000000e-01	1.91693783e-02	1.71340335e-04
3.79000000e-01	1.92673122e-02	1.71534485e-04
3.80000000e-01	1.92402522e-02	1.70842470e-04
3.81000000e-01	1.91674716e-02	1.70214524e-04
3.82000000e-01	1.93240260e-02	1.71220951e-04
3.83000000e-01	1.93684127e-02	1.71481000e-04
3.84000000e-01	1.94167542e-02	1.72460359e-04
3.85000000e-01	1.94056186e-02	1.72237646e-04
3.86000000e-01	1.93889812e-02	1.71939480e-04
3.87000000e-01	1.94606512e-02	1.72347233e-04
3.88000000e-01	1.93799961e-02	1.71446267e-04
3.89000000e-01	1.94661867e-02	1.72671597e-04
3.90000000e-01	1.93224314e-02	1.71077544e-04
3.91000000e-01	1.95871545e-02	1.73056531e-04
3.92000000e-01	1.97497440e-02	1.74313944e-04
3.93000000e-01	1.97516377e-02	1.74397006e-04
3.94000000e-01	1.96399744e-02	1.73622424e-04
3.95000000e-01	1.96018880e-02	1.72913711e-04
3.96000000e-01	1.96790620e-02	1.73534576e-04
3.97000000e-01	1.95084261e-02	1.72153346e-04
3.98000000e-01	1.93517008e-02	1.70638438e-04
3.99000000e-01	1.94281179e-02	1.71382889e-04
4.00000000e-01	1.93673087e-02	1.71189054e-04
4.01000000e-01	1.92672624e-02	1.70098836e-04
4.02000000e-01	1.92085043e-02	1.70063593e-04
4.03000000e-01	1.92676655e-02	1.70183321e-04
4.04000000e-01	1.91799995e-02	1.69549367e-04
4.05000000e-01	1.89703999e-02	1.68098009e-04
4.06000000e-01	1.88685361e-02	1.67001839e-04
4.07000000e-01	1.88323231e-02	1.66550731e-04
4.08000000e-01	1.88638530e-02	1.66668005e-04
4.09000000e-01	1.87558621e-02	1.65534219e-04
4.10000000e-01	1.87035736e-02	1.65206882e-04
4.11000000e-01	1.85847135e-02	1.64726132e-04
4.12000000e-01	1.86166258e-02	1.64363364e-04
4.13000000e-01	1.86273772e-02	1.64483270e-04
4.14000000e-01	1.84537717e-02	1.63372961e-04
4.15000000e-01	1.84927431e-02	1.63254650e-04
4.16000000e-01	1.85567824e-02	1.64127521e-04
4.17000000e-01	1.85476536e-02	1.63357813e-04
4.18000000e-01	1.85206262e-02	1.65198893e-04
4.19000000e-01	1.83657569e-02	1.66188965e-04
4.20000000e-01	1.83966311e-02	1.66952677e-04
4.21000000e-01	1.84746986e-02	1.68369009e-04
4.22000000e-01	1.85083947e-02	1.69443483e-04
4.23000000e-01	1.86799772e-02	1.71224112e-04
4.24000000e-01	1.83942700e-02	1.69533729e-04
4.25000000e-01	1.85185564e-02	1.70519920e-04
4.26000000e-01	1.86681733e-02	1.71714758e-04
4.27000000e-01	1.83786089e-02	1.69407872e-04
4.28000000e-01	1.84186092e-02	1.70540119e-04
4.29000000e-01	1.84346846e-02	1.70778381e-04
4.30000000e-01	1.84127217e-02	1.70426347e-04
4.31000000e-01	1.83587664e-02	1.69745481e-04
4.32000000e-01	1.84433808e-02	1.70786926e-04
4.33000000e-01	1.83387061e-02	1.69611504e-04
4.34000000e-01	1.82584944e-02	1.69273587e-04
4.35000000e-01	1.83771023e-02	1.70491385e-04
4.36000000e-01	1.84297773e-02	1.71206217e-04
4.37000000e-01	1.83496974e-02	1.70726882e-04
4.38000000e-01	1.83873776e-02	1.71358653e-04
4.39000000e-01	1.82900743e-02	1.70586519e-04
4.40000000e-01	1.83838506e-02	1.71391863e-04
4.41000000e-01	1.82436871e-02	1.70676552e-04
4.42000000e-01	1.83296894e-02	1.71309451e-04
4.43000000e-01	1.81985924e-02	1.70733717e-04
4.44000000e-01	1.82675669e-02	1.71329263e-04
4.45000000e-01	1.83164783e-02	1.72070251e-04
4.46000000e-01	1.81803389e-02	1.70925364e-04
4.47000000e-01	1.82671980e-02	1.71804603e-04
4.48000000e-01	1.81879452e-02	1.71489713e-04
4.49000000e-01	1.82258243e-02	1.72136456e-04
4.50000000e-01	1.81136049e-02	1.70534186e-04
4.51000000e-01	1.82601690e-02	1.72513820e-04
4.52000000e-01	1.81798999e-02	1.71932389e-04
4.53000000e-01	1.81306689e-02	1.71746180e-04
4.54000000e-01	1.81781162e-02	1.72380312e-04
4.55000000e-01	1.82307922e-02	1.73223165e-04
4.56000000e-01	1.83018962e-02	1.73452376e-04
4.57000000e-01	1.80940495e-02	1.71745434e-04
4.58000000e-01	1.79480529e-02	1.70493263e-04
4.59000000e-01	1.80406250e-02	1.71363818e-04
4.60000000e-01	1.79460152e-02	1.71326269e-04
4.61000000e-01	1.79072129e-02	1.70922680e-04
4.62000000e-01	1.79775308e-02	1.71495581e-04
4.63000000e-01	1.81136128e-02	1.72540978e-04
4.64000000e-01	1.81562164e-02	1.73252552e-04
4.65000000e-01	1.79022550e-02	1.70780170e-04
4.66000000e-01	1.79898861e-02	1.72255738e-04
4.67000000e-01	1.79286126e-02	1.71867944e-04
4.68000000e-01	1.79667114e-02	1.72378950e-04
4.69000000e-01	1.79551470e-02	1.72382333e-04
4.70000000e-01	1.78970327e-02	1.71705962e-04
4.71000000e-01	1.79357568e-02	1.72167393e-04
4.72000000e-01	1.79402233e-02	1.72093780e-04
4.73000000e-01	1.79601611e-02	1.72153060e-04
4.74000000e-01	1.78896561e-02	1.71384187e-04
4.75000000e-01	1.79940654e-02	1.72466001e-04
4.76000000e-01	1.79240240e-02	1.71453972e-04
4.77000000e-01	1.79366279e-02	1.72104009e-04
4.78000000e-01	1.79126976e-02	1.72226549e-04
4.79000000e-01	1.78579998e-02	1.71355387e-04
4.80000000e-01	1.78839649e-02	1.71257142e-04
4.81000000e-01	1.78595559e-02	1.71688756e-04
4.82000000e-01	1.78343523e-02	1.71045989e-04
4.83000000e-01	1.77374949e-02	1.70769267e-04
4.84000000e-01	1.79394657e-02	1.72295455e-04
4.85000000e-01	1.77543247e-02	1.70949209e-04
4.86000000e-01	1.78215517e-02	1.71147795e-04
4.87000000e-01	1.79132536e-02	1.72218350e-04
4.88000000e-01	1.78962494e-02	1.72382734e-04
4.89000000e-01	1.77597271e-02	1.71492688e-04
4.90000000e-01	1.79906485e-02	1.73492249e-04
4.91000000e-01	1.78219278e-02	1.71564438e-04
4.92000000e-01	1.78047352e-02	1.71823484e-04
4.93000000e-01	1.79003310e-02	1.72956961e-04
4.94000000e-01	1.77792981e-02	1.71991732e-04
4.95000000e-01	1.79817615e-02	1.74827234e-04
4.96000000e-01	1.78888218e-02	1.78875039e-04
4.97000000e-01	1.78435228e-02	1.81602749e-04
4.98000000e-01	1.78255002e-02	1.84171271e-04
4.99000000e-01	1.79419262e-02	1.87536852e-04
5.00000000e-01	1.79034014e-02	1.89260138e-04
5.01000000e-01	1.80029852e-02	1.92261316e-04
5.02000000e-01	1.79505416e-02	1.93689811e-04
5.03000000e-01	1.79726732e-02	1.95423354e-04
5.04000000e-01	1.80153876e-02	1.97069866e-04
5.05000000e-01	1.80354531e-02	1.94615865e-04
5.06000000e-01	1.78536760e-02	1.88785544e-04
5.07000000e-01	1.79221165e-02	1.87049582e-04
5.08000000e-01	1.79352044e-02	1.86319128e-04
5.09000000e-01	1.77958339e-02	1.83915690e-04
5.10000000e-01	1.80954191e-02	1.86218480e-04
5.11000000e-01	1.80350066e-02	1.85301025e-04
5.12000000e-01	1.77834697e-02	1.82595877e-04
5.13000000e-01	1.78413371e-02	1.82924190e-04
5.14000000e-01	1.79003027e-02	1.82706394e-04
5.15000000e-01	1.78730529e-02	1.82191850e-04
5.16000000e-01	1.80405924e-02	1.83072806e-04
5.17000000e-01	1.80009059e-02	1.82766102e-04
5.18000000e-01	1.76971479e-02	1.79656168e-04
5.19000000e-01	1.79646622e-02	1.81434534e-04
5.20000000e-01	1.79718827e-02	1.80534537e-04
5.21000000e-01	1.77508632e-02	1.79161684e-04
5.22000000e-01	1.80028001e-02	1.81082106e-04
5.23000000e-01	1.77430489e-02	1.78910658e-04
5.24000000e-01	1.79503913e-02	1.80378956e-04
5.25000000e-01	1.77598242e-02	1.78682271e-04
5.26000000e-01	1.78791071e-02	1.79521266e-04
5.27000000e-01	1.79329105e-02	1.80652373e-04
5.28000000e-01	1.78801766e-02	1.79536765e-04
5.29000000e-01	1.78952820e-02	1.79438260e-04
5.30000000e-01	1.77705495e-02	1.78598412e-04
5.31000000e-01	1.77999760e-02	1.78913929e-04
5.32000000e-01	1.76779679e-02	1.78339623e-04
5.33000000e-01	1.78806860e-02	1.79552325e-04
5.34000000e-01	1.78100299e-02	1.79405615e-04
5.35000000e-01	1.78392653e-02	1.79128582e-04
5.36000000e-01	1.78447189e-02	1.79346608e-04
5.37000000e-01	1.77601308e-02	1.78956310e-04
5.38000000e-01	1.78308070e-02	1.78897159e-04
5.39000000e-01	1.77727260e-02	1.78589986e-04
5.40000000e-01	1.78546786e-02	1.79081238e-04
5.41000000e-01	1.76781915e-02	1.77937962e-04
5.42000000e-01	1.77109939e-02	1.77884900e-04
5.43000000e-01	1.77324086e-02	1.78129353e-04
5.44000000e-01	1.76900513e-02	1.78165001e-04
5.45000000e-01	1.77388076e-02	1.78169715e-04
5.46000000e-01	1.76724717e-02	1.77052151e-04
5.47000000e-01	1.78599487e-02	1.79397131e-04
5.48000000e-01	1.77369500e-02	1.77862033e-04
5.49000000e-01	1.77337553e-02	1.77951877e-04
5.50000000e-01	1.77801227e-02	1.78672347e-04
5.51000000e-01	1.77669213e-02	1.78062063e-04
5.52000000e-01	1.75579015e-02	1.75566143e-04
5.53000000e-01	1.77157780e-02	1.77282681e-04
5.54000000e-01	1.76587886e-02	1.76235844e-04
5.55000000e-01	1.77671809e-02	1.77186577e-04
5.56000000e-01	1.77302247e-02	1.77136744e-04
5.57000000e-01	1.77416093e-02	1.77133205e-04
5.58000000e-01	1.77664378e-02	1.76991999e-04
5.59000000e-01	1.75785475e-02	1.75445933e-04
5.60000000e-01	1.76322261e-02	1.76093086e-04
5.61000000e-01	1.78367753e-02	1.77947309e-04
5.62000000e-01	1.77749146e-02	1.77323462e-04
5.63000000e-01	1.76854374e-02	1.76364189e-04
5.64000000e-01	1.76275899e-02	1.75686545e-04
5.65000000e-01	1.76932652e-02	1.77067816e-04
5.66000000e-01	1.76859601e-02	1.76959702e-04
5.67000000e-01	1.77348050e-02	1.76993380e-04
5.68000000e-01	1.77379787e-02	1.77512054e-04
5.69000000e-01	1.77476002e-02	1.76620259e-04
5.70000000e-01	1.77338253e-02	1.76616582e-04
5.71000000e-01	1.76151111e-02	1.75359036e-04
5.72000000e-01	1.76874070e-02	1.76575948e-04
5.73000000e-01	1.75910203e-02	1.76406295e-04
5.74000000e-01	1.76536754e-02	1.75849857e-04
5.75000000e-01	1.77377615e-02	1.77441161e-04
5.76000000e-01	1.76039811e-02	1.75793471e-04
5.77000000e-01	1.77135148e-02	1.76901660e-04
5.78000000e-01	1.76143023e-02	1.76124550e-04
5.79000000e-01	1.75663649e-02	1.75818332e-04
5.80000000e-01	1.76469979e-02	1.76571292e-04
5.81000000e-01	1.77340031e-02	1.76804121e-04
5.82000000e-01	1.77144883e-02	1.76996954e-04
5.83000000e-01	1.75554124e-02	1.75817693e-04
5.84000000e-01	1.76616242e-02	1.76800788e-04
5.85000000e-01	1.76138029e-02	1.75786235e-04
5.86000000e-01	1.75329909e-02	1.75407668e-04
5.87000000e-01	1.76566158e-02	1.75873123e-04
5.88000000e-01	1.75296485e-02	1.75555773e-04
5.89000000e-01	1.74885351e-02	1.74550059e-04
5.90000000e-01	1.76750910e-02	1.76690756e-04
5.91000000e-01	1.76079996e-02	1.76445624e-04
5.92000000e-01	1.76233775e-02	1.76276242e-04
5.93000000e-01	1.74074693e-02	1.74272376e-04
5.94000000e-01	1.75144227e-02	1.75606248e-04
5.95000000e-01	1.75002184e-02	1.75148799e-04
5.96000000e-01	1.76969030e-02	1.77125843e-04
5.97000000e-01	1.76983937e-02	1.76688299e-04
5.98000000e-01	1.76549401e-02	1.76461200e-04
5.99000000e-01	1.74410828e-02	1.74570336e-04
6.00000000e-01	1.74983140e-02	1.75468762e-04
6.01000000e-01	1.74721963e-02	1.75348198e-04
6.02000000e-01	1.76055281e-02	1.75970643e-04
6.03000000e-01	1.74419847e-02	1.75444101e-04
6.04000000e-01	1.77453556e-02	1.77349146e-04
6.05000000e-01	1.75429945e-02	1.75538595e-04
6.06000000e-01	1.75341175e-02	1.75927684e-04
6.07000000e-01	1.75943530e-02	1.76370584e-04
6.08000000e-01	1.74628976e-02	1.75188032e-04
6.09000000e-01	1.75750105e-02	1.75936902e-04
6.10000000e-01	1.74726202e-02	1.75043012e-04
6.11000000e-01	1.75129235e-02	1.75895319e-04
6.12000000e-01	1.77342227e-02	1.77430559e-04
6.13000000e-01	1.76554805e-02	1.77255867e-04
6.14000000e-01	1.75258458e-02	1.75972555e-04
6.15000000e-01	1.74742171e-02	1.75746860e-04
6.16000000e-01	1.75518584e-02	1.76265029e-04
6.17000000e-01	1.75054855e-02	1.76232652e-04
6.18000000e-01	1.75950069e-02	1.76839383e-04
6.19000000e-01	1.75013658e-02	1.74989982e-04
6.20000000e-01	1.76359707e-02	1.76557336e-04
6.21000000e-01	1.76226667e-02	1.76299975e-04
6.22000000e-01	1.75526133e-02	1.75438294e-04
6.23000000e-01	1.75058512e-02	1.74697876e-04
6.24000000e-01	1.75142231e-02	1.74574373e-04
6.25000000e-01	1.74144688e-02	1.73494234e-04
6.26000000e-01	1.74432516e-02	1.73513101e-04
6.27000000e-01	1.74546752e-02	1.73925897e-04
6.28000000e-01	1.77458377e-02	1.76310836e-04
6.29000000e-01	1.75808619e-02	1.74930481e-04
6.30000000e-01	1.74797444e-02	1.73953590e-04
6.31000000e-01	1.75471397e-02	1.74411417e-04
6.32000000e-01	1.76542842e-02	1.75502346e-04
6.33000000e-01	1.77333173e-02	1.75914698e-04
6.34000000e-01	1.74689704e-02	1.78434574e-04
6.35000000e-01	1.75309772e-02	1.84394858e-04
6.36000000e-01	1.76776789e-02	1.88972629e-04
6.37000000e-01	1.77233543e-02	1.92506878e-04
6.38000000e-01	1.76429752e-02	1.93395040e-04
6.39000000e-01	1.75504738e-02	1.95336749e-04
6.40000000e-01	1.76444638e-02	1.98919570e-04
6.41000000e-01	1.79111212e-02	2.03635145e-04
6.42000000e-01	1.80533179e-02	2.07455249e-04
6.43000000e-01	1.76906188e-02	2.03820931e-04
6.44000000e-01	1.78266724e-02	1.97696571e-04
6.45000000e-01	1.77192999e-02	1.94534539e-04
6.46000000e-01	1.77610335e-02	1.92324451e-04
6.47000000e-01	1.77914476e-02	1.91614707e-04
6.48000000e-01	1.77149489e-02	1.89502077e-04
6.49000000e-01	1.78397374e-02	1.89613218e-04
6.50000000e-01	1.78980653e-02	1.89236593e-04
6.51000000e-01	1.77512023e-02	1.87062872e-04
6.52000000e-01	1.78278921e-02	1.87322028e-04
6.53000000e-01	1.77525518e-02	1.85807736e-04
6.54000000e-01	1.77841971e-02	1.85475474e-04
6.55000000e-01	1.79659007e-02	1.87131832e-04
6.56000000e-01	1.77584559e-02	1.84332629e-04
6.57000000e-01	1.77539576e-02	1.84075161e-04
6.58000000e-01	1.78253809e-02	1.84449189e-04
6.59000000e-01	1.78650170e-02	1.85045157e-04
6.60000000e-01	1.75023485e-02	1.81677057e-04
6.61000000e-01	1.79443201e-02	1.85180290e-04
6.62000000e-01	1.80308768e-02	1.86585741e-04
6.63000000e-01	1.77806762e-02	1.84008702e-04
6.64000000e-01	1.78241922e-02	1.83981820e-04
6.65000000e-01	1.76801353e-02	1.82504244e-04
6.66000000e-01	1.78104801e-02	1.83311627e-04
6.67000000e-01	1.77996733e-02	1.83358803e-04
6.68000000e-01	1.75997123e-02	1.81489185e-04
6.69000000e-01	1.78159748e-02	1.83461955e-04
6.70000000e-01	1.78411683e-02	1.83175127e-04
6.71000000e-01	1.76795870e-02	1.81589657e-04
6.72000000e-01	1.77144835e-02	1.81932738e-04
6.73000000e-01	1.77484081e-02	1.82304945e-04
6.74000000e-01	1.75194685e-02	1.80585863e-04
6.75000000e-01	1.75772537e-02	1.80686896e-04
6.76000000e-01	1.76766837e-02	1.81284020e-04
6.77000000e-01	1.78728438e-02	1.82920932e-04
6.78000000e-01	1.75994328e-02	1.81243651e-04
6.79000000e-01	1.77006177e-02	1.82114695e-04
6.80000000e-01	1.75541052e-02	1.80138646e-04
6.81000000e-01	1.77051841e-02	1.81988451e-04
6.82000000e-01	1.77463265e-02	1.81555443e-04
6.83000000e-01	1.77126329e-02	1.81463480e-04
6.84000000e-01	1.75205222e-02	1.79690055e-04
6.85000000e-01	1.75361262e-02	1.79964920e-04
6.86000000e-01	1.74644798e-02	1.78865392e-04
6.87000000e-01	1.75912162e-02	1.80444186e-04
6.88000000e-01	1.74860880e-02	1.79278487e-04
6.89000000e-01	1.75594892e-02	1.79900890e-04
6.90000000e-01	1.74149571e-02	1.78581835e-04
6.91000000e-01	1.74361356e-02	1.78649624e-04
6.92000000e-01	1.75435586e-02	1.79576003e-04
6.93000000e-01	1.74793563e-02	1.79239304e-04
6.94000000e-01	1.74591083e-02	1.78888332e-04
6.95000000e-01	1.74835442e-02	1.79242310e-04
6.96000000e-01	1.75221936e-02	1.79284768e-04
6.97000000e-01	1.74510749e-02	1.78533364e-04
6.98000000e-01	1.75059945e-02	1.79263278e-04
6.99000000e-01	1.73607817e-02	1.78056028e-04
7.00000000e-01	1.73633036e-02	1.78220826e-04
7.01000000e-01	1.73937025e-02	1.78584991e-04
7.02000000e-01	1.73035684e-02	1.77166474e-04
7.03000000e-01	1.74455394e-02	1.78949592e-04
7.04000000e-01	1.73460677e-02	1.78030857e-04
7.05000000e-01	1.73590142e-02	1.77704497e-04
7.06000000e-01	1.73850679e-02	1.77890087e-04
7.07000000e-01	1.74341980e-02	1.78397712e-04
7.08000000e-01	1.70876324e-02	1.74873244e-04
7.09000000e-01	1.73049250e-02	1.76734828e-04
7.10000000e-01	1.72608977e-02	1.76312755e-04
7.11000000e-01	1.73130731e-02	1.77330151e-04
7.12000000e-01	1.72914175e-02	1.77006758e-04
7.13000000e-01	1.72961922e-02	1.76724255e-04
7.14000000e-01	1.71980467e-02	1.76130192e-04
7.15000000e-01	1.69663848e-02	1.74028592e-04
7.16000000e-01	1.73003695e-02	1.76427233e-04
7.17000000e-01	1.71858101e-02	1.76318898e-04
7.18000000e-01	1.69126699e-02	1.73056902e-04
7.19000000e-01	1.70978314e-02	1.75431844e-04
7.20000000e-01	1.71923620e-02	1.75955407e-04
7.21000000e-01	1.70667410e-02	1.74908198e-04
7.22000000e-01	1.70106890e-02	1.74050844e-04
7.23000000e-01	1.70386016e-02	1.74837963e-04
7.24000000e-01	1.70864814e-02	1.74860182e-04
7.25000000e-01	1.69766429e-02	1.73858602e-04
7.26000000e-01	1.70699429e-02	1.74664442e-04
7.27000000e-01	1.69793979e-02	1.74091775e-04
7.28000000e-01	1.69792244e-02	1.74112785e-04
7.29000000e-01	1.69960927e-02	1.74045074e-04
7.30000000e-01	1.68801281e-02	1.72913363e-04
7.31000000e-01	1.69045537e-02	1.73330933e-04
7.32000000e-01	1.68076152e-02	1.72209893e-04
7.33000000e-01	1.68209689e-02	1.72542408e-04
7.34000000e-01	1.69058244e-02	1.73182655e-04
7.35000000e-01	1.68047780e-02	1.72103850e-04
7.36000000e-01	1.67285226e-02	1.70915635e-04
7.37000000e-01	1.69029797e-02	1.72324133e-04
7.38000000e-01	1.68296694e-02	1.71380372e-04
7.39000000e-01	1.69371603e-02	1.71887863e-04
7.40000000e-01	1.67983943e-02	1.70583818e-04
7.41000000e-01	1.66998778e-02	1.69453103e-04
7.42000000e-01	1.67975740e-02	1.70162662e-04
7.43000000e-01	1.67430385e-02	1.69963960e-04
7.44000000e-01	1.66621005e-02	1.69042572e-04
7.45000000e-01	1.66711911e-02	1.69336385e-04
7.46000000e-01	1.65177586e-02	1.67858229e-04
7.47000000e-01	1.66577542e-02	1.69004428e-04
7.48000000e-01	1.65754738e-02	1.68609060e-04
7.49000000e-01	1.66474436e-02	1.69217073e-04
7.50000000e-01	1.65433398e-02	1.67831078e-04
7.51000000e-01	1.65028678e-02	1.67381338e-04
7.52000000e-01	1.65464461e-02	1.68136872e-04
7.53000000e-01	1.63012365e-02	1.65791322e-04
7.54000000e-01	1.64172417e-02	1.67247419e-04
7.55000000e-01	1.65607671e-02	1.68780124e-04
7.56000000e-01	1.65498293e-02	1.68049342e-04
7.57000000e-01	1.64591351e-02	1.66879456e-04
7.58000000e-01	1.63602802e-02	1.66492951e-04
7.59000000e-01	1.62636592e-02	1.65419360e-04
7.60000000e-01	1.63694994e-02	1.66167804e-04
7.61000000e-01	1.64629386e-02	1.66802318e-04
7.62000000e-01	1.63017221e-02	1.64820652e-04
7.63000000e-01	1.62766106e-02	1.64109020e-04
7.64000000e-01	1.63314197e-02	1.64679672e-04
7.65000000e-01	1.63061249e-02	1.64492170e-04
7.66000000e-01	1.63362671e-02	1.64267325e-04
7.67000000e-01	1.64355620e-02	1.65588240e-04
7.68000000e-01	1.62413280e-02	1.63655928e-04
7.69000000e-01	1.62387646e-02	1.63738099e-04
7.70000000e-01	1.61948855e-02	1.63468123e-04
7.71000000e-01	1.63062969e-02	1.63948116e-04
7.72000000e-01	1.63710732e-02	1.69233609e-04
7.73000000e-01	1.61268537e-02	1.72906104e-04
7.74000000e-01	1.62409127e-02	1.77324050e-04
7.75000000e-01	1.61064919e-02	1.79968360e-04
7.76000000e-01	1.59524068e-02	1.80068766e-04
7.77000000e-01	1.60188285e-02	1.84003933e-04
7.78000000e-01	1.61967051e-02	1.87975805e-04
7.79000000e-01	1.60132028e-02	1.88067219e-04
7.80000000e-01	1.58082962e-02	1.88003787e-04
7.81000000e-01	1.60197977e-02	1.92387961e-04
7.82000000e-01	1.59755080e-02	1.94737176e-04
7.83000000e-01	1.59221362e-02	1.96053404e-04
7.84000000e-01	1.58230625e-02	1.97214954e-04
7.85000000e-01	1.59961338e-02	2.00721498e-04
7.86000000e-01	1.59244689e-02	2.02742415e-04
7.87000000e-01	1.58514096e-02	2.03215428e-04
7.88000000e-01	1.60140268e-02	2.06907775e-04
7.89000000e-01	1.58793215e-02	2.07318087e-04
7.90000000e-01	1.57865343e-02	2.08619060e-04
7.91000000e-01	1.57824271e-02	2.10426394e-04
7.92000000e-01	1.58661449e-02	2.13371432e-04
7.93000000e-01	1.57781353e-02	2.15843317e-04
7.94000000e-01	1.58502485e-02	2.18113402e-04
7.95000000e-01	1.58258866e-02	2.19444512e-04
7.96000000e-01	1.59031256e-02	2.23087516e-04
7.97000000e-01	1.57618608e-02	2.23367453e-04
7.98000000e-01	1.56775070e-02	2.25160911e-04
7.99000000e-01	1.56924919e-02	2.27064977e-04
8.00000000e-01	1.53743700e-02	2.25697123e-04
8.01000000e-01	1.54192219e-02	2.28828160e-04
8.02000000e-01	1.54550804e-02	2.31226604e-04
8.03000000e-01	1.54592035e-02	2.33026342e-04
8.04000000e-01	1.56339847e-02	2.37723472e-04
8.05000000e-01	1.53646582e-02	2.36314826e-04
8.06000000e-01	1.56548083e-02	2.43577175e-04
8.07000000e-01	1.55406820e-02	2.44087359e-04
8.08000000e-01	1.54919169e-02	2.46264680e-04
8.09000000e-01	1.53454215e-02	2.47084285e-04
8.10000000e-01	1.56199556e-02	2.53471878e-04
8.11000000e-01	1.50634226e-02	2.48363886e-04
8.12000000e-01	1.52663117e-02	2.55008502e-04
8.13000000e-01	1.53584465e-02	2.59397678e-04
8.14000000e-01	1.52938691e-02	2.61457288e-04
8.15000000e-01	1.54290576e-02	2.66770207e-04
8.16000000e-01	1.52540352e-02	2.68162109e-04
8.17000000e-01	1.50270133e-02	2.68066021e-04
8.18000000e-01	1.51763042e-02	2.72557545e-04
8.19000000e-01	1.50715867e-02	2.73434465e-04
8.20000000e-01	1.51598305e-02	2.79530303e-04
8.21000000e-01	1.52100358e-02	2.83355889e-04
8.22000000e-01	1.51282518e-02	2.85677443e-04
8.23000000e-01	1.51247972e-02	2.88108962e-04
8.24000000e-01	1.56013917e-02	3.01768394e-04
8.25000000e-01	1.51878754e-02	2.98535757e-04
8.26000000e-01	1.52328868e-02	3.04265479e-04
8.27000000e-01	1.49052302e-02	3.02274534e-04
8.28000000e-01	1.50822311e-02	3.10736804e-04
8.29000000e-01	1.49085100e-02	3.11014256e-04
8.30000000e-01	1.49353053e-02	3.16404828e-04
8.31000000e-01	1.48499994e-02	3.20072888e-04
8.32000000e-01	1.46802021e-02	3.23524827e-04
8.33000000e-01	1.48595816e-02	3.32957263e-04
8.34000000e-01	1.46960546e-02	3.32324423e-04
8.35000000e-01	1.49048861e-02	3.43444785e-04
8.36000000e-01	1.52317177e-02	3.56762082e-04
8.37000000e-01	1.45137488e-02	3.49695659e-04
8.38000000e-01	1.46675922e-02	3.57545054e-04
8.39000000e-01	1.47954134e-02	3.70601672e-04
8.40000000e-01	1.50351345e-02	3.81288525e-04
8.41000000e-01	1.46898174e-02	3.80157430e-04
8.42000000e-01	1.43669251e-02	3.85102417e-04
8.43000000e-01	1.49088427e-02	4.08230576e-04
8.44000000e-01	1.46651601e-02	4.12958154e-04
8.45000000e-01	1.42610332e-02	4.12352041e-04
8.46000000e-01	1.43329567e-02	4.25165376e-04
8.47000000e-01	1.48780128e-02	4.51190247e-04
8.48000000e-01	1.48670275e-02	4.62357577e-04
8.49000000e-01	1.46172297e-02	4.71523872e-04
8.50000000e-01	1.41743479e-02	4.76735986e-04
8.51000000e-01	1.41091307e-02	4.91509445e-04
8.52000000e-01	1.43983855e-02	5.15723384e-04
8.53000000e-01	1.47687651e-02	5.51972509e-04
8.54000000e-01	1.46606889e-02	5.84308358e-04
8.55000000e-01	1.44861476e-02	5.98504020e-04
8.56000000e-01	1.45859642e-02	6.06596522e-04
8.57000000e-01	1.42346179e-02	6.15287793e-04
8.58000000e-01	1.39304343e-02	6.21183081e-04
8.59000000e-01	1.42596874e-02	6.47418518e-04
8.60000000e-01	1.43437733e-02	6.80105192e-04
8.61000000e-01	1.37889106e-02	6.66279238e-04
8.62000000e-01	1.38227997e-02	7.04863932e-04
8.63000000e-01	1.40039553e-02	7.42089297e-04
8.64000000e-01	1.41524911e-02	7.80940906e-04
8.65000000e-01	1.48343140e-02	8.69960393e-04
8.66000000e-01	1.38714248e-02	8.56841321e-04
8.67000000e-01	1.40566806e-02	8.99883605e-04
8.68000000e-01	1.45008527e-02	9.88855167e-04
8.69000000e-01	1.43827071e-02	1.04474809e-03
8.70000000e-01	1.38898296e-02	1.10463032e-03
8.71000000e-01	1.34263910e-02	1.26257807e-03
8.72000000e-01	1.46271692e-02	1.48887697e-03
8.73000000e-01	1.50180897e-02	1.79221543e-03
8.74000000e-01	1.47964609e-02	2.26147627e-03
8.75000000e-01	1.42686072e-02	4.30214209e-03
