% Filename : SDL13_00034_00029.h5
% Date & Time : 30-Oct-2025 17:29:47
% X-ray Energy (keV) : 13.30001
% Exposure Time (s) : 0.500
% Beam Center : 1461.24000, 208.98300
% Sample to Detector Distance (SDD) (mm) : 1990.750
% Detector Pixel Size (mm) : 0.075
% Photodiode Value : 140863.000
% I0 of Sample : 0
% I0 of Standard : 1
% 
% q(A^-1)   I(q)    I(q)_SE
0.00000000e+00	5.13028531e-03	3.14164223e-03
2.50000000e-04	0.00000000e+00	0.00000000e+00
5.00000000e-04	0.00000000e+00	0.00000000e+00
7.50000000e-04	0.00000000e+00	0.00000000e+00
1.00000000e-03	0.00000000e+00	0.00000000e+00
1.25000000e-03	0.00000000e+00	0.00000000e+00
1.50000000e-03	0.00000000e+00	0.00000000e+00
1.75000000e-03	0.00000000e+00	0.00000000e+00
2.00000000e-03	0.00000000e+00	0.00000000e+00
2.25000000e-03	0.00000000e+00	0.00000000e+00
2.50000000e-03	0.00000000e+00	0.00000000e+00
2.75000000e-03	0.00000000e+00	0.00000000e+00
3.00000000e-03	0.00000000e+00	0.00000000e+00
3.25000000e-03	6.46547894e+00	4.17652073e+00
3.50000000e-03	4.29756265e+00	1.49054648e+00
3.75000000e-03	2.95764842e+00	8.76368337e-01
4.00000000e-03	2.20117524e+00	5.70724984e-01
4.25000000e-03	1.43138441e+00	3.12027829e-01
4.50000000e-03	1.62053826e+00	2.93408091e-01
4.75000000e-03	1.57417298e+00	2.64342978e-01
5.00000000e-03	1.26032791e+00	2.01934390e-01
5.25000000e-03	1.06129027e+00	1.68112426e-01
5.50000000e-03	8.87169967e-01	1.34752324e-01
5.75000000e-03	7.67109960e-01	1.13657746e-01
6.00000000e-03	6.36256440e-01	9.08486503e-02
6.25000000e-03	5.62650471e-01	7.76809076e-02
6.50000000e-03	4.79705138e-01	6.53702137e-02
6.75000000e-03	4.13981389e-01	5.57592294e-02
7.00000000e-03	3.60769524e-01	4.63792676e-02
7.25000000e-03	3.17050092e-01	3.93652842e-02
7.50000000e-03	2.84570168e-01	3.57468327e-02
7.75000000e-03	2.53643404e-01	3.04728993e-02
8.00000000e-03	2.31255306e-01	2.70102466e-02
8.25000000e-03	1.99344601e-01	2.22598928e-02
8.50000000e-03	1.82392501e-01	2.00936028e-02
8.75000000e-03	1.65978515e-01	1.81271501e-02
9.00000000e-03	1.51550642e-01	1.64876971e-02
9.25000000e-03	1.34235352e-01	1.35829436e-02
9.50000000e-03	1.21531474e-01	1.21241121e-02
9.75000000e-03	1.11946551e-01	1.07627031e-02
1.00000000e-02	1.00319930e-01	9.47732999e-03
1.02500000e-02	9.49206826e-02	8.94726884e-03
1.05000000e-02	8.82600306e-02	7.85112410e-03
1.07500000e-02	8.29581436e-02	7.45642003e-03
1.10000000e-02	7.44759656e-02	6.43798448e-03
1.12500000e-02	7.20445907e-02	6.37148035e-03
1.15000000e-02	6.53901779e-02	5.67364812e-03
1.17500000e-02	6.10168135e-02	4.91272812e-03
1.20000000e-02	5.96510524e-02	4.75817041e-03
1.22500000e-02	5.84771198e-02	4.55198647e-03
1.25000000e-02	5.48411562e-02	4.12486315e-03
1.27500000e-02	5.28798809e-02	4.11915439e-03
1.30000000e-02	4.89222133e-02	3.58801624e-03
1.32500000e-02	4.69290110e-02	3.34548891e-03
1.35000000e-02	4.58864542e-02	3.30248750e-03
1.37500000e-02	4.40019986e-02	3.07409162e-03
1.40000000e-02	4.12952056e-02	2.83611027e-03
1.42500000e-02	4.04819682e-02	2.69537079e-03
1.45000000e-02	3.97589642e-02	2.66477337e-03
1.47500000e-02	3.72974978e-02	2.42694417e-03
1.50000000e-02	3.56553587e-02	2.34691083e-03
1.52500000e-02	3.56120780e-02	2.17892397e-03
1.55000000e-02	3.29139491e-02	2.02527583e-03
1.57500000e-02	3.32295191e-02	2.04895049e-03
1.60000000e-02	3.14373532e-02	1.87096573e-03
1.62500000e-02	3.11171434e-02	1.91004412e-03
1.65000000e-02	3.02061066e-02	1.77004993e-03
1.67500000e-02	2.96284164e-02	1.71592584e-03
1.70000000e-02	3.00355592e-02	1.72731238e-03
1.72500000e-02	2.96341744e-02	1.70898530e-03
1.75000000e-02	2.87754155e-02	1.63311746e-03
1.77500000e-02	2.80119691e-02	1.56258129e-03
1.80000000e-02	2.80772402e-02	1.56705025e-03
1.82500000e-02	2.73783971e-02	1.47917183e-03
1.85000000e-02	2.67639820e-02	1.47823680e-03
1.87500000e-02	2.79683111e-02	1.48417230e-03
1.90000000e-02	2.69979074e-02	1.43622918e-03
1.92500000e-02	2.64848742e-02	1.40991809e-03
1.95000000e-02	2.55000393e-02	1.34334567e-03
1.97500000e-02	2.58919183e-02	1.34300882e-03
2.00000000e-02	2.65360282e-02	1.37189383e-03
2.02500000e-02	2.51792628e-02	1.29499894e-03
2.05000000e-02	2.54484614e-02	1.27030984e-03
2.07500000e-02	2.53257283e-02	1.27745544e-03
2.10000000e-02	2.44067859e-02	1.23054308e-03
2.12500000e-02	2.53010394e-02	1.28428483e-03
2.15000000e-02	2.46902860e-02	1.24785539e-03
2.17500000e-02	2.44343684e-02	1.24658864e-03
2.20000000e-02	2.49559284e-02	1.27367157e-03
2.22500000e-02	2.47065101e-02	1.25325391e-03
2.25000000e-02	2.40635804e-02	1.23047746e-03
2.27500000e-02	2.38663437e-02	1.19954064e-03
2.30000000e-02	2.33098216e-02	1.19919674e-03
2.32500000e-02	2.36652918e-02	1.17118778e-03
2.35000000e-02	2.44047210e-02	1.24038367e-03
2.37500000e-02	2.38625210e-02	1.19919671e-03
2.40000000e-02	2.39684849e-02	1.20236100e-03
2.42500000e-02	2.35072133e-02	1.18298857e-03
2.45000000e-02	2.37479258e-02	1.20322071e-03
2.47500000e-02	2.34094551e-02	1.16175127e-03
2.50000000e-02	2.38529796e-02	1.19056108e-03
2.52500000e-02	2.37817724e-02	1.20620161e-03
2.55000000e-02	2.36067414e-02	1.15733973e-03
2.57500000e-02	2.34187382e-02	1.16624272e-03
2.60000000e-02	2.34805297e-02	1.16277795e-03
2.62500000e-02	2.17628111e-02	1.08844885e-03
2.65000000e-02	2.25873760e-02	1.11097355e-03
2.67500000e-02	2.28316370e-02	1.11597746e-03
2.70000000e-02	2.24334234e-02	1.12070810e-03
2.72500000e-02	2.22322860e-02	1.08829845e-03
2.75000000e-02	2.29298600e-02	1.12941853e-03
2.77500000e-02	2.30521393e-02	1.13668483e-03
2.80000000e-02	2.26411707e-02	1.08940444e-03
2.82500000e-02	2.24270724e-02	1.07298646e-03
2.85000000e-02	2.28051056e-02	1.09662369e-03
2.87500000e-02	2.24742137e-02	1.08291283e-03
2.90000000e-02	2.35094123e-02	1.13626756e-03
2.92500000e-02	2.31048504e-02	1.09836451e-03
2.95000000e-02	2.34751225e-02	1.13642058e-03
2.97500000e-02	2.29971217e-02	1.09905342e-03
3.00000000e-02	2.26780022e-02	1.09428747e-03
3.02500000e-02	2.32508906e-02	1.11961550e-03
3.05000000e-02	2.36620711e-02	1.10810091e-03
3.07500000e-02	2.21995804e-02	1.06638132e-03
3.10000000e-02	2.38435227e-02	1.13498943e-03
3.12500000e-02	2.37937010e-02	1.13102076e-03
3.15000000e-02	2.28771849e-02	1.08042558e-03
3.17500000e-02	2.36202151e-02	1.08956765e-03
3.20000000e-02	2.24584751e-02	1.06095504e-03
3.22500000e-02	2.24316292e-02	1.05289809e-03
3.25000000e-02	2.21871516e-02	1.03906236e-03
3.27500000e-02	2.17040759e-02	1.01361930e-03
3.30000000e-02	2.25213641e-02	1.03278039e-03
3.32500000e-02	2.28382651e-02	1.05098502e-03
3.35000000e-02	2.20134602e-02	1.02850712e-03
3.37500000e-02	2.26125125e-02	1.03951542e-03
3.40000000e-02	2.18863508e-02	1.01333406e-03
3.42500000e-02	2.22446297e-02	1.02774481e-03
3.45000000e-02	2.22314263e-02	1.03639002e-03
3.47500000e-02	2.15379126e-02	9.87722019e-04
3.50000000e-02	2.21000561e-02	1.02092957e-03
3.52500000e-02	2.20303906e-02	1.01012646e-03
3.55000000e-02	2.23598272e-02	1.00362184e-03
3.57500000e-02	2.16409123e-02	9.85141139e-04
3.60000000e-02	2.20636267e-02	9.89342904e-04
3.62500000e-02	2.06137877e-02	9.53507845e-04
3.65000000e-02	2.18686756e-02	9.88149647e-04
3.67500000e-02	2.17487369e-02	9.79275220e-04
3.70000000e-02	2.13419177e-02	9.64987495e-04
3.72500000e-02	2.21663433e-02	9.89745199e-04
3.75000000e-02	2.14261293e-02	9.63086201e-04
3.77500000e-02	2.17610639e-02	9.81019816e-04
3.80000000e-02	2.16053022e-02	9.55688248e-04
3.82500000e-02	2.12323922e-02	9.38065115e-04
3.85000000e-02	2.14839791e-02	9.59093028e-04
3.87500000e-02	2.15176332e-02	9.48071517e-04
3.90000000e-02	2.14241773e-02	9.47644129e-04
3.92500000e-02	2.10312968e-02	9.28064588e-04
3.95000000e-02	2.08857417e-02	9.33782348e-04
3.97500000e-02	2.15027718e-02	9.47801915e-04
4.00000000e-02	2.11727328e-02	9.25735617e-04
4.02500000e-02	2.17990892e-02	9.45496578e-04
4.05000000e-02	2.11895734e-02	9.22044557e-04
4.07500000e-02	2.14034414e-02	9.33281294e-04
4.10000000e-02	2.15828525e-02	9.45503329e-04
4.12500000e-02	2.12544396e-02	9.14485387e-04
4.15000000e-02	2.15554558e-02	9.27930031e-04
4.17500000e-02	2.08865034e-02	8.97394146e-04
4.20000000e-02	2.12138883e-02	9.05836750e-04
4.22500000e-02	2.08796432e-02	8.97014896e-04
4.25000000e-02	2.17295667e-02	9.26266260e-04
4.27500000e-02	2.06459191e-02	8.75974991e-04
4.30000000e-02	2.07987935e-02	8.94189356e-04
4.32500000e-02	2.09153363e-02	8.86254483e-04
4.35000000e-02	2.14096141e-02	9.06807114e-04
4.37500000e-02	2.12851479e-02	8.98759423e-04
4.40000000e-02	2.10896157e-02	8.86375325e-04
4.42500000e-02	2.05621015e-02	8.69479421e-04
4.45000000e-02	2.14320178e-02	8.93576674e-04
4.47500000e-02	2.15785933e-02	8.94190660e-04
4.50000000e-02	2.15185426e-02	8.99431966e-04
4.52500000e-02	2.08299415e-02	8.64908128e-04
4.55000000e-02	2.10838486e-02	8.77686047e-04
4.57500000e-02	2.08809403e-02	8.66801131e-04
4.60000000e-02	2.11435829e-02	8.74992984e-04
4.62500000e-02	2.05367694e-02	8.57196261e-04
4.65000000e-02	2.09618051e-02	8.70920902e-04
4.67500000e-02	2.10925244e-02	8.71626585e-04
4.70000000e-02	2.09786331e-02	8.59595040e-04
4.72500000e-02	2.10235045e-02	8.67135127e-04
4.75000000e-02	2.07433111e-02	8.62923150e-04
4.77500000e-02	2.08484798e-02	8.55502266e-04
4.80000000e-02	2.08763316e-02	8.55863841e-04
4.82500000e-02	2.07741287e-02	8.36550432e-04
4.85000000e-02	2.07625708e-02	8.57433646e-04
4.87500000e-02	2.12670401e-02	8.66866091e-04
4.90000000e-02	2.10151676e-02	8.52132202e-04
4.92500000e-02	2.10217235e-02	8.54412710e-04
4.95000000e-02	2.11278225e-02	8.52922347e-04
4.97500000e-02	2.08937058e-02	8.42947973e-04
5.00000000e-02	2.08571989e-02	8.42764881e-04
5.02500000e-02	2.12492240e-02	8.48834701e-04
5.05000000e-02	2.12331850e-02	8.43902535e-04
5.07500000e-02	2.09635700e-02	8.42477919e-04
5.10000000e-02	2.12011557e-02	8.43538363e-04
5.12500000e-02	2.07615778e-02	8.30063780e-04
5.15000000e-02	2.01525548e-02	7.98635344e-04
5.17500000e-02	2.06519835e-02	8.14059449e-04
5.20000000e-02	2.03410551e-02	8.10111838e-04
5.22500000e-02	2.01864012e-02	7.97053630e-04
5.25000000e-02	1.99028181e-02	7.86555827e-04
5.27500000e-02	2.08483318e-02	8.11361561e-04
5.30000000e-02	2.02717572e-02	7.96052366e-04
5.32500000e-02	2.07566598e-02	8.11636116e-04
5.35000000e-02	2.10176156e-02	8.21833013e-04
5.37500000e-02	2.07222596e-02	8.11092545e-04
5.40000000e-02	2.11140370e-02	8.23804309e-04
5.42500000e-02	2.06557699e-02	7.94387931e-04
5.45000000e-02	2.06650121e-02	8.06605328e-04
5.47500000e-02	2.07661497e-02	7.97608880e-04
5.50000000e-02	2.05825494e-02	7.91542498e-04
5.52500000e-02	2.05226101e-02	7.88780889e-04
5.55000000e-02	2.04062291e-02	7.74782913e-04
5.57500000e-02	1.97681960e-02	7.65042348e-04
5.60000000e-02	2.00971855e-02	7.67546004e-04
5.62500000e-02	2.06228156e-02	7.92686892e-04
5.65000000e-02	2.11112151e-02	8.05685810e-04
5.67500000e-02	2.07182898e-02	7.92000094e-04
5.70000000e-02	2.07416576e-02	7.85335907e-04
5.72500000e-02	2.11995188e-02	8.07600359e-04
5.75000000e-02	2.07752356e-02	7.85214501e-04
5.77500000e-02	2.06127463e-02	7.77380805e-04
5.80000000e-02	2.00262229e-02	7.63546927e-04
5.82500000e-02	2.02664246e-02	7.61034988e-04
5.85000000e-02	2.08473822e-02	7.89417695e-04
5.87500000e-02	1.95892239e-02	7.34010552e-04
5.90000000e-02	2.01284386e-02	7.59698134e-04
5.92500000e-02	2.06687726e-02	7.69311504e-04
5.95000000e-02	2.04683033e-02	7.61902095e-04
5.97500000e-02	2.08152550e-02	7.75114080e-04
6.00000000e-02	2.01434491e-02	7.50367099e-04
6.02500000e-02	2.09403310e-02	7.82303214e-04
6.05000000e-02	2.07252452e-02	7.66222639e-04
6.07500000e-02	2.01539017e-02	7.52650563e-04
6.10000000e-02	1.99206520e-02	7.37609225e-04
6.12500000e-02	2.01575293e-02	7.47694165e-04
6.15000000e-02	1.98338040e-02	7.34220371e-04
6.17500000e-02	1.97145777e-02	7.23736272e-04
6.20000000e-02	2.01455479e-02	7.46985193e-04
6.22500000e-02	2.02647440e-02	7.46334819e-04
6.25000000e-02	2.02153810e-02	7.38066272e-04
6.27500000e-02	2.03352383e-02	7.37694063e-04
6.30000000e-02	2.04971539e-02	7.48601829e-04
6.32500000e-02	1.99931903e-02	7.32179373e-04
6.35000000e-02	2.04908029e-02	7.47557490e-04
6.37500000e-02	1.98913627e-02	7.27157890e-04
6.40000000e-02	1.97326130e-02	7.19109889e-04
6.42500000e-02	1.99100439e-02	7.25212577e-04
6.45000000e-02	2.09532192e-02	7.52006004e-04
6.47500000e-02	2.00199553e-02	7.26352552e-04
6.50000000e-02	2.02353700e-02	7.35696858e-04
6.52500000e-02	2.00977523e-02	7.21856951e-04
6.55000000e-02	2.00666065e-02	7.18673347e-04
6.57500000e-02	1.99680177e-02	7.13371463e-04
6.60000000e-02	1.97103985e-02	7.05749242e-04
6.62500000e-02	2.01081262e-02	7.24947281e-04
6.65000000e-02	2.01421348e-02	7.18292162e-04
6.67500000e-02	1.98161972e-02	7.10153038e-04
6.70000000e-02	2.00712921e-02	7.17562930e-04
6.72500000e-02	1.98972060e-02	7.10708874e-04
6.75000000e-02	2.01706857e-02	7.10863425e-04
6.77500000e-02	2.04210972e-02	7.30830086e-04
6.80000000e-02	1.95434024e-02	6.99243086e-04
6.82500000e-02	1.97834692e-02	7.03158522e-04
6.85000000e-02	2.01617815e-02	7.14435552e-04
6.87500000e-02	2.00595796e-02	7.09373446e-04
6.90000000e-02	1.97968020e-02	6.93779496e-04
6.92500000e-02	1.98118794e-02	7.03280851e-04
6.95000000e-02	1.99948456e-02	7.10669055e-04
6.97500000e-02	2.05254611e-02	7.23403172e-04
7.00000000e-02	2.01078606e-02	7.04721901e-04
7.02500000e-02	1.95710786e-02	6.84129300e-04
7.05000000e-02	1.98837619e-02	6.91687336e-04
7.07500000e-02	2.02218668e-02	7.10721071e-04
7.10000000e-02	1.97293583e-02	6.90902792e-04
7.12500000e-02	1.97581660e-02	6.82836143e-04
7.15000000e-02	2.02258412e-02	7.00073698e-04
7.17500000e-02	1.96681872e-02	6.88069080e-04
7.20000000e-02	1.97732227e-02	6.89273243e-04
7.22500000e-02	2.01777896e-02	7.05680493e-04
7.25000000e-02	1.96146667e-02	6.75608805e-04
7.27500000e-02	2.01869131e-02	7.00440922e-04
7.30000000e-02	1.98625990e-02	6.85657461e-04
7.32500000e-02	1.96722935e-02	6.80312965e-04
7.35000000e-02	1.99533536e-02	6.85873298e-04
7.37500000e-02	2.02813919e-02	6.91942373e-04
7.40000000e-02	2.03012054e-02	6.90532806e-04
7.42500000e-02	1.98693565e-02	6.79820069e-04
7.45000000e-02	1.98144848e-02	6.78767143e-04
7.47500000e-02	1.98018824e-02	6.71483051e-04
7.50000000e-02	1.95938514e-02	6.69376644e-04
7.52500000e-02	2.00751613e-02	6.87777069e-04
7.55000000e-02	1.95747910e-02	6.63068468e-04
7.57500000e-02	1.98678852e-02	6.81044961e-04
7.60000000e-02	1.99645104e-02	6.81520571e-04
7.62500000e-02	1.96341292e-02	6.70829498e-04
7.65000000e-02	1.98687418e-02	6.68299355e-04
7.67500000e-02	1.98331572e-02	6.71712407e-04
7.70000000e-02	2.00916726e-02	6.81150519e-04
7.72500000e-02	1.95225116e-02	6.65930589e-04
7.75000000e-02	2.04597392e-02	7.04892331e-04
7.77500000e-02	2.01556299e-02	6.99771028e-04
7.80000000e-02	1.96995043e-02	6.88986910e-04
7.82500000e-02	1.96949268e-02	6.89716419e-04
7.85000000e-02	1.99405955e-02	7.03860151e-04
7.87500000e-02	1.99066098e-02	6.99578539e-04
7.90000000e-02	1.97790090e-02	7.03836665e-04
7.92500000e-02	2.00411007e-02	7.11159883e-04
7.95000000e-02	2.01938333e-02	7.20967295e-04
7.97500000e-02	1.94910051e-02	7.01724994e-04
8.00000000e-02	2.02816915e-02	7.17899490e-04
8.02500000e-02	1.97375421e-02	7.10773769e-04
8.05000000e-02	1.99493415e-02	7.19475747e-04
8.07500000e-02	1.97747145e-02	7.19137656e-04
8.10000000e-02	2.02825142e-02	7.33138254e-04
8.12500000e-02	2.03046558e-02	7.33593874e-04
8.15000000e-02	2.02400748e-02	7.26276357e-04
8.17500000e-02	1.95764855e-02	7.07443378e-04
8.20000000e-02	1.97730994e-02	7.19233544e-04
8.22500000e-02	2.07015056e-02	7.54395608e-04
8.25000000e-02	1.94996621e-02	7.13643680e-04
8.27500000e-02	1.94129391e-02	7.08500728e-04
8.30000000e-02	1.99628735e-02	7.31106322e-04
8.32500000e-02	1.99196636e-02	7.29940916e-04
8.35000000e-02	1.98198740e-02	7.32794688e-04
8.37500000e-02	1.96876480e-02	7.24448256e-04
8.40000000e-02	1.95212432e-02	7.20184769e-04
8.42500000e-02	1.98101211e-02	7.29909810e-04
8.45000000e-02	2.00659657e-02	7.38671790e-04
8.47500000e-02	1.91510852e-02	7.08391618e-04
8.50000000e-02	1.94921905e-02	7.18413341e-04
8.52500000e-02	1.96418727e-02	7.28194099e-04
8.55000000e-02	1.93309846e-02	7.16373690e-04
8.57500000e-02	1.94660225e-02	7.29186555e-04
8.60000000e-02	2.00556937e-02	7.45114429e-04
8.62500000e-02	1.95681837e-02	7.23532774e-04
8.65000000e-02	2.02143213e-02	7.48063577e-04
8.67500000e-02	2.02121538e-02	7.40237822e-04
8.70000000e-02	1.97622832e-02	7.16609852e-04
8.72500000e-02	2.00014304e-02	7.14334467e-04
8.75000000e-02	1.93098775e-02	6.80986495e-04
8.77500000e-02	2.00067710e-02	7.02703918e-04
8.80000000e-02	1.99422630e-02	7.07465040e-04
8.82500000e-02	1.95413731e-02	6.82919099e-04
8.85000000e-02	1.99383055e-02	6.93785546e-04
8.87500000e-02	1.94549029e-02	6.68543768e-04
8.90000000e-02	2.00503129e-02	6.92453367e-04
8.92500000e-02	2.00261482e-02	6.88820200e-04
8.95000000e-02	1.90397807e-02	6.53231746e-04
8.97500000e-02	1.98628887e-02	6.74469458e-04
9.00000000e-02	1.97220214e-02	6.61506667e-04
9.02500000e-02	1.94479040e-02	6.63034631e-04
9.05000000e-02	1.96332372e-02	6.67334229e-04
9.07500000e-02	2.01355477e-02	6.77674338e-04
9.10000000e-02	1.94471724e-02	6.52570939e-04
9.12500000e-02	1.98546639e-02	6.62503688e-04
9.15000000e-02	1.95982430e-02	6.56041520e-04
9.17500000e-02	2.01251803e-02	6.75641214e-04
9.20000000e-02	1.99230429e-02	6.68917203e-04
9.22500000e-02	1.99901169e-02	6.67377099e-04
9.25000000e-02	1.98979795e-02	6.60978120e-04
9.27500000e-02	1.96643901e-02	6.58485708e-04
9.30000000e-02	1.98895711e-02	6.58191462e-04
9.32500000e-02	1.93831400e-02	6.41366974e-04
9.35000000e-02	1.99128651e-02	6.50992236e-04
9.37500000e-02	1.94268771e-02	6.38246536e-04
9.40000000e-02	1.99603991e-02	6.59246914e-04
9.42500000e-02	1.97516539e-02	6.48697342e-04
9.45000000e-02	1.99314926e-02	6.54280892e-04
9.47500000e-02	1.98502070e-02	6.51474334e-04
9.50000000e-02	1.97118127e-02	6.40448372e-04
9.52500000e-02	1.92344515e-02	6.28546690e-04
9.55000000e-02	1.93699342e-02	6.28509112e-04
9.57500000e-02	1.99663249e-02	6.49721306e-04
9.60000000e-02	2.00294404e-02	6.50702508e-04
9.62500000e-02	1.93081373e-02	6.26828369e-04
9.65000000e-02	1.96969683e-02	6.35856113e-04
9.67500000e-02	1.97816457e-02	6.36604633e-04
9.70000000e-02	1.97484346e-02	6.39217575e-04
9.72500000e-02	1.92399924e-02	6.19237356e-04
9.75000000e-02	1.96090282e-02	6.30784051e-04
9.77500000e-02	2.05706568e-02	6.49545218e-04
9.80000000e-02	2.03228775e-02	6.50147697e-04
9.82500000e-02	1.97395862e-02	6.35044545e-04
9.85000000e-02	1.97261029e-02	6.22835610e-04
9.87500000e-02	1.95655630e-02	6.21147838e-04
9.90000000e-02	1.98562529e-02	6.31724247e-04
9.92500000e-02	1.93145384e-02	6.16967503e-04
9.95000000e-02	1.97132157e-02	6.25818947e-04
9.97500000e-02	1.99772975e-02	6.34465192e-04
1.00000000e-01	1.99841742e-02	5.10794793e-04
1.00500000e-01	1.95868970e-02	4.36321318e-04
1.01000000e-01	1.98704193e-02	4.41450923e-04
1.01500000e-01	1.96781825e-02	4.37126682e-04
1.02000000e-01	1.97847580e-02	4.35978014e-04
1.02500000e-01	1.97043427e-02	4.31898721e-04
1.03000000e-01	1.95535359e-02	4.28344461e-04
1.03500000e-01	1.95401035e-02	4.27236525e-04
1.04000000e-01	1.92238610e-02	4.21978578e-04
1.04500000e-01	1.94255386e-02	4.24834271e-04
1.05000000e-01	1.99466307e-02	4.30647486e-04
1.05500000e-01	1.97300996e-02	4.26647847e-04
1.06000000e-01	1.98228276e-02	4.27641186e-04
1.06500000e-01	1.97187151e-02	4.24910780e-04
1.07000000e-01	1.97442481e-02	4.32051828e-04
1.07500000e-01	1.95610037e-02	4.35060738e-04
1.08000000e-01	1.97362510e-02	4.43658276e-04
1.08500000e-01	1.96717819e-02	4.42561560e-04
1.09000000e-01	1.97049588e-02	4.45981608e-04
1.09500000e-01	1.93326174e-02	4.41371016e-04
1.10000000e-01	1.99579750e-02	4.48354823e-04
1.10500000e-01	1.97171631e-02	4.34118028e-04
1.11000000e-01	1.98247117e-02	4.28491814e-04
1.11500000e-01	1.93008280e-02	4.15139203e-04
1.12000000e-01	1.97414930e-02	4.23780874e-04
1.12500000e-01	1.96877644e-02	4.17090138e-04
1.13000000e-01	1.96042187e-02	4.16128655e-04
1.13500000e-01	1.95646251e-02	4.14407613e-04
1.14000000e-01	1.96627140e-02	4.14451724e-04
1.14500000e-01	1.95124508e-02	4.10168525e-04
1.15000000e-01	1.96941663e-02	4.09542836e-04
1.15500000e-01	1.98415810e-02	4.13377004e-04
1.16000000e-01	1.95909100e-02	4.08703667e-04
1.16500000e-01	1.95824217e-02	4.08780723e-04
1.17000000e-01	1.98581275e-02	4.11277716e-04
1.17500000e-01	1.95450958e-02	4.04667776e-04
1.18000000e-01	1.97436933e-02	4.04642543e-04
1.18500000e-01	1.94979108e-02	4.01319264e-04
1.19000000e-01	1.97678017e-02	4.06429495e-04
1.19500000e-01	1.95666058e-02	4.01135195e-04
1.20000000e-01	1.97299660e-02	4.01268564e-04
1.20500000e-01	1.96763539e-02	4.01084809e-04
1.21000000e-01	1.94822102e-02	3.95165909e-04
1.21500000e-01	1.98376108e-02	4.01883540e-04
1.22000000e-01	1.96490436e-02	3.97346709e-04
1.22500000e-01	1.97184710e-02	3.97652976e-04
1.23000000e-01	1.96595358e-02	3.96011424e-04
1.23500000e-01	1.93460644e-02	3.88904938e-04
1.24000000e-01	1.95056026e-02	3.91812097e-04
1.24500000e-01	2.00502258e-02	3.99159766e-04
1.25000000e-01	1.97086621e-02	3.92330682e-04
1.25500000e-01	1.94197525e-02	3.86385316e-04
1.26000000e-01	1.98280447e-02	3.93144125e-04
1.26500000e-01	1.96255110e-02	3.88814550e-04
1.27000000e-01	1.97039357e-02	3.89510837e-04
1.27500000e-01	1.95495775e-02	3.86969380e-04
1.28000000e-01	1.96638815e-02	3.86669960e-04
1.28500000e-01	1.94705740e-02	3.83717092e-04
1.29000000e-01	1.95706420e-02	3.85036915e-04
1.29500000e-01	1.93936898e-02	3.80201951e-04
1.30000000e-01	1.94568379e-02	3.80367996e-04
1.30500000e-01	1.94860756e-02	3.81249964e-04
1.31000000e-01	1.96681556e-02	3.82680418e-04
1.31500000e-01	1.97304953e-02	3.84303934e-04
1.32000000e-01	1.97350402e-02	3.83709184e-04
1.32500000e-01	1.96835054e-02	3.79492774e-04
1.33000000e-01	1.97824801e-02	3.80971546e-04
1.33500000e-01	1.91955152e-02	3.69097101e-04
1.34000000e-01	1.93815459e-02	3.73615368e-04
1.34500000e-01	1.98966634e-02	3.81660417e-04
1.35000000e-01	1.92648649e-02	3.67093484e-04
1.35500000e-01	1.96453241e-02	3.73029211e-04
1.36000000e-01	1.94470517e-02	3.68297892e-04
1.36500000e-01	1.95503371e-02	3.72217972e-04
1.37000000e-01	1.93117795e-02	3.64572050e-04
1.37500000e-01	1.97772121e-02	3.73413453e-04
1.38000000e-01	1.93279701e-02	3.64664282e-04
1.38500000e-01	1.95191097e-02	3.67941583e-04
1.39000000e-01	1.93453706e-02	3.64884424e-04
1.39500000e-01	1.94306842e-02	3.66033235e-04
1.40000000e-01	1.97127011e-02	3.70029315e-04
1.40500000e-01	1.95520467e-02	3.66785431e-04
1.41000000e-01	1.92989809e-02	3.63745975e-04
1.41500000e-01	1.95792814e-02	3.67657643e-04
1.42000000e-01	1.96264320e-02	3.66395335e-04
1.42500000e-01	1.94269689e-02	3.63685373e-04
1.43000000e-01	1.96316213e-02	3.65091740e-04
1.43500000e-01	1.96472015e-02	3.65071017e-04
1.44000000e-01	1.94541373e-02	3.61403730e-04
1.44500000e-01	1.98544109e-02	3.64954415e-04
1.45000000e-01	1.94982768e-02	3.62168028e-04
1.45500000e-01	1.92153988e-02	3.54547834e-04
1.46000000e-01	1.93686936e-02	3.58548010e-04
1.46500000e-01	1.94797132e-02	3.58850738e-04
1.47000000e-01	1.92493243e-02	3.54026955e-04
1.47500000e-01	1.94290055e-02	3.57505839e-04
1.48000000e-01	1.90919769e-02	3.51095722e-04
1.48500000e-01	1.92273904e-02	3.53098218e-04
1.49000000e-01	1.95340139e-02	3.57047270e-04
1.49500000e-01	1.94129309e-02	3.54397938e-04
1.50000000e-01	1.92902917e-02	3.50278505e-04
1.50500000e-01	1.92237545e-02	3.50379692e-04
1.51000000e-01	1.91151966e-02	3.47092222e-04
1.51500000e-01	1.95192985e-02	3.53584545e-04
1.52000000e-01	1.92709512e-02	3.46352765e-04
1.52500000e-01	1.93886749e-02	3.48605430e-04
1.53000000e-01	1.92241215e-02	3.48043144e-04
1.53500000e-01	1.89930504e-02	3.41496817e-04
1.54000000e-01	1.91784253e-02	3.43277614e-04
1.54500000e-01	1.93067527e-02	3.52830821e-04
1.55000000e-01	1.95490982e-02	3.60008014e-04
1.55500000e-01	1.90485262e-02	3.55064932e-04
1.56000000e-01	1.92329351e-02	3.60326646e-04
1.56500000e-01	1.89879737e-02	3.56688780e-04
1.57000000e-01	1.89889945e-02	3.58576365e-04
1.57500000e-01	1.89718869e-02	3.48757044e-04
1.58000000e-01	1.92592501e-02	3.47534129e-04
1.58500000e-01	1.92983023e-02	3.48787751e-04
1.59000000e-01	1.92663180e-02	3.46949665e-04
1.59500000e-01	1.94001097e-02	3.47720494e-04
1.60000000e-01	1.89477596e-02	3.40084351e-04
1.60500000e-01	1.92369609e-02	3.42002731e-04
1.61000000e-01	1.89658863e-02	3.38948995e-04
1.61500000e-01	1.91743433e-02	3.39314722e-04
1.62000000e-01	1.91007726e-02	3.38788755e-04
1.62500000e-01	1.90963049e-02	3.39307667e-04
1.63000000e-01	1.89116015e-02	3.33782616e-04
1.63500000e-01	1.90943880e-02	3.38492737e-04
1.64000000e-01	1.90897412e-02	3.34005002e-04
1.64500000e-01	1.90907771e-02	3.35364249e-04
1.65000000e-01	1.90705501e-02	3.35373601e-04
1.65500000e-01	1.89241296e-02	3.31517573e-04
1.66000000e-01	1.89922237e-02	3.32854508e-04
1.66500000e-01	1.89677757e-02	3.31980937e-04
1.67000000e-01	1.89012846e-02	3.29793580e-04
1.67500000e-01	1.88318858e-02	3.28495978e-04
1.68000000e-01	1.89161024e-02	3.29905947e-04
1.68500000e-01	1.89135389e-02	3.28998887e-04
1.69000000e-01	1.91357266e-02	3.32132703e-04
1.69500000e-01	1.89293640e-02	3.27439073e-04
1.70000000e-01	1.90116845e-02	3.27224351e-04
1.70500000e-01	1.90151316e-02	3.26454459e-04
1.71000000e-01	1.89375425e-02	3.26431362e-04
1.71500000e-01	1.86206329e-02	3.20844523e-04
1.72000000e-01	1.86143835e-02	3.20210153e-04
1.72500000e-01	1.88672646e-02	3.23355620e-04
1.73000000e-01	1.87008997e-02	3.19309197e-04
1.73500000e-01	1.88486344e-02	3.21842416e-04
1.74000000e-01	1.88432739e-02	3.20866425e-04
1.74500000e-01	1.89601527e-02	3.21140148e-04
1.75000000e-01	1.87499646e-02	3.17429695e-04
1.75500000e-01	1.87018762e-02	3.15775766e-04
1.76000000e-01	1.88259337e-02	3.18060136e-04
1.76500000e-01	1.90545258e-02	3.21985945e-04
1.77000000e-01	1.85302219e-02	3.11457941e-04
1.77500000e-01	1.88296284e-02	3.16651189e-04
1.78000000e-01	1.87928929e-02	3.15762711e-04
1.78500000e-01	1.88285383e-02	3.15873758e-04
1.79000000e-01	1.88371145e-02	3.16568745e-04
1.79500000e-01	1.88345172e-02	3.15960384e-04
1.80000000e-01	1.88098265e-02	3.15383547e-04
1.80500000e-01	1.84392675e-02	3.10526332e-04
1.81000000e-01	1.85372696e-02	3.10636263e-04
1.81500000e-01	1.87378162e-02	3.12081438e-04
1.82000000e-01	1.85744185e-02	3.09822001e-04
1.82500000e-01	1.86386838e-02	3.10101795e-04
1.83000000e-01	1.87077944e-02	3.12390380e-04
1.83500000e-01	1.85447443e-02	3.08380943e-04
1.84000000e-01	1.84837129e-02	3.07252427e-04
1.84500000e-01	1.87501011e-02	3.10081078e-04
1.85000000e-01	1.84836156e-02	3.06768040e-04
1.85500000e-01	1.86448063e-02	3.08787633e-04
1.86000000e-01	1.87062714e-02	3.09708994e-04
1.86500000e-01	1.87022713e-02	3.07445727e-04
1.87000000e-01	1.87612705e-02	3.09863548e-04
1.87500000e-01	1.87601341e-02	3.08038380e-04
1.88000000e-01	1.86212385e-02	3.05592963e-04
1.88500000e-01	1.85428321e-02	3.05087284e-04
1.89000000e-01	1.84856327e-02	3.02240053e-04
1.89500000e-01	1.85966071e-02	3.04657567e-04
1.90000000e-01	1.85130366e-02	3.02792729e-04
1.90500000e-01	1.83842286e-02	3.00361756e-04
1.91000000e-01	1.84725939e-02	3.00353751e-04
1.91500000e-01	1.84691154e-02	3.01107194e-04
1.92000000e-01	1.87281154e-02	3.03837910e-04
1.92500000e-01	1.86506076e-02	3.02304851e-04
1.93000000e-01	1.86642603e-02	3.01964137e-04
1.93500000e-01	1.85022178e-02	2.99644448e-04
1.94000000e-01	1.82912616e-02	2.96023079e-04
1.94500000e-01	1.83781363e-02	2.97091899e-04
1.95000000e-01	1.82267270e-02	2.96016304e-04
1.95500000e-01	1.82518107e-02	2.94272960e-04
1.96000000e-01	1.85846829e-02	2.98528244e-04
1.96500000e-01	1.82331954e-02	2.93311278e-04
1.97000000e-01	1.84389058e-02	2.96632034e-04
1.97500000e-01	1.81628771e-02	2.92898956e-04
1.98000000e-01	1.85255532e-02	2.97077863e-04
1.98500000e-01	1.82722657e-02	2.91957848e-04
1.99000000e-01	1.82413606e-02	2.92161511e-04
1.99500000e-01	1.83738927e-02	2.93577327e-04
2.00000000e-01	1.84034357e-02	2.94008300e-04
2.00500000e-01	1.80601528e-02	2.88501476e-04
2.01000000e-01	1.82868528e-02	2.90688905e-04
2.01500000e-01	1.82324579e-02	2.90673279e-04
2.02000000e-01	1.82607950e-02	2.89794759e-04
2.02500000e-01	1.81478220e-02	2.87054440e-04
2.03000000e-01	1.83834955e-02	2.90818739e-04
2.03500000e-01	1.81910577e-02	2.87837799e-04
2.04000000e-01	1.83011035e-02	2.88777187e-04
2.04500000e-01	1.83260553e-02	2.90705597e-04
2.05000000e-01	1.81710466e-02	2.86421005e-04
2.05500000e-01	1.80645356e-02	2.85433089e-04
2.06000000e-01	1.82901409e-02	2.87252308e-04
2.06500000e-01	1.83908745e-02	2.89834784e-04
2.07000000e-01	1.80946932e-02	2.84236530e-04
2.07500000e-01	1.79544593e-02	2.82909529e-04
2.08000000e-01	1.83646670e-02	2.87696271e-04
2.08500000e-01	1.80672747e-02	2.80767050e-04
2.09000000e-01	1.82106047e-02	2.84204919e-04
2.09500000e-01	1.81736716e-02	2.83736490e-04
2.10000000e-01	1.79832898e-02	2.79054094e-04
2.10500000e-01	1.82427097e-02	2.83926931e-04
2.11000000e-01	1.82171913e-02	2.82699867e-04
2.11500000e-01	1.79372068e-02	2.79389272e-04
2.12000000e-01	1.79522986e-02	2.79504976e-04
2.12500000e-01	1.81348189e-02	2.82303272e-04
2.13000000e-01	1.81433848e-02	2.81215730e-04
2.13500000e-01	1.79794098e-02	2.78531774e-04
2.14000000e-01	1.79152042e-02	2.78229089e-04
2.14500000e-01	1.81407790e-02	2.79018975e-04
2.15000000e-01	1.79992306e-02	2.79309739e-04
2.15500000e-01	1.78998640e-02	2.75035635e-04
2.16000000e-01	1.80231578e-02	2.77021496e-04
2.16500000e-01	1.78639437e-02	2.75647629e-04
2.17000000e-01	1.82138154e-02	2.83246205e-04
2.17500000e-01	1.83353405e-02	2.90263388e-04
2.18000000e-01	1.76978544e-02	2.80197997e-04
2.18500000e-01	1.81678774e-02	2.89256926e-04
2.19000000e-01	1.78909494e-02	2.87403601e-04
2.19500000e-01	1.79390580e-02	2.89928415e-04
2.20000000e-01	1.78932553e-02	2.88401530e-04
2.20500000e-01	1.77831358e-02	2.88339474e-04
2.21000000e-01	1.78460102e-02	2.89142345e-04
2.21500000e-01	1.78322315e-02	2.91236675e-04
2.22000000e-01	1.79280153e-02	2.91479504e-04
2.22500000e-01	1.77692537e-02	2.90039817e-04
2.23000000e-01	1.77513419e-02	2.90747573e-04
2.23500000e-01	1.79605183e-02	2.95616714e-04
2.24000000e-01	1.79355706e-02	2.95917632e-04
2.24500000e-01	1.79521099e-02	2.97426154e-04
2.25000000e-01	1.82251179e-02	3.01658800e-04
2.25500000e-01	1.77944442e-02	2.93714903e-04
2.26000000e-01	1.75228747e-02	2.91630009e-04
2.26500000e-01	1.80115495e-02	2.94842727e-04
2.27000000e-01	1.80685983e-02	2.92596099e-04
2.27500000e-01	1.81386193e-02	2.90782678e-04
2.28000000e-01	1.80678546e-02	2.89910925e-04
2.28500000e-01	1.78116079e-02	2.83804793e-04
2.29000000e-01	1.78560625e-02	2.83215075e-04
2.29500000e-01	1.78542536e-02	2.81858749e-04
2.30000000e-01	1.79155216e-02	2.82517108e-04
2.30500000e-01	1.77112652e-02	2.77730781e-04
2.31000000e-01	1.78634115e-02	2.80287833e-04
2.31500000e-01	1.79604897e-02	2.80650135e-04
2.32000000e-01	1.78350737e-02	2.77698661e-04
2.32500000e-01	1.77295817e-02	2.76568058e-04
2.33000000e-01	1.78197671e-02	2.75708869e-04
2.33500000e-01	1.79366341e-02	2.77057953e-04
2.34000000e-01	1.77560974e-02	2.74319896e-04
2.34500000e-01	1.79667084e-02	2.75866477e-04
2.35000000e-01	1.75990056e-02	2.70750335e-04
2.35500000e-01	1.80000895e-02	2.76120632e-04
2.36000000e-01	1.77456326e-02	2.71146688e-04
2.36500000e-01	1.76965131e-02	2.70844489e-04
2.37000000e-01	1.77289333e-02	2.70946443e-04
2.37500000e-01	1.78286820e-02	2.72098945e-04
2.38000000e-01	1.77409046e-02	2.69345247e-04
2.38500000e-01	1.77000778e-02	2.69950740e-04
2.39000000e-01	1.74153138e-02	2.65101460e-04
2.39500000e-01	1.76687920e-02	2.68590389e-04
2.40000000e-01	1.74974765e-02	2.64485399e-04
2.40500000e-01	1.76298321e-02	2.65239602e-04
2.41000000e-01	1.76129947e-02	2.65686709e-04
2.41500000e-01	1.75006695e-02	2.62883359e-04
2.42000000e-01	1.75639992e-02	2.63508207e-04
2.42500000e-01	1.76501571e-02	2.64721113e-04
2.43000000e-01	1.75312181e-02	2.61927029e-04
2.43500000e-01	1.75619853e-02	2.63183664e-04
2.44000000e-01	1.74563447e-02	2.60526033e-04
2.44500000e-01	1.78039396e-02	2.65838698e-04
2.45000000e-01	1.75815666e-02	2.61081770e-04
2.45500000e-01	1.75947383e-02	2.61216795e-04
2.46000000e-01	1.76177324e-02	2.62329129e-04
2.46500000e-01	1.75761572e-02	2.60104470e-04
2.47000000e-01	1.76073986e-02	2.60713291e-04
2.47500000e-01	1.76339744e-02	2.60362779e-04
2.48000000e-01	1.74082538e-02	2.57769449e-04
2.48500000e-01	1.74600519e-02	2.57521478e-04
2.49000000e-01	1.76196831e-02	2.60357962e-04
2.49500000e-01	1.73730161e-02	2.56663912e-04
2.50000000e-01	1.76085473e-02	2.57968878e-04
2.50500000e-01	1.75679759e-02	2.59363648e-04
2.51000000e-01	1.75103873e-02	2.56658477e-04
2.51500000e-01	1.74422731e-02	2.55921619e-04
2.52000000e-01	1.73789012e-02	2.53868341e-04
2.52500000e-01	1.74450666e-02	2.56230010e-04
2.53000000e-01	1.76562171e-02	2.57893506e-04
2.53500000e-01	1.76452413e-02	2.57019243e-04
2.54000000e-01	1.72210750e-02	2.52399175e-04
2.54500000e-01	1.72982418e-02	2.53320274e-04
2.55000000e-01	1.71403344e-02	2.50016049e-04
2.55500000e-01	1.74480714e-02	2.53866470e-04
2.56000000e-01	1.73304406e-02	2.51213235e-04
2.56500000e-01	1.74805930e-02	2.53399219e-04
2.57000000e-01	1.74193552e-02	2.52474678e-04
2.57500000e-01	1.73976678e-02	2.51785354e-04
2.58000000e-01	1.72835648e-02	2.50765877e-04
2.58500000e-01	1.74496978e-02	2.51850395e-04
2.59000000e-01	1.74246634e-02	2.51647286e-04
2.59500000e-01	1.72119200e-02	2.47610079e-04
2.60000000e-01	1.74260443e-02	2.50913193e-04
2.60500000e-01	1.71383745e-02	2.47219316e-04
2.61000000e-01	1.70817030e-02	2.46619020e-04
2.61500000e-01	1.74298290e-02	2.50727880e-04
2.62000000e-01	1.72840964e-02	2.47780017e-04
2.62500000e-01	1.72794844e-02	2.47723342e-04
2.63000000e-01	1.71357406e-02	2.45349347e-04
2.63500000e-01	1.70643611e-02	2.45232226e-04
2.64000000e-01	1.73916780e-02	2.47923963e-04
2.64500000e-01	1.73732833e-02	2.48321770e-04
2.65000000e-01	1.72364434e-02	2.45991153e-04
2.65500000e-01	1.71342929e-02	2.44497928e-04
2.66000000e-01	1.72113865e-02	2.46176475e-04
2.66500000e-01	1.72446094e-02	2.44942433e-04
2.67000000e-01	1.72522807e-02	2.44441699e-04
2.67500000e-01	1.74241888e-02	2.46234136e-04
2.68000000e-01	1.71794861e-02	2.42485022e-04
2.68500000e-01	1.70710362e-02	2.42031980e-04
2.69000000e-01	1.71150054e-02	2.41774186e-04
2.69500000e-01	1.70449393e-02	2.40243356e-04
2.70000000e-01	1.70404656e-02	2.40061844e-04
2.70500000e-01	1.72803801e-02	2.42645426e-04
2.71000000e-01	1.72659408e-02	2.42580526e-04
2.71500000e-01	1.71718069e-02	2.41010674e-04
2.72000000e-01	1.73201081e-02	2.41908245e-04
2.72500000e-01	1.70400504e-02	2.39494616e-04
2.73000000e-01	1.71543150e-02	2.40148412e-04
2.73500000e-01	1.72593290e-02	2.41591567e-04
2.74000000e-01	1.72523132e-02	2.40957040e-04
2.74500000e-01	1.71174634e-02	2.39597553e-04
2.75000000e-01	1.71426555e-02	2.39167884e-04
2.75500000e-01	1.71529320e-02	2.40261794e-04
2.76000000e-01	1.73213012e-02	2.41555463e-04
2.76500000e-01	1.69386696e-02	2.36733074e-04
2.77000000e-01	1.71378743e-02	2.38730845e-04
2.77500000e-01	1.71711499e-02	2.37958443e-04
2.78000000e-01	1.69878582e-02	2.36584346e-04
2.78500000e-01	1.70915437e-02	2.37642848e-04
2.79000000e-01	1.69598752e-02	2.35611207e-04
2.79500000e-01	1.69454173e-02	2.34518029e-04
2.80000000e-01	1.69694364e-02	2.35092931e-04
2.80500000e-01	1.69749105e-02	2.34927880e-04
2.81000000e-01	1.68553445e-02	2.33811432e-04
2.81500000e-01	1.70496189e-02	2.35800641e-04
2.82000000e-01	1.67502629e-02	2.31921527e-04
2.82500000e-01	1.70961171e-02	2.35646854e-04
2.83000000e-01	1.69380695e-02	2.33998294e-04
2.83500000e-01	1.71113136e-02	2.34858150e-04
2.84000000e-01	1.70098193e-02	2.33969116e-04
2.84500000e-01	1.67770204e-02	2.30354797e-04
2.85000000e-01	1.68363420e-02	2.31173959e-04
2.85500000e-01	1.68016018e-02	2.29976380e-04
2.86000000e-01	1.69948703e-02	2.33386814e-04
2.86500000e-01	1.69552459e-02	2.31568348e-04
2.87000000e-01	1.70747814e-02	2.33268350e-04
2.87500000e-01	1.68585358e-02	2.29904106e-04
2.88000000e-01	1.68121325e-02	2.28372011e-04
2.88500000e-01	1.69284279e-02	2.31390535e-04
2.89000000e-01	1.69079255e-02	2.30176698e-04
2.89500000e-01	1.68529088e-02	2.30327657e-04
2.90000000e-01	1.70031062e-02	2.31405963e-04
2.90500000e-01	1.71459421e-02	2.31990396e-04
2.91000000e-01	1.68401545e-02	2.28152903e-04
2.91500000e-01	1.68919720e-02	2.29502187e-04
2.92000000e-01	1.67528991e-02	2.27041344e-04
2.92500000e-01	1.67042689e-02	2.25979756e-04
2.93000000e-01	1.68014404e-02	2.27376121e-04
2.93500000e-01	1.67470358e-02	2.26803309e-04
2.94000000e-01	1.68599611e-02	2.27688581e-04
2.94500000e-01	1.69177065e-02	2.28908902e-04
2.95000000e-01	1.68572890e-02	2.27027219e-04
2.95500000e-01	1.66413490e-02	2.24717249e-04
2.96000000e-01	1.65373541e-02	2.23368245e-04
2.96500000e-01	1.66205868e-02	2.23840761e-04
2.97000000e-01	1.68562384e-02	2.26927691e-04
2.97500000e-01	1.67409143e-02	2.24695269e-04
2.98000000e-01	1.68416570e-02	2.26231102e-04
2.98500000e-01	1.68368521e-02	2.25565782e-04
2.99000000e-01	1.68430699e-02	2.24797813e-04
2.99500000e-01	1.67887606e-02	2.25434997e-04
3.00000000e-01	1.67195344e-02	2.23395345e-04
3.00500000e-01	1.66031514e-02	2.22585189e-04
3.01000000e-01	1.65430020e-02	2.20731884e-04
3.01500000e-01	1.69124243e-02	2.25057351e-04
3.02000000e-01	1.66138339e-02	2.21414607e-04
3.02500000e-01	1.68766845e-02	2.24339893e-04
3.03000000e-01	1.66993082e-02	2.21591927e-04
3.03500000e-01	1.67814901e-02	2.22303902e-04
3.04000000e-01	1.67183800e-02	2.23026893e-04
3.04500000e-01	1.66263632e-02	2.20876108e-04
3.05000000e-01	1.68560184e-02	2.23750726e-04
3.05500000e-01	1.65835188e-02	2.19438326e-04
3.06000000e-01	1.66616895e-02	2.19261037e-04
3.06500000e-01	1.66429136e-02	2.19970851e-04
3.07000000e-01	1.66889681e-02	2.20877146e-04
3.07500000e-01	1.67079800e-02	2.20226513e-04
3.08000000e-01	1.64252718e-02	2.17164540e-04
3.08500000e-01	1.65350219e-02	2.18311477e-04
3.09000000e-01	1.66920193e-02	2.20833517e-04
3.09500000e-01	1.64806708e-02	2.17230693e-04
3.10000000e-01	1.66485768e-02	2.19046016e-04
3.10500000e-01	1.65624591e-02	2.17937130e-04
3.11000000e-01	1.64588738e-02	2.17217170e-04
3.11500000e-01	1.63962096e-02	2.15442803e-04
3.12000000e-01	1.65918319e-02	2.16418482e-04
3.12500000e-01	1.65551647e-02	2.16096734e-04
3.13000000e-01	1.63968185e-02	2.14509234e-04
3.13500000e-01	1.64713514e-02	2.16021608e-04
3.14000000e-01	1.64995857e-02	2.16542666e-04
3.14500000e-01	1.62077006e-02	2.11788776e-04
3.15000000e-01	1.65840573e-02	2.16687215e-04
3.15500000e-01	1.63423253e-02	2.14140780e-04
3.16000000e-01	1.64813978e-02	2.14588105e-04
3.16500000e-01	1.64663176e-02	2.15184947e-04
3.17000000e-01	1.64060753e-02	2.12961632e-04
3.17500000e-01	1.62661958e-02	2.12439937e-04
3.18000000e-01	1.63772873e-02	2.13264524e-04
3.18500000e-01	1.63599866e-02	2.12340664e-04
3.19000000e-01	1.63656072e-02	2.12814855e-04
3.19500000e-01	1.64275354e-02	2.13257173e-04
3.20000000e-01	1.64441961e-02	2.13048973e-04
3.20500000e-01	1.63878050e-02	2.11458949e-04
3.21000000e-01	1.62328759e-02	2.10345791e-04
3.21500000e-01	1.62987799e-02	2.10282872e-04
3.22000000e-01	1.64342772e-02	2.11535110e-04
3.22500000e-01	1.63689542e-02	2.11162416e-04
3.23000000e-01	1.61904799e-02	2.08726898e-04
3.23500000e-01	1.63747610e-02	2.10898307e-04
3.24000000e-01	1.61572009e-02	2.08489283e-04
3.24500000e-01	1.62368726e-02	2.09204488e-04
3.25000000e-01	1.63053953e-02	2.09935477e-04
3.25500000e-01	1.62903183e-02	2.09856154e-04
3.26000000e-01	1.61789110e-02	2.07157670e-04
3.26500000e-01	1.64931717e-02	2.11313749e-04
3.27000000e-01	1.62862103e-02	2.09269551e-04
3.27500000e-01	1.62370168e-02	2.08280366e-04
3.28000000e-01	1.60871627e-02	2.06419901e-04
3.28500000e-01	1.62602104e-02	2.07286570e-04
3.29000000e-01	1.61989156e-02	2.06891519e-04
3.29500000e-01	1.59762437e-02	2.04835918e-04
3.30000000e-01	1.61759994e-02	2.06278623e-04
3.30500000e-01	1.62053037e-02	2.06880519e-04
3.31000000e-01	1.63287958e-02	2.07444001e-04
3.31500000e-01	1.61091627e-02	2.04993767e-04
3.32000000e-01	1.61463653e-02	2.05267618e-04
3.32500000e-01	1.62220533e-02	2.05651084e-04
3.33000000e-01	1.62824745e-02	2.07075622e-04
3.33500000e-01	1.61464532e-02	2.04975560e-04
3.34000000e-01	1.59991433e-02	2.03648471e-04
3.34500000e-01	1.61769666e-02	2.05135629e-04
3.35000000e-01	1.61379695e-02	2.04514485e-04
3.35500000e-01	1.60851282e-02	2.03720286e-04
3.36000000e-01	1.59413264e-02	2.01495312e-04
3.36500000e-01	1.57285535e-02	2.00439546e-04
3.37000000e-01	1.61023737e-02	2.02658386e-04
3.37500000e-01	1.61159258e-02	2.03130630e-04
3.38000000e-01	1.60666900e-02	2.03100826e-04
3.38500000e-01	1.60499695e-02	2.02545273e-04
3.39000000e-01	1.59006683e-02	2.00713638e-04
3.39500000e-01	1.59263858e-02	2.00940297e-04
3.40000000e-01	1.59838863e-02	2.02210513e-04
3.40500000e-01	1.60021169e-02	2.01307527e-04
3.41000000e-01	1.59982727e-02	2.00463484e-04
3.41500000e-01	1.60030452e-02	2.01639019e-04
3.42000000e-01	1.57815641e-02	1.97698248e-04
3.42500000e-01	1.61116408e-02	2.02486006e-04
3.43000000e-01	1.58667238e-02	1.99649283e-04
3.43500000e-01	1.59112257e-02	1.98598176e-04
3.44000000e-01	1.59657770e-02	2.00099684e-04
3.44500000e-01	1.60216766e-02	2.00212392e-04
3.45000000e-01	1.60684920e-02	2.00840819e-04
3.45500000e-01	1.59072274e-02	1.98060531e-04
3.46000000e-01	1.59170904e-02	1.98962118e-04
3.46500000e-01	1.58911330e-02	1.98554819e-04
3.47000000e-01	1.61460526e-02	2.00666451e-04
3.47500000e-01	1.59404865e-02	1.98271306e-04
3.48000000e-01	1.58074694e-02	1.96623456e-04
3.48500000e-01	1.57606664e-02	1.95984324e-04
3.49000000e-01	1.59377150e-02	1.97898697e-04
3.49500000e-01	1.59823773e-02	1.98737773e-04
3.50000000e-01	1.58331764e-02	1.60449870e-04
3.51000000e-01	1.59053919e-02	1.39532204e-04
3.52000000e-01	1.59416833e-02	1.39603266e-04
3.53000000e-01	1.58438940e-02	1.38252658e-04
3.54000000e-01	1.57955484e-02	1.37627518e-04
3.55000000e-01	1.59583017e-02	1.38964420e-04
3.56000000e-01	1.57476960e-02	1.37589152e-04
3.57000000e-01	1.58293739e-02	1.40740889e-04
3.58000000e-01	1.57267835e-02	1.41398735e-04
3.59000000e-01	1.56064963e-02	1.41040397e-04
3.60000000e-01	1.55301862e-02	1.41768357e-04
3.61000000e-01	1.55893395e-02	1.42862676e-04
3.62000000e-01	1.56406815e-02	1.44147297e-04
3.63000000e-01	1.56371916e-02	1.44346605e-04
3.64000000e-01	1.54753643e-02	1.43498501e-04
3.65000000e-01	1.55623821e-02	1.44418637e-04
3.66000000e-01	1.55316119e-02	1.42739572e-04
3.67000000e-01	1.56030589e-02	1.41171684e-04
3.68000000e-01	1.55628000e-02	1.40084229e-04
3.69000000e-01	1.54802196e-02	1.38352306e-04
3.70000000e-01	1.54696796e-02	1.37976245e-04
3.71000000e-01	1.54629638e-02	1.39694429e-04
3.72000000e-01	1.54126711e-02	1.40163326e-04
3.73000000e-01	1.54734226e-02	1.41070589e-04
3.74000000e-01	1.55039906e-02	1.41223364e-04
3.75000000e-01	1.54285144e-02	1.40930285e-04
3.76000000e-01	1.55552270e-02	1.41807074e-04
3.77000000e-01	1.53185325e-02	1.40194323e-04
3.78000000e-01	1.54275467e-02	1.40482604e-04
3.79000000e-01	1.53846510e-02	1.40378780e-04
3.80000000e-01	1.54700848e-02	1.40959991e-04
3.81000000e-01	1.54733868e-02	1.40646650e-04
3.82000000e-01	1.53965201e-02	1.39953760e-04
3.83000000e-01	1.52561199e-02	1.38762849e-04
3.84000000e-01	1.53910082e-02	1.39894825e-04
3.85000000e-01	1.53644651e-02	1.39656036e-04
3.86000000e-01	1.54246540e-02	1.40513579e-04
3.87000000e-01	1.53051367e-02	1.39220428e-04
3.88000000e-01	1.53142437e-02	1.39011083e-04
3.89000000e-01	1.52835386e-02	1.38767977e-04
3.90000000e-01	1.52232745e-02	1.37930893e-04
3.91000000e-01	1.52730119e-02	1.38736370e-04
3.92000000e-01	1.52860749e-02	1.38895519e-04
3.93000000e-01	1.52521075e-02	1.37800368e-04
3.94000000e-01	1.52156193e-02	1.37933785e-04
3.95000000e-01	1.51819619e-02	1.37128888e-04
3.96000000e-01	1.52212632e-02	1.37996273e-04
3.97000000e-01	1.52246322e-02	1.37823648e-04
3.98000000e-01	1.51350786e-02	1.37124319e-04
3.99000000e-01	1.50461873e-02	1.36440876e-04
4.00000000e-01	1.50755043e-02	1.36971535e-04
4.01000000e-01	1.52295848e-02	1.38026242e-04
4.02000000e-01	1.52237715e-02	1.37818419e-04
4.03000000e-01	1.50761152e-02	1.36790158e-04
4.04000000e-01	1.50889198e-02	1.36963625e-04
4.05000000e-01	1.50236123e-02	1.36233380e-04
4.06000000e-01	1.50571904e-02	1.36423997e-04
4.07000000e-01	1.51306663e-02	1.36841575e-04
4.08000000e-01	1.49978144e-02	1.35939172e-04
4.09000000e-01	1.51066591e-02	1.36557064e-04
4.10000000e-01	1.50959709e-02	1.36700094e-04
4.11000000e-01	1.50309950e-02	1.35755198e-04
4.12000000e-01	1.49666490e-02	1.35373210e-04
4.13000000e-01	1.49670130e-02	1.35233466e-04
4.14000000e-01	1.49088095e-02	1.34999773e-04
4.15000000e-01	1.49532413e-02	1.35136551e-04
4.16000000e-01	1.50803018e-02	1.35783519e-04
4.17000000e-01	1.49321730e-02	1.35029281e-04
4.18000000e-01	1.50036602e-02	1.36858413e-04
4.19000000e-01	1.51466969e-02	1.39628306e-04
4.20000000e-01	1.49614308e-02	1.38964680e-04
4.21000000e-01	1.49397043e-02	1.39525479e-04
4.22000000e-01	1.50306423e-02	1.41005058e-04
4.23000000e-01	1.49608732e-02	1.40301614e-04
4.24000000e-01	1.50002822e-02	1.41276567e-04
4.25000000e-01	1.51298934e-02	1.42233687e-04
4.26000000e-01	1.50040457e-02	1.41293068e-04
4.27000000e-01	1.49870664e-02	1.41070427e-04
4.28000000e-01	1.48616920e-02	1.40688709e-04
4.29000000e-01	1.49605309e-02	1.41669323e-04
4.30000000e-01	1.48599690e-02	1.40178134e-04
4.31000000e-01	1.49372335e-02	1.40890844e-04
4.32000000e-01	1.48897716e-02	1.41000272e-04
4.33000000e-01	1.48893816e-02	1.41002628e-04
4.34000000e-01	1.47938536e-02	1.40221355e-04
4.35000000e-01	1.48096338e-02	1.40640604e-04
4.36000000e-01	1.48953563e-02	1.41648364e-04
4.37000000e-01	1.48320793e-02	1.41349139e-04
4.38000000e-01	1.48460161e-02	1.41391281e-04
4.39000000e-01	1.47754824e-02	1.41186843e-04
4.40000000e-01	1.47959756e-02	1.41419899e-04
4.41000000e-01	1.47844370e-02	1.41502201e-04
4.42000000e-01	1.47970692e-02	1.41720239e-04
4.43000000e-01	1.47727529e-02	1.41281868e-04
4.44000000e-01	1.48543657e-02	1.42535555e-04
4.45000000e-01	1.46855925e-02	1.40762572e-04
4.46000000e-01	1.46929755e-02	1.41323810e-04
4.47000000e-01	1.46587667e-02	1.41032962e-04
4.48000000e-01	1.46058250e-02	1.40667710e-04
4.49000000e-01	1.46329550e-02	1.41148833e-04
4.50000000e-01	1.47349138e-02	1.42462073e-04
4.51000000e-01	1.46379700e-02	1.42011051e-04
4.52000000e-01	1.45997540e-02	1.41160002e-04
4.53000000e-01	1.44588256e-02	1.40383119e-04
4.54000000e-01	1.45322630e-02	1.41049358e-04
4.55000000e-01	1.45013162e-02	1.40713080e-04
4.56000000e-01	1.46267941e-02	1.41590552e-04
4.57000000e-01	1.47409071e-02	1.42976519e-04
4.58000000e-01	1.47094031e-02	1.42821024e-04
4.59000000e-01	1.45201631e-02	1.41707314e-04
4.60000000e-01	1.45077422e-02	1.41426059e-04
4.61000000e-01	1.46193456e-02	1.42382017e-04
4.62000000e-01	1.45968512e-02	1.42884192e-04
4.63000000e-01	1.44795714e-02	1.41815262e-04
4.64000000e-01	1.45175554e-02	1.42203283e-04
4.65000000e-01	1.45725165e-02	1.42237648e-04
4.66000000e-01	1.45406139e-02	1.42281906e-04
4.67000000e-01	1.44935313e-02	1.41540436e-04
4.68000000e-01	1.46517591e-02	1.43756080e-04
4.69000000e-01	1.45541651e-02	1.42618650e-04
4.70000000e-01	1.46705867e-02	1.43610575e-04
4.71000000e-01	1.44274727e-02	1.41726466e-04
4.72000000e-01	1.46134011e-02	1.43242200e-04
4.73000000e-01	1.45880535e-02	1.42849183e-04
4.74000000e-01	1.45646232e-02	1.42455683e-04
4.75000000e-01	1.43792113e-02	1.41321766e-04
4.76000000e-01	1.43417471e-02	1.41103383e-04
4.77000000e-01	1.44498523e-02	1.41843987e-04
4.78000000e-01	1.45032215e-02	1.42217680e-04
4.79000000e-01	1.43170464e-02	1.41090718e-04
4.80000000e-01	1.44076097e-02	1.41568071e-04
4.81000000e-01	1.44680838e-02	1.42405562e-04
4.82000000e-01	1.43815852e-02	1.41599376e-04
4.83000000e-01	1.44081838e-02	1.41386994e-04
4.84000000e-01	1.42823307e-02	1.41314002e-04
4.85000000e-01	1.43708985e-02	1.41649625e-04
4.86000000e-01	1.42196519e-02	1.40228389e-04
4.87000000e-01	1.42818334e-02	1.40902626e-04
4.88000000e-01	1.44861568e-02	1.42738218e-04
4.89000000e-01	1.43129034e-02	1.41598665e-04
4.90000000e-01	1.43569380e-02	1.41506753e-04
4.91000000e-01	1.42651333e-02	1.41088735e-04
4.92000000e-01	1.43830981e-02	1.42235259e-04
4.93000000e-01	1.42294556e-02	1.41229417e-04
4.94000000e-01	1.43737232e-02	1.42118892e-04
4.95000000e-01	1.42539833e-02	1.42433079e-04
4.96000000e-01	1.42993239e-02	1.46450242e-04
4.97000000e-01	1.43130925e-02	1.49952404e-04
4.98000000e-01	1.43089946e-02	1.51623186e-04
4.99000000e-01	1.41074375e-02	1.51634633e-04
5.00000000e-01	1.41924587e-02	1.54083642e-04
5.01000000e-01	1.42692781e-02	1.55828167e-04
5.02000000e-01	1.42100763e-02	1.57018994e-04
5.03000000e-01	1.42951441e-02	1.59274674e-04
5.04000000e-01	1.41859299e-02	1.59477409e-04
5.05000000e-01	1.43058891e-02	1.58457279e-04
5.06000000e-01	1.42579676e-02	1.54865732e-04
5.07000000e-01	1.42985564e-02	1.53806281e-04
5.08000000e-01	1.40879066e-02	1.50352040e-04
5.09000000e-01	1.42560188e-02	1.51113933e-04
5.10000000e-01	1.42494004e-02	1.50308691e-04
5.11000000e-01	1.42347583e-02	1.49933376e-04
5.12000000e-01	1.43029301e-02	1.50532932e-04
5.13000000e-01	1.42818242e-02	1.49658680e-04
5.14000000e-01	1.41322793e-02	1.48272599e-04
5.15000000e-01	1.42196357e-02	1.48771236e-04
5.16000000e-01	1.41654452e-02	1.47752376e-04
5.17000000e-01	1.42573135e-02	1.48404107e-04
5.18000000e-01	1.41002241e-02	1.46421986e-04
5.19000000e-01	1.40958867e-02	1.46261240e-04
5.20000000e-01	1.41908180e-02	1.46763133e-04
5.21000000e-01	1.41466243e-02	1.46263030e-04
5.22000000e-01	1.40448416e-02	1.44774157e-04
5.23000000e-01	1.42063546e-02	1.46849225e-04
5.24000000e-01	1.40315013e-02	1.45096312e-04
5.25000000e-01	1.39869264e-02	1.44406645e-04
5.26000000e-01	1.39750964e-02	1.44375028e-04
5.27000000e-01	1.40499868e-02	1.45380969e-04
5.28000000e-01	1.40160844e-02	1.45061941e-04
5.29000000e-01	1.40148917e-02	1.45206241e-04
5.30000000e-01	1.39847140e-02	1.44599837e-04
5.31000000e-01	1.39712564e-02	1.44819604e-04
5.32000000e-01	1.40122248e-02	1.45092091e-04
5.33000000e-01	1.38077191e-02	1.42842151e-04
5.34000000e-01	1.39403922e-02	1.44387236e-04
5.35000000e-01	1.39124205e-02	1.43484868e-04
5.36000000e-01	1.38415925e-02	1.43134386e-04
5.37000000e-01	1.38552846e-02	1.43593134e-04
5.38000000e-01	1.39275221e-02	1.43768122e-04
5.39000000e-01	1.39390402e-02	1.43617776e-04
5.40000000e-01	1.38821030e-02	1.43479883e-04
5.41000000e-01	1.39139007e-02	1.43577417e-04
5.42000000e-01	1.36944783e-02	1.42146915e-04
5.43000000e-01	1.39176638e-02	1.43745860e-04
5.44000000e-01	1.39047908e-02	1.43436936e-04
5.45000000e-01	1.38025375e-02	1.42594035e-04
5.46000000e-01	1.37352848e-02	1.41518903e-04
5.47000000e-01	1.38089837e-02	1.43272762e-04
5.48000000e-01	1.38140710e-02	1.42865012e-04
5.49000000e-01	1.37348987e-02	1.42338474e-04
5.50000000e-01	1.37001368e-02	1.42047644e-04
5.51000000e-01	1.38361642e-02	1.42372490e-04
5.52000000e-01	1.37426214e-02	1.41775306e-04
5.53000000e-01	1.36937386e-02	1.40612243e-04
5.54000000e-01	1.37617710e-02	1.41663555e-04
5.55000000e-01	1.35474837e-02	1.39905900e-04
5.56000000e-01	1.37387527e-02	1.40792250e-04
5.57000000e-01	1.36353292e-02	1.40446509e-04
5.58000000e-01	1.37406084e-02	1.41237159e-04
5.59000000e-01	1.37238306e-02	1.41317490e-04
5.60000000e-01	1.36477479e-02	1.40566878e-04
5.61000000e-01	1.37343121e-02	1.41180031e-04
5.62000000e-01	1.35478738e-02	1.39513883e-04
5.63000000e-01	1.37266015e-02	1.40979649e-04
5.64000000e-01	1.36418065e-02	1.40044333e-04
5.65000000e-01	1.36692827e-02	1.40502963e-04
5.66000000e-01	1.36415732e-02	1.40448886e-04
5.67000000e-01	1.35957436e-02	1.40103087e-04
5.68000000e-01	1.34990892e-02	1.39211552e-04
5.69000000e-01	1.35744738e-02	1.39352083e-04
5.70000000e-01	1.34874834e-02	1.38708514e-04
5.71000000e-01	1.35607240e-02	1.39187936e-04
5.72000000e-01	1.35212121e-02	1.38997458e-04
5.73000000e-01	1.35703519e-02	1.40603851e-04
5.74000000e-01	1.33459192e-02	1.37742310e-04
5.75000000e-01	1.34378719e-02	1.38510828e-04
5.76000000e-01	1.34199139e-02	1.38303725e-04
5.77000000e-01	1.34985076e-02	1.39387014e-04
5.78000000e-01	1.34844029e-02	1.39076830e-04
5.79000000e-01	1.33899031e-02	1.37849220e-04
5.80000000e-01	1.33858087e-02	1.37565094e-04
5.81000000e-01	1.33871316e-02	1.38180984e-04
5.82000000e-01	1.33808664e-02	1.38212717e-04
5.83000000e-01	1.34044413e-02	1.38427485e-04
5.84000000e-01	1.32384057e-02	1.36305719e-04
5.85000000e-01	1.33536019e-02	1.37821772e-04
5.86000000e-01	1.33380893e-02	1.38230807e-04
5.87000000e-01	1.33237003e-02	1.37562456e-04
5.88000000e-01	1.33160478e-02	1.37503437e-04
5.89000000e-01	1.33434012e-02	1.37744029e-04
5.90000000e-01	1.32553095e-02	1.36908827e-04
5.91000000e-01	1.32953243e-02	1.37233233e-04
5.92000000e-01	1.33744489e-02	1.38601695e-04
5.93000000e-01	1.32629644e-02	1.37638474e-04
5.94000000e-01	1.32658487e-02	1.37681041e-04
5.95000000e-01	1.33302693e-02	1.37947111e-04
5.96000000e-01	1.32376829e-02	1.37131524e-04
5.97000000e-01	1.33024809e-02	1.37168756e-04
5.98000000e-01	1.32815693e-02	1.37335174e-04
5.99000000e-01	1.32484651e-02	1.36944011e-04
6.00000000e-01	1.31426393e-02	1.36077657e-04
6.01000000e-01	1.32648549e-02	1.37526125e-04
6.02000000e-01	1.32004642e-02	1.37040974e-04
6.03000000e-01	1.33050127e-02	1.37637830e-04
6.04000000e-01	1.31299062e-02	1.36360578e-04
6.05000000e-01	1.31578619e-02	1.35866761e-04
6.06000000e-01	1.30637766e-02	1.35766462e-04
6.07000000e-01	1.30800514e-02	1.36003084e-04
6.08000000e-01	1.33173554e-02	1.37360832e-04
6.09000000e-01	1.31715024e-02	1.36964486e-04
6.10000000e-01	1.31093588e-02	1.36272625e-04
6.11000000e-01	1.30991838e-02	1.36158381e-04
6.12000000e-01	1.31659175e-02	1.36309145e-04
6.13000000e-01	1.31865405e-02	1.37012862e-04
6.14000000e-01	1.31311969e-02	1.36192715e-04
6.15000000e-01	1.31475349e-02	1.36515321e-04
6.16000000e-01	1.31428949e-02	1.36337992e-04
6.17000000e-01	1.31907513e-02	1.36688465e-04
6.18000000e-01	1.31006563e-02	1.35884475e-04
6.19000000e-01	1.30723952e-02	1.35640841e-04
6.20000000e-01	1.31522059e-02	1.36073684e-04
6.21000000e-01	1.31166320e-02	1.35862800e-04
6.22000000e-01	1.32285187e-02	1.36638152e-04
6.23000000e-01	1.30781710e-02	1.34690480e-04
6.24000000e-01	1.31210146e-02	1.35490425e-04
6.25000000e-01	1.29458839e-02	1.33619590e-04
6.26000000e-01	1.28487251e-02	1.32479220e-04
6.27000000e-01	1.30765634e-02	1.35077493e-04
6.28000000e-01	1.30956682e-02	1.34835520e-04
6.29000000e-01	1.28926622e-02	1.33397894e-04
6.30000000e-01	1.29252211e-02	1.33357976e-04
6.31000000e-01	1.30206438e-02	1.34447108e-04
6.32000000e-01	1.29568443e-02	1.34046811e-04
6.33000000e-01	1.28768608e-02	1.33527026e-04
6.34000000e-01	1.29939763e-02	1.37313811e-04
6.35000000e-01	1.31471540e-02	1.43389796e-04
6.36000000e-01	1.30212203e-02	1.44107313e-04
6.37000000e-01	1.30830891e-02	1.46996329e-04
6.38000000e-01	1.31529677e-02	1.50119749e-04
6.39000000e-01	1.29466219e-02	1.49648435e-04
6.40000000e-01	1.29767037e-02	1.51544095e-04
6.41000000e-01	1.31286152e-02	1.54641762e-04
6.42000000e-01	1.29868502e-02	1.55251398e-04
6.43000000e-01	1.30522724e-02	1.56177128e-04
6.44000000e-01	1.31523694e-02	1.51093418e-04
6.45000000e-01	1.29841567e-02	1.47245687e-04
6.46000000e-01	1.30068523e-02	1.45764190e-04
6.47000000e-01	1.29698650e-02	1.45278352e-04
6.48000000e-01	1.29689474e-02	1.44198721e-04
6.49000000e-01	1.31541962e-02	1.44602803e-04
6.50000000e-01	1.28831991e-02	1.41491955e-04
6.51000000e-01	1.28531164e-02	1.41478077e-04
6.52000000e-01	1.29274860e-02	1.40688156e-04
6.53000000e-01	1.31618107e-02	1.42655950e-04
6.54000000e-01	1.31979470e-02	1.42127807e-04
6.55000000e-01	1.29179880e-02	1.39693572e-04
6.56000000e-01	1.29087759e-02	1.39644510e-04
6.57000000e-01	1.29938706e-02	1.40164955e-04
6.58000000e-01	1.28861509e-02	1.38750217e-04
6.59000000e-01	1.29116614e-02	1.38738804e-04
6.60000000e-01	1.28381536e-02	1.38228026e-04
6.61000000e-01	1.30006566e-02	1.39845046e-04
6.62000000e-01	1.29160940e-02	1.38997103e-04
6.63000000e-01	1.29697194e-02	1.39594338e-04
6.64000000e-01	1.29325860e-02	1.38487259e-04
6.65000000e-01	1.29562210e-02	1.38812378e-04
6.66000000e-01	1.30510275e-02	1.39882553e-04
6.67000000e-01	1.29430778e-02	1.38721633e-04
6.68000000e-01	1.27559466e-02	1.36198551e-04
6.69000000e-01	1.28487334e-02	1.38251239e-04
6.70000000e-01	1.26986387e-02	1.36286318e-04
6.71000000e-01	1.27861267e-02	1.36977487e-04
6.72000000e-01	1.28191453e-02	1.37398378e-04
6.73000000e-01	1.27448511e-02	1.36157533e-04
6.74000000e-01	1.28144468e-02	1.37152926e-04
6.75000000e-01	1.27674153e-02	1.36665229e-04
6.76000000e-01	1.28585543e-02	1.37245244e-04
6.77000000e-01	1.28129038e-02	1.37162499e-04
6.78000000e-01	1.28524436e-02	1.37513631e-04
6.79000000e-01	1.27782618e-02	1.36771419e-04
6.80000000e-01	1.29658076e-02	1.37813412e-04
6.81000000e-01	1.26374619e-02	1.34844657e-04
6.82000000e-01	1.27257570e-02	1.36092940e-04
6.83000000e-01	1.27629259e-02	1.36545162e-04
6.84000000e-01	1.27272710e-02	1.36503439e-04
6.85000000e-01	1.26061120e-02	1.35143471e-04
6.86000000e-01	1.26990229e-02	1.35534245e-04
6.87000000e-01	1.27623199e-02	1.36035384e-04
6.88000000e-01	1.27883989e-02	1.36604696e-04
6.89000000e-01	1.26739302e-02	1.35289152e-04
6.90000000e-01	1.26659771e-02	1.35260541e-04
6.91000000e-01	1.27983883e-02	1.36208615e-04
6.92000000e-01	1.27159343e-02	1.35617736e-04
6.93000000e-01	1.26097274e-02	1.34593527e-04
6.94000000e-01	1.27016133e-02	1.35765494e-04
6.95000000e-01	1.27038552e-02	1.35050006e-04
6.96000000e-01	1.26747077e-02	1.35066602e-04
6.97000000e-01	1.26212092e-02	1.34343866e-04
6.98000000e-01	1.25109265e-02	1.33625022e-04
6.99000000e-01	1.26188147e-02	1.34350114e-04
7.00000000e-01	1.26171691e-02	1.34629598e-04
7.01000000e-01	1.25658311e-02	1.33809630e-04
7.02000000e-01	1.24997552e-02	1.33379226e-04
7.03000000e-01	1.25228338e-02	1.33439489e-04
7.04000000e-01	1.26086275e-02	1.34387845e-04
7.05000000e-01	1.26156422e-02	1.34618503e-04
7.06000000e-01	1.24242768e-02	1.32603531e-04
7.07000000e-01	1.24762063e-02	1.32312529e-04
7.08000000e-01	1.25444700e-02	1.32950014e-04
7.09000000e-01	1.24764744e-02	1.32677238e-04
7.10000000e-01	1.24991649e-02	1.33005294e-04
7.11000000e-01	1.25104234e-02	1.33183400e-04
7.12000000e-01	1.24353314e-02	1.32553979e-04
7.13000000e-01	1.23486717e-02	1.31728614e-04
7.14000000e-01	1.24646625e-02	1.33045538e-04
7.15000000e-01	1.24186782e-02	1.32580653e-04
7.16000000e-01	1.22702342e-02	1.30797610e-04
7.17000000e-01	1.23628356e-02	1.32060678e-04
7.18000000e-01	1.23544885e-02	1.31814712e-04
7.19000000e-01	1.24056859e-02	1.32398657e-04
7.20000000e-01	1.23833698e-02	1.31799316e-04
7.21000000e-01	1.21271545e-02	1.30185848e-04
7.22000000e-01	1.23564414e-02	1.31438842e-04
7.23000000e-01	1.22422813e-02	1.30421649e-04
7.24000000e-01	1.24029003e-02	1.32179424e-04
7.25000000e-01	1.23592220e-02	1.31457731e-04
7.26000000e-01	1.23266811e-02	1.31118772e-04
7.27000000e-01	1.22719367e-02	1.31117239e-04
7.28000000e-01	1.22136396e-02	1.31094314e-04
7.29000000e-01	1.22951317e-02	1.31349758e-04
7.30000000e-01	1.22791398e-02	1.30648680e-04
7.31000000e-01	1.23745457e-02	1.31746961e-04
7.32000000e-01	1.22217645e-02	1.30545877e-04
7.33000000e-01	1.21657833e-02	1.29810762e-04
7.34000000e-01	1.22649496e-02	1.31084795e-04
7.35000000e-01	1.20938835e-02	1.28597458e-04
7.36000000e-01	1.21750238e-02	1.30077978e-04
7.37000000e-01	1.22727560e-02	1.30041932e-04
7.38000000e-01	1.21245387e-02	1.28596560e-04
7.39000000e-01	1.21116738e-02	1.28374812e-04
7.40000000e-01	1.21221100e-02	1.28227435e-04
7.41000000e-01	1.21774642e-02	1.29201083e-04
7.42000000e-01	1.22081581e-02	1.28867372e-04
7.43000000e-01	1.21391011e-02	1.28549475e-04
7.44000000e-01	1.21925746e-02	1.28551960e-04
7.45000000e-01	1.21788217e-02	1.28293405e-04
7.46000000e-01	1.19769888e-02	1.26580432e-04
7.47000000e-01	1.20905337e-02	1.27780430e-04
7.48000000e-01	1.21928401e-02	1.29113294e-04
7.49000000e-01	1.21841896e-02	1.29218705e-04
7.50000000e-01	1.20484378e-02	1.27019465e-04
7.51000000e-01	1.20427230e-02	1.27587701e-04
7.52000000e-01	1.21116194e-02	1.28303655e-04
7.53000000e-01	1.20025139e-02	1.26859384e-04
7.54000000e-01	1.19554083e-02	1.26433242e-04
7.55000000e-01	1.19532982e-02	1.26521326e-04
7.56000000e-01	1.19254444e-02	1.26372755e-04
7.57000000e-01	1.19811436e-02	1.26940773e-04
7.58000000e-01	1.19707470e-02	1.27113956e-04
7.59000000e-01	1.19323291e-02	1.25904719e-04
7.60000000e-01	1.20619379e-02	1.27242461e-04
7.61000000e-01	1.19370247e-02	1.25803590e-04
7.62000000e-01	1.18932073e-02	1.25181383e-04
7.63000000e-01	1.18590718e-02	1.25006650e-04
7.64000000e-01	1.16412317e-02	1.22593265e-04
7.65000000e-01	1.17888273e-02	1.23491181e-04
7.66000000e-01	1.18715144e-02	1.24706273e-04
7.67000000e-01	1.19130745e-02	1.24923504e-04
7.68000000e-01	1.16880311e-02	1.22787067e-04
7.69000000e-01	1.17736915e-02	1.23528089e-04
7.70000000e-01	1.18041324e-02	1.24243597e-04
7.71000000e-01	1.18653257e-02	1.24616648e-04
7.72000000e-01	1.19184683e-02	1.28483304e-04
7.73000000e-01	1.19225901e-02	1.33098948e-04
7.74000000e-01	1.17390855e-02	1.33866897e-04
7.75000000e-01	1.17850036e-02	1.36791429e-04
7.76000000e-01	1.19098174e-02	1.39523274e-04
7.77000000e-01	1.17148989e-02	1.39720912e-04
7.78000000e-01	1.17973714e-02	1.42830057e-04
7.79000000e-01	1.18044649e-02	1.44227094e-04
7.80000000e-01	1.17058937e-02	1.45012005e-04
7.81000000e-01	1.17005802e-02	1.47043689e-04
7.82000000e-01	1.17016573e-02	1.48255070e-04
7.83000000e-01	1.16479504e-02	1.49541397e-04
7.84000000e-01	1.15376630e-02	1.50222469e-04
7.85000000e-01	1.18218557e-02	1.54586166e-04
7.86000000e-01	1.16729697e-02	1.55283147e-04
7.87000000e-01	1.16057945e-02	1.55516618e-04
7.88000000e-01	1.15977362e-02	1.56359302e-04
7.89000000e-01	1.15445283e-02	1.57044716e-04
7.90000000e-01	1.15855714e-02	1.59003168e-04
7.91000000e-01	1.16538530e-02	1.61495874e-04
7.92000000e-01	1.17531829e-02	1.64665412e-04
7.93000000e-01	1.14631450e-02	1.62595879e-04
7.94000000e-01	1.14664271e-02	1.63834428e-04
7.95000000e-01	1.13516666e-02	1.65707174e-04
7.96000000e-01	1.14040954e-02	1.67084282e-04
7.97000000e-01	1.17170408e-02	1.73209691e-04
7.98000000e-01	1.14124294e-02	1.70601043e-04
7.99000000e-01	1.13631084e-02	1.72227492e-04
8.00000000e-01	1.14510332e-02	1.73897420e-04
8.01000000e-01	1.13201828e-02	1.74959174e-04
8.02000000e-01	1.16168006e-02	1.80896907e-04
8.03000000e-01	1.13664430e-02	1.78422185e-04
8.04000000e-01	1.13925727e-02	1.81571231e-04
8.05000000e-01	1.13846020e-02	1.82577179e-04
8.06000000e-01	1.14695792e-02	1.85402391e-04
8.07000000e-01	1.13062826e-02	1.86374359e-04
8.08000000e-01	1.13172474e-02	1.88792067e-04
8.09000000e-01	1.13926721e-02	1.91724978e-04
8.10000000e-01	1.13448031e-02	1.94010182e-04
8.11000000e-01	1.12792527e-02	1.94479071e-04
8.12000000e-01	1.13853231e-02	1.97915003e-04
8.13000000e-01	1.10621810e-02	1.94319272e-04
8.14000000e-01	1.11758763e-02	1.98992646e-04
8.15000000e-01	1.12954990e-02	2.03219921e-04
8.16000000e-01	1.10913973e-02	2.03946554e-04
8.17000000e-01	1.13391193e-02	2.07804839e-04
8.18000000e-01	1.11863802e-02	2.09406500e-04
8.19000000e-01	1.13234215e-02	2.13382830e-04
8.20000000e-01	1.12415312e-02	2.15940998e-04
8.21000000e-01	1.10041165e-02	2.15180040e-04
8.22000000e-01	1.12610064e-02	2.21270889e-04
8.23000000e-01	1.12361347e-02	2.25579074e-04
8.24000000e-01	1.10381535e-02	2.24930562e-04
8.25000000e-01	1.12611807e-02	2.30527380e-04
8.26000000e-01	1.10207027e-02	2.30086281e-04
8.27000000e-01	1.08927242e-02	2.29487632e-04
8.28000000e-01	1.11451749e-02	2.39204281e-04
8.29000000e-01	1.07921419e-02	2.36354050e-04
8.30000000e-01	1.09421161e-02	2.43607852e-04
8.31000000e-01	1.11241374e-02	2.49201990e-04
8.32000000e-01	1.10518309e-02	2.53453019e-04
8.33000000e-01	1.10798913e-02	2.57732028e-04
8.34000000e-01	1.10766171e-02	2.61021965e-04
8.35000000e-01	1.06462672e-02	2.58682000e-04
8.36000000e-01	1.09798350e-02	2.70058111e-04
8.37000000e-01	1.07035075e-02	2.69168139e-04
8.38000000e-01	1.07601736e-02	2.74587073e-04
8.39000000e-01	1.08865695e-02	2.83137901e-04
8.40000000e-01	1.09047523e-02	2.88288246e-04
8.41000000e-01	1.05393577e-02	2.85842868e-04
8.42000000e-01	1.07136044e-02	2.99370974e-04
8.43000000e-01	1.10990212e-02	3.12841730e-04
8.44000000e-01	1.10849384e-02	3.20774734e-04
8.45000000e-01	1.09328785e-02	3.26709717e-04
8.46000000e-01	1.11163953e-02	3.35962075e-04
8.47000000e-01	1.07418950e-02	3.41599162e-04
8.48000000e-01	1.11542788e-02	3.61484722e-04
8.49000000e-01	1.10692753e-02	3.72872710e-04
8.50000000e-01	1.05131901e-02	3.70133160e-04
8.51000000e-01	1.07637338e-02	3.89591559e-04
8.52000000e-01	1.09028068e-02	4.11183531e-04
8.53000000e-01	1.03980810e-02	4.08964868e-04
8.54000000e-01	1.10540989e-02	4.49999205e-04
8.55000000e-01	1.04876374e-02	4.46372040e-04
8.56000000e-01	1.04212161e-02	4.56785709e-04
8.57000000e-01	1.04456452e-02	4.71721704e-04
8.58000000e-01	1.01985389e-02	4.74637568e-04
8.59000000e-01	1.08424399e-02	5.13278607e-04
8.60000000e-01	1.07482250e-02	5.33984413e-04
8.61000000e-01	1.04860405e-02	5.38840402e-04
8.62000000e-01	1.03598099e-02	5.50357419e-04
8.63000000e-01	1.08101800e-02	6.00286578e-04
8.64000000e-01	9.96723154e-03	5.79761751e-04
8.65000000e-01	1.05554483e-02	6.17462095e-04
8.66000000e-01	1.07832103e-02	6.71043541e-04
8.67000000e-01	1.05215369e-02	7.15918442e-04
8.68000000e-01	1.04160458e-02	7.46747861e-04
8.69000000e-01	1.02773657e-02	7.92123844e-04
8.70000000e-01	1.04762866e-02	8.80098066e-04
8.71000000e-01	1.06503534e-02	9.68765687e-04
8.72000000e-01	1.11457724e-02	1.15507241e-03
8.73000000e-01	1.09612522e-02	1.33906448e-03
8.74000000e-01	9.97490500e-03	1.56388378e-03
8.75000000e-01	1.32529260e-02	4.29645577e-03
