% Filename : SDL12_00046_00016.h5
% Date & Time : 30-Oct-2025 18:09:13
% X-ray Energy (keV) : 13.30001
% Exposure Time (s) : 0.500
% Beam Center : 1461.24000, 208.98300
% Sample to Detector Distance (SDD) (mm) : 1990.750
% Detector Pixel Size (mm) : 0.075
% Photodiode Value : 141042.000
% I0 of Sample : 0
% I0 of Standard : 1
% 
% q(A^-1)   I(q)    I(q)_SE
0.00000000e+00	1.28094673e-02	6.53157829e-03
2.50000000e-04	0.00000000e+00	0.00000000e+00
5.00000000e-04	0.00000000e+00	0.00000000e+00
7.50000000e-04	0.00000000e+00	0.00000000e+00
1.00000000e-03	0.00000000e+00	0.00000000e+00
1.25000000e-03	0.00000000e+00	0.00000000e+00
1.50000000e-03	0.00000000e+00	0.00000000e+00
1.75000000e-03	0.00000000e+00	0.00000000e+00
2.00000000e-03	0.00000000e+00	0.00000000e+00
2.25000000e-03	0.00000000e+00	0.00000000e+00
2.50000000e-03	0.00000000e+00	0.00000000e+00
2.75000000e-03	0.00000000e+00	0.00000000e+00
3.00000000e-03	0.00000000e+00	0.00000000e+00
3.25000000e-03	1.68679368e+03	1.01539228e+03
3.50000000e-03	4.26856474e+02	1.57022676e+02
3.75000000e-03	2.73850387e+02	9.40331560e+01
4.00000000e-03	2.05986830e+02	6.46565942e+01
4.25000000e-03	1.05712860e+02	2.93576952e+01
4.50000000e-03	1.08172370e+02	2.53342954e+01
4.75000000e-03	1.02380257e+02	2.02557668e+01
5.00000000e-03	8.20268302e+01	1.59168775e+01
5.25000000e-03	6.70533586e+01	1.26738813e+01
5.50000000e-03	5.50384243e+01	1.00814939e+01
5.75000000e-03	4.69845693e+01	8.33776926e+00
6.00000000e-03	3.80470490e+01	6.61120716e+00
6.25000000e-03	3.26097577e+01	5.40717011e+00
6.50000000e-03	2.84899008e+01	4.73804876e+00
6.75000000e-03	2.40304687e+01	3.84834891e+00
7.00000000e-03	2.11263364e+01	3.32280454e+00
7.25000000e-03	1.78007572e+01	2.66316920e+00
7.50000000e-03	1.55865069e+01	2.31104700e+00
7.75000000e-03	1.35089911e+01	2.00458688e+00
8.00000000e-03	1.19877076e+01	1.69367164e+00
8.25000000e-03	1.05699132e+01	1.43906972e+00
8.50000000e-03	9.33625707e+00	1.24107118e+00
8.75000000e-03	8.45172764e+00	1.10975662e+00
9.00000000e-03	7.49278558e+00	9.77787295e-01
9.25000000e-03	6.66009945e+00	8.49783722e-01
9.50000000e-03	5.93912079e+00	7.38171307e-01
9.75000000e-03	5.37358565e+00	6.53401827e-01
1.00000000e-02	4.78620522e+00	5.78927945e-01
1.02500000e-02	4.41689084e+00	5.32038088e-01
1.05000000e-02	3.98824554e+00	4.54338306e-01
1.07500000e-02	3.63150205e+00	4.15272537e-01
1.10000000e-02	3.28494874e+00	3.64956626e-01
1.12500000e-02	2.95564567e+00	3.30300337e-01
1.15000000e-02	2.80964192e+00	3.08387375e-01
1.17500000e-02	2.43245065e+00	2.53260156e-01
1.20000000e-02	2.35571468e+00	2.49961205e-01
1.22500000e-02	2.17258097e+00	2.23646574e-01
1.25000000e-02	2.02440417e+00	2.05661908e-01
1.27500000e-02	1.88816847e+00	1.89122213e-01
1.30000000e-02	1.74781328e+00	1.72591746e-01
1.32500000e-02	1.59067018e+00	1.54033054e-01
1.35000000e-02	1.50045519e+00	1.44345992e-01
1.37500000e-02	1.38827122e+00	1.32346697e-01
1.40000000e-02	1.28114925e+00	1.19400111e-01
1.42500000e-02	1.18845414e+00	1.07692974e-01
1.45000000e-02	1.12997992e+00	1.02404410e-01
1.47500000e-02	1.05370674e+00	9.38934489e-02
1.50000000e-02	9.73859030e-01	8.54383209e-02
1.52500000e-02	9.26465895e-01	7.96124811e-02
1.55000000e-02	8.54801492e-01	7.21907499e-02
1.57500000e-02	8.03382177e-01	6.80578640e-02
1.60000000e-02	7.70496484e-01	6.35150056e-02
1.62500000e-02	7.33798364e-01	6.11571917e-02
1.65000000e-02	6.70838370e-01	5.49268493e-02
1.67500000e-02	6.38960756e-01	5.12380249e-02
1.70000000e-02	6.02946025e-01	4.84333427e-02
1.72500000e-02	5.78097037e-01	4.52290208e-02
1.75000000e-02	5.33967940e-01	4.18654612e-02
1.77500000e-02	5.13566258e-01	3.96471318e-02
1.80000000e-02	4.94130759e-01	3.80048582e-02
1.82500000e-02	4.59380157e-01	3.39804506e-02
1.85000000e-02	4.35293375e-01	3.29984062e-02
1.87500000e-02	4.14432248e-01	3.01170595e-02
1.90000000e-02	3.97665495e-01	2.89132815e-02
1.92500000e-02	3.74674860e-01	2.66309793e-02
1.95000000e-02	3.52337399e-01	2.47753168e-02
1.97500000e-02	3.49091772e-01	2.49068817e-02
2.00000000e-02	3.15406978e-01	2.17859892e-02
2.02500000e-02	3.10139469e-01	2.12941808e-02
2.05000000e-02	3.01183584e-01	2.02845127e-02
2.07500000e-02	2.88312153e-01	1.96346357e-02
2.10000000e-02	2.78684328e-01	1.89714784e-02
2.12500000e-02	2.72524826e-01	1.84720946e-02
2.15000000e-02	2.61083307e-01	1.74190724e-02
2.17500000e-02	2.53920068e-01	1.69424019e-02
2.20000000e-02	2.45406440e-01	1.64973825e-02
2.22500000e-02	2.31786182e-01	1.52832082e-02
2.25000000e-02	2.31029005e-01	1.53498022e-02
2.27500000e-02	2.16497978e-01	1.39468596e-02
2.30000000e-02	2.18300978e-01	1.43224836e-02
2.32500000e-02	2.02695555e-01	1.30783228e-02
2.35000000e-02	2.02652425e-01	1.30580041e-02
2.37500000e-02	1.92146106e-01	1.22843919e-02
2.40000000e-02	1.84788016e-01	1.19394024e-02
2.42500000e-02	1.83961301e-01	1.17577737e-02
2.45000000e-02	1.77805347e-01	1.14277522e-02
2.47500000e-02	1.69325111e-01	1.05422831e-02
2.50000000e-02	1.66442269e-01	1.04846832e-02
2.52500000e-02	1.59063996e-01	1.00763020e-02
2.55000000e-02	1.53626467e-01	9.38650011e-03
2.57500000e-02	1.51812511e-01	9.27463219e-03
2.60000000e-02	1.45580863e-01	8.85241918e-03
2.62500000e-02	1.41635560e-01	8.68798467e-03
2.65000000e-02	1.37364306e-01	8.30767876e-03
2.67500000e-02	1.34151737e-01	8.11246029e-03
2.70000000e-02	1.29960644e-01	7.73616243e-03
2.72500000e-02	1.28422237e-01	7.61995275e-03
2.75000000e-02	1.22027041e-01	7.30280465e-03
2.77500000e-02	1.19212469e-01	7.11256739e-03
2.80000000e-02	1.16329159e-01	6.69391286e-03
2.82500000e-02	1.13781891e-01	6.65329902e-03
2.85000000e-02	1.11995561e-01	6.47940162e-03
2.87500000e-02	1.11155931e-01	6.44986320e-03
2.90000000e-02	1.06798252e-01	6.12956544e-03
2.92500000e-02	1.06205660e-01	5.92188336e-03
2.95000000e-02	1.03933983e-01	5.93951931e-03
2.97500000e-02	9.89602663e-02	5.53147592e-03
3.00000000e-02	9.70438532e-02	5.44758396e-03
3.02500000e-02	9.66884647e-02	5.40381647e-03
3.05000000e-02	9.33084450e-02	5.04730701e-03
3.07500000e-02	9.23287273e-02	5.13978960e-03
3.10000000e-02	8.95701299e-02	4.85739074e-03
3.12500000e-02	8.52218071e-02	4.66645132e-03
3.15000000e-02	8.56600931e-02	4.74000571e-03
3.17500000e-02	8.40539403e-02	4.48985229e-03
3.20000000e-02	8.15988485e-02	4.40374177e-03
3.22500000e-02	7.94236600e-02	4.29968369e-03
3.25000000e-02	7.85908039e-02	4.24267226e-03
3.27500000e-02	7.66357151e-02	4.10211084e-03
3.30000000e-02	7.48626028e-02	3.91343169e-03
3.32500000e-02	7.34753706e-02	3.86480838e-03
3.35000000e-02	7.26884644e-02	3.83367692e-03
3.37500000e-02	7.12118664e-02	3.74372154e-03
3.40000000e-02	6.91116694e-02	3.60954937e-03
3.42500000e-02	6.91129643e-02	3.52663885e-03
3.45000000e-02	6.61515700e-02	3.40168607e-03
3.47500000e-02	6.61371291e-02	3.35143505e-03
3.50000000e-02	6.43979308e-02	3.28653430e-03
3.52500000e-02	6.34072391e-02	3.23790920e-03
3.55000000e-02	6.33837275e-02	3.15805121e-03
3.57500000e-02	6.13747522e-02	3.11648724e-03
3.60000000e-02	6.10359160e-02	3.07014767e-03
3.62500000e-02	5.87605164e-02	2.94446527e-03
3.65000000e-02	5.73573134e-02	2.80062238e-03
3.67500000e-02	5.71902388e-02	2.86768939e-03
3.70000000e-02	5.67332635e-02	2.81134342e-03
3.72500000e-02	5.62771066e-02	2.73697003e-03
3.75000000e-02	5.56061165e-02	2.71493562e-03
3.77500000e-02	5.37727267e-02	2.60677225e-03
3.80000000e-02	5.45100123e-02	2.59795636e-03
3.82500000e-02	5.22125892e-02	2.48790387e-03
3.85000000e-02	5.30979121e-02	2.54438697e-03
3.87500000e-02	4.97356489e-02	2.38662502e-03
3.90000000e-02	5.03552560e-02	2.40776013e-03
3.92500000e-02	5.04823074e-02	2.38434691e-03
3.95000000e-02	4.97051146e-02	2.33261707e-03
3.97500000e-02	4.96508142e-02	2.37111277e-03
4.00000000e-02	4.75587965e-02	2.18971620e-03
4.02500000e-02	4.65401934e-02	2.19336272e-03
4.05000000e-02	4.63995024e-02	2.14636955e-03
4.07500000e-02	4.55178335e-02	2.08923795e-03
4.10000000e-02	4.45689282e-02	2.06024562e-03
4.12500000e-02	4.47553317e-02	2.03151727e-03
4.15000000e-02	4.48707415e-02	2.02533405e-03
4.17500000e-02	4.40902753e-02	1.98015169e-03
4.20000000e-02	4.30242456e-02	1.90649062e-03
4.22500000e-02	4.25106034e-02	1.91853414e-03
4.25000000e-02	4.30852676e-02	1.93903946e-03
4.27500000e-02	4.18693790e-02	1.83910072e-03
4.30000000e-02	4.19397624e-02	1.88383526e-03
4.32500000e-02	4.13135502e-02	1.82183317e-03
4.35000000e-02	3.99428742e-02	1.76966620e-03
4.37500000e-02	4.04353518e-02	1.78009553e-03
4.40000000e-02	4.04218212e-02	1.76700848e-03
4.42500000e-02	3.92822088e-02	1.72811805e-03
4.45000000e-02	3.99721700e-02	1.73693149e-03
4.47500000e-02	3.94069123e-02	1.69811286e-03
4.50000000e-02	3.78444955e-02	1.64834207e-03
4.52500000e-02	3.80356844e-02	1.61959401e-03
4.55000000e-02	3.83046475e-02	1.61831174e-03
4.57500000e-02	3.70315069e-02	1.56817004e-03
4.60000000e-02	3.70430219e-02	1.56665129e-03
4.62500000e-02	3.71443873e-02	1.59072893e-03
4.65000000e-02	3.65320986e-02	1.56547847e-03
4.67500000e-02	3.52472324e-02	1.46065817e-03
4.70000000e-02	3.55865561e-02	1.46836297e-03
4.72500000e-02	3.59294101e-02	1.50066436e-03
4.75000000e-02	3.53540601e-02	1.48147277e-03
4.77500000e-02	3.37042305e-02	1.40316253e-03
4.80000000e-02	3.45296245e-02	1.40603403e-03
4.82500000e-02	3.38589666e-02	1.40341049e-03
4.85000000e-02	3.33476436e-02	1.37554706e-03
4.87500000e-02	3.35131130e-02	1.38516416e-03
4.90000000e-02	3.41667126e-02	1.38557028e-03
4.92500000e-02	3.39904215e-02	1.38306072e-03
4.95000000e-02	3.28644775e-02	1.33870166e-03
4.97500000e-02	3.32211985e-02	1.34066206e-03
5.00000000e-02	3.28961161e-02	1.34032754e-03
5.02500000e-02	3.21144737e-02	1.28260503e-03
5.05000000e-02	3.23953936e-02	1.29411494e-03
5.07500000e-02	3.22047649e-02	1.29866319e-03
5.10000000e-02	3.16973255e-02	1.27773634e-03
5.12500000e-02	3.17554404e-02	1.27507452e-03
5.15000000e-02	3.16146943e-02	1.24594833e-03
5.17500000e-02	3.07445578e-02	1.22300081e-03
5.20000000e-02	3.13723466e-02	1.23883823e-03
5.22500000e-02	3.11362203e-02	1.23460442e-03
5.25000000e-02	3.01607666e-02	1.18907740e-03
5.27500000e-02	3.01904816e-02	1.18130380e-03
5.30000000e-02	2.95051138e-02	1.16703399e-03
5.32500000e-02	3.03698836e-02	1.19097520e-03
5.35000000e-02	3.02034609e-02	1.18516671e-03
5.37500000e-02	2.95665279e-02	1.15056497e-03
5.40000000e-02	2.94623581e-02	1.13954921e-03
5.42500000e-02	2.96002401e-02	1.14836833e-03
5.45000000e-02	3.00233626e-02	1.16298402e-03
5.47500000e-02	2.94944622e-02	1.13634064e-03
5.50000000e-02	2.89853471e-02	1.12296042e-03
5.52500000e-02	2.97421026e-02	1.14855493e-03
5.55000000e-02	2.92104253e-02	1.12547039e-03
5.57500000e-02	2.80054303e-02	1.08402479e-03
5.60000000e-02	2.79837035e-02	1.06484439e-03
5.62500000e-02	2.86650009e-02	1.09530579e-03
5.65000000e-02	2.87743799e-02	1.10137131e-03
5.67500000e-02	2.83333890e-02	1.09414576e-03
5.70000000e-02	2.79941655e-02	1.06886291e-03
5.72500000e-02	2.74101408e-02	1.04739106e-03
5.75000000e-02	2.75619305e-02	1.04320307e-03
5.77500000e-02	2.82112478e-02	1.05752225e-03
5.80000000e-02	2.82752086e-02	1.06094463e-03
5.82500000e-02	2.73515303e-02	1.02426676e-03
5.85000000e-02	2.72105966e-02	1.01990703e-03
5.87500000e-02	2.73413952e-02	1.01803991e-03
5.90000000e-02	2.72414947e-02	1.02277957e-03
5.92500000e-02	2.65396058e-02	9.86384127e-04
5.95000000e-02	2.71221668e-02	1.01045520e-03
5.97500000e-02	2.71854034e-02	1.00772913e-03
6.00000000e-02	2.68984398e-02	1.00140300e-03
6.02500000e-02	2.72630706e-02	1.01438157e-03
6.05000000e-02	2.63879630e-02	9.74459879e-04
6.07500000e-02	2.67765675e-02	9.88170389e-04
6.10000000e-02	2.61609763e-02	9.61065617e-04
6.12500000e-02	2.63247028e-02	9.70183537e-04
6.15000000e-02	2.60193500e-02	9.55596348e-04
6.17500000e-02	2.57369864e-02	9.43959030e-04
6.20000000e-02	2.57097720e-02	9.43283700e-04
6.22500000e-02	2.64893927e-02	9.68862550e-04
6.25000000e-02	2.52561216e-02	9.24170187e-04
6.27500000e-02	2.51452631e-02	9.12754621e-04
6.30000000e-02	2.57455513e-02	9.33322250e-04
6.32500000e-02	2.56117097e-02	9.31093248e-04
6.35000000e-02	2.66362967e-02	9.57791113e-04
6.37500000e-02	2.56867297e-02	9.23457427e-04
6.40000000e-02	2.50755973e-02	9.12117427e-04
6.42500000e-02	2.56272945e-02	9.12268997e-04
6.45000000e-02	2.48700078e-02	8.93024730e-04
6.47500000e-02	2.50537900e-02	9.01685925e-04
6.50000000e-02	2.53893728e-02	9.16747887e-04
6.52500000e-02	2.53847243e-02	9.02184396e-04
6.55000000e-02	2.47206912e-02	8.87658992e-04
6.57500000e-02	2.43536726e-02	8.67830394e-04
6.60000000e-02	2.53767362e-02	9.02404334e-04
6.62500000e-02	2.49076146e-02	8.89266688e-04
6.65000000e-02	2.45473104e-02	8.68080187e-04
6.67500000e-02	2.51784417e-02	8.82737771e-04
6.70000000e-02	2.46413647e-02	8.69067647e-04
6.72500000e-02	2.53221973e-02	9.02102197e-04
6.75000000e-02	2.43118221e-02	8.53525421e-04
6.77500000e-02	2.47698711e-02	8.70533643e-04
6.80000000e-02	2.42261455e-02	8.56699391e-04
6.82500000e-02	2.47494188e-02	8.75660616e-04
6.85000000e-02	2.51980824e-02	8.84918925e-04
6.87500000e-02	2.45923071e-02	8.61210762e-04
6.90000000e-02	2.45154950e-02	8.53261306e-04
6.92500000e-02	2.40712261e-02	8.40226970e-04
6.95000000e-02	2.40231973e-02	8.37551915e-04
6.97500000e-02	2.36783060e-02	8.24845377e-04
7.00000000e-02	2.46282705e-02	8.44653673e-04
7.02500000e-02	2.35830700e-02	8.16584720e-04
7.05000000e-02	2.39097050e-02	8.25996175e-04
7.07500000e-02	2.45868956e-02	8.49735223e-04
7.10000000e-02	2.44492042e-02	8.45285278e-04
7.12500000e-02	2.35684682e-02	8.21400879e-04
7.15000000e-02	2.42047592e-02	8.28312708e-04
7.17500000e-02	2.41056278e-02	8.27600217e-04
7.20000000e-02	2.39333218e-02	8.22838061e-04
7.22500000e-02	2.32293252e-02	7.99754587e-04
7.25000000e-02	2.35010664e-02	8.06283602e-04
7.27500000e-02	2.35875204e-02	8.06988052e-04
7.30000000e-02	2.39018454e-02	8.19632195e-04
7.32500000e-02	2.43060683e-02	8.20374980e-04
7.35000000e-02	2.34149624e-02	8.07964178e-04
7.37500000e-02	2.34354815e-02	7.96162304e-04
7.40000000e-02	2.30688209e-02	7.87842002e-04
7.42500000e-02	2.36440816e-02	7.99723240e-04
7.45000000e-02	2.36680477e-02	7.96474839e-04
7.47500000e-02	2.34314025e-02	7.83376518e-04
7.50000000e-02	2.34744621e-02	7.88065581e-04
7.52500000e-02	2.33312130e-02	7.83158553e-04
7.55000000e-02	2.31082311e-02	7.76116283e-04
7.57500000e-02	2.27954215e-02	7.65140568e-04
7.60000000e-02	2.31920199e-02	7.75524169e-04
7.62500000e-02	2.35099680e-02	7.84622141e-04
7.65000000e-02	2.33189975e-02	7.79309264e-04
7.67500000e-02	2.31736637e-02	7.72633430e-04
7.70000000e-02	2.31944804e-02	7.73558202e-04
7.72500000e-02	2.34628994e-02	7.92442080e-04
7.75000000e-02	2.32254030e-02	7.93117141e-04
7.77500000e-02	2.31761079e-02	7.97652960e-04
7.80000000e-02	2.27237595e-02	7.90895901e-04
7.82500000e-02	2.31979051e-02	8.02384803e-04
7.85000000e-02	2.37963190e-02	8.32687340e-04
7.87500000e-02	2.35654605e-02	8.17671580e-04
7.90000000e-02	2.28634116e-02	8.06275212e-04
7.92500000e-02	2.33011419e-02	8.20522615e-04
7.95000000e-02	2.32756924e-02	8.20404747e-04
7.97500000e-02	2.38303724e-02	8.40338740e-04
8.00000000e-02	2.31547623e-02	8.22968616e-04
8.02500000e-02	2.28184850e-02	8.16965791e-04
8.05000000e-02	2.33625568e-02	8.32426277e-04
8.07500000e-02	2.35296745e-02	8.44464767e-04
8.10000000e-02	2.22595026e-02	7.97502172e-04
8.12500000e-02	2.32117837e-02	8.32617936e-04
8.15000000e-02	2.29387545e-02	8.14795290e-04
8.17500000e-02	2.30501877e-02	8.36180225e-04
8.20000000e-02	2.27585324e-02	8.21883000e-04
8.22500000e-02	2.28658103e-02	8.25135413e-04
8.25000000e-02	2.32049464e-02	8.40231912e-04
8.27500000e-02	2.29148893e-02	8.32064114e-04
8.30000000e-02	2.25322592e-02	8.14924044e-04
8.32500000e-02	2.27448892e-02	8.30022126e-04
8.35000000e-02	2.31038513e-02	8.40810207e-04
8.37500000e-02	2.34934633e-02	8.39470650e-04
8.40000000e-02	2.27987669e-02	8.30025568e-04
8.42500000e-02	2.26525252e-02	8.28839620e-04
8.45000000e-02	2.18569083e-02	8.03876440e-04
8.47500000e-02	2.27496494e-02	8.36951922e-04
8.50000000e-02	2.28434675e-02	8.24150457e-04
8.52500000e-02	2.20022685e-02	8.14114931e-04
8.55000000e-02	2.20249041e-02	7.99151129e-04
8.57500000e-02	2.32767546e-02	8.54048297e-04
8.60000000e-02	2.24512966e-02	8.25123350e-04
8.62500000e-02	2.28670853e-02	8.41849612e-04
8.65000000e-02	2.25254952e-02	8.15776144e-04
8.67500000e-02	2.17076626e-02	7.98102196e-04
8.70000000e-02	2.24765670e-02	8.14706946e-04
8.72500000e-02	2.30107702e-02	8.12758809e-04
8.75000000e-02	2.25897176e-02	7.84773420e-04
8.77500000e-02	2.22992791e-02	7.75219331e-04
8.80000000e-02	2.21327028e-02	7.73106656e-04
8.82500000e-02	2.23500972e-02	7.74044655e-04
8.85000000e-02	2.28639820e-02	7.92347479e-04
8.87500000e-02	2.25837326e-02	7.67159981e-04
8.90000000e-02	2.22135863e-02	7.59252686e-04
8.92500000e-02	2.29332239e-02	7.81795622e-04
8.95000000e-02	2.25156272e-02	7.64707569e-04
8.97500000e-02	2.19405487e-02	7.41552383e-04
9.00000000e-02	2.15678613e-02	7.28491210e-04
9.02500000e-02	2.26188641e-02	7.57038853e-04
9.05000000e-02	2.23073476e-02	7.48490251e-04
9.07500000e-02	2.22840466e-02	7.43270384e-04
9.10000000e-02	2.21939094e-02	7.39739015e-04
9.12500000e-02	2.26108932e-02	7.46070244e-04
9.15000000e-02	2.21301306e-02	7.31739185e-04
9.17500000e-02	2.24603197e-02	7.48599064e-04
9.20000000e-02	2.18884246e-02	7.21188397e-04
9.22500000e-02	2.24675261e-02	7.43808114e-04
9.25000000e-02	2.19495711e-02	7.22135191e-04
9.27500000e-02	2.20850160e-02	7.27089011e-04
9.30000000e-02	2.17474109e-02	7.15845119e-04
9.32500000e-02	2.22370521e-02	7.30018770e-04
9.35000000e-02	2.15301245e-02	6.99930036e-04
9.37500000e-02	2.16167925e-02	7.07957306e-04
9.40000000e-02	2.20065803e-02	7.18664525e-04
9.42500000e-02	2.16911313e-02	6.99634112e-04
9.45000000e-02	2.16995861e-02	7.03117554e-04
9.47500000e-02	2.25559680e-02	7.23675470e-04
9.50000000e-02	2.21238462e-02	7.13834580e-04
9.52500000e-02	2.19175243e-02	7.07023976e-04
9.55000000e-02	2.13382033e-02	6.85341388e-04
9.57500000e-02	2.17342846e-02	7.03687348e-04
9.60000000e-02	2.17280731e-02	6.94605841e-04
9.62500000e-02	2.17154275e-02	6.90790211e-04
9.65000000e-02	2.18715794e-02	6.92823224e-04
9.67500000e-02	2.17313696e-02	6.90974808e-04
9.70000000e-02	2.11964350e-02	6.74117621e-04
9.72500000e-02	2.14697093e-02	6.85167468e-04
9.75000000e-02	2.15763076e-02	6.89336154e-04
9.77500000e-02	2.19491675e-02	6.91979801e-04
9.80000000e-02	2.21500493e-02	6.99904570e-04
9.82500000e-02	2.16342252e-02	6.82202791e-04
9.85000000e-02	2.20905439e-02	6.98579156e-04
9.87500000e-02	2.13083768e-02	6.74464176e-04
9.90000000e-02	2.17631444e-02	6.84653225e-04
9.92500000e-02	2.20808886e-02	6.92027655e-04
9.95000000e-02	2.18611290e-02	6.84575411e-04
9.97500000e-02	2.20838170e-02	6.95711759e-04
1.00000000e-01	2.12549069e-02	5.45902291e-04
1.00500000e-01	2.12336678e-02	4.71449207e-04
1.01000000e-01	2.13315867e-02	4.68320221e-04
1.01500000e-01	2.17287684e-02	4.76102442e-04
1.02000000e-01	2.16724972e-02	4.72538774e-04
1.02500000e-01	2.15803220e-02	4.70124106e-04
1.03000000e-01	2.13495033e-02	4.66155162e-04
1.03500000e-01	2.15103207e-02	4.64891795e-04
1.04000000e-01	2.13120871e-02	4.62122432e-04
1.04500000e-01	2.13090452e-02	4.61225045e-04
1.05000000e-01	2.16610705e-02	4.63194958e-04
1.05500000e-01	2.14062164e-02	4.60831764e-04
1.06000000e-01	2.12050342e-02	4.56300132e-04
1.06500000e-01	2.12481634e-02	4.56722599e-04
1.07000000e-01	2.18114827e-02	4.71793779e-04
1.07500000e-01	2.13782895e-02	4.70363038e-04
1.08000000e-01	2.18411721e-02	4.84969300e-04
1.08500000e-01	2.14772514e-02	4.80769720e-04
1.09000000e-01	2.13013513e-02	4.79141948e-04
1.09500000e-01	2.10883916e-02	4.81005214e-04
1.10000000e-01	2.10905337e-02	4.72841783e-04
1.10500000e-01	2.12459130e-02	4.63596271e-04
1.11000000e-01	2.13369071e-02	4.60608099e-04
1.11500000e-01	2.13859582e-02	4.55310483e-04
1.12000000e-01	2.12839228e-02	4.52538569e-04
1.12500000e-01	2.11334462e-02	4.48105888e-04
1.13000000e-01	2.13586268e-02	4.50587630e-04
1.13500000e-01	2.10710380e-02	4.44134827e-04
1.14000000e-01	2.13734028e-02	4.46287395e-04
1.14500000e-01	2.11154653e-02	4.39815490e-04
1.15000000e-01	2.07373383e-02	4.31329077e-04
1.15500000e-01	2.12489733e-02	4.40679437e-04
1.16000000e-01	2.12364871e-02	4.37991254e-04
1.16500000e-01	2.10271339e-02	4.32301691e-04
1.17000000e-01	2.13670863e-02	4.37826415e-04
1.17500000e-01	2.11256277e-02	4.33207215e-04
1.18000000e-01	2.12644631e-02	4.36525737e-04
1.18500000e-01	2.11122536e-02	4.30004498e-04
1.19000000e-01	2.09703528e-02	4.29781686e-04
1.19500000e-01	2.12109871e-02	4.29823354e-04
1.20000000e-01	2.14066181e-02	4.34685436e-04
1.20500000e-01	2.09498296e-02	4.24077600e-04
1.21000000e-01	2.09510583e-02	4.21555829e-04
1.21500000e-01	2.08460553e-02	4.20578582e-04
1.22000000e-01	2.12023483e-02	4.25776362e-04
1.22500000e-01	2.07904027e-02	4.18234171e-04
1.23000000e-01	2.11305385e-02	4.22317544e-04
1.23500000e-01	2.12603931e-02	4.23077176e-04
1.24000000e-01	2.11489372e-02	4.21384729e-04
1.24500000e-01	2.14697358e-02	4.24019752e-04
1.25000000e-01	2.09819253e-02	4.15162486e-04
1.25500000e-01	2.07191501e-02	4.09117016e-04
1.26000000e-01	2.11074410e-02	4.14779888e-04
1.26500000e-01	2.09854462e-02	4.12829786e-04
1.27000000e-01	2.07906273e-02	4.09911237e-04
1.27500000e-01	2.09651815e-02	4.10258062e-04
1.28000000e-01	2.09585123e-02	4.10887651e-04
1.28500000e-01	2.09292701e-02	4.10058718e-04
1.29000000e-01	2.08958011e-02	4.07810465e-04
1.29500000e-01	2.08660557e-02	4.05109397e-04
1.30000000e-01	2.09652201e-02	4.07561886e-04
1.30500000e-01	2.06250014e-02	4.00453971e-04
1.31000000e-01	2.10226152e-02	4.05771554e-04
1.31500000e-01	2.09986015e-02	4.05845953e-04
1.32000000e-01	2.06435071e-02	3.97661421e-04
1.32500000e-01	2.07000656e-02	3.99443454e-04
1.33000000e-01	2.07247252e-02	3.97588489e-04
1.33500000e-01	2.06323825e-02	3.93640047e-04
1.34000000e-01	2.11466524e-02	4.03054550e-04
1.34500000e-01	2.05237421e-02	3.90484035e-04
1.35000000e-01	2.05582718e-02	3.89739883e-04
1.35500000e-01	2.09466580e-02	3.95685728e-04
1.36000000e-01	2.05145579e-02	3.86710531e-04
1.36500000e-01	2.06012363e-02	3.90439891e-04
1.37000000e-01	2.09652262e-02	3.94013896e-04
1.37500000e-01	2.06929599e-02	3.89424593e-04
1.38000000e-01	2.07380500e-02	3.89396045e-04
1.38500000e-01	2.02330702e-02	3.81854111e-04
1.39000000e-01	2.05991420e-02	3.87427377e-04
1.39500000e-01	2.06398275e-02	3.85801516e-04
1.40000000e-01	2.03755307e-02	3.83090674e-04
1.40500000e-01	2.02481261e-02	3.77422816e-04
1.41000000e-01	2.05856398e-02	3.83401907e-04
1.41500000e-01	2.03728214e-02	3.80966127e-04
1.42000000e-01	2.03820415e-02	3.78854403e-04
1.42500000e-01	2.04507115e-02	3.79920723e-04
1.43000000e-01	2.03259519e-02	3.77930045e-04
1.43500000e-01	2.04127669e-02	3.77997626e-04
1.44000000e-01	2.04341351e-02	3.77566316e-04
1.44500000e-01	1.99719186e-02	3.68961450e-04
1.45000000e-01	2.04552632e-02	3.77464671e-04
1.45500000e-01	2.02908575e-02	3.73773875e-04
1.46000000e-01	1.98980365e-02	3.65618999e-04
1.46500000e-01	1.97238484e-02	3.64523301e-04
1.47000000e-01	2.00022281e-02	3.66695579e-04
1.47500000e-01	2.01400707e-02	3.69538069e-04
1.48000000e-01	1.98621802e-02	3.63130459e-04
1.48500000e-01	2.01248275e-02	3.66485785e-04
1.49000000e-01	2.02789056e-02	3.69324833e-04
1.49500000e-01	2.02694595e-02	3.68067188e-04
1.50000000e-01	1.99369870e-02	3.62016904e-04
1.50500000e-01	2.00464073e-02	3.64308410e-04
1.51000000e-01	2.02252467e-02	3.65174705e-04
1.51500000e-01	2.00485326e-02	3.60674854e-04
1.52000000e-01	1.99693365e-02	3.58477892e-04
1.52500000e-01	1.99784090e-02	3.59460474e-04
1.53000000e-01	2.00484439e-02	3.60252624e-04
1.53500000e-01	2.02280600e-02	3.60970079e-04
1.54000000e-01	1.98137317e-02	3.52954984e-04
1.54500000e-01	1.99837129e-02	3.62778066e-04
1.55000000e-01	1.98036153e-02	3.66721656e-04
1.55500000e-01	1.97918844e-02	3.66321668e-04
1.56000000e-01	1.99763650e-02	3.73121733e-04
1.56500000e-01	1.98763889e-02	3.71112414e-04
1.57000000e-01	1.98897733e-02	3.71355242e-04
1.57500000e-01	1.95725661e-02	3.58558542e-04
1.58000000e-01	1.96672121e-02	3.55365257e-04
1.58500000e-01	1.96481222e-02	3.53619324e-04
1.59000000e-01	1.97369537e-02	3.53701181e-04
1.59500000e-01	1.98564317e-02	3.54135450e-04
1.60000000e-01	1.97174105e-02	3.53323266e-04
1.60500000e-01	1.93533438e-02	3.43552415e-04
1.61000000e-01	1.97000954e-02	3.51835763e-04
1.61500000e-01	1.99610270e-02	3.53274503e-04
1.62000000e-01	1.97285504e-02	3.48044703e-04
1.62500000e-01	1.92716071e-02	3.41296274e-04
1.63000000e-01	1.94511891e-02	3.41871706e-04
1.63500000e-01	1.94921933e-02	3.43694352e-04
1.64000000e-01	1.96141176e-02	3.42617434e-04
1.64500000e-01	1.95064797e-02	3.42017224e-04
1.65000000e-01	1.98259655e-02	3.46810345e-04
1.65500000e-01	1.95734695e-02	3.40968288e-04
1.66000000e-01	1.96325815e-02	3.43033677e-04
1.66500000e-01	1.95143614e-02	3.39926080e-04
1.67000000e-01	1.97498373e-02	3.43812134e-04
1.67500000e-01	1.94512814e-02	3.36463166e-04
1.68000000e-01	1.96537676e-02	3.40911567e-04
1.68500000e-01	1.94727292e-02	3.36782240e-04
1.69000000e-01	1.95135362e-02	3.37014622e-04
1.69500000e-01	1.95400800e-02	3.34984083e-04
1.70000000e-01	1.95022005e-02	3.36024322e-04
1.70500000e-01	1.94757157e-02	3.34336091e-04
1.71000000e-01	1.92711635e-02	3.31174755e-04
1.71500000e-01	1.91856693e-02	3.30642648e-04
1.72000000e-01	1.90025952e-02	3.25624974e-04
1.72500000e-01	1.93133262e-02	3.30005310e-04
1.73000000e-01	1.97487309e-02	3.35563307e-04
1.73500000e-01	1.94989082e-02	3.30146231e-04
1.74000000e-01	1.92297467e-02	3.26000440e-04
1.74500000e-01	1.92722470e-02	3.25343945e-04
1.75000000e-01	1.93332343e-02	3.25684798e-04
1.75500000e-01	1.94058611e-02	3.27739951e-04
1.76000000e-01	1.92124484e-02	3.21518877e-04
1.76500000e-01	1.90585180e-02	3.22891815e-04
1.77000000e-01	1.92554336e-02	3.23898683e-04
1.77500000e-01	1.94156589e-02	3.25386844e-04
1.78000000e-01	1.90045056e-02	3.18964474e-04
1.78500000e-01	1.90738871e-02	3.20763684e-04
1.79000000e-01	1.90403561e-02	3.20219272e-04
1.79500000e-01	1.92476810e-02	3.22734415e-04
1.80000000e-01	1.90560791e-02	3.19453026e-04
1.80500000e-01	1.93871109e-02	3.23879591e-04
1.81000000e-01	1.92311411e-02	3.21538612e-04
1.81500000e-01	1.93860078e-02	3.22152282e-04
1.82000000e-01	1.92543718e-02	3.21860208e-04
1.82500000e-01	1.91724955e-02	3.17009933e-04
1.83000000e-01	1.87641090e-02	3.13480277e-04
1.83500000e-01	1.89073171e-02	3.14498738e-04
1.84000000e-01	1.90127680e-02	3.13509596e-04
1.84500000e-01	1.91198559e-02	3.17723803e-04
1.85000000e-01	1.90285960e-02	3.15186313e-04
1.85500000e-01	1.91169313e-02	3.15191431e-04
1.86000000e-01	1.88988435e-02	3.12035442e-04
1.86500000e-01	1.93300999e-02	3.17539281e-04
1.87000000e-01	1.92193631e-02	3.14979867e-04
1.87500000e-01	1.89888855e-02	3.11439041e-04
1.88000000e-01	1.91380105e-02	3.13499604e-04
1.88500000e-01	1.89582400e-02	3.10152000e-04
1.89000000e-01	1.91378101e-02	3.12056128e-04
1.89500000e-01	1.91271715e-02	3.13361478e-04
1.90000000e-01	1.88821066e-02	3.06770501e-04
1.90500000e-01	1.89100514e-02	3.07914828e-04
1.91000000e-01	1.89441552e-02	3.08246705e-04
1.91500000e-01	1.89470710e-02	3.07819863e-04
1.92000000e-01	1.87303095e-02	3.04454651e-04
1.92500000e-01	1.90220606e-02	3.07959243e-04
1.93000000e-01	1.86634489e-02	3.02665243e-04
1.93500000e-01	1.89533455e-02	3.06411667e-04
1.94000000e-01	1.87779013e-02	3.04038572e-04
1.94500000e-01	1.88672114e-02	3.03836650e-04
1.95000000e-01	1.88275065e-02	3.04346833e-04
1.95500000e-01	1.88832069e-02	3.03590740e-04
1.96000000e-01	1.91140016e-02	3.06435494e-04
1.96500000e-01	1.87006170e-02	3.00103761e-04
1.97000000e-01	1.90059135e-02	3.04100783e-04
1.97500000e-01	1.87558006e-02	2.99859842e-04
1.98000000e-01	1.88934856e-02	3.01993236e-04
1.98500000e-01	1.90723125e-02	3.04693731e-04
1.99000000e-01	1.88035221e-02	3.00253862e-04
1.99500000e-01	1.88731888e-02	2.99653149e-04
2.00000000e-01	1.86264698e-02	2.95616832e-04
2.00500000e-01	1.89449481e-02	3.01375639e-04
2.01000000e-01	1.86845383e-02	2.97180508e-04
2.01500000e-01	1.86682094e-02	2.95773723e-04
2.02000000e-01	1.85968937e-02	2.93848084e-04
2.02500000e-01	1.88156142e-02	2.96944482e-04
2.03000000e-01	1.86473813e-02	2.95380110e-04
2.03500000e-01	1.86610988e-02	2.96116679e-04
2.04000000e-01	1.87096078e-02	2.95073502e-04
2.04500000e-01	1.86123651e-02	2.93639394e-04
2.05000000e-01	1.88065850e-02	2.95443176e-04
2.05500000e-01	1.84380429e-02	2.89646239e-04
2.06000000e-01	1.87269669e-02	2.91710676e-04
2.06500000e-01	1.86599616e-02	2.93657528e-04
2.07000000e-01	1.88142179e-02	2.93849690e-04
2.07500000e-01	1.87954212e-02	2.92871501e-04
2.08000000e-01	1.88155718e-02	2.94929945e-04
2.08500000e-01	1.87081555e-02	2.91038171e-04
2.09000000e-01	1.87440766e-02	2.92614274e-04
2.09500000e-01	1.87421734e-02	2.91531559e-04
2.10000000e-01	1.86666699e-02	2.91278260e-04
2.10500000e-01	1.84695460e-02	2.87532807e-04
2.11000000e-01	1.84057838e-02	2.84650772e-04
2.11500000e-01	1.84078663e-02	2.85400148e-04
2.12000000e-01	1.83650270e-02	2.83978946e-04
2.12500000e-01	1.83749081e-02	2.84511834e-04
2.13000000e-01	1.87590941e-02	2.88361052e-04
2.13500000e-01	1.84402837e-02	2.84900997e-04
2.14000000e-01	1.83523081e-02	2.83293485e-04
2.14500000e-01	1.83827306e-02	2.82538656e-04
2.15000000e-01	1.84199233e-02	2.84837997e-04
2.15500000e-01	1.82688126e-02	2.80039616e-04
2.16000000e-01	1.84636124e-02	2.82666404e-04
2.16500000e-01	1.84162290e-02	2.82089528e-04
2.17000000e-01	1.86039732e-02	2.90658849e-04
2.17500000e-01	1.81011129e-02	2.86942518e-04
2.18000000e-01	1.85256547e-02	2.92283883e-04
2.18500000e-01	1.85066175e-02	2.94624472e-04
2.19000000e-01	1.83340820e-02	2.92772708e-04
2.19500000e-01	1.85030620e-02	2.97269726e-04
2.20000000e-01	1.83998009e-02	2.97525295e-04
2.20500000e-01	1.84564160e-02	2.99393490e-04
2.21000000e-01	1.84382094e-02	2.98356902e-04
2.21500000e-01	1.81317613e-02	2.96729426e-04
2.22000000e-01	1.84618976e-02	3.00190060e-04
2.22500000e-01	1.84922822e-02	3.01660914e-04
2.23000000e-01	1.82040317e-02	2.97814745e-04
2.23500000e-01	1.83163324e-02	3.00622918e-04
2.24000000e-01	1.82689158e-02	3.00995606e-04
2.24500000e-01	1.82720402e-02	3.01798739e-04
2.25000000e-01	1.80410983e-02	2.98201538e-04
2.25500000e-01	1.82015475e-02	3.00397107e-04
2.26000000e-01	1.82574317e-02	3.04712446e-04
2.26500000e-01	1.83740795e-02	2.99637419e-04
2.27000000e-01	1.82711474e-02	2.95609599e-04
2.27500000e-01	1.85584546e-02	2.96427126e-04
2.28000000e-01	1.82215204e-02	2.90528826e-04
2.28500000e-01	1.82065765e-02	2.88073353e-04
2.29000000e-01	1.82590821e-02	2.88322756e-04
2.29500000e-01	1.81994064e-02	2.85701446e-04
2.30000000e-01	1.82874064e-02	2.86888406e-04
2.30500000e-01	1.82329392e-02	2.85597110e-04
2.31000000e-01	1.84271467e-02	2.88403641e-04
2.31500000e-01	1.81714463e-02	2.82952493e-04
2.32000000e-01	1.81980350e-02	2.82888081e-04
2.32500000e-01	1.83027784e-02	2.83091738e-04
2.33000000e-01	1.79990513e-02	2.78570001e-04
2.33500000e-01	1.80187126e-02	2.78332439e-04
2.34000000e-01	1.81273937e-02	2.78955564e-04
2.34500000e-01	1.79707773e-02	2.76361094e-04
2.35000000e-01	1.83356755e-02	2.81433485e-04
2.35500000e-01	1.80812562e-02	2.76075728e-04
2.36000000e-01	1.80862898e-02	2.76656512e-04
2.36500000e-01	1.80829250e-02	2.76057938e-04
2.37000000e-01	1.81090590e-02	2.76175093e-04
2.37500000e-01	1.79862539e-02	2.73754801e-04
2.38000000e-01	1.82884955e-02	2.75746240e-04
2.38500000e-01	1.81076493e-02	2.74884284e-04
2.39000000e-01	1.81721455e-02	2.73546460e-04
2.39500000e-01	1.79729036e-02	2.72213201e-04
2.40000000e-01	1.80264896e-02	2.72076045e-04
2.40500000e-01	1.83256202e-02	2.74256364e-04
2.41000000e-01	1.80564832e-02	2.71665241e-04
2.41500000e-01	1.80954702e-02	2.71043888e-04
2.42000000e-01	1.80191718e-02	2.70092806e-04
2.42500000e-01	1.78568946e-02	2.68097882e-04
2.43000000e-01	1.79814748e-02	2.68549967e-04
2.43500000e-01	1.79589721e-02	2.69460248e-04
2.44000000e-01	1.82462343e-02	2.70353501e-04
2.44500000e-01	1.78690776e-02	2.66059171e-04
2.45000000e-01	1.80724555e-02	2.68269783e-04
2.45500000e-01	1.79524456e-02	2.66114457e-04
2.46000000e-01	1.78810206e-02	2.64188589e-04
2.46500000e-01	1.78264019e-02	2.64109933e-04
2.47000000e-01	1.79555982e-02	2.66982464e-04
2.47500000e-01	1.77899956e-02	2.61493652e-04
2.48000000e-01	1.75847766e-02	2.60493712e-04
2.48500000e-01	1.79889740e-02	2.64836544e-04
2.49000000e-01	1.79850990e-02	2.63597964e-04
2.49500000e-01	1.79508250e-02	2.64578845e-04
2.50000000e-01	1.80322289e-02	2.64041159e-04
2.50500000e-01	1.79274760e-02	2.64251010e-04
2.51000000e-01	1.78116006e-02	2.60538277e-04
2.51500000e-01	1.78681000e-02	2.61177784e-04
2.52000000e-01	1.77482902e-02	2.59447777e-04
2.52500000e-01	1.77263113e-02	2.58374055e-04
2.53000000e-01	1.77140232e-02	2.59712226e-04
2.53500000e-01	1.79864617e-02	2.61623417e-04
2.54000000e-01	1.78100888e-02	2.59495674e-04
2.54500000e-01	1.77981276e-02	2.59614321e-04
2.55000000e-01	1.77579497e-02	2.58330491e-04
2.55500000e-01	1.76803206e-02	2.57180171e-04
2.56000000e-01	1.78623163e-02	2.57988977e-04
2.56500000e-01	1.76849914e-02	2.56484740e-04
2.57000000e-01	1.79051371e-02	2.58605501e-04
2.57500000e-01	1.75973273e-02	2.53657734e-04
2.58000000e-01	1.76224890e-02	2.54342929e-04
2.58500000e-01	1.75323754e-02	2.52564245e-04
2.59000000e-01	1.76738681e-02	2.54762341e-04
2.59500000e-01	1.77362027e-02	2.54796258e-04
2.60000000e-01	1.74968205e-02	2.51609437e-04
2.60500000e-01	1.78008699e-02	2.55206753e-04
2.61000000e-01	1.75045171e-02	2.51683569e-04
2.61500000e-01	1.78106497e-02	2.56169814e-04
2.62000000e-01	1.77300870e-02	2.54043755e-04
2.62500000e-01	1.77308357e-02	2.52853314e-04
2.63000000e-01	1.75909771e-02	2.51242701e-04
2.63500000e-01	1.76164482e-02	2.50904292e-04
2.64000000e-01	1.77616582e-02	2.52932186e-04
2.64500000e-01	1.76050971e-02	2.50137279e-04
2.65000000e-01	1.76614021e-02	2.51059180e-04
2.65500000e-01	1.74806012e-02	2.48470544e-04
2.66000000e-01	1.77084845e-02	2.50267748e-04
2.66500000e-01	1.77247593e-02	2.51001669e-04
2.67000000e-01	1.75791535e-02	2.48397513e-04
2.67500000e-01	1.73351892e-02	2.45759240e-04
2.68000000e-01	1.75371678e-02	2.48302324e-04
2.68500000e-01	1.75047135e-02	2.47601589e-04
2.69000000e-01	1.77196762e-02	2.48623464e-04
2.69500000e-01	1.75919340e-02	2.46218691e-04
2.70000000e-01	1.74833678e-02	2.45815536e-04
2.70500000e-01	1.75308825e-02	2.46107775e-04
2.71000000e-01	1.74938638e-02	2.45456542e-04
2.71500000e-01	1.76247627e-02	2.46572882e-04
2.72000000e-01	1.74695919e-02	2.44172765e-04
2.72500000e-01	1.76821259e-02	2.46706273e-04
2.73000000e-01	1.75072592e-02	2.45321827e-04
2.73500000e-01	1.75530118e-02	2.44719034e-04
2.74000000e-01	1.74564558e-02	2.44159255e-04
2.74500000e-01	1.75604004e-02	2.44535591e-04
2.75000000e-01	1.76070868e-02	2.44619613e-04
2.75500000e-01	1.74854593e-02	2.44555879e-04
2.76000000e-01	1.75103040e-02	2.43292546e-04
2.76500000e-01	1.74203035e-02	2.42708763e-04
2.77000000e-01	1.73764256e-02	2.40943481e-04
2.77500000e-01	1.75589281e-02	2.44100538e-04
2.78000000e-01	1.73805850e-02	2.40938558e-04
2.78500000e-01	1.75632531e-02	2.42348716e-04
2.79000000e-01	1.73899811e-02	2.40203913e-04
2.79500000e-01	1.75272748e-02	2.42474144e-04
2.80000000e-01	1.73183866e-02	2.39515734e-04
2.80500000e-01	1.72168074e-02	2.38373763e-04
2.81000000e-01	1.73226996e-02	2.37951524e-04
2.81500000e-01	1.73964847e-02	2.39470679e-04
2.82000000e-01	1.73743283e-02	2.39318094e-04
2.82500000e-01	1.71985980e-02	2.37607318e-04
2.83000000e-01	1.73946245e-02	2.39187657e-04
2.83500000e-01	1.72750193e-02	2.37759096e-04
2.84000000e-01	1.72802742e-02	2.37374150e-04
2.84500000e-01	1.75712818e-02	2.41057550e-04
2.85000000e-01	1.73105207e-02	2.36857831e-04
2.85500000e-01	1.72008191e-02	2.35328277e-04
2.86000000e-01	1.74397820e-02	2.38462330e-04
2.86500000e-01	1.71632465e-02	2.35640812e-04
2.87000000e-01	1.73346093e-02	2.36808716e-04
2.87500000e-01	1.71839041e-02	2.33998984e-04
2.88000000e-01	1.71814631e-02	2.32813140e-04
2.88500000e-01	1.74108097e-02	2.37262914e-04
2.89000000e-01	1.72976144e-02	2.35131489e-04
2.89500000e-01	1.70645551e-02	2.31504644e-04
2.90000000e-01	1.74099278e-02	2.36014572e-04
2.90500000e-01	1.70456111e-02	2.31290449e-04
2.91000000e-01	1.70300610e-02	2.31622211e-04
2.91500000e-01	1.72754668e-02	2.32470052e-04
2.92000000e-01	1.72347799e-02	2.33456046e-04
2.92500000e-01	1.70339641e-02	2.29863332e-04
2.93000000e-01	1.71683460e-02	2.31481178e-04
2.93500000e-01	1.73251489e-02	2.33267524e-04
2.94000000e-01	1.70867587e-02	2.29893573e-04
2.94500000e-01	1.70679826e-02	2.30254567e-04
2.95000000e-01	1.70108380e-02	2.28986962e-04
2.95500000e-01	1.70065656e-02	2.28605528e-04
2.96000000e-01	1.70476859e-02	2.28361482e-04
2.96500000e-01	1.71337453e-02	2.29152790e-04
2.97000000e-01	1.70180912e-02	2.28674548e-04
2.97500000e-01	1.72244745e-02	2.29925978e-04
2.98000000e-01	1.69976466e-02	2.27438927e-04
2.98500000e-01	1.68356380e-02	2.25040334e-04
2.99000000e-01	1.70953862e-02	2.28228500e-04
2.99500000e-01	1.68880628e-02	2.26470223e-04
3.00000000e-01	1.69555838e-02	2.26515546e-04
3.00500000e-01	1.70858636e-02	2.27907226e-04
3.01000000e-01	1.71781160e-02	2.27503990e-04
3.01500000e-01	1.69762538e-02	2.26361677e-04
3.02000000e-01	1.72083594e-02	2.28316421e-04
3.02500000e-01	1.69769548e-02	2.24927501e-04
3.03000000e-01	1.71352930e-02	2.26994559e-04
3.03500000e-01	1.70848546e-02	2.26057663e-04
3.04000000e-01	1.69966077e-02	2.25786674e-04
3.04500000e-01	1.71037520e-02	2.25419479e-04
3.05000000e-01	1.70653764e-02	2.25753267e-04
3.05500000e-01	1.70707484e-02	2.25811377e-04
3.06000000e-01	1.70674653e-02	2.24185548e-04
3.06500000e-01	1.68972759e-02	2.23092723e-04
3.07000000e-01	1.67101282e-02	2.20214656e-04
3.07500000e-01	1.67983389e-02	2.21948347e-04
3.08000000e-01	1.68134457e-02	2.21304072e-04
3.08500000e-01	1.70107952e-02	2.24523971e-04
3.09000000e-01	1.69848229e-02	2.22899141e-04
3.09500000e-01	1.69838748e-02	2.23285748e-04
3.10000000e-01	1.69651761e-02	2.22281010e-04
3.10500000e-01	1.68404489e-02	2.20774987e-04
3.11000000e-01	1.67753922e-02	2.19896329e-04
3.11500000e-01	1.67301339e-02	2.19278902e-04
3.12000000e-01	1.67117267e-02	2.18582533e-04
3.12500000e-01	1.67862153e-02	2.19806204e-04
3.13000000e-01	1.67061123e-02	2.17866975e-04
3.13500000e-01	1.66368897e-02	2.17665161e-04
3.14000000e-01	1.67654369e-02	2.18538648e-04
3.14500000e-01	1.67972866e-02	2.18868107e-04
3.15000000e-01	1.68735747e-02	2.20102888e-04
3.15500000e-01	1.68447337e-02	2.19197310e-04
3.16000000e-01	1.67706122e-02	2.18232958e-04
3.16500000e-01	1.67587833e-02	2.18073131e-04
3.17000000e-01	1.68546131e-02	2.18129983e-04
3.17500000e-01	1.69028600e-02	2.19004663e-04
3.18000000e-01	1.68050688e-02	2.18307300e-04
3.18500000e-01	1.66370672e-02	2.15436699e-04
3.19000000e-01	1.67422155e-02	2.16220595e-04
3.19500000e-01	1.68356201e-02	2.17977059e-04
3.20000000e-01	1.66994839e-02	2.15475223e-04
3.20500000e-01	1.63830952e-02	2.11829832e-04
3.21000000e-01	1.66184199e-02	2.15087617e-04
3.21500000e-01	1.66253931e-02	2.14392373e-04
3.22000000e-01	1.65538479e-02	2.13237706e-04
3.22500000e-01	1.65284769e-02	2.12666314e-04
3.23000000e-01	1.66088022e-02	2.13478653e-04
3.23500000e-01	1.65797330e-02	2.13415192e-04
3.24000000e-01	1.65458536e-02	2.11702255e-04
3.24500000e-01	1.64999325e-02	2.13059470e-04
3.25000000e-01	1.66171977e-02	2.12791755e-04
3.25500000e-01	1.63368789e-02	2.09996379e-04
3.26000000e-01	1.66796570e-02	2.13381492e-04
3.26500000e-01	1.65711627e-02	2.12355467e-04
3.27000000e-01	1.65679241e-02	2.11981093e-04
3.27500000e-01	1.64114697e-02	2.09835275e-04
3.28000000e-01	1.65294157e-02	2.12040914e-04
3.28500000e-01	1.64923962e-02	2.10392360e-04
3.29000000e-01	1.64932471e-02	2.10346165e-04
3.29500000e-01	1.65403664e-02	2.11160009e-04
3.30000000e-01	1.64136185e-02	2.08390556e-04
3.30500000e-01	1.65002600e-02	2.10532441e-04
3.31000000e-01	1.62664543e-02	2.06732343e-04
3.31500000e-01	1.64371093e-02	2.08769280e-04
3.32000000e-01	1.65324601e-02	2.10932297e-04
3.32500000e-01	1.62980358e-02	2.07376846e-04
3.33000000e-01	1.65097039e-02	2.09625762e-04
3.33500000e-01	1.66236265e-02	2.10351429e-04
3.34000000e-01	1.64263299e-02	2.07989881e-04
3.34500000e-01	1.64151214e-02	2.08057123e-04
3.35000000e-01	1.64027157e-02	2.07554124e-04
3.35500000e-01	1.63413536e-02	2.06368343e-04
3.36000000e-01	1.64816750e-02	2.08178707e-04
3.36500000e-01	1.61897431e-02	2.04055573e-04
3.37000000e-01	1.63003656e-02	2.05744887e-04
3.37500000e-01	1.62695545e-02	2.05506721e-04
3.38000000e-01	1.63776041e-02	2.06584719e-04
3.38500000e-01	1.65084497e-02	2.07291051e-04
3.39000000e-01	1.64417011e-02	2.07509614e-04
3.39500000e-01	1.62862604e-02	2.04981645e-04
3.40000000e-01	1.63169175e-02	2.05861431e-04
3.40500000e-01	1.61791665e-02	2.02770993e-04
3.41000000e-01	1.62737560e-02	2.03712173e-04
3.41500000e-01	1.61765825e-02	2.02841058e-04
3.42000000e-01	1.63968489e-02	2.04685321e-04
3.42500000e-01	1.64631214e-02	2.05873377e-04
3.43000000e-01	1.62270294e-02	2.03476912e-04
3.43500000e-01	1.62999662e-02	2.03992716e-04
3.44000000e-01	1.62986581e-02	2.04136845e-04
3.44500000e-01	1.64790132e-02	2.05193998e-04
3.45000000e-01	1.61323892e-02	2.01736227e-04
3.45500000e-01	1.62390138e-02	2.01903779e-04
3.46000000e-01	1.62292809e-02	2.02565609e-04
3.46500000e-01	1.63258634e-02	2.02543549e-04
3.47000000e-01	1.62800856e-02	2.02237287e-04
3.47500000e-01	1.62563863e-02	2.02466118e-04
3.48000000e-01	1.61598774e-02	2.00953815e-04
3.48500000e-01	1.62609290e-02	2.02536392e-04
3.49000000e-01	1.61023086e-02	2.00430778e-04
3.49500000e-01	1.61974718e-02	2.01536519e-04
3.50000000e-01	1.61414538e-02	1.63219745e-04
3.51000000e-01	1.61550075e-02	1.41364267e-04
3.52000000e-01	1.60685872e-02	1.40560807e-04
3.53000000e-01	1.61576177e-02	1.40492188e-04
3.54000000e-01	1.59411078e-02	1.38972224e-04
3.55000000e-01	1.60583009e-02	1.39610507e-04
3.56000000e-01	1.59993270e-02	1.39930536e-04
3.57000000e-01	1.58701072e-02	1.41270864e-04
3.58000000e-01	1.60037773e-02	1.43617238e-04
3.59000000e-01	1.60286162e-02	1.45181248e-04
3.60000000e-01	1.59438436e-02	1.44485609e-04
3.61000000e-01	1.59556630e-02	1.45636747e-04
3.62000000e-01	1.59036790e-02	1.45778514e-04
3.63000000e-01	1.59040834e-02	1.46375698e-04
3.64000000e-01	1.59534326e-02	1.47200198e-04
3.65000000e-01	1.57387347e-02	1.46230890e-04
3.66000000e-01	1.57307349e-02	1.44433258e-04
3.67000000e-01	1.57504172e-02	1.42344997e-04
3.68000000e-01	1.58703714e-02	1.42131341e-04
3.69000000e-01	1.58603314e-02	1.41816164e-04
3.70000000e-01	1.57986156e-02	1.40386155e-04
3.71000000e-01	1.57978224e-02	1.42115302e-04
3.72000000e-01	1.56892939e-02	1.42460000e-04
3.73000000e-01	1.57318115e-02	1.42868073e-04
3.74000000e-01	1.58160248e-02	1.43618912e-04
3.75000000e-01	1.57782065e-02	1.43436366e-04
3.76000000e-01	1.56907654e-02	1.42977825e-04
3.77000000e-01	1.55700980e-02	1.42131986e-04
3.78000000e-01	1.57130637e-02	1.42986193e-04
3.79000000e-01	1.56591820e-02	1.42603019e-04
3.80000000e-01	1.57536953e-02	1.42604033e-04
3.81000000e-01	1.57358543e-02	1.42619705e-04
3.82000000e-01	1.56558039e-02	1.42126236e-04
3.83000000e-01	1.55079937e-02	1.40847594e-04
3.84000000e-01	1.55970372e-02	1.41645556e-04
3.85000000e-01	1.55595231e-02	1.41558478e-04
3.86000000e-01	1.57427469e-02	1.42811417e-04
3.87000000e-01	1.56252629e-02	1.41719881e-04
3.88000000e-01	1.55404959e-02	1.41098663e-04
3.89000000e-01	1.53564815e-02	1.39478708e-04
3.90000000e-01	1.55869838e-02	1.41216245e-04
3.91000000e-01	1.55161019e-02	1.40238026e-04
3.92000000e-01	1.56500615e-02	1.41144865e-04
3.93000000e-01	1.54389010e-02	1.39512675e-04
3.94000000e-01	1.55340660e-02	1.40684932e-04
3.95000000e-01	1.55182879e-02	1.40200859e-04
3.96000000e-01	1.54242305e-02	1.39484583e-04
3.97000000e-01	1.54438182e-02	1.39540436e-04
3.98000000e-01	1.53026708e-02	1.38600538e-04
3.99000000e-01	1.54594366e-02	1.39965319e-04
4.00000000e-01	1.52741687e-02	1.38499368e-04
4.01000000e-01	1.53445012e-02	1.38678011e-04
4.02000000e-01	1.53948052e-02	1.39527860e-04
4.03000000e-01	1.52427936e-02	1.37989101e-04
4.04000000e-01	1.54418410e-02	1.39784442e-04
4.05000000e-01	1.52819194e-02	1.38616481e-04
4.06000000e-01	1.53843916e-02	1.39086274e-04
4.07000000e-01	1.52990589e-02	1.38442363e-04
4.08000000e-01	1.51414464e-02	1.36789800e-04
4.09000000e-01	1.51687857e-02	1.37322708e-04
4.10000000e-01	1.53395661e-02	1.38701648e-04
4.11000000e-01	1.51634667e-02	1.37135937e-04
4.12000000e-01	1.51866606e-02	1.37251489e-04
4.13000000e-01	1.51370351e-02	1.36543756e-04
4.14000000e-01	1.52018722e-02	1.36999232e-04
4.15000000e-01	1.52004158e-02	1.37067447e-04
4.16000000e-01	1.52385980e-02	1.37156048e-04
4.17000000e-01	1.51710026e-02	1.37030420e-04
4.18000000e-01	1.51880960e-02	1.38011235e-04
4.19000000e-01	1.51734518e-02	1.40054335e-04
4.20000000e-01	1.52520524e-02	1.41136200e-04
4.21000000e-01	1.51213501e-02	1.40673483e-04
4.22000000e-01	1.52079531e-02	1.41979752e-04
4.23000000e-01	1.53101856e-02	1.43180610e-04
4.24000000e-01	1.52232330e-02	1.42939563e-04
4.25000000e-01	1.52975020e-02	1.43499772e-04
4.26000000e-01	1.52469152e-02	1.43348650e-04
4.27000000e-01	1.50287887e-02	1.41464990e-04
4.28000000e-01	1.52590622e-02	1.43788418e-04
4.29000000e-01	1.52435236e-02	1.43743541e-04
4.30000000e-01	1.51565785e-02	1.43037125e-04
4.31000000e-01	1.51550000e-02	1.43088890e-04
4.32000000e-01	1.51710777e-02	1.42969428e-04
4.33000000e-01	1.49791753e-02	1.41688356e-04
4.34000000e-01	1.50825609e-02	1.42851523e-04
4.35000000e-01	1.51083899e-02	1.42737312e-04
4.36000000e-01	1.50067543e-02	1.42694736e-04
4.37000000e-01	1.51822678e-02	1.43889414e-04
4.38000000e-01	1.50665755e-02	1.43082164e-04
4.39000000e-01	1.51334047e-02	1.43715887e-04
4.40000000e-01	1.49330933e-02	1.42132348e-04
4.41000000e-01	1.50698729e-02	1.43947451e-04
4.42000000e-01	1.49406505e-02	1.43048130e-04
4.43000000e-01	1.50434001e-02	1.43861373e-04
4.44000000e-01	1.50697192e-02	1.43892006e-04
4.45000000e-01	1.51249398e-02	1.44593260e-04
4.46000000e-01	1.50202555e-02	1.44171894e-04
4.47000000e-01	1.49770124e-02	1.43670587e-04
4.48000000e-01	1.48859758e-02	1.43314487e-04
4.49000000e-01	1.49326130e-02	1.44005367e-04
4.50000000e-01	1.49684960e-02	1.44203765e-04
4.51000000e-01	1.49233207e-02	1.43892239e-04
4.52000000e-01	1.48185308e-02	1.43329684e-04
4.53000000e-01	1.49284435e-02	1.43921012e-04
4.54000000e-01	1.48897001e-02	1.44410876e-04
4.55000000e-01	1.48900401e-02	1.43558783e-04
4.56000000e-01	1.48302052e-02	1.44060369e-04
4.57000000e-01	1.48486111e-02	1.44036090e-04
4.58000000e-01	1.48126677e-02	1.43763663e-04
4.59000000e-01	1.48787349e-02	1.44496132e-04
4.60000000e-01	1.48409382e-02	1.44114552e-04
4.61000000e-01	1.48684627e-02	1.44997253e-04
4.62000000e-01	1.48237851e-02	1.44552774e-04
4.63000000e-01	1.50363825e-02	1.46799118e-04
4.64000000e-01	1.49279548e-02	1.45787273e-04
4.65000000e-01	1.47598903e-02	1.44156868e-04
4.66000000e-01	1.47687793e-02	1.44552360e-04
4.67000000e-01	1.47586950e-02	1.44505918e-04
4.68000000e-01	1.47618851e-02	1.44591141e-04
4.69000000e-01	1.48920697e-02	1.45567831e-04
4.70000000e-01	1.45105281e-02	1.42665634e-04
4.71000000e-01	1.46187432e-02	1.43373475e-04
4.72000000e-01	1.47506277e-02	1.44236621e-04
4.73000000e-01	1.46277664e-02	1.43172271e-04
4.74000000e-01	1.47485173e-02	1.44212834e-04
4.75000000e-01	1.46643757e-02	1.43396688e-04
4.76000000e-01	1.47975522e-02	1.44222790e-04
4.77000000e-01	1.47174583e-02	1.43795341e-04
4.78000000e-01	1.46756843e-02	1.43950033e-04
4.79000000e-01	1.46116383e-02	1.42943753e-04
4.80000000e-01	1.47591581e-02	1.44534875e-04
4.81000000e-01	1.46699414e-02	1.43932788e-04
4.82000000e-01	1.45752123e-02	1.43063353e-04
4.83000000e-01	1.45902454e-02	1.43178582e-04
4.84000000e-01	1.46677485e-02	1.44091974e-04
4.85000000e-01	1.46808347e-02	1.44404976e-04
4.86000000e-01	1.45123621e-02	1.43072368e-04
4.87000000e-01	1.46066814e-02	1.43836774e-04
4.88000000e-01	1.47413872e-02	1.44981137e-04
4.89000000e-01	1.44604815e-02	1.42479480e-04
4.90000000e-01	1.44916841e-02	1.43220724e-04
4.91000000e-01	1.45228605e-02	1.43024642e-04
4.92000000e-01	1.44885511e-02	1.43442372e-04
4.93000000e-01	1.45995921e-02	1.43861944e-04
4.94000000e-01	1.44502400e-02	1.42896758e-04
4.95000000e-01	1.44873561e-02	1.44328538e-04
4.96000000e-01	1.44949518e-02	1.48585217e-04
4.97000000e-01	1.46794480e-02	1.53185229e-04
4.98000000e-01	1.44636528e-02	1.53079312e-04
4.99000000e-01	1.45312146e-02	1.55630741e-04
5.00000000e-01	1.44871345e-02	1.57351665e-04
5.01000000e-01	1.44796940e-02	1.58381279e-04
5.02000000e-01	1.45040946e-02	1.60635516e-04
5.03000000e-01	1.45148580e-02	1.60925891e-04
5.04000000e-01	1.44182881e-02	1.62114446e-04
5.05000000e-01	1.46929604e-02	1.61988511e-04
5.06000000e-01	1.44788470e-02	1.56741835e-04
5.07000000e-01	1.44529352e-02	1.54369419e-04
5.08000000e-01	1.44480865e-02	1.53879854e-04
5.09000000e-01	1.44667122e-02	1.53404581e-04
5.10000000e-01	1.43907629e-02	1.51999035e-04
5.11000000e-01	1.42701703e-02	1.50157391e-04
5.12000000e-01	1.45145462e-02	1.52158290e-04
5.13000000e-01	1.44564132e-02	1.51775429e-04
5.14000000e-01	1.43608145e-02	1.50705465e-04
5.15000000e-01	1.43736340e-02	1.49560635e-04
5.16000000e-01	1.44812701e-02	1.50047266e-04
5.17000000e-01	1.45185696e-02	1.50867151e-04
5.18000000e-01	1.44666277e-02	1.49696286e-04
5.19000000e-01	1.43641087e-02	1.48750466e-04
5.20000000e-01	1.43931062e-02	1.48461098e-04
5.21000000e-01	1.44460582e-02	1.48848234e-04
5.22000000e-01	1.43754471e-02	1.47867075e-04
5.23000000e-01	1.44117480e-02	1.48827216e-04
5.24000000e-01	1.42840657e-02	1.47236853e-04
5.25000000e-01	1.43032937e-02	1.47145059e-04
5.26000000e-01	1.42031290e-02	1.45961844e-04
5.27000000e-01	1.41961995e-02	1.46660789e-04
5.28000000e-01	1.41950259e-02	1.46854732e-04
5.29000000e-01	1.43424568e-02	1.47700561e-04
5.30000000e-01	1.40911407e-02	1.45524255e-04
5.31000000e-01	1.42424500e-02	1.46924561e-04
5.32000000e-01	1.41031584e-02	1.45596197e-04
5.33000000e-01	1.43141491e-02	1.47123693e-04
5.34000000e-01	1.41297852e-02	1.46387691e-04
5.35000000e-01	1.42505828e-02	1.46810968e-04
5.36000000e-01	1.41378041e-02	1.45893306e-04
5.37000000e-01	1.40312558e-02	1.45435837e-04
5.38000000e-01	1.40474015e-02	1.44820825e-04
5.39000000e-01	1.42221798e-02	1.46645282e-04
5.40000000e-01	1.39440235e-02	1.43699923e-04
5.41000000e-01	1.42436881e-02	1.46582476e-04
5.42000000e-01	1.41732313e-02	1.46420624e-04
5.43000000e-01	1.41353996e-02	1.46173229e-04
5.44000000e-01	1.42359647e-02	1.46755155e-04
5.45000000e-01	1.40075212e-02	1.44750316e-04
5.46000000e-01	1.41486379e-02	1.45868548e-04
5.47000000e-01	1.39567694e-02	1.44425193e-04
5.48000000e-01	1.40282008e-02	1.44327075e-04
5.49000000e-01	1.41031728e-02	1.45351789e-04
5.50000000e-01	1.40132800e-02	1.44372926e-04
5.51000000e-01	1.39552511e-02	1.43899158e-04
5.52000000e-01	1.40760628e-02	1.44347799e-04
5.53000000e-01	1.40084893e-02	1.43872907e-04
5.54000000e-01	1.40490403e-02	1.44076442e-04
5.55000000e-01	1.40341570e-02	1.43434459e-04
5.56000000e-01	1.39676285e-02	1.43140157e-04
5.57000000e-01	1.40553037e-02	1.44350077e-04
5.58000000e-01	1.39099082e-02	1.42506647e-04
5.59000000e-01	1.38756287e-02	1.42319089e-04
5.60000000e-01	1.38806281e-02	1.42505177e-04
5.61000000e-01	1.40417016e-02	1.43528916e-04
5.62000000e-01	1.39140993e-02	1.42719095e-04
5.63000000e-01	1.39203273e-02	1.42983737e-04
5.64000000e-01	1.37481325e-02	1.41170551e-04
5.65000000e-01	1.38693566e-02	1.42278026e-04
5.66000000e-01	1.38366805e-02	1.42318795e-04
5.67000000e-01	1.37552801e-02	1.41440082e-04
5.68000000e-01	1.37961732e-02	1.41566744e-04
5.69000000e-01	1.39287114e-02	1.42597722e-04
5.70000000e-01	1.37594665e-02	1.41301431e-04
5.71000000e-01	1.38645737e-02	1.41809013e-04
5.72000000e-01	1.37090853e-02	1.40614064e-04
5.73000000e-01	1.37223728e-02	1.41410006e-04
5.74000000e-01	1.37213760e-02	1.40884065e-04
5.75000000e-01	1.37765942e-02	1.41796539e-04
5.76000000e-01	1.37757271e-02	1.42115857e-04
5.77000000e-01	1.37097416e-02	1.40572068e-04
5.78000000e-01	1.37236543e-02	1.41503302e-04
5.79000000e-01	1.36603451e-02	1.40305715e-04
5.80000000e-01	1.37108151e-02	1.40933204e-04
5.81000000e-01	1.37437986e-02	1.41351037e-04
5.82000000e-01	1.37656945e-02	1.41867441e-04
5.83000000e-01	1.36634021e-02	1.40868005e-04
5.84000000e-01	1.36576885e-02	1.40947916e-04
5.85000000e-01	1.35057008e-02	1.39346858e-04
5.86000000e-01	1.37260596e-02	1.41993657e-04
5.87000000e-01	1.36092086e-02	1.39996862e-04
5.88000000e-01	1.36398211e-02	1.40275404e-04
5.89000000e-01	1.37080281e-02	1.40878647e-04
5.90000000e-01	1.35404841e-02	1.40022112e-04
5.91000000e-01	1.35052547e-02	1.39505472e-04
5.92000000e-01	1.36303345e-02	1.40406463e-04
5.93000000e-01	1.35691907e-02	1.40273413e-04
5.94000000e-01	1.33920747e-02	1.38246854e-04
5.95000000e-01	1.34261471e-02	1.38531755e-04
5.96000000e-01	1.35225302e-02	1.40244705e-04
5.97000000e-01	1.35738690e-02	1.40104067e-04
5.98000000e-01	1.36828633e-02	1.41397654e-04
5.99000000e-01	1.35345817e-02	1.39874190e-04
6.00000000e-01	1.34036108e-02	1.38536794e-04
6.01000000e-01	1.34489258e-02	1.39192187e-04
6.02000000e-01	1.34577821e-02	1.39411748e-04
6.03000000e-01	1.34767930e-02	1.39619300e-04
6.04000000e-01	1.35399200e-02	1.39813802e-04
6.05000000e-01	1.33577610e-02	1.38196017e-04
6.06000000e-01	1.34688233e-02	1.39248202e-04
6.07000000e-01	1.34265207e-02	1.39008800e-04
6.08000000e-01	1.35112848e-02	1.39806422e-04
6.09000000e-01	1.34835853e-02	1.39089270e-04
6.10000000e-01	1.34104221e-02	1.38829248e-04
6.11000000e-01	1.33764557e-02	1.38777332e-04
6.12000000e-01	1.34520962e-02	1.39367726e-04
6.13000000e-01	1.33672842e-02	1.38628418e-04
6.14000000e-01	1.34356880e-02	1.39180617e-04
6.15000000e-01	1.33802083e-02	1.38696657e-04
6.16000000e-01	1.33716274e-02	1.38775051e-04
6.17000000e-01	1.33213768e-02	1.38287750e-04
6.18000000e-01	1.33797979e-02	1.38154078e-04
6.19000000e-01	1.33411644e-02	1.38328398e-04
6.20000000e-01	1.33241021e-02	1.37741108e-04
6.21000000e-01	1.32222201e-02	1.36929030e-04
6.22000000e-01	1.32927368e-02	1.37150374e-04
6.23000000e-01	1.33769650e-02	1.37345543e-04
6.24000000e-01	1.32105081e-02	1.36074364e-04
6.25000000e-01	1.32596358e-02	1.36284003e-04
6.26000000e-01	1.33324170e-02	1.36832092e-04
6.27000000e-01	1.33319525e-02	1.36883065e-04
6.28000000e-01	1.32724136e-02	1.36648202e-04
6.29000000e-01	1.33767846e-02	1.37680995e-04
6.30000000e-01	1.33193861e-02	1.36596520e-04
6.31000000e-01	1.32140126e-02	1.36134739e-04
6.32000000e-01	1.32407613e-02	1.36426996e-04
6.33000000e-01	1.32969047e-02	1.36963617e-04
6.34000000e-01	1.33152390e-02	1.40427470e-04
6.35000000e-01	1.33432067e-02	1.45552790e-04
6.36000000e-01	1.32276427e-02	1.46429480e-04
6.37000000e-01	1.32996876e-02	1.49760350e-04
6.38000000e-01	1.31994921e-02	1.50653051e-04
6.39000000e-01	1.33132178e-02	1.53146061e-04
6.40000000e-01	1.33897762e-02	1.56143836e-04
6.41000000e-01	1.34404519e-02	1.57902546e-04
6.42000000e-01	1.32247919e-02	1.58057320e-04
6.43000000e-01	1.32415510e-02	1.58183968e-04
6.44000000e-01	1.33657880e-02	1.52726439e-04
6.45000000e-01	1.34075001e-02	1.52243473e-04
6.46000000e-01	1.32754026e-02	1.49099839e-04
6.47000000e-01	1.30359363e-02	1.45051698e-04
6.48000000e-01	1.32216843e-02	1.46137467e-04
6.49000000e-01	1.32141513e-02	1.45429184e-04
6.50000000e-01	1.32872616e-02	1.45510298e-04
6.51000000e-01	1.32077883e-02	1.44091572e-04
6.52000000e-01	1.31706118e-02	1.43112915e-04
6.53000000e-01	1.32445474e-02	1.43274511e-04
6.54000000e-01	1.31734832e-02	1.42546428e-04
6.55000000e-01	1.32780924e-02	1.42984404e-04
6.56000000e-01	1.31712203e-02	1.41773355e-04
6.57000000e-01	1.33391683e-02	1.43525727e-04
6.58000000e-01	1.31966594e-02	1.41607312e-04
6.59000000e-01	1.32141954e-02	1.41340219e-04
6.60000000e-01	1.32393328e-02	1.41639644e-04
6.61000000e-01	1.31590034e-02	1.40650653e-04
6.62000000e-01	1.33921939e-02	1.43035642e-04
6.63000000e-01	1.30961346e-02	1.40483967e-04
6.64000000e-01	1.32248678e-02	1.41298691e-04
6.65000000e-01	1.31646840e-02	1.40809803e-04
6.66000000e-01	1.32087144e-02	1.41138173e-04
6.67000000e-01	1.31297288e-02	1.40456524e-04
6.68000000e-01	1.32328378e-02	1.41022619e-04
6.69000000e-01	1.31304083e-02	1.40300048e-04
6.70000000e-01	1.29894705e-02	1.38987513e-04
6.71000000e-01	1.32156231e-02	1.40813966e-04
6.72000000e-01	1.32964652e-02	1.41728390e-04
6.73000000e-01	1.31327753e-02	1.39807608e-04
6.74000000e-01	1.30670491e-02	1.39308662e-04
6.75000000e-01	1.29644517e-02	1.38461817e-04
6.76000000e-01	1.30530442e-02	1.38995533e-04
6.77000000e-01	1.30523015e-02	1.39470693e-04
6.78000000e-01	1.28846606e-02	1.37600034e-04
6.79000000e-01	1.29864506e-02	1.38736896e-04
6.80000000e-01	1.30077642e-02	1.37938036e-04
6.81000000e-01	1.30728529e-02	1.39357984e-04
6.82000000e-01	1.30523258e-02	1.38671498e-04
6.83000000e-01	1.29973617e-02	1.38388947e-04
6.84000000e-01	1.28972586e-02	1.37644189e-04
6.85000000e-01	1.28758561e-02	1.37242817e-04
6.86000000e-01	1.28461227e-02	1.37305267e-04
6.87000000e-01	1.29760067e-02	1.37900923e-04
6.88000000e-01	1.29864372e-02	1.38102870e-04
6.89000000e-01	1.28990533e-02	1.37293651e-04
6.90000000e-01	1.30621861e-02	1.38707813e-04
6.91000000e-01	1.29405828e-02	1.37719740e-04
6.92000000e-01	1.30087926e-02	1.38017842e-04
6.93000000e-01	1.28272551e-02	1.36973163e-04
6.94000000e-01	1.29704745e-02	1.37817218e-04
6.95000000e-01	1.28920321e-02	1.36746173e-04
6.96000000e-01	1.29332723e-02	1.37397210e-04
6.97000000e-01	1.28791658e-02	1.37111481e-04
6.98000000e-01	1.28439764e-02	1.36962964e-04
6.99000000e-01	1.28893471e-02	1.36790598e-04
7.00000000e-01	1.28336906e-02	1.36457612e-04
7.01000000e-01	1.28458092e-02	1.36123352e-04
7.02000000e-01	1.28492145e-02	1.36176683e-04
7.03000000e-01	1.28458698e-02	1.36279142e-04
7.04000000e-01	1.28979845e-02	1.37004776e-04
7.05000000e-01	1.27456745e-02	1.35414082e-04
7.06000000e-01	1.28113945e-02	1.36337697e-04
7.07000000e-01	1.26272224e-02	1.34405335e-04
7.08000000e-01	1.28244817e-02	1.35535188e-04
7.09000000e-01	1.28939491e-02	1.36436998e-04
7.10000000e-01	1.26557640e-02	1.34348554e-04
7.11000000e-01	1.28002970e-02	1.35529778e-04
7.12000000e-01	1.27105436e-02	1.34838551e-04
7.13000000e-01	1.26322409e-02	1.34526760e-04
7.14000000e-01	1.29463223e-02	1.37122501e-04
7.15000000e-01	1.26560635e-02	1.34471493e-04
7.16000000e-01	1.27345041e-02	1.35044895e-04
7.17000000e-01	1.26500701e-02	1.35009176e-04
7.18000000e-01	1.26331006e-02	1.34458958e-04
7.19000000e-01	1.27026606e-02	1.34657110e-04
7.20000000e-01	1.25637709e-02	1.33968208e-04
7.21000000e-01	1.24811647e-02	1.32239765e-04
7.22000000e-01	1.25456111e-02	1.33643017e-04
7.23000000e-01	1.27192659e-02	1.35078469e-04
7.24000000e-01	1.26063638e-02	1.33968022e-04
7.25000000e-01	1.25782764e-02	1.33618971e-04
7.26000000e-01	1.26972951e-02	1.34381773e-04
7.27000000e-01	1.25118340e-02	1.33039175e-04
7.28000000e-01	1.24772625e-02	1.32716088e-04
7.29000000e-01	1.23829899e-02	1.32108798e-04
7.30000000e-01	1.24159303e-02	1.32227428e-04
7.31000000e-01	1.24577103e-02	1.33072266e-04
7.32000000e-01	1.24937601e-02	1.32478795e-04
7.33000000e-01	1.25164845e-02	1.33277103e-04
7.34000000e-01	1.25176313e-02	1.32714640e-04
7.35000000e-01	1.24739942e-02	1.32366472e-04
7.36000000e-01	1.25047488e-02	1.32135183e-04
7.37000000e-01	1.24922489e-02	1.32168606e-04
7.38000000e-01	1.25185575e-02	1.32095383e-04
7.39000000e-01	1.22763517e-02	1.30176592e-04
7.40000000e-01	1.23335520e-02	1.29956574e-04
7.41000000e-01	1.24249996e-02	1.30779078e-04
7.42000000e-01	1.23708127e-02	1.30434643e-04
7.43000000e-01	1.23616202e-02	1.30162686e-04
7.44000000e-01	1.23716887e-02	1.30482492e-04
7.45000000e-01	1.25515393e-02	1.32204860e-04
7.46000000e-01	1.23517096e-02	1.30367890e-04
7.47000000e-01	1.22114951e-02	1.28302811e-04
7.48000000e-01	1.22222888e-02	1.28614639e-04
7.49000000e-01	1.24572448e-02	1.31623750e-04
7.50000000e-01	1.22418053e-02	1.29366877e-04
7.51000000e-01	1.23240847e-02	1.29830736e-04
7.52000000e-01	1.22748023e-02	1.29332016e-04
7.53000000e-01	1.23375028e-02	1.30741192e-04
7.54000000e-01	1.21896174e-02	1.28844831e-04
7.55000000e-01	1.23015939e-02	1.29550646e-04
7.56000000e-01	1.22926479e-02	1.29223737e-04
7.57000000e-01	1.22160697e-02	1.29298259e-04
7.58000000e-01	1.21483221e-02	1.28125690e-04
7.59000000e-01	1.22805516e-02	1.29194179e-04
7.60000000e-01	1.22663464e-02	1.29193641e-04
7.61000000e-01	1.23001835e-02	1.29193343e-04
7.62000000e-01	1.22682738e-02	1.28764190e-04
7.63000000e-01	1.21626535e-02	1.27865319e-04
7.64000000e-01	1.20657152e-02	1.26395331e-04
7.65000000e-01	1.22130293e-02	1.27622663e-04
7.66000000e-01	1.21103728e-02	1.26890422e-04
7.67000000e-01	1.21927870e-02	1.27399183e-04
7.68000000e-01	1.21297436e-02	1.26674400e-04
7.69000000e-01	1.20599335e-02	1.25944601e-04
7.70000000e-01	1.21639459e-02	1.27491641e-04
7.71000000e-01	1.21328642e-02	1.26845321e-04
7.72000000e-01	1.19347533e-02	1.29256374e-04
7.73000000e-01	1.21013218e-02	1.34580497e-04
7.74000000e-01	1.21432068e-02	1.37749451e-04
7.75000000e-01	1.20804036e-02	1.39417820e-04
7.76000000e-01	1.21043973e-02	1.41569955e-04
7.77000000e-01	1.20198824e-02	1.43182426e-04
7.78000000e-01	1.20317100e-02	1.44328928e-04
7.79000000e-01	1.20090840e-02	1.46437190e-04
7.80000000e-01	1.20170168e-02	1.47776473e-04
7.81000000e-01	1.21157748e-02	1.51218271e-04
7.82000000e-01	1.18719856e-02	1.50252508e-04
7.83000000e-01	1.20602794e-02	1.52885460e-04
7.84000000e-01	1.19232316e-02	1.53655451e-04
7.85000000e-01	1.17867158e-02	1.54024200e-04
7.86000000e-01	1.18372633e-02	1.56586826e-04
7.87000000e-01	1.19030854e-02	1.58203024e-04
7.88000000e-01	1.18148843e-02	1.58890358e-04
7.89000000e-01	1.18647856e-02	1.61266710e-04
7.90000000e-01	1.19012724e-02	1.63059053e-04
7.91000000e-01	1.18616331e-02	1.64750093e-04
7.92000000e-01	1.18769238e-02	1.65786982e-04
7.93000000e-01	1.17742495e-02	1.66474398e-04
7.94000000e-01	1.16591752e-02	1.67574209e-04
7.95000000e-01	1.17879209e-02	1.70814397e-04
7.96000000e-01	1.18111229e-02	1.71214030e-04
7.97000000e-01	1.16680304e-02	1.71984662e-04
7.98000000e-01	1.17012713e-02	1.74589927e-04
7.99000000e-01	1.18825618e-02	1.78319519e-04
8.00000000e-01	1.18168930e-02	1.78500634e-04
8.01000000e-01	1.17790286e-02	1.80461750e-04
8.02000000e-01	1.17672719e-02	1.82609834e-04
8.03000000e-01	1.17078893e-02	1.84187265e-04
8.04000000e-01	1.18478387e-02	1.86903710e-04
8.05000000e-01	1.17163074e-02	1.87165285e-04
8.06000000e-01	1.17094775e-02	1.89995787e-04
8.07000000e-01	1.16787778e-02	1.89382230e-04
8.08000000e-01	1.16964418e-02	1.93467918e-04
8.09000000e-01	1.15512618e-02	1.92768712e-04
8.10000000e-01	1.16374821e-02	1.97517116e-04
8.11000000e-01	1.15261350e-02	1.96749882e-04
8.12000000e-01	1.16828512e-02	2.01557316e-04
8.13000000e-01	1.16216419e-02	2.01754945e-04
8.14000000e-01	1.17232295e-02	2.07348209e-04
8.15000000e-01	1.13852343e-02	2.04659368e-04
8.16000000e-01	1.13473294e-02	2.05746581e-04
8.17000000e-01	1.17613093e-02	2.16218104e-04
8.18000000e-01	1.16134710e-02	2.14712602e-04
8.19000000e-01	1.17034952e-02	2.20520956e-04
8.20000000e-01	1.16452889e-02	2.21425220e-04
8.21000000e-01	1.14910294e-02	2.22517497e-04
8.22000000e-01	1.15841071e-02	2.26989005e-04
8.23000000e-01	1.15971439e-02	2.29210713e-04
8.24000000e-01	1.14099461e-02	2.29446066e-04
8.25000000e-01	1.12999247e-02	2.30470311e-04
8.26000000e-01	1.14728895e-02	2.38273118e-04
8.27000000e-01	1.12850676e-02	2.38464086e-04
8.28000000e-01	1.12100191e-02	2.41932654e-04
8.29000000e-01	1.12512023e-02	2.44767884e-04
8.30000000e-01	1.11490201e-02	2.47837654e-04
8.31000000e-01	1.16761366e-02	2.59788450e-04
8.32000000e-01	1.14015886e-02	2.58636064e-04
8.33000000e-01	1.10468866e-02	2.58086616e-04
8.34000000e-01	1.11779324e-02	2.63673265e-04
8.35000000e-01	1.12079932e-02	2.68262651e-04
8.36000000e-01	1.13165191e-02	2.74293336e-04
8.37000000e-01	1.11479357e-02	2.78435677e-04
8.38000000e-01	1.11239061e-02	2.81602965e-04
8.39000000e-01	1.12386674e-02	2.92494347e-04
8.40000000e-01	1.10439230e-02	2.92830469e-04
8.41000000e-01	1.07569007e-02	2.95866871e-04
8.42000000e-01	1.10931834e-02	3.06651333e-04
8.43000000e-01	1.10027130e-02	3.13330556e-04
8.44000000e-01	1.11184481e-02	3.21744705e-04
8.45000000e-01	1.09158693e-02	3.25014588e-04
8.46000000e-01	1.06333658e-02	3.27043305e-04
8.47000000e-01	1.15405775e-02	3.64279017e-04
8.48000000e-01	1.14230921e-02	3.68023517e-04
8.49000000e-01	1.12570186e-02	3.75934996e-04
8.50000000e-01	1.13730692e-02	3.93993156e-04
8.51000000e-01	1.09878417e-02	3.92840441e-04
8.52000000e-01	1.10022342e-02	4.11339972e-04
8.53000000e-01	1.11581152e-02	4.35305307e-04
8.54000000e-01	1.08109148e-02	4.42343415e-04
8.55000000e-01	1.10834408e-02	4.64476011e-04
8.56000000e-01	1.13061420e-02	4.97632309e-04
8.57000000e-01	1.08932562e-02	4.84088896e-04
8.58000000e-01	1.01781888e-02	4.74440096e-04
8.59000000e-01	1.09704446e-02	5.19119963e-04
8.60000000e-01	1.05580518e-02	5.21584110e-04
8.61000000e-01	1.11733166e-02	5.60911209e-04
8.62000000e-01	1.10170144e-02	5.79663356e-04
8.63000000e-01	1.08594248e-02	6.09360892e-04
8.64000000e-01	1.04242569e-02	5.91249583e-04
8.65000000e-01	1.05044901e-02	6.29384065e-04
8.66000000e-01	1.13246435e-02	7.05199712e-04
8.67000000e-01	1.07423869e-02	7.19597485e-04
8.68000000e-01	1.05623298e-02	7.86188045e-04
8.69000000e-01	1.11826098e-02	8.46304756e-04
8.70000000e-01	1.06814911e-02	9.08329805e-04
8.71000000e-01	1.00642921e-02	9.47141236e-04
8.72000000e-01	1.12086395e-02	1.15102690e-03
8.73000000e-01	1.08395067e-02	1.32645266e-03
8.74000000e-01	1.01519771e-02	1.61292926e-03
8.75000000e-01	8.96644887e-03	3.16653006e-03
