% Filename : SDL3_p7_00019_00010.h5
% Date & Time : 30-Oct-2025 16:39:05
% X-ray Energy (keV) : 13.30001
% Exposure Time (s) : 0.500
% Beam Center : 1461.24000, 208.98300
% Sample to Detector Distance (SDD) (mm) : 1990.750
% Detector Pixel Size (mm) : 0.075
% Photodiode Value : 140666.000
% I0 of Sample : 0
% I0 of Standard : 1
% 
% q(A^-1)   I(q)    I(q)_SE
0.00000000e+00	5.13750300e-03	3.63276321e-03
2.50000000e-04	0.00000000e+00	0.00000000e+00
5.00000000e-04	0.00000000e+00	0.00000000e+00
7.50000000e-04	0.00000000e+00	0.00000000e+00
1.00000000e-03	0.00000000e+00	0.00000000e+00
1.25000000e-03	0.00000000e+00	0.00000000e+00
1.50000000e-03	0.00000000e+00	0.00000000e+00
1.75000000e-03	0.00000000e+00	0.00000000e+00
2.00000000e-03	0.00000000e+00	0.00000000e+00
2.25000000e-03	0.00000000e+00	0.00000000e+00
2.50000000e-03	0.00000000e+00	0.00000000e+00
2.75000000e-03	0.00000000e+00	0.00000000e+00
3.00000000e-03	0.00000000e+00	0.00000000e+00
3.25000000e-03	6.10806643e+01	3.58901128e+01
3.50000000e-03	2.16117053e+01	7.63807216e+00
3.75000000e-03	1.57562861e+01	4.94792340e+00
4.00000000e-03	1.25197710e+01	3.66533404e+00
4.25000000e-03	7.71774656e+00	2.18811880e+00
4.50000000e-03	8.90154608e+00	2.07356211e+00
4.75000000e-03	9.23873562e+00	1.90352208e+00
5.00000000e-03	7.34079315e+00	1.47728661e+00
5.25000000e-03	5.92391174e+00	1.18899072e+00
5.50000000e-03	4.70443285e+00	9.13189097e-01
5.75000000e-03	4.35875306e+00	8.12761036e-01
6.00000000e-03	3.24733667e+00	6.07552880e-01
6.25000000e-03	2.96266462e+00	5.44952807e-01
6.50000000e-03	2.54902758e+00	4.62739297e-01
6.75000000e-03	2.14674332e+00	3.82789529e-01
7.00000000e-03	1.92150825e+00	3.28261562e-01
7.25000000e-03	1.61653323e+00	2.75425517e-01
7.50000000e-03	1.35500036e+00	2.34507193e-01
7.75000000e-03	1.26775396e+00	2.14278030e-01
8.00000000e-03	1.16336511e+00	1.89902038e-01
8.25000000e-03	9.79985891e-01	1.54837004e-01
8.50000000e-03	8.64398625e-01	1.35134348e-01
8.75000000e-03	7.71413061e-01	1.20488170e-01
9.00000000e-03	6.78775783e-01	1.03657640e-01
9.25000000e-03	6.14016079e-01	9.03264863e-02
9.50000000e-03	5.38754503e-01	7.82182774e-02
9.75000000e-03	4.93263759e-01	7.12005795e-02
1.00000000e-02	4.22273583e-01	5.97185724e-02
1.02500000e-02	4.00917013e-01	5.72184670e-02
1.05000000e-02	3.64458830e-01	5.00094502e-02
1.07500000e-02	3.39256082e-01	4.60404336e-02
1.10000000e-02	3.06295679e-01	4.00312087e-02
1.12500000e-02	2.78666801e-01	3.69228681e-02
1.15000000e-02	2.59908017e-01	3.34898561e-02
1.17500000e-02	2.23172978e-01	2.75716837e-02
1.20000000e-02	2.18552461e-01	2.69100044e-02
1.22500000e-02	2.08269038e-01	2.49577082e-02
1.25000000e-02	1.92461518e-01	2.25495714e-02
1.27500000e-02	1.79518340e-01	2.11298204e-02
1.30000000e-02	1.71408522e-01	1.95043958e-02
1.32500000e-02	1.52145049e-01	1.68230809e-02
1.35000000e-02	1.45478290e-01	1.56444528e-02
1.37500000e-02	1.36539251e-01	1.49798961e-02
1.40000000e-02	1.26563463e-01	1.32712144e-02
1.42500000e-02	1.23522620e-01	1.27334156e-02
1.45000000e-02	1.14615193e-01	1.15336779e-02
1.47500000e-02	1.08734835e-01	1.06010301e-02
1.50000000e-02	1.03395969e-01	1.00060025e-02
1.52500000e-02	9.61098198e-02	9.16779691e-03
1.55000000e-02	9.15896890e-02	8.59632490e-03
1.57500000e-02	8.78460217e-02	8.01873038e-03
1.60000000e-02	8.35184870e-02	7.53116207e-03
1.62500000e-02	8.24110104e-02	7.50998049e-03
1.65000000e-02	7.58498820e-02	6.60659167e-03
1.67500000e-02	7.38051768e-02	6.22803916e-03
1.70000000e-02	7.15421386e-02	6.04300155e-03
1.72500000e-02	6.84775029e-02	5.77411379e-03
1.75000000e-02	6.51382550e-02	5.25475530e-03
1.77500000e-02	6.35315932e-02	4.93679036e-03
1.80000000e-02	6.17257744e-02	4.88779280e-03
1.82500000e-02	6.10173643e-02	4.60260675e-03
1.85000000e-02	5.79735184e-02	4.51160268e-03
1.87500000e-02	5.56932997e-02	4.00500933e-03
1.90000000e-02	5.48682775e-02	4.03479035e-03
1.92500000e-02	5.08374453e-02	3.58891637e-03
1.95000000e-02	5.03387858e-02	3.42812600e-03
1.97500000e-02	5.04632029e-02	3.42703508e-03
2.00000000e-02	4.82453686e-02	3.22567007e-03
2.02500000e-02	4.59222620e-02	3.05604427e-03
2.05000000e-02	4.67174381e-02	2.99452767e-03
2.07500000e-02	4.47508346e-02	2.91092279e-03
2.10000000e-02	4.34679270e-02	2.81074130e-03
2.12500000e-02	4.34996811e-02	2.78857613e-03
2.15000000e-02	4.38753203e-02	2.72563041e-03
2.17500000e-02	4.28200293e-02	2.66193414e-03
2.20000000e-02	4.20248309e-02	2.55927943e-03
2.22500000e-02	4.01951750e-02	2.44755326e-03
2.25000000e-02	3.89852744e-02	2.40856487e-03
2.27500000e-02	3.94310101e-02	2.28975656e-03
2.30000000e-02	3.93303126e-02	2.37124617e-03
2.32500000e-02	3.69033263e-02	2.17789538e-03
2.35000000e-02	3.86480554e-02	2.26227342e-03
2.37500000e-02	3.77639331e-02	2.22537722e-03
2.40000000e-02	3.66081279e-02	2.10307280e-03
2.42500000e-02	3.56938959e-02	2.04808885e-03
2.45000000e-02	3.65117876e-02	2.05689731e-03
2.47500000e-02	3.50103421e-02	1.96482704e-03
2.50000000e-02	3.51023340e-02	1.99783342e-03
2.52500000e-02	3.55820387e-02	1.98581867e-03
2.55000000e-02	3.42348947e-02	1.81996218e-03
2.57500000e-02	3.29047119e-02	1.79583856e-03
2.60000000e-02	3.17619908e-02	1.73138880e-03
2.62500000e-02	3.25774924e-02	1.75321340e-03
2.65000000e-02	3.30042747e-02	1.76133595e-03
2.67500000e-02	3.13097921e-02	1.64544389e-03
2.70000000e-02	3.18948962e-02	1.70575444e-03
2.72500000e-02	3.10409067e-02	1.62189394e-03
2.75000000e-02	3.11087963e-02	1.64527397e-03
2.77500000e-02	3.03526675e-02	1.59134419e-03
2.80000000e-02	2.98432604e-02	1.51205695e-03
2.82500000e-02	3.02817410e-02	1.57832138e-03
2.85000000e-02	3.07052689e-02	1.55877208e-03
2.87500000e-02	3.08375402e-02	1.57005640e-03
2.90000000e-02	2.97912289e-02	1.50672606e-03
2.92500000e-02	3.03721475e-02	1.49065336e-03
2.95000000e-02	3.02627326e-02	1.49327666e-03
2.97500000e-02	3.02860391e-02	1.50679955e-03
3.00000000e-02	2.94669328e-02	1.46267502e-03
3.02500000e-02	2.89419064e-02	1.41808491e-03
3.05000000e-02	2.91356654e-02	1.38612740e-03
3.07500000e-02	2.88353012e-02	1.39345625e-03
3.10000000e-02	2.92441660e-02	1.41450101e-03
3.12500000e-02	2.88545725e-02	1.40378140e-03
3.15000000e-02	2.82464985e-02	1.34763145e-03
3.17500000e-02	2.92343101e-02	1.38345061e-03
3.20000000e-02	2.80150408e-02	1.33742508e-03
3.22500000e-02	2.82389979e-02	1.35971247e-03
3.25000000e-02	2.72542345e-02	1.29301402e-03
3.27500000e-02	2.85663175e-02	1.35845496e-03
3.30000000e-02	2.72383144e-02	1.26892414e-03
3.32500000e-02	2.69573285e-02	1.26003741e-03
3.35000000e-02	2.63567207e-02	1.26317543e-03
3.37500000e-02	2.69399664e-02	1.25871781e-03
3.40000000e-02	2.59850628e-02	1.20744709e-03
3.42500000e-02	2.63050162e-02	1.22257021e-03
3.45000000e-02	2.59542117e-02	1.21553757e-03
3.47500000e-02	2.56864738e-02	1.19404504e-03
3.50000000e-02	2.66032081e-02	1.22141436e-03
3.52500000e-02	2.65572585e-02	1.21702920e-03
3.55000000e-02	2.66478558e-02	1.20885060e-03
3.57500000e-02	2.53664301e-02	1.17519084e-03
3.60000000e-02	2.58679926e-02	1.17477959e-03
3.62500000e-02	2.56684020e-02	1.18331153e-03
3.65000000e-02	2.49944925e-02	1.14107897e-03
3.67500000e-02	2.55954898e-02	1.16373981e-03
3.70000000e-02	2.51182260e-02	1.12874661e-03
3.72500000e-02	2.43510475e-02	1.10720978e-03
3.75000000e-02	2.45682205e-02	1.10447375e-03
3.77500000e-02	2.44295057e-02	1.09814834e-03
3.80000000e-02	2.46344688e-02	1.10297140e-03
3.82500000e-02	2.47121789e-02	1.09722279e-03
3.85000000e-02	2.44790173e-02	1.08251011e-03
3.87500000e-02	2.46980268e-02	1.09031490e-03
3.90000000e-02	2.42832162e-02	1.07516644e-03
3.92500000e-02	2.41204614e-02	1.06840651e-03
3.95000000e-02	2.48954350e-02	1.09455627e-03
3.97500000e-02	2.39315258e-02	1.06418721e-03
4.00000000e-02	2.41268517e-02	1.05687046e-03
4.02500000e-02	2.39030827e-02	1.04529874e-03
4.05000000e-02	2.42352991e-02	1.06071232e-03
4.07500000e-02	2.40096573e-02	1.03599388e-03
4.10000000e-02	2.42214212e-02	1.04692369e-03
4.12500000e-02	2.36364305e-02	1.02784004e-03
4.15000000e-02	2.38392957e-02	1.01952681e-03
4.17500000e-02	2.39166128e-02	1.02351225e-03
4.20000000e-02	2.36369299e-02	1.00548237e-03
4.22500000e-02	2.30767205e-02	9.83144095e-04
4.25000000e-02	2.34990149e-02	1.00824831e-03
4.27500000e-02	2.36493653e-02	9.95284545e-04
4.30000000e-02	2.32113987e-02	9.90982738e-04
4.32500000e-02	2.34890983e-02	9.92682995e-04
4.35000000e-02	2.30132141e-02	9.83030952e-04
4.37500000e-02	2.32656724e-02	9.73989032e-04
4.40000000e-02	2.34237197e-02	9.86945097e-04
4.42500000e-02	2.30413379e-02	9.66326001e-04
4.45000000e-02	2.27107329e-02	9.56758050e-04
4.47500000e-02	2.29053424e-02	9.45901365e-04
4.50000000e-02	2.32825627e-02	9.76288620e-04
4.52500000e-02	2.30399989e-02	9.60776144e-04
4.55000000e-02	2.25824976e-02	9.38013597e-04
4.57500000e-02	2.28457980e-02	9.39870749e-04
4.60000000e-02	2.30428534e-02	9.64578439e-04
4.62500000e-02	2.35193873e-02	9.67536068e-04
4.65000000e-02	2.33960410e-02	9.63986386e-04
4.67500000e-02	2.28663989e-02	9.42310344e-04
4.70000000e-02	2.21974023e-02	9.13770507e-04
4.72500000e-02	2.19469304e-02	8.88259963e-04
4.75000000e-02	2.25062587e-02	9.25503479e-04
4.77500000e-02	2.29347237e-02	9.29422520e-04
4.80000000e-02	2.27045443e-02	9.22531051e-04
4.82500000e-02	2.23106056e-02	9.08886167e-04
4.85000000e-02	2.27721293e-02	9.33260375e-04
4.87500000e-02	2.27508509e-02	9.23502989e-04
4.90000000e-02	2.21511755e-02	8.88499233e-04
4.92500000e-02	2.28976424e-02	9.13153477e-04
4.95000000e-02	2.27571662e-02	9.20861020e-04
4.97500000e-02	2.28418980e-02	9.29683186e-04
5.00000000e-02	2.24492931e-02	9.02062962e-04
5.02500000e-02	2.21757496e-02	8.87059818e-04
5.05000000e-02	2.19821749e-02	8.74299153e-04
5.07500000e-02	2.15746299e-02	8.67388941e-04
5.10000000e-02	2.22647756e-02	8.83030674e-04
5.12500000e-02	2.24925868e-02	8.98131683e-04
5.15000000e-02	2.27229911e-02	8.89396707e-04
5.17500000e-02	2.21613043e-02	8.87742724e-04
5.20000000e-02	2.20727654e-02	8.70642224e-04
5.22500000e-02	2.19077142e-02	8.71910795e-04
5.25000000e-02	2.21832393e-02	8.70906566e-04
5.27500000e-02	2.22998730e-02	8.70795388e-04
5.30000000e-02	2.23088199e-02	8.76639461e-04
5.32500000e-02	2.18011773e-02	8.57843327e-04
5.35000000e-02	2.25349127e-02	8.81692610e-04
5.37500000e-02	2.17042391e-02	8.36446961e-04
5.40000000e-02	2.19448254e-02	8.56831826e-04
5.42500000e-02	2.24836309e-02	8.75652162e-04
5.45000000e-02	2.20025412e-02	8.54123128e-04
5.47500000e-02	2.21799756e-02	8.55437117e-04
5.50000000e-02	2.18334169e-02	8.43734471e-04
5.52500000e-02	2.17303314e-02	8.35220474e-04
5.55000000e-02	2.27343921e-02	8.65995499e-04
5.57500000e-02	2.23064902e-02	8.62676725e-04
5.60000000e-02	2.21455435e-02	8.45080342e-04
5.62500000e-02	2.19114570e-02	8.37308095e-04
5.65000000e-02	2.20451366e-02	8.39080938e-04
5.67500000e-02	2.17953283e-02	8.40265529e-04
5.70000000e-02	2.17900201e-02	8.26956889e-04
5.72500000e-02	2.19013888e-02	8.32524224e-04
5.75000000e-02	2.15835411e-02	8.23895826e-04
5.77500000e-02	2.15715705e-02	8.03590834e-04
5.80000000e-02	2.15442799e-02	8.15480022e-04
5.82500000e-02	2.09195275e-02	7.92092115e-04
5.85000000e-02	2.07558052e-02	7.86433302e-04
5.87500000e-02	2.12182498e-02	7.94345276e-04
5.90000000e-02	2.17864827e-02	8.16559569e-04
5.92500000e-02	2.11043316e-02	7.88919661e-04
5.95000000e-02	2.08559741e-02	7.81226887e-04
5.97500000e-02	2.18564914e-02	8.20698039e-04
6.00000000e-02	2.16301221e-02	8.07374253e-04
6.02500000e-02	2.11818668e-02	7.88240518e-04
6.05000000e-02	2.12879993e-02	7.90784514e-04
6.07500000e-02	2.08794086e-02	7.76540383e-04
6.10000000e-02	2.18028137e-02	8.05449420e-04
6.12500000e-02	2.13032150e-02	7.84222697e-04
6.15000000e-02	2.15020815e-02	7.88300217e-04
6.17500000e-02	2.18507887e-02	8.08073073e-04
6.20000000e-02	2.18781244e-02	8.04428186e-04
6.22500000e-02	2.16597931e-02	7.90916714e-04
6.25000000e-02	2.13520426e-02	7.81269989e-04
6.27500000e-02	2.12521214e-02	7.69566518e-04
6.30000000e-02	2.09231691e-02	7.62914688e-04
6.32500000e-02	2.16855962e-02	7.92603576e-04
6.35000000e-02	2.08623846e-02	7.67985072e-04
6.37500000e-02	2.15514150e-02	7.81193913e-04
6.40000000e-02	2.12417337e-02	7.69384084e-04
6.42500000e-02	2.13721605e-02	7.71558627e-04
6.45000000e-02	2.07987825e-02	7.57785741e-04
6.47500000e-02	2.09515793e-02	7.58139295e-04
6.50000000e-02	2.07162357e-02	7.53669940e-04
6.52500000e-02	2.16968528e-02	7.76364036e-04
6.55000000e-02	2.10518480e-02	7.57131396e-04
6.57500000e-02	2.13456595e-02	7.67856621e-04
6.60000000e-02	2.15093618e-02	7.71075274e-04
6.62500000e-02	2.10560610e-02	7.51063940e-04
6.65000000e-02	2.14316280e-02	7.65809192e-04
6.67500000e-02	2.04809534e-02	7.24120886e-04
6.70000000e-02	2.09849287e-02	7.52091238e-04
6.72500000e-02	2.08512243e-02	7.37698601e-04
6.75000000e-02	2.12119045e-02	7.51990036e-04
6.77500000e-02	2.11079054e-02	7.45981077e-04
6.80000000e-02	2.08599265e-02	7.40453143e-04
6.82500000e-02	2.14625263e-02	7.62722072e-04
6.85000000e-02	2.07990679e-02	7.44514000e-04
6.87500000e-02	2.08011692e-02	7.37617578e-04
6.90000000e-02	2.06131432e-02	7.30227612e-04
6.92500000e-02	2.10040392e-02	7.37089627e-04
6.95000000e-02	2.10727351e-02	7.44785704e-04
6.97500000e-02	2.14329736e-02	7.55218592e-04
7.00000000e-02	2.12497825e-02	7.41781369e-04
7.02500000e-02	2.10681301e-02	7.29460894e-04
7.05000000e-02	2.06064255e-02	7.15804252e-04
7.07500000e-02	2.09756996e-02	7.34206510e-04
7.10000000e-02	2.05999795e-02	7.13317920e-04
7.12500000e-02	2.08575698e-02	7.27953723e-04
7.15000000e-02	2.05087249e-02	7.08565722e-04
7.17500000e-02	2.11903898e-02	7.31832813e-04
7.20000000e-02	2.09528622e-02	7.31786483e-04
7.22500000e-02	2.07818559e-02	7.20734517e-04
7.25000000e-02	2.05104555e-02	7.07087999e-04
7.27500000e-02	2.09711608e-02	7.26433537e-04
7.30000000e-02	2.12202569e-02	7.32205653e-04
7.32500000e-02	2.10015756e-02	7.17376987e-04
7.35000000e-02	2.03038832e-02	6.99785253e-04
7.37500000e-02	2.10776162e-02	7.16733568e-04
7.40000000e-02	2.07102888e-02	7.04926789e-04
7.42500000e-02	2.03299354e-02	6.94479705e-04
7.45000000e-02	2.07993307e-02	7.09359834e-04
7.47500000e-02	2.05717756e-02	7.01703451e-04
7.50000000e-02	2.04971600e-02	6.95797090e-04
7.52500000e-02	2.07567021e-02	7.18424742e-04
7.55000000e-02	2.06077997e-02	6.92974896e-04
7.57500000e-02	2.07014838e-02	6.96410340e-04
7.60000000e-02	2.12943267e-02	7.17999738e-04
7.62500000e-02	2.04659238e-02	6.93537116e-04
7.65000000e-02	2.03132735e-02	6.84829617e-04
7.67500000e-02	2.08446439e-02	7.00861052e-04
7.70000000e-02	2.09908566e-02	7.00243248e-04
7.72500000e-02	2.09972936e-02	7.17591329e-04
7.75000000e-02	2.10769197e-02	7.29689457e-04
7.77500000e-02	2.04887936e-02	7.13982531e-04
7.80000000e-02	2.01847300e-02	7.00249644e-04
7.82500000e-02	2.03400729e-02	7.16271490e-04
7.85000000e-02	2.06755939e-02	7.28098707e-04
7.87500000e-02	2.12154594e-02	7.45362605e-04
7.90000000e-02	2.05584158e-02	7.27164304e-04
7.92500000e-02	2.04689317e-02	7.28174121e-04
7.95000000e-02	2.07719605e-02	7.36901334e-04
7.97500000e-02	2.07861925e-02	7.40477884e-04
8.00000000e-02	2.06529466e-02	7.38790653e-04
8.02500000e-02	2.07619650e-02	7.47539963e-04
8.05000000e-02	2.11436489e-02	7.47796329e-04
8.07500000e-02	2.11902064e-02	7.64337464e-04
8.10000000e-02	2.11423911e-02	7.59197479e-04
8.12500000e-02	2.05483961e-02	7.40062905e-04
8.15000000e-02	2.05030089e-02	7.44374725e-04
8.17500000e-02	2.04424012e-02	7.39478427e-04
8.20000000e-02	2.16225271e-02	7.81638328e-04
8.22500000e-02	2.02997203e-02	7.43394008e-04
8.25000000e-02	2.10955310e-02	7.65936546e-04
8.27500000e-02	2.04367842e-02	7.45460196e-04
8.30000000e-02	2.05713660e-02	7.47943098e-04
8.32500000e-02	2.04436882e-02	7.47057910e-04
8.35000000e-02	2.10686027e-02	7.76592286e-04
8.37500000e-02	2.02571099e-02	7.37883930e-04
8.40000000e-02	2.09506878e-02	7.71685660e-04
8.42500000e-02	2.06383494e-02	7.60925946e-04
8.45000000e-02	2.09746187e-02	7.69457291e-04
8.47500000e-02	2.02479177e-02	7.47514432e-04
8.50000000e-02	2.01802485e-02	7.41229249e-04
8.52500000e-02	2.04592491e-02	7.58679978e-04
8.55000000e-02	2.03338649e-02	7.52179971e-04
8.57500000e-02	2.06188519e-02	7.59551891e-04
8.60000000e-02	2.01943746e-02	7.45460946e-04
8.62500000e-02	2.03465243e-02	7.54826669e-04
8.65000000e-02	2.07474621e-02	7.75807257e-04
8.67500000e-02	2.09243702e-02	7.67786919e-04
8.70000000e-02	2.02893574e-02	7.34023939e-04
8.72500000e-02	2.03624121e-02	7.26744265e-04
8.75000000e-02	1.99644167e-02	7.07922426e-04
8.77500000e-02	2.01586757e-02	7.07776501e-04
8.80000000e-02	1.98260567e-02	6.97084659e-04
8.82500000e-02	2.07316775e-02	7.27232601e-04
8.85000000e-02	2.04667341e-02	7.14844776e-04
8.87500000e-02	2.06070279e-02	7.03548673e-04
8.90000000e-02	2.06510988e-02	7.15565773e-04
8.92500000e-02	2.02920852e-02	7.01241390e-04
8.95000000e-02	2.06525458e-02	7.06551085e-04
8.97500000e-02	2.02545604e-02	6.96509423e-04
9.00000000e-02	2.02796788e-02	6.84590451e-04
9.02500000e-02	2.02576652e-02	6.85178365e-04
9.05000000e-02	2.05350574e-02	6.97092886e-04
9.07500000e-02	1.98294405e-02	6.71149831e-04
9.10000000e-02	2.01985318e-02	6.80809480e-04
9.12500000e-02	2.02969694e-02	6.78108616e-04
9.15000000e-02	1.96752497e-02	6.57253758e-04
9.17500000e-02	2.06376254e-02	6.92047194e-04
9.20000000e-02	2.00982995e-02	6.67184637e-04
9.22500000e-02	2.00934855e-02	6.68326460e-04
9.25000000e-02	1.99610665e-02	6.67182903e-04
9.27500000e-02	2.03270112e-02	6.72608478e-04
9.30000000e-02	1.97461785e-02	6.52778942e-04
9.32500000e-02	1.98993983e-02	6.55535688e-04
9.35000000e-02	2.01704547e-02	6.61613779e-04
9.37500000e-02	2.00965171e-02	6.60299393e-04
9.40000000e-02	1.98710307e-02	6.52763875e-04
9.42500000e-02	1.99163451e-02	6.52085149e-04
9.45000000e-02	2.01217125e-02	6.63635278e-04
9.47500000e-02	2.02459597e-02	6.63405291e-04
9.50000000e-02	2.05327291e-02	6.71436866e-04
9.52500000e-02	2.02439400e-02	6.61250759e-04
9.55000000e-02	2.06296224e-02	6.63271571e-04
9.57500000e-02	2.03361779e-02	6.59024509e-04
9.60000000e-02	1.98482099e-02	6.42870889e-04
9.62500000e-02	1.99197010e-02	6.46476453e-04
9.65000000e-02	1.99409413e-02	6.43913006e-04
9.67500000e-02	2.00201751e-02	6.45315740e-04
9.70000000e-02	2.02105044e-02	6.44151255e-04
9.72500000e-02	2.03002713e-02	6.47867217e-04
9.75000000e-02	2.04371375e-02	6.56447045e-04
9.77500000e-02	1.98790914e-02	6.33824816e-04
9.80000000e-02	1.95428389e-02	6.31136118e-04
9.82500000e-02	2.00451249e-02	6.38345457e-04
9.85000000e-02	2.01786708e-02	6.37743624e-04
9.87500000e-02	2.02752660e-02	6.38300389e-04
9.90000000e-02	2.00290535e-02	6.35448832e-04
9.92500000e-02	1.96934005e-02	6.27352677e-04
9.95000000e-02	1.93883807e-02	6.22354810e-04
9.97500000e-02	2.00092707e-02	6.35165267e-04
1.00000000e-01	1.94881030e-02	5.02459581e-04
1.00500000e-01	1.99854640e-02	4.46727602e-04
1.01000000e-01	1.98413785e-02	4.37728859e-04
1.01500000e-01	1.97135946e-02	4.36257002e-04
1.02000000e-01	1.96649308e-02	4.32817551e-04
1.02500000e-01	1.97242451e-02	4.31475976e-04
1.03000000e-01	2.00108255e-02	4.40008952e-04
1.03500000e-01	2.00551257e-02	4.41121788e-04
1.04000000e-01	1.97774989e-02	4.32100910e-04
1.04500000e-01	1.97615175e-02	4.29337716e-04
1.05000000e-01	1.97649373e-02	4.28487945e-04
1.05500000e-01	1.99821661e-02	4.33431119e-04
1.06000000e-01	2.03785992e-02	4.38631329e-04
1.06500000e-01	2.01789753e-02	4.33062904e-04
1.07000000e-01	2.01773895e-02	4.41984009e-04
1.07500000e-01	1.93526065e-02	4.29052956e-04
1.08000000e-01	1.97598842e-02	4.43574368e-04
1.08500000e-01	1.99937150e-02	4.52399994e-04
1.09000000e-01	1.97325554e-02	4.45103568e-04
1.09500000e-01	1.97208570e-02	4.49432172e-04
1.10000000e-01	1.98218076e-02	4.44816822e-04
1.10500000e-01	1.96863546e-02	4.35240404e-04
1.11000000e-01	2.00032307e-02	4.32291009e-04
1.11500000e-01	1.96835056e-02	4.25174998e-04
1.12000000e-01	1.99169982e-02	4.24456799e-04
1.12500000e-01	2.01852642e-02	4.26434333e-04
1.13000000e-01	2.01670672e-02	4.26480820e-04
1.13500000e-01	2.01198527e-02	4.23099817e-04
1.14000000e-01	2.00485449e-02	4.21027379e-04
1.14500000e-01	1.99676174e-02	4.16926537e-04
1.15000000e-01	1.95617900e-02	4.07216702e-04
1.15500000e-01	1.96865538e-02	4.11469621e-04
1.16000000e-01	1.96356314e-02	4.09808586e-04
1.16500000e-01	1.98955940e-02	4.14732298e-04
1.17000000e-01	1.97813301e-02	4.09436685e-04
1.17500000e-01	2.02479674e-02	4.16852549e-04
1.18000000e-01	1.97389821e-02	4.07276606e-04
1.18500000e-01	1.94882853e-02	3.98444615e-04
1.19000000e-01	1.99483016e-02	4.09426930e-04
1.19500000e-01	1.98573955e-02	4.06763535e-04
1.20000000e-01	1.98487075e-02	4.02925116e-04
1.20500000e-01	1.98542588e-02	4.02851055e-04
1.21000000e-01	1.94107538e-02	3.93750229e-04
1.21500000e-01	1.96108137e-02	3.97539972e-04
1.22000000e-01	1.97074947e-02	3.98365879e-04
1.22500000e-01	1.99748243e-02	4.01897075e-04
1.23000000e-01	1.98213681e-02	3.99634010e-04
1.23500000e-01	1.97475109e-02	3.94595568e-04
1.24000000e-01	1.95779932e-02	3.93561008e-04
1.24500000e-01	1.99844744e-02	3.99525739e-04
1.25000000e-01	1.96057706e-02	3.91828029e-04
1.25500000e-01	1.97206941e-02	3.91663324e-04
1.26000000e-01	1.97390514e-02	3.92973125e-04
1.26500000e-01	2.00954476e-02	3.97418918e-04
1.27000000e-01	1.98860857e-02	3.93889644e-04
1.27500000e-01	1.96127511e-02	3.88245042e-04
1.28000000e-01	1.97768326e-02	3.88935984e-04
1.28500000e-01	1.96953357e-02	3.89362688e-04
1.29000000e-01	1.93688603e-02	3.81371314e-04
1.29500000e-01	1.98634872e-02	3.90351013e-04
1.30000000e-01	1.97069543e-02	3.84250611e-04
1.30500000e-01	1.95877108e-02	3.81569783e-04
1.31000000e-01	1.95175272e-02	3.79749996e-04
1.31500000e-01	1.94686529e-02	3.80231025e-04
1.32000000e-01	1.96621778e-02	3.81233691e-04
1.32500000e-01	1.98123758e-02	3.81952447e-04
1.33000000e-01	1.96720473e-02	3.81074009e-04
1.33500000e-01	1.94756128e-02	3.74608408e-04
1.34000000e-01	1.97085056e-02	3.78780347e-04
1.34500000e-01	1.97820859e-02	3.77685385e-04
1.35000000e-01	1.95642344e-02	3.73010079e-04
1.35500000e-01	1.96959384e-02	3.75943763e-04
1.36000000e-01	1.97477054e-02	3.73525846e-04
1.36500000e-01	1.96759014e-02	3.74519250e-04
1.37000000e-01	1.96701942e-02	3.70556789e-04
1.37500000e-01	1.97550341e-02	3.72360954e-04
1.38000000e-01	1.97189135e-02	3.73143407e-04
1.38500000e-01	1.99238948e-02	3.74779935e-04
1.39000000e-01	1.96481369e-02	3.71000191e-04
1.39500000e-01	1.96271692e-02	3.69223210e-04
1.40000000e-01	1.98408582e-02	3.74667926e-04
1.40500000e-01	1.97805250e-02	3.71860748e-04
1.41000000e-01	1.94535502e-02	3.64786208e-04
1.41500000e-01	1.95519036e-02	3.67810423e-04
1.42000000e-01	1.96081276e-02	3.66664359e-04
1.42500000e-01	1.94318691e-02	3.63066853e-04
1.43000000e-01	1.95687952e-02	3.65589839e-04
1.43500000e-01	1.94072963e-02	3.62125142e-04
1.44000000e-01	1.95336784e-02	3.63903438e-04
1.44500000e-01	1.98631387e-02	3.67578327e-04
1.45000000e-01	1.91983771e-02	3.57015942e-04
1.45500000e-01	1.95781763e-02	3.62570653e-04
1.46000000e-01	1.91804304e-02	3.55136881e-04
1.46500000e-01	1.96600699e-02	3.62280240e-04
1.47000000e-01	1.91306486e-02	3.52516779e-04
1.47500000e-01	1.94092719e-02	3.54971160e-04
1.48000000e-01	1.95953103e-02	3.59406862e-04
1.48500000e-01	1.95464139e-02	3.57323698e-04
1.49000000e-01	1.95308722e-02	3.57274262e-04
1.49500000e-01	1.93023580e-02	3.53616399e-04
1.50000000e-01	1.92211687e-02	3.50222264e-04
1.50500000e-01	1.92029776e-02	3.50053868e-04
1.51000000e-01	1.92324824e-02	3.48342408e-04
1.51500000e-01	1.94224667e-02	3.53193281e-04
1.52000000e-01	1.93536915e-02	3.48315368e-04
1.52500000e-01	1.95434527e-02	3.53386174e-04
1.53000000e-01	1.92458556e-02	3.47834590e-04
1.53500000e-01	1.90467026e-02	3.42946693e-04
1.54000000e-01	1.96085516e-02	3.50717218e-04
1.54500000e-01	1.93284630e-02	3.53525776e-04
1.55000000e-01	1.92513174e-02	3.57433990e-04
1.55500000e-01	1.93349552e-02	3.59088188e-04
1.56000000e-01	1.92542711e-02	3.60901859e-04
1.56500000e-01	1.94887794e-02	3.65010527e-04
1.57000000e-01	1.93579081e-02	3.63718750e-04
1.57500000e-01	1.94489962e-02	3.57325946e-04
1.58000000e-01	1.92168000e-02	3.48698033e-04
1.58500000e-01	1.92318262e-02	3.47911909e-04
1.59000000e-01	1.91329611e-02	3.44274305e-04
1.59500000e-01	1.95078639e-02	3.49176421e-04
1.60000000e-01	1.91572573e-02	3.43444505e-04
1.60500000e-01	1.90483599e-02	3.39221122e-04
1.61000000e-01	1.92319444e-02	3.43091524e-04
1.61500000e-01	1.90760910e-02	3.37942426e-04
1.62000000e-01	1.95117945e-02	3.44065155e-04
1.62500000e-01	1.89767470e-02	3.36859653e-04
1.63000000e-01	1.88430814e-02	3.32549176e-04
1.63500000e-01	1.91573291e-02	3.38734559e-04
1.64000000e-01	1.89853902e-02	3.33657331e-04
1.64500000e-01	1.91506884e-02	3.36922302e-04
1.65000000e-01	1.92085802e-02	3.36201805e-04
1.65500000e-01	1.90978286e-02	3.34360417e-04
1.66000000e-01	1.90590159e-02	3.35655757e-04
1.66500000e-01	1.94059739e-02	3.38037848e-04
1.67000000e-01	1.90185094e-02	3.30550138e-04
1.67500000e-01	1.90869030e-02	3.32097433e-04
1.68000000e-01	1.91719466e-02	3.32839990e-04
1.68500000e-01	1.91882484e-02	3.32715795e-04
1.69000000e-01	1.89263484e-02	3.28461101e-04
1.69500000e-01	1.91321363e-02	3.29283895e-04
1.70000000e-01	1.90619806e-02	3.29549624e-04
1.70500000e-01	1.86383249e-02	3.22872671e-04
1.71000000e-01	1.89452519e-02	3.26160311e-04
1.71500000e-01	1.87960344e-02	3.24042324e-04
1.72000000e-01	1.88935802e-02	3.25043898e-04
1.72500000e-01	1.88680247e-02	3.23774837e-04
1.73000000e-01	1.89313013e-02	3.24117989e-04
1.73500000e-01	1.87750113e-02	3.21687684e-04
1.74000000e-01	1.90317286e-02	3.23003278e-04
1.74500000e-01	1.86234606e-02	3.16577413e-04
1.75000000e-01	1.88477676e-02	3.18678565e-04
1.75500000e-01	1.87710556e-02	3.15586026e-04
1.76000000e-01	1.88432551e-02	3.19094887e-04
1.76500000e-01	1.89275306e-02	3.19532871e-04
1.77000000e-01	1.86661453e-02	3.14883667e-04
1.77500000e-01	1.89414370e-02	3.19971128e-04
1.78000000e-01	1.85674536e-02	3.12510971e-04
1.78500000e-01	1.86521542e-02	3.14679501e-04
1.79000000e-01	1.87797622e-02	3.14265578e-04
1.79500000e-01	1.88653663e-02	3.16094626e-04
1.80000000e-01	1.89022019e-02	3.16927880e-04
1.80500000e-01	1.86923959e-02	3.13153390e-04
1.81000000e-01	1.89334496e-02	3.17125556e-04
1.81500000e-01	1.85313820e-02	3.08884562e-04
1.82000000e-01	1.85727896e-02	3.11323804e-04
1.82500000e-01	1.86077949e-02	3.09350158e-04
1.83000000e-01	1.85305667e-02	3.08834780e-04
1.83500000e-01	1.85247843e-02	3.08274031e-04
1.84000000e-01	1.85881172e-02	3.08342970e-04
1.84500000e-01	1.86346518e-02	3.09491928e-04
1.85000000e-01	1.86596051e-02	3.09797834e-04
1.85500000e-01	1.86158032e-02	3.07999652e-04
1.86000000e-01	1.85468712e-02	3.06475637e-04
1.86500000e-01	1.87392267e-02	3.08973010e-04
1.87000000e-01	1.83752221e-02	3.02329166e-04
1.87500000e-01	1.86774202e-02	3.07427998e-04
1.88000000e-01	1.85757116e-02	3.05761426e-04
1.88500000e-01	1.85294666e-02	3.04378648e-04
1.89000000e-01	1.86557024e-02	3.03579149e-04
1.89500000e-01	1.83246799e-02	3.00870046e-04
1.90000000e-01	1.87173039e-02	3.06240766e-04
1.90500000e-01	1.88245242e-02	3.07070157e-04
1.91000000e-01	1.85414860e-02	3.01865148e-04
1.91500000e-01	1.81931299e-02	2.96589091e-04
1.92000000e-01	1.85117276e-02	3.00622905e-04
1.92500000e-01	1.84963614e-02	3.00336425e-04
1.93000000e-01	1.84506050e-02	3.00034154e-04
1.93500000e-01	1.84482984e-02	2.99115098e-04
1.94000000e-01	1.86676924e-02	3.04103850e-04
1.94500000e-01	1.84410145e-02	2.97622433e-04
1.95000000e-01	1.84349723e-02	2.98942121e-04
1.95500000e-01	1.81801025e-02	2.92601907e-04
1.96000000e-01	1.83682957e-02	2.96399963e-04
1.96500000e-01	1.82648795e-02	2.95322920e-04
1.97000000e-01	1.84097075e-02	2.95484567e-04
1.97500000e-01	1.83163080e-02	2.94702558e-04
1.98000000e-01	1.83253342e-02	2.94143789e-04
1.98500000e-01	1.84139012e-02	2.94889608e-04
1.99000000e-01	1.81204407e-02	2.90405670e-04
1.99500000e-01	1.82420206e-02	2.90170892e-04
2.00000000e-01	1.81791481e-02	2.89976157e-04
2.00500000e-01	1.83393220e-02	2.92660972e-04
2.01000000e-01	1.86905843e-02	2.95650886e-04
2.01500000e-01	1.82400260e-02	2.90093034e-04
2.02000000e-01	1.82913445e-02	2.90301265e-04
2.02500000e-01	1.81475828e-02	2.87181973e-04
2.03000000e-01	1.83874689e-02	2.90727870e-04
2.03500000e-01	1.81652142e-02	2.87615088e-04
2.04000000e-01	1.82155621e-02	2.87733738e-04
2.04500000e-01	1.82196799e-02	2.88203073e-04
2.05000000e-01	1.83154960e-02	2.87828790e-04
2.05500000e-01	1.82748745e-02	2.87676332e-04
2.06000000e-01	1.82264155e-02	2.86603624e-04
2.06500000e-01	1.82237558e-02	2.85610317e-04
2.07000000e-01	1.82904220e-02	2.86269710e-04
2.07500000e-01	1.82258080e-02	2.85849349e-04
2.08000000e-01	1.82477431e-02	2.85124351e-04
2.08500000e-01	1.82297227e-02	2.84585817e-04
2.09000000e-01	1.79951449e-02	2.82443611e-04
2.09500000e-01	1.82173003e-02	2.84022696e-04
2.10000000e-01	1.79950787e-02	2.81088184e-04
2.10500000e-01	1.80616104e-02	2.81698495e-04
2.11000000e-01	1.82398606e-02	2.82992652e-04
2.11500000e-01	1.81739518e-02	2.82473128e-04
2.12000000e-01	1.80057961e-02	2.79969815e-04
2.12500000e-01	1.79588146e-02	2.79174081e-04
2.13000000e-01	1.82384894e-02	2.82342540e-04
2.13500000e-01	1.80177479e-02	2.78902846e-04
2.14000000e-01	1.81275446e-02	2.80867511e-04
2.14500000e-01	1.80468604e-02	2.78393939e-04
2.15000000e-01	1.81459825e-02	2.80820637e-04
2.15500000e-01	1.81462967e-02	2.78239256e-04
2.16000000e-01	1.81608240e-02	2.79364658e-04
2.16500000e-01	1.81269977e-02	2.78999551e-04
2.17000000e-01	1.79920331e-02	2.80008698e-04
2.17500000e-01	1.79576518e-02	2.83662550e-04
2.18000000e-01	1.80512207e-02	2.87041489e-04
2.18500000e-01	1.77173186e-02	2.83390124e-04
2.19000000e-01	1.80231715e-02	2.88469448e-04
2.19500000e-01	1.80129549e-02	2.88676007e-04
2.20000000e-01	1.79378541e-02	2.90334003e-04
2.20500000e-01	1.78934536e-02	2.89400867e-04
2.21000000e-01	1.79537540e-02	2.91256833e-04
2.21500000e-01	1.79721968e-02	2.93571679e-04
2.22000000e-01	1.80327062e-02	2.93251933e-04
2.22500000e-01	1.79048507e-02	2.92363122e-04
2.23000000e-01	1.78143218e-02	2.92292402e-04
2.23500000e-01	1.78346752e-02	2.93086420e-04
2.24000000e-01	1.79265814e-02	2.95998334e-04
2.24500000e-01	1.77291928e-02	2.93165781e-04
2.25000000e-01	1.82216042e-02	3.00997678e-04
2.25500000e-01	1.78635256e-02	2.95037934e-04
2.26000000e-01	1.78398543e-02	2.96789331e-04
2.26500000e-01	1.77910604e-02	2.90709411e-04
2.27000000e-01	1.77759402e-02	2.88164687e-04
2.27500000e-01	1.79328791e-02	2.87041412e-04
2.28000000e-01	1.78869136e-02	2.85930962e-04
2.28500000e-01	1.79260588e-02	2.85507782e-04
2.29000000e-01	1.81462301e-02	2.87610802e-04
2.29500000e-01	1.79379527e-02	2.83025442e-04
2.30000000e-01	1.79688047e-02	2.82078017e-04
2.30500000e-01	1.80349001e-02	2.82005078e-04
2.31000000e-01	1.77768009e-02	2.78437796e-04
2.31500000e-01	1.81492274e-02	2.83056477e-04
2.32000000e-01	1.78200559e-02	2.78257110e-04
2.32500000e-01	1.76651508e-02	2.75096594e-04
2.33000000e-01	1.79586544e-02	2.78214217e-04
2.33500000e-01	1.79992980e-02	2.77709395e-04
2.34000000e-01	1.79779398e-02	2.77118792e-04
2.34500000e-01	1.80216005e-02	2.76293454e-04
2.35000000e-01	1.79498102e-02	2.76035686e-04
2.35500000e-01	1.77954947e-02	2.72868530e-04
2.36000000e-01	1.77041082e-02	2.72026761e-04
2.36500000e-01	1.77497915e-02	2.71679796e-04
2.37000000e-01	1.77491959e-02	2.70640952e-04
2.37500000e-01	1.78755509e-02	2.72048759e-04
2.38000000e-01	1.75269684e-02	2.66718182e-04
2.38500000e-01	1.74316607e-02	2.66390764e-04
2.39000000e-01	1.76565523e-02	2.67312948e-04
2.39500000e-01	1.79211044e-02	2.71345899e-04
2.40000000e-01	1.78171697e-02	2.69168644e-04
2.40500000e-01	1.79252232e-02	2.69624012e-04
2.41000000e-01	1.78609344e-02	2.69037014e-04
2.41500000e-01	1.78473422e-02	2.68440470e-04
2.42000000e-01	1.74160393e-02	2.62438523e-04
2.42500000e-01	1.77461780e-02	2.66169736e-04
2.43000000e-01	1.74706675e-02	2.61819486e-04
2.43500000e-01	1.76040968e-02	2.63059904e-04
2.44000000e-01	1.76984961e-02	2.62880187e-04
2.44500000e-01	1.78393252e-02	2.64994280e-04
2.45000000e-01	1.75015447e-02	2.61239922e-04
2.45500000e-01	1.76531539e-02	2.62474216e-04
2.46000000e-01	1.75783743e-02	2.61064007e-04
2.46500000e-01	1.73867885e-02	2.58406362e-04
2.47000000e-01	1.76217132e-02	2.61627179e-04
2.47500000e-01	1.77293694e-02	2.61451320e-04
2.48000000e-01	1.75839175e-02	2.59644355e-04
2.48500000e-01	1.74224480e-02	2.58046004e-04
2.49000000e-01	1.74983416e-02	2.58018968e-04
2.49500000e-01	1.73990459e-02	2.56407715e-04
2.50000000e-01	1.73513732e-02	2.55375079e-04
2.50500000e-01	1.74440371e-02	2.57398751e-04
2.51000000e-01	1.73668792e-02	2.55160175e-04
2.51500000e-01	1.72577104e-02	2.53577941e-04
2.52000000e-01	1.75814162e-02	2.57522790e-04
2.52500000e-01	1.73683781e-02	2.54285354e-04
2.53000000e-01	1.74580890e-02	2.55813333e-04
2.53500000e-01	1.74943183e-02	2.55019565e-04
2.54000000e-01	1.76457393e-02	2.57098554e-04
2.54500000e-01	1.74788549e-02	2.54755664e-04
2.55000000e-01	1.74389685e-02	2.54378897e-04
2.55500000e-01	1.74385523e-02	2.54217951e-04
2.56000000e-01	1.73686779e-02	2.52281704e-04
2.56500000e-01	1.73783101e-02	2.53144591e-04
2.57000000e-01	1.73798904e-02	2.51443179e-04
2.57500000e-01	1.76018603e-02	2.54540586e-04
2.58000000e-01	1.73511562e-02	2.51163765e-04
2.58500000e-01	1.73853275e-02	2.51516514e-04
2.59000000e-01	1.72780213e-02	2.50136856e-04
2.59500000e-01	1.75373594e-02	2.52384246e-04
2.60000000e-01	1.73362509e-02	2.49794408e-04
2.60500000e-01	1.72722780e-02	2.49219185e-04
2.61000000e-01	1.73807569e-02	2.50283320e-04
2.61500000e-01	1.74873027e-02	2.50463115e-04
2.62000000e-01	1.72506562e-02	2.47614977e-04
2.62500000e-01	1.73566789e-02	2.49926806e-04
2.63000000e-01	1.73756745e-02	2.49231432e-04
2.63500000e-01	1.73441154e-02	2.47738603e-04
2.64000000e-01	1.73929110e-02	2.48699747e-04
2.64500000e-01	1.74190245e-02	2.48797203e-04
2.65000000e-01	1.70131764e-02	2.43147226e-04
2.65500000e-01	1.72191369e-02	2.45946040e-04
2.66000000e-01	1.72331256e-02	2.44977192e-04
2.66500000e-01	1.71548913e-02	2.43522963e-04
2.67000000e-01	1.70976715e-02	2.42649969e-04
2.67500000e-01	1.73464340e-02	2.45428253e-04
2.68000000e-01	1.72394118e-02	2.44329647e-04
2.68500000e-01	1.72154999e-02	2.43609508e-04
2.69000000e-01	1.71986071e-02	2.42762191e-04
2.69500000e-01	1.74091964e-02	2.44970155e-04
2.70000000e-01	1.72242213e-02	2.43351924e-04
2.70500000e-01	1.71699242e-02	2.41250216e-04
2.71000000e-01	1.70280915e-02	2.40333601e-04
2.71500000e-01	1.73058239e-02	2.43622394e-04
2.72000000e-01	1.69959335e-02	2.38738951e-04
2.72500000e-01	1.69734474e-02	2.38468391e-04
2.73000000e-01	1.71248842e-02	2.39651545e-04
2.73500000e-01	1.71062682e-02	2.38564284e-04
2.74000000e-01	1.72148716e-02	2.40448026e-04
2.74500000e-01	1.69331060e-02	2.37034517e-04
2.75000000e-01	1.70590070e-02	2.38237152e-04
2.75500000e-01	1.72407158e-02	2.41119776e-04
2.76000000e-01	1.68710838e-02	2.34471438e-04
2.76500000e-01	1.72475305e-02	2.40527353e-04
2.77000000e-01	1.72716903e-02	2.40188978e-04
2.77500000e-01	1.70007905e-02	2.37063798e-04
2.78000000e-01	1.70408915e-02	2.36760176e-04
2.78500000e-01	1.71717835e-02	2.39296984e-04
2.79000000e-01	1.70695616e-02	2.36249821e-04
2.79500000e-01	1.70525943e-02	2.36070011e-04
2.80000000e-01	1.70782380e-02	2.36692667e-04
2.80500000e-01	1.71485631e-02	2.37026395e-04
2.81000000e-01	1.68990281e-02	2.34404430e-04
2.81500000e-01	1.70757179e-02	2.36677058e-04
2.82000000e-01	1.71967060e-02	2.37788742e-04
2.82500000e-01	1.70600292e-02	2.36403627e-04
2.83000000e-01	1.69948735e-02	2.33705889e-04
2.83500000e-01	1.69082083e-02	2.33050041e-04
2.84000000e-01	1.69507122e-02	2.33651105e-04
2.84500000e-01	1.70750462e-02	2.34599540e-04
2.85000000e-01	1.71518959e-02	2.35466548e-04
2.85500000e-01	1.69145543e-02	2.31777440e-04
2.86000000e-01	1.70778677e-02	2.34301381e-04
2.86500000e-01	1.68483167e-02	2.30298531e-04
2.87000000e-01	1.69022828e-02	2.32348013e-04
2.87500000e-01	1.68575695e-02	2.29377987e-04
2.88000000e-01	1.68832018e-02	2.29436541e-04
2.88500000e-01	1.70368207e-02	2.31959776e-04
2.89000000e-01	1.68855591e-02	2.30308088e-04
2.89500000e-01	1.70174251e-02	2.31350615e-04
2.90000000e-01	1.69358466e-02	2.30083143e-04
2.90500000e-01	1.68369261e-02	2.29401353e-04
2.91000000e-01	1.67986119e-02	2.28114586e-04
2.91500000e-01	1.65381561e-02	2.24610181e-04
2.92000000e-01	1.68925071e-02	2.28487607e-04
2.92500000e-01	1.70340972e-02	2.29598442e-04
2.93000000e-01	1.69603983e-02	2.29763974e-04
2.93500000e-01	1.68094227e-02	2.26622942e-04
2.94000000e-01	1.67538569e-02	2.25493434e-04
2.94500000e-01	1.69215572e-02	2.28843577e-04
2.95000000e-01	1.69251007e-02	2.27551867e-04
2.95500000e-01	1.68315755e-02	2.26664964e-04
2.96000000e-01	1.67722073e-02	2.25097827e-04
2.96500000e-01	1.68151975e-02	2.26304966e-04
2.97000000e-01	1.66841872e-02	2.24308139e-04
2.97500000e-01	1.68985463e-02	2.26640008e-04
2.98000000e-01	1.66888015e-02	2.22978580e-04
2.98500000e-01	1.68485852e-02	2.26318705e-04
2.99000000e-01	1.66663850e-02	2.23086494e-04
2.99500000e-01	1.68963692e-02	2.26023360e-04
3.00000000e-01	1.68577499e-02	2.25571114e-04
3.00500000e-01	1.69087227e-02	2.26884650e-04
3.01000000e-01	1.67084660e-02	2.22004133e-04
3.01500000e-01	1.69064528e-02	2.25546597e-04
3.02000000e-01	1.66371014e-02	2.21741667e-04
3.02500000e-01	1.67844750e-02	2.22450286e-04
3.03000000e-01	1.65923119e-02	2.21085863e-04
3.03500000e-01	1.67409762e-02	2.22425571e-04
3.04000000e-01	1.67417942e-02	2.22445373e-04
3.04500000e-01	1.66190875e-02	2.19938163e-04
3.05000000e-01	1.67476095e-02	2.21442665e-04
3.05500000e-01	1.68125047e-02	2.23669404e-04
3.06000000e-01	1.65326735e-02	2.18289467e-04
3.06500000e-01	1.67877050e-02	2.22236797e-04
3.07000000e-01	1.68525033e-02	2.22265757e-04
3.07500000e-01	1.66646669e-02	2.19721143e-04
3.08000000e-01	1.67250508e-02	2.21019174e-04
3.08500000e-01	1.63765084e-02	2.16247591e-04
3.09000000e-01	1.69765216e-02	2.23430433e-04
3.09500000e-01	1.65345069e-02	2.17247024e-04
3.10000000e-01	1.67368085e-02	2.19981778e-04
3.10500000e-01	1.64881673e-02	2.16608009e-04
3.11000000e-01	1.65884779e-02	2.18428837e-04
3.11500000e-01	1.67229975e-02	2.19128040e-04
3.12000000e-01	1.66130781e-02	2.18470675e-04
3.12500000e-01	1.66970882e-02	2.18653847e-04
3.13000000e-01	1.67950306e-02	2.19844449e-04
3.13500000e-01	1.64237382e-02	2.14725715e-04
3.14000000e-01	1.64804829e-02	2.15459382e-04
3.14500000e-01	1.65707919e-02	2.16729679e-04
3.15000000e-01	1.64604733e-02	2.15015281e-04
3.15500000e-01	1.66150284e-02	2.16162961e-04
3.16000000e-01	1.63371919e-02	2.13093643e-04
3.16500000e-01	1.64142572e-02	2.13157891e-04
3.17000000e-01	1.65504578e-02	2.15058285e-04
3.17500000e-01	1.66126243e-02	2.16761632e-04
3.18000000e-01	1.64229709e-02	2.14669007e-04
3.18500000e-01	1.64635769e-02	2.13557804e-04
3.19000000e-01	1.65038481e-02	2.13677416e-04
3.19500000e-01	1.64155654e-02	2.12869122e-04
3.20000000e-01	1.65054852e-02	2.13411381e-04
3.20500000e-01	1.63939800e-02	2.12757377e-04
3.21000000e-01	1.62672450e-02	2.10763324e-04
3.21500000e-01	1.65018354e-02	2.13014807e-04
3.22000000e-01	1.64521503e-02	2.12305036e-04
3.22500000e-01	1.64405993e-02	2.12131453e-04
3.23000000e-01	1.62924645e-02	2.10190234e-04
3.23500000e-01	1.63803802e-02	2.11622534e-04
3.24000000e-01	1.62676042e-02	2.09761404e-04
3.24500000e-01	1.63781224e-02	2.11785590e-04
3.25000000e-01	1.64145930e-02	2.10524670e-04
3.25500000e-01	1.62876924e-02	2.09629715e-04
3.26000000e-01	1.64394354e-02	2.11398790e-04
3.26500000e-01	1.63172643e-02	2.08536533e-04
3.27000000e-01	1.62564829e-02	2.09087007e-04
3.27500000e-01	1.62477689e-02	2.08687478e-04
3.28000000e-01	1.61558305e-02	2.07298514e-04
3.28500000e-01	1.62905305e-02	2.08353122e-04
3.29000000e-01	1.61148928e-02	2.05395432e-04
3.29500000e-01	1.63577550e-02	2.09507841e-04
3.30000000e-01	1.63462045e-02	2.08077746e-04
3.30500000e-01	1.62004345e-02	2.07416376e-04
3.31000000e-01	1.62227389e-02	2.06735887e-04
3.31500000e-01	1.63490376e-02	2.07670396e-04
3.32000000e-01	1.62220442e-02	2.06862116e-04
3.32500000e-01	1.60914606e-02	2.04543461e-04
3.33000000e-01	1.61990203e-02	2.05713941e-04
3.33500000e-01	1.61876389e-02	2.05838808e-04
3.34000000e-01	1.63074720e-02	2.07421562e-04
3.34500000e-01	1.62076705e-02	2.05945533e-04
3.35000000e-01	1.62220746e-02	2.05107296e-04
3.35500000e-01	1.61409410e-02	2.04684258e-04
3.36000000e-01	1.62523690e-02	2.05777386e-04
3.36500000e-01	1.60422589e-02	2.03442887e-04
3.37000000e-01	1.60808779e-02	2.03441372e-04
3.37500000e-01	1.62334251e-02	2.04801667e-04
3.38000000e-01	1.61590612e-02	2.04450020e-04
3.38500000e-01	1.63097742e-02	2.04977398e-04
3.39000000e-01	1.62036818e-02	2.04325829e-04
3.39500000e-01	1.60348633e-02	2.02216693e-04
3.40000000e-01	1.60994017e-02	2.03312676e-04
3.40500000e-01	1.58952339e-02	2.00152253e-04
3.41000000e-01	1.59868518e-02	2.00626050e-04
3.41500000e-01	1.59616805e-02	2.01158985e-04
3.42000000e-01	1.59698427e-02	2.00044437e-04
3.42500000e-01	1.59637598e-02	2.00240535e-04
3.43000000e-01	1.58462258e-02	1.98658268e-04
3.43500000e-01	1.60444080e-02	2.00760086e-04
3.44000000e-01	1.59459839e-02	1.99897965e-04
3.44500000e-01	1.60279503e-02	2.00627710e-04
3.45000000e-01	1.58728128e-02	1.98748246e-04
3.45500000e-01	1.58871791e-02	1.98173896e-04
3.46000000e-01	1.58544176e-02	1.98217510e-04
3.46500000e-01	1.57901298e-02	1.97306846e-04
3.47000000e-01	1.59478353e-02	1.98679468e-04
3.47500000e-01	1.58766217e-02	1.98095576e-04
3.48000000e-01	1.60596145e-02	1.98834671e-04
3.48500000e-01	1.57316435e-02	1.95794216e-04
3.49000000e-01	1.59818724e-02	1.98187283e-04
3.49500000e-01	1.59503424e-02	1.97776361e-04
3.50000000e-01	1.57980558e-02	1.60481807e-04
3.51000000e-01	1.59191388e-02	1.39675299e-04
3.52000000e-01	1.58249853e-02	1.38510455e-04
3.53000000e-01	1.58316171e-02	1.38461675e-04
3.54000000e-01	1.57792827e-02	1.37548769e-04
3.55000000e-01	1.57456032e-02	1.37262311e-04
3.56000000e-01	1.57967207e-02	1.38449501e-04
3.57000000e-01	1.57171361e-02	1.40174041e-04
3.58000000e-01	1.58021865e-02	1.41917427e-04
3.59000000e-01	1.56321076e-02	1.41740388e-04
3.60000000e-01	1.56283190e-02	1.42465216e-04
3.61000000e-01	1.56734594e-02	1.43477584e-04
3.62000000e-01	1.57531458e-02	1.44452396e-04
3.63000000e-01	1.56607154e-02	1.44721324e-04
3.64000000e-01	1.56184435e-02	1.44673509e-04
3.65000000e-01	1.57913253e-02	1.46643132e-04
3.66000000e-01	1.56061270e-02	1.43228125e-04
3.67000000e-01	1.55314146e-02	1.40667346e-04
3.68000000e-01	1.56092491e-02	1.40654294e-04
3.69000000e-01	1.57216980e-02	1.40458007e-04
3.70000000e-01	1.56934323e-02	1.39589659e-04
3.71000000e-01	1.54867892e-02	1.39629333e-04
3.72000000e-01	1.56300405e-02	1.41686358e-04
3.73000000e-01	1.55294661e-02	1.41081131e-04
3.74000000e-01	1.56266819e-02	1.42184454e-04
3.75000000e-01	1.56292489e-02	1.42211528e-04
3.76000000e-01	1.55713272e-02	1.42159399e-04
3.77000000e-01	1.55734404e-02	1.41933895e-04
3.78000000e-01	1.53932174e-02	1.40593083e-04
3.79000000e-01	1.54982754e-02	1.41297858e-04
3.80000000e-01	1.54257868e-02	1.40000772e-04
3.81000000e-01	1.54184555e-02	1.39821744e-04
3.82000000e-01	1.54928436e-02	1.40614364e-04
3.83000000e-01	1.54155053e-02	1.40055360e-04
3.84000000e-01	1.54075366e-02	1.40483908e-04
3.85000000e-01	1.53180458e-02	1.39631455e-04
3.86000000e-01	1.53138398e-02	1.39270645e-04
3.87000000e-01	1.53645041e-02	1.39902022e-04
3.88000000e-01	1.53150313e-02	1.39330987e-04
3.89000000e-01	1.52883651e-02	1.38921133e-04
3.90000000e-01	1.52648727e-02	1.38425679e-04
3.91000000e-01	1.52728606e-02	1.38439793e-04
3.92000000e-01	1.51926600e-02	1.37904168e-04
3.93000000e-01	1.52414048e-02	1.38115857e-04
3.94000000e-01	1.52955006e-02	1.38624296e-04
3.95000000e-01	1.51655787e-02	1.37381200e-04
3.96000000e-01	1.52671722e-02	1.38471483e-04
3.97000000e-01	1.53115707e-02	1.38780081e-04
3.98000000e-01	1.51665592e-02	1.37390959e-04
3.99000000e-01	1.52908590e-02	1.38765317e-04
4.00000000e-01	1.52311955e-02	1.38412125e-04
4.01000000e-01	1.51909173e-02	1.37860071e-04
4.02000000e-01	1.51564994e-02	1.37195788e-04
4.03000000e-01	1.50363676e-02	1.36627913e-04
4.04000000e-01	1.50557373e-02	1.36359136e-04
4.05000000e-01	1.52194061e-02	1.37759818e-04
4.06000000e-01	1.52483271e-02	1.37902368e-04
4.07000000e-01	1.51118807e-02	1.36861063e-04
4.08000000e-01	1.50813355e-02	1.36477401e-04
4.09000000e-01	1.50333303e-02	1.36231392e-04
4.10000000e-01	1.51161841e-02	1.36758697e-04
4.11000000e-01	1.50755182e-02	1.36332785e-04
4.12000000e-01	1.49706246e-02	1.35628564e-04
4.13000000e-01	1.50369729e-02	1.36077306e-04
4.14000000e-01	1.49478551e-02	1.34859218e-04
4.15000000e-01	1.50177897e-02	1.35412873e-04
4.16000000e-01	1.49069197e-02	1.34557107e-04
4.17000000e-01	1.48956143e-02	1.34468542e-04
4.18000000e-01	1.50812578e-02	1.37360512e-04
4.19000000e-01	1.48845396e-02	1.37597490e-04
4.20000000e-01	1.50207824e-02	1.39546839e-04
4.21000000e-01	1.50834749e-02	1.40352750e-04
4.22000000e-01	1.49999088e-02	1.40120908e-04
4.23000000e-01	1.49303052e-02	1.40257663e-04
4.24000000e-01	1.50851236e-02	1.41567158e-04
4.25000000e-01	1.50350163e-02	1.41805852e-04
4.26000000e-01	1.50039814e-02	1.41344128e-04
4.27000000e-01	1.50615990e-02	1.41808397e-04
4.28000000e-01	1.51317013e-02	1.42727639e-04
4.29000000e-01	1.49956764e-02	1.42261617e-04
4.30000000e-01	1.50961553e-02	1.42358327e-04
4.31000000e-01	1.49247278e-02	1.40735858e-04
4.32000000e-01	1.48541426e-02	1.40609578e-04
4.33000000e-01	1.48818040e-02	1.41183855e-04
4.34000000e-01	1.46865066e-02	1.39413587e-04
4.35000000e-01	1.48789155e-02	1.40999062e-04
4.36000000e-01	1.48549748e-02	1.40857456e-04
4.37000000e-01	1.49122436e-02	1.41866117e-04
4.38000000e-01	1.47746945e-02	1.40542372e-04
4.39000000e-01	1.48075066e-02	1.41370836e-04
4.40000000e-01	1.48087955e-02	1.41258724e-04
4.41000000e-01	1.48299290e-02	1.41659384e-04
4.42000000e-01	1.48540841e-02	1.42496260e-04
4.43000000e-01	1.47602005e-02	1.41638112e-04
4.44000000e-01	1.48203625e-02	1.42175187e-04
4.45000000e-01	1.48470539e-02	1.42665262e-04
4.46000000e-01	1.47886970e-02	1.41973407e-04
4.47000000e-01	1.47061609e-02	1.41642330e-04
4.48000000e-01	1.47087532e-02	1.41669548e-04
4.49000000e-01	1.46618622e-02	1.41664486e-04
4.50000000e-01	1.46448806e-02	1.41482176e-04
4.51000000e-01	1.47024087e-02	1.41779737e-04
4.52000000e-01	1.48919814e-02	1.43927938e-04
4.53000000e-01	1.48049029e-02	1.43414780e-04
4.54000000e-01	1.46221999e-02	1.41528844e-04
4.55000000e-01	1.45849985e-02	1.41313851e-04
4.56000000e-01	1.46880351e-02	1.42531458e-04
4.57000000e-01	1.45854519e-02	1.42063125e-04
4.58000000e-01	1.46546580e-02	1.42761156e-04
4.59000000e-01	1.44874625e-02	1.41031238e-04
4.60000000e-01	1.45626710e-02	1.42160269e-04
4.61000000e-01	1.47123670e-02	1.43441868e-04
4.62000000e-01	1.46340815e-02	1.42865188e-04
4.63000000e-01	1.45966272e-02	1.42545726e-04
4.64000000e-01	1.45048683e-02	1.41740565e-04
4.65000000e-01	1.45681134e-02	1.42593399e-04
4.66000000e-01	1.45620566e-02	1.42547800e-04
4.67000000e-01	1.45822944e-02	1.42289079e-04
4.68000000e-01	1.46023382e-02	1.43129823e-04
4.69000000e-01	1.44614617e-02	1.42132616e-04
4.70000000e-01	1.45438876e-02	1.42586461e-04
4.71000000e-01	1.45339733e-02	1.42819124e-04
4.72000000e-01	1.44509841e-02	1.41949688e-04
4.73000000e-01	1.45738857e-02	1.43056505e-04
4.74000000e-01	1.45188203e-02	1.42198941e-04
4.75000000e-01	1.44159104e-02	1.41544417e-04
4.76000000e-01	1.44823585e-02	1.41928480e-04
4.77000000e-01	1.44632353e-02	1.42165720e-04
4.78000000e-01	1.44375935e-02	1.41828794e-04
4.79000000e-01	1.44626819e-02	1.41819178e-04
4.80000000e-01	1.44613988e-02	1.42128442e-04
4.81000000e-01	1.44344108e-02	1.42369109e-04
4.82000000e-01	1.43264494e-02	1.40544208e-04
4.83000000e-01	1.43859365e-02	1.41483264e-04
4.84000000e-01	1.43880519e-02	1.42060876e-04
4.85000000e-01	1.43724815e-02	1.41992861e-04
4.86000000e-01	1.43537304e-02	1.41940661e-04
4.87000000e-01	1.43757066e-02	1.42149546e-04
4.88000000e-01	1.43945935e-02	1.41852568e-04
4.89000000e-01	1.45254328e-02	1.43605445e-04
4.90000000e-01	1.43390653e-02	1.41904282e-04
4.91000000e-01	1.43841196e-02	1.42328757e-04
4.92000000e-01	1.43904360e-02	1.42347495e-04
4.93000000e-01	1.42651273e-02	1.41222727e-04
4.94000000e-01	1.43179163e-02	1.42252190e-04
4.95000000e-01	1.42388859e-02	1.42048113e-04
4.96000000e-01	1.42514543e-02	1.46197752e-04
4.97000000e-01	1.42758984e-02	1.49223287e-04
4.98000000e-01	1.43307117e-02	1.51745065e-04
4.99000000e-01	1.42838538e-02	1.53082542e-04
5.00000000e-01	1.42466329e-02	1.54717397e-04
5.01000000e-01	1.41751413e-02	1.55107268e-04
5.02000000e-01	1.44788221e-02	1.60462238e-04
5.03000000e-01	1.44190393e-02	1.61053902e-04
5.04000000e-01	1.42237595e-02	1.60249763e-04
5.05000000e-01	1.43686214e-02	1.59330738e-04
5.06000000e-01	1.42810127e-02	1.54527572e-04
5.07000000e-01	1.44394991e-02	1.55143485e-04
5.08000000e-01	1.43031194e-02	1.52533591e-04
5.09000000e-01	1.42477851e-02	1.51012088e-04
5.10000000e-01	1.40814412e-02	1.48880524e-04
5.11000000e-01	1.41636607e-02	1.49778671e-04
5.12000000e-01	1.42787054e-02	1.50078961e-04
5.13000000e-01	1.41874573e-02	1.49431412e-04
5.14000000e-01	1.41143044e-02	1.48362166e-04
5.15000000e-01	1.41514620e-02	1.47835406e-04
5.16000000e-01	1.41072010e-02	1.47602279e-04
5.17000000e-01	1.42886460e-02	1.48722771e-04
5.18000000e-01	1.40864106e-02	1.46914954e-04
5.19000000e-01	1.41260579e-02	1.46739479e-04
5.20000000e-01	1.40097776e-02	1.45215317e-04
5.21000000e-01	1.40322750e-02	1.45068985e-04
5.22000000e-01	1.41852141e-02	1.46563598e-04
5.23000000e-01	1.41112564e-02	1.45568589e-04
5.24000000e-01	1.40619157e-02	1.46056131e-04
5.25000000e-01	1.41347244e-02	1.45483853e-04
5.26000000e-01	1.39510198e-02	1.43945256e-04
5.27000000e-01	1.40406607e-02	1.44594005e-04
5.28000000e-01	1.41804737e-02	1.46428678e-04
5.29000000e-01	1.39955146e-02	1.44847452e-04
5.30000000e-01	1.41331815e-02	1.46261447e-04
5.31000000e-01	1.41107651e-02	1.46230006e-04
5.32000000e-01	1.40322462e-02	1.44918438e-04
5.33000000e-01	1.39687114e-02	1.44332441e-04
5.34000000e-01	1.38994544e-02	1.43987437e-04
5.35000000e-01	1.39922262e-02	1.44479393e-04
5.36000000e-01	1.40351461e-02	1.44933065e-04
5.37000000e-01	1.39669520e-02	1.44523779e-04
5.38000000e-01	1.38507175e-02	1.43450812e-04
5.39000000e-01	1.37880734e-02	1.42810015e-04
5.40000000e-01	1.39067013e-02	1.43532261e-04
5.41000000e-01	1.38611709e-02	1.43378233e-04
5.42000000e-01	1.38970767e-02	1.43543467e-04
5.43000000e-01	1.39089923e-02	1.43385852e-04
5.44000000e-01	1.39555916e-02	1.43823265e-04
5.45000000e-01	1.37758209e-02	1.42239797e-04
5.46000000e-01	1.38949298e-02	1.43612678e-04
5.47000000e-01	1.39515451e-02	1.44169918e-04
5.48000000e-01	1.37842662e-02	1.42452073e-04
5.49000000e-01	1.38676229e-02	1.42911939e-04
5.50000000e-01	1.37406799e-02	1.41917442e-04
5.51000000e-01	1.39153866e-02	1.43408795e-04
5.52000000e-01	1.37174969e-02	1.41497948e-04
5.53000000e-01	1.38180387e-02	1.41908470e-04
5.54000000e-01	1.36742386e-02	1.40535670e-04
5.55000000e-01	1.36505289e-02	1.40437044e-04
5.56000000e-01	1.36911708e-02	1.41048429e-04
5.57000000e-01	1.36837603e-02	1.40962093e-04
5.58000000e-01	1.37668874e-02	1.41103974e-04
5.59000000e-01	1.37668981e-02	1.41813708e-04
5.60000000e-01	1.36923402e-02	1.40724982e-04
5.61000000e-01	1.38136858e-02	1.41862325e-04
5.62000000e-01	1.37396703e-02	1.41209943e-04
5.63000000e-01	1.36926049e-02	1.40739266e-04
5.64000000e-01	1.36515269e-02	1.40358209e-04
5.65000000e-01	1.37807933e-02	1.41639432e-04
5.66000000e-01	1.36931733e-02	1.40527253e-04
5.67000000e-01	1.35649780e-02	1.39924436e-04
5.68000000e-01	1.36197522e-02	1.40065337e-04
5.69000000e-01	1.36470852e-02	1.39986978e-04
5.70000000e-01	1.35279461e-02	1.38935445e-04
5.71000000e-01	1.37336258e-02	1.40968830e-04
5.72000000e-01	1.36294294e-02	1.40659466e-04
5.73000000e-01	1.37166297e-02	1.40946465e-04
5.74000000e-01	1.36610621e-02	1.40561613e-04
5.75000000e-01	1.35168019e-02	1.39115400e-04
5.76000000e-01	1.33406381e-02	1.37805700e-04
5.77000000e-01	1.33848885e-02	1.37987171e-04
5.78000000e-01	1.33488215e-02	1.37786761e-04
5.79000000e-01	1.35251136e-02	1.39193072e-04
5.80000000e-01	1.33955209e-02	1.38080498e-04
5.81000000e-01	1.34828519e-02	1.38862910e-04
5.82000000e-01	1.35664917e-02	1.39904937e-04
5.83000000e-01	1.34027735e-02	1.38266455e-04
5.84000000e-01	1.32718743e-02	1.37470066e-04
5.85000000e-01	1.33947188e-02	1.38081432e-04
5.86000000e-01	1.34386727e-02	1.39166177e-04
5.87000000e-01	1.34739418e-02	1.38943287e-04
5.88000000e-01	1.33949061e-02	1.38452506e-04
5.89000000e-01	1.33624813e-02	1.38000377e-04
5.90000000e-01	1.33556704e-02	1.38098588e-04
5.91000000e-01	1.33766096e-02	1.37867228e-04
5.92000000e-01	1.33994772e-02	1.38634933e-04
5.93000000e-01	1.33390735e-02	1.38082261e-04
5.94000000e-01	1.34491511e-02	1.38903997e-04
5.95000000e-01	1.32244123e-02	1.37193903e-04
5.96000000e-01	1.32653033e-02	1.37633728e-04
5.97000000e-01	1.33915979e-02	1.38291877e-04
5.98000000e-01	1.32185241e-02	1.37414887e-04
5.99000000e-01	1.32863481e-02	1.37450304e-04
6.00000000e-01	1.31188500e-02	1.35885964e-04
6.01000000e-01	1.31226727e-02	1.36523500e-04
6.02000000e-01	1.32374822e-02	1.37271983e-04
6.03000000e-01	1.32343936e-02	1.36940576e-04
6.04000000e-01	1.32560384e-02	1.37001950e-04
6.05000000e-01	1.32165652e-02	1.36945698e-04
6.06000000e-01	1.31812401e-02	1.36922777e-04
6.07000000e-01	1.31003464e-02	1.35886354e-04
6.08000000e-01	1.32115425e-02	1.37068301e-04
6.09000000e-01	1.33069578e-02	1.37894846e-04
6.10000000e-01	1.32292936e-02	1.37284634e-04
6.11000000e-01	1.31903073e-02	1.36483226e-04
6.12000000e-01	1.31191068e-02	1.36177145e-04
6.13000000e-01	1.31056090e-02	1.36429299e-04
6.14000000e-01	1.31733224e-02	1.37460109e-04
6.15000000e-01	1.31932442e-02	1.37058068e-04
6.16000000e-01	1.32124161e-02	1.36970380e-04
6.17000000e-01	1.30994947e-02	1.36268055e-04
6.18000000e-01	1.32563969e-02	1.37607081e-04
6.19000000e-01	1.31565186e-02	1.35976523e-04
6.20000000e-01	1.30977455e-02	1.35850766e-04
6.21000000e-01	1.29711932e-02	1.34157660e-04
6.22000000e-01	1.31038240e-02	1.35661586e-04
6.23000000e-01	1.31019607e-02	1.35459044e-04
6.24000000e-01	1.30723340e-02	1.34925288e-04
6.25000000e-01	1.30972201e-02	1.34742197e-04
6.26000000e-01	1.31448058e-02	1.35489251e-04
6.27000000e-01	1.31838303e-02	1.36229852e-04
6.28000000e-01	1.30645639e-02	1.34673089e-04
6.29000000e-01	1.30388034e-02	1.34673472e-04
6.30000000e-01	1.30064750e-02	1.34268803e-04
6.31000000e-01	1.29617127e-02	1.34172064e-04
6.32000000e-01	1.31439089e-02	1.35714428e-04
6.33000000e-01	1.30594655e-02	1.34601654e-04
6.34000000e-01	1.29464956e-02	1.37562482e-04
6.35000000e-01	1.31425415e-02	1.43097543e-04
6.36000000e-01	1.30417102e-02	1.44867580e-04
6.37000000e-01	1.28689753e-02	1.44853592e-04
6.38000000e-01	1.29674097e-02	1.48262465e-04
6.39000000e-01	1.29476304e-02	1.49556641e-04
6.40000000e-01	1.31031772e-02	1.52878642e-04
6.41000000e-01	1.30324338e-02	1.53997796e-04
6.42000000e-01	1.29825102e-02	1.55312489e-04
6.43000000e-01	1.30815537e-02	1.56284420e-04
6.44000000e-01	1.32283485e-02	1.51879500e-04
6.45000000e-01	1.31130635e-02	1.48397886e-04
6.46000000e-01	1.30032252e-02	1.46626066e-04
6.47000000e-01	1.30099752e-02	1.45586675e-04
6.48000000e-01	1.30670024e-02	1.44947743e-04
6.49000000e-01	1.31194473e-02	1.44354455e-04
6.50000000e-01	1.30213023e-02	1.42942767e-04
6.51000000e-01	1.29479741e-02	1.42189246e-04
6.52000000e-01	1.30043381e-02	1.41970413e-04
6.53000000e-01	1.30965069e-02	1.42414237e-04
6.54000000e-01	1.31446748e-02	1.42097719e-04
6.55000000e-01	1.29176961e-02	1.39435737e-04
6.56000000e-01	1.30531962e-02	1.40596288e-04
6.57000000e-01	1.29299909e-02	1.39437568e-04
6.58000000e-01	1.30585273e-02	1.40800317e-04
6.59000000e-01	1.30097913e-02	1.39599653e-04
6.60000000e-01	1.30083475e-02	1.39717404e-04
6.61000000e-01	1.30601628e-02	1.39969834e-04
6.62000000e-01	1.30259264e-02	1.39899467e-04
6.63000000e-01	1.28843486e-02	1.38895915e-04
6.64000000e-01	1.29914889e-02	1.38925178e-04
6.65000000e-01	1.28614021e-02	1.38368807e-04
6.66000000e-01	1.27631294e-02	1.37019697e-04
6.67000000e-01	1.29221591e-02	1.38601495e-04
6.68000000e-01	1.29293863e-02	1.39015427e-04
6.69000000e-01	1.26391886e-02	1.35909692e-04
6.70000000e-01	1.28268172e-02	1.37755014e-04
6.71000000e-01	1.29680686e-02	1.38324857e-04
6.72000000e-01	1.28805695e-02	1.37425612e-04
6.73000000e-01	1.27080956e-02	1.35689721e-04
6.74000000e-01	1.29108476e-02	1.38044408e-04
6.75000000e-01	1.27648740e-02	1.36836935e-04
6.76000000e-01	1.29124165e-02	1.37936077e-04
6.77000000e-01	1.27180741e-02	1.36083524e-04
6.78000000e-01	1.28691948e-02	1.37392464e-04
6.79000000e-01	1.27450020e-02	1.36415677e-04
6.80000000e-01	1.28576896e-02	1.36933269e-04
6.81000000e-01	1.27282462e-02	1.35737864e-04
6.82000000e-01	1.28723923e-02	1.37523285e-04
6.83000000e-01	1.28749371e-02	1.37096273e-04
6.84000000e-01	1.27450958e-02	1.36156231e-04
6.85000000e-01	1.27846403e-02	1.36590821e-04
6.86000000e-01	1.29160901e-02	1.37532555e-04
6.87000000e-01	1.28378165e-02	1.36464754e-04
6.88000000e-01	1.28685188e-02	1.37293010e-04
6.89000000e-01	1.26908516e-02	1.35310695e-04
6.90000000e-01	1.27060828e-02	1.35744786e-04
6.91000000e-01	1.26859992e-02	1.35124282e-04
6.92000000e-01	1.28032364e-02	1.36252956e-04
6.93000000e-01	1.27088883e-02	1.35384503e-04
6.94000000e-01	1.27537233e-02	1.35712052e-04
6.95000000e-01	1.27699670e-02	1.35883972e-04
6.96000000e-01	1.26060401e-02	1.33953219e-04
6.97000000e-01	1.27370536e-02	1.35573855e-04
6.98000000e-01	1.26841709e-02	1.35597426e-04
6.99000000e-01	1.26517610e-02	1.34464163e-04
7.00000000e-01	1.27920641e-02	1.36196111e-04
7.01000000e-01	1.26428558e-02	1.34258592e-04
7.02000000e-01	1.26517357e-02	1.34481402e-04
7.03000000e-01	1.25791410e-02	1.34158673e-04
7.04000000e-01	1.24670061e-02	1.33475836e-04
7.05000000e-01	1.25796879e-02	1.34336725e-04
7.06000000e-01	1.25410194e-02	1.33813454e-04
7.07000000e-01	1.25971064e-02	1.34138887e-04
7.08000000e-01	1.25006364e-02	1.32655098e-04
7.09000000e-01	1.25781185e-02	1.33500905e-04
7.10000000e-01	1.25891326e-02	1.33912524e-04
7.11000000e-01	1.24272710e-02	1.32776362e-04
7.12000000e-01	1.24675639e-02	1.32453570e-04
7.13000000e-01	1.24331448e-02	1.32272519e-04
7.14000000e-01	1.22395147e-02	1.30598608e-04
7.15000000e-01	1.23268749e-02	1.31665136e-04
7.16000000e-01	1.25392976e-02	1.33416556e-04
7.17000000e-01	1.26031072e-02	1.33995470e-04
7.18000000e-01	1.23779659e-02	1.31588776e-04
7.19000000e-01	1.23950426e-02	1.32127480e-04
7.20000000e-01	1.23838459e-02	1.32367364e-04
7.21000000e-01	1.23534354e-02	1.31625111e-04
7.22000000e-01	1.22646674e-02	1.31127059e-04
7.23000000e-01	1.22548961e-02	1.30813893e-04
7.24000000e-01	1.23885773e-02	1.32052533e-04
7.25000000e-01	1.22489722e-02	1.30712488e-04
7.26000000e-01	1.22978976e-02	1.31044697e-04
7.27000000e-01	1.22961244e-02	1.31146419e-04
7.28000000e-01	1.22657311e-02	1.31088795e-04
7.29000000e-01	1.22032605e-02	1.30282538e-04
7.30000000e-01	1.23651092e-02	1.31979611e-04
7.31000000e-01	1.22540797e-02	1.31288051e-04
7.32000000e-01	1.24320253e-02	1.32401282e-04
7.33000000e-01	1.22485978e-02	1.30805217e-04
7.34000000e-01	1.22099663e-02	1.30028026e-04
7.35000000e-01	1.22489877e-02	1.29940134e-04
7.36000000e-01	1.22886903e-02	1.30397260e-04
7.37000000e-01	1.22167967e-02	1.29287341e-04
7.38000000e-01	1.22148633e-02	1.29470334e-04
7.39000000e-01	1.20607862e-02	1.28491154e-04
7.40000000e-01	1.22548197e-02	1.29905896e-04
7.41000000e-01	1.21892925e-02	1.28346953e-04
7.42000000e-01	1.22083602e-02	1.28826969e-04
7.43000000e-01	1.21814464e-02	1.28410400e-04
7.44000000e-01	1.21179287e-02	1.28238262e-04
7.45000000e-01	1.20386650e-02	1.27613876e-04
7.46000000e-01	1.20391647e-02	1.27631602e-04
7.47000000e-01	1.20081843e-02	1.27204002e-04
7.48000000e-01	1.20164711e-02	1.27333362e-04
7.49000000e-01	1.20889985e-02	1.27962380e-04
7.50000000e-01	1.21671012e-02	1.28526013e-04
7.51000000e-01	1.21468100e-02	1.28136967e-04
7.52000000e-01	1.20388638e-02	1.27512787e-04
7.53000000e-01	1.19219816e-02	1.26178289e-04
7.54000000e-01	1.20810971e-02	1.27491210e-04
7.55000000e-01	1.21689690e-02	1.28457700e-04
7.56000000e-01	1.20785141e-02	1.27769484e-04
7.57000000e-01	1.20015447e-02	1.27391706e-04
7.58000000e-01	1.19533579e-02	1.26689952e-04
7.59000000e-01	1.19995418e-02	1.26793841e-04
7.60000000e-01	1.19548814e-02	1.26434449e-04
7.61000000e-01	1.20286492e-02	1.26707316e-04
7.62000000e-01	1.18919711e-02	1.25287926e-04
7.63000000e-01	1.19526734e-02	1.25332595e-04
7.64000000e-01	1.19730327e-02	1.25911555e-04
7.65000000e-01	1.19554066e-02	1.25611189e-04
7.66000000e-01	1.18775024e-02	1.24309377e-04
7.67000000e-01	1.18879210e-02	1.24618084e-04
7.68000000e-01	1.19319049e-02	1.25007085e-04
7.69000000e-01	1.19318984e-02	1.25185612e-04
7.70000000e-01	1.18601374e-02	1.24833949e-04
7.71000000e-01	1.18933874e-02	1.24816735e-04
7.72000000e-01	1.18104622e-02	1.27357065e-04
7.73000000e-01	1.18280229e-02	1.31637004e-04
7.74000000e-01	1.18419708e-02	1.35313302e-04
7.75000000e-01	1.18789434e-02	1.37823943e-04
7.76000000e-01	1.17970719e-02	1.38900542e-04
7.77000000e-01	1.17823731e-02	1.40750986e-04
7.78000000e-01	1.18243731e-02	1.43112597e-04
7.79000000e-01	1.17518847e-02	1.44439964e-04
7.80000000e-01	1.16998006e-02	1.44803339e-04
7.81000000e-01	1.17321229e-02	1.46811112e-04
7.82000000e-01	1.17226306e-02	1.48243566e-04
7.83000000e-01	1.17739616e-02	1.51124486e-04
7.84000000e-01	1.17283696e-02	1.51686832e-04
7.85000000e-01	1.17705038e-02	1.54018510e-04
7.86000000e-01	1.16104771e-02	1.53804388e-04
7.87000000e-01	1.17810204e-02	1.56880411e-04
7.88000000e-01	1.15899490e-02	1.56326202e-04
7.89000000e-01	1.16479522e-02	1.58256231e-04
7.90000000e-01	1.16119383e-02	1.59697389e-04
7.91000000e-01	1.16329779e-02	1.61346083e-04
7.92000000e-01	1.16720441e-02	1.64172408e-04
7.93000000e-01	1.17391267e-02	1.65604047e-04
7.94000000e-01	1.17408414e-02	1.68399547e-04
7.95000000e-01	1.15908841e-02	1.67992349e-04
7.96000000e-01	1.16827784e-02	1.70178918e-04
7.97000000e-01	1.15482915e-02	1.70953271e-04
7.98000000e-01	1.15070300e-02	1.71941972e-04
7.99000000e-01	1.15215535e-02	1.73783193e-04
8.00000000e-01	1.14555116e-02	1.74937549e-04
8.01000000e-01	1.13782491e-02	1.74658149e-04
8.02000000e-01	1.14614029e-02	1.78891175e-04
8.03000000e-01	1.15344083e-02	1.81649673e-04
8.04000000e-01	1.15000309e-02	1.82470554e-04
8.05000000e-01	1.16331552e-02	1.85876289e-04
8.06000000e-01	1.14500016e-02	1.86130673e-04
8.07000000e-01	1.13211581e-02	1.85066188e-04
8.08000000e-01	1.15592885e-02	1.90604534e-04
8.09000000e-01	1.13338450e-02	1.90258544e-04
8.10000000e-01	1.15141304e-02	1.96360488e-04
8.11000000e-01	1.11948746e-02	1.92304077e-04
8.12000000e-01	1.12742148e-02	1.96473593e-04
8.13000000e-01	1.13968957e-02	1.99959049e-04
8.14000000e-01	1.14965034e-02	2.02720388e-04
8.15000000e-01	1.14236962e-02	2.05344202e-04
8.16000000e-01	1.12405388e-02	2.05626375e-04
8.17000000e-01	1.12191057e-02	2.06746722e-04
8.18000000e-01	1.11589119e-02	2.08023488e-04
8.19000000e-01	1.13544429e-02	2.13928078e-04
8.20000000e-01	1.12857301e-02	2.14744448e-04
8.21000000e-01	1.11271483e-02	2.16254272e-04
8.22000000e-01	1.14200108e-02	2.23724474e-04
8.23000000e-01	1.12364810e-02	2.23276859e-04
8.24000000e-01	1.11864021e-02	2.26186964e-04
8.25000000e-01	1.11838885e-02	2.29051990e-04
8.26000000e-01	1.09169960e-02	2.28823456e-04
8.27000000e-01	1.13857174e-02	2.39701008e-04
8.28000000e-01	1.08973198e-02	2.33569952e-04
8.29000000e-01	1.13163294e-02	2.44597874e-04
8.30000000e-01	1.12182960e-02	2.47532561e-04
8.31000000e-01	1.09073462e-02	2.46040080e-04
8.32000000e-01	1.10489816e-02	2.52001371e-04
8.33000000e-01	1.07972718e-02	2.52806254e-04
8.34000000e-01	1.11725235e-02	2.63927090e-04
8.35000000e-01	1.09913430e-02	2.63527150e-04
8.36000000e-01	1.10457386e-02	2.70796653e-04
8.37000000e-01	1.10964352e-02	2.77262360e-04
8.38000000e-01	1.08413501e-02	2.76300699e-04
8.39000000e-01	1.10399922e-02	2.84313886e-04
8.40000000e-01	1.08779547e-02	2.89507302e-04
8.41000000e-01	1.10822158e-02	3.02463717e-04
8.42000000e-01	1.11962528e-02	3.10235790e-04
8.43000000e-01	1.05943675e-02	3.00415808e-04
8.44000000e-01	1.11094120e-02	3.21071891e-04
8.45000000e-01	1.09733122e-02	3.29630135e-04
8.46000000e-01	1.10458752e-02	3.40835660e-04
8.47000000e-01	1.11606678e-02	3.52283812e-04
8.48000000e-01	1.08339088e-02	3.53577051e-04
8.49000000e-01	1.07792901e-02	3.65319500e-04
8.50000000e-01	1.04854166e-02	3.68942108e-04
8.51000000e-01	1.05541519e-02	3.84957294e-04
8.52000000e-01	1.08785700e-02	4.07293592e-04
8.53000000e-01	1.05472431e-02	4.17840847e-04
8.54000000e-01	1.06159437e-02	4.34113835e-04
8.55000000e-01	1.05275141e-02	4.44328830e-04
8.56000000e-01	1.05881078e-02	4.67710117e-04
8.57000000e-01	1.07403407e-02	4.83966974e-04
8.58000000e-01	1.06213381e-02	4.95142637e-04
8.59000000e-01	1.08102656e-02	5.10469007e-04
8.60000000e-01	1.02322713e-02	5.17378663e-04
8.61000000e-01	1.03115995e-02	5.24889613e-04
8.62000000e-01	1.07347445e-02	5.67834531e-04
8.63000000e-01	1.12882136e-02	6.12256049e-04
8.64000000e-01	9.94673950e-03	5.89929628e-04
8.65000000e-01	1.05702163e-02	6.39869362e-04
8.66000000e-01	1.07009035e-02	6.80146173e-04
8.67000000e-01	1.10685677e-02	7.44098533e-04
8.68000000e-01	1.01285549e-02	7.33942655e-04
8.69000000e-01	1.00871328e-02	7.92174118e-04
8.70000000e-01	1.08804312e-02	9.09782256e-04
8.71000000e-01	1.03933486e-02	9.76219180e-04
8.72000000e-01	9.34618393e-03	9.63195159e-04
8.73000000e-01	1.08685048e-02	1.37113382e-03
8.74000000e-01	1.09402080e-02	1.76187339e-03
8.75000000e-01	1.15590233e-02	3.99315673e-03
