% Filename : SDL3_p7_00007_00005.h5
% Date & Time : 30-Oct-2025 14:33:48
% X-ray Energy (keV) : 13.30001
% Exposure Time (s) : 0.500
% Beam Center : 1461.24000, 208.98300
% Sample to Detector Distance (SDD) (mm) : 1990.750
% Detector Pixel Size (mm) : 0.075
% Photodiode Value : 133451.000
% I0 of Sample : 0
% I0 of Standard : 1
% 
% q(A^-1)   I(q)    I(q)_SE
0.00000000e+00	9.47666614e-03	5.90112171e-03
2.50000000e-04	0.00000000e+00	0.00000000e+00
5.00000000e-04	0.00000000e+00	0.00000000e+00
7.50000000e-04	0.00000000e+00	0.00000000e+00
1.00000000e-03	0.00000000e+00	0.00000000e+00
1.25000000e-03	0.00000000e+00	0.00000000e+00
1.50000000e-03	0.00000000e+00	0.00000000e+00
1.75000000e-03	0.00000000e+00	0.00000000e+00
2.00000000e-03	0.00000000e+00	0.00000000e+00
2.25000000e-03	0.00000000e+00	0.00000000e+00
2.50000000e-03	0.00000000e+00	0.00000000e+00
2.75000000e-03	0.00000000e+00	0.00000000e+00
3.00000000e-03	0.00000000e+00	0.00000000e+00
3.25000000e-03	6.93636171e+03	5.10482221e+03
3.50000000e-03	3.13237577e+02	1.63473472e+02
3.75000000e-03	4.10578567e+02	2.16211465e+02
4.00000000e-03	6.46903683e+02	2.89203063e+02
4.25000000e-03	2.91608222e+02	1.40031832e+02
4.50000000e-03	3.03228618e+02	1.11651343e+02
4.75000000e-03	3.16812617e+02	9.30919824e+01
5.00000000e-03	2.43613641e+02	6.95628247e+01
5.25000000e-03	2.01156843e+02	5.58519279e+01
5.50000000e-03	1.66836310e+02	4.47690951e+01
5.75000000e-03	1.43984943e+02	3.74574436e+01
6.00000000e-03	1.12420256e+02	2.83405649e+01
6.25000000e-03	9.75284286e+01	2.41788879e+01
6.50000000e-03	8.38950125e+01	2.05085560e+01
6.75000000e-03	7.16535528e+01	1.70288337e+01
7.00000000e-03	6.25851601e+01	1.44584326e+01
7.25000000e-03	5.38168368e+01	1.21261371e+01
7.50000000e-03	4.49960308e+01	1.02356565e+01
7.75000000e-03	4.17243915e+01	9.18432654e+00
8.00000000e-03	3.70409162e+01	7.89602804e+00
8.25000000e-03	3.10736147e+01	6.44612868e+00
8.50000000e-03	2.74498666e+01	5.60421305e+00
8.75000000e-03	2.48733892e+01	4.97790365e+00
9.00000000e-03	2.25459728e+01	4.44267264e+00
9.25000000e-03	1.95011802e+01	3.74887961e+00
9.50000000e-03	1.72898792e+01	3.23720485e+00
9.75000000e-03	1.58855941e+01	2.96117735e+00
1.00000000e-02	1.35584760e+01	2.52642045e+00
1.02500000e-02	1.33641067e+01	2.47663236e+00
1.05000000e-02	1.15684360e+01	2.06060589e+00
1.07500000e-02	1.05390224e+01	1.84474376e+00
1.10000000e-02	9.36926886e+00	1.60091821e+00
1.12500000e-02	8.48638224e+00	1.48044314e+00
1.15000000e-02	7.90935381e+00	1.31106590e+00
1.17500000e-02	6.70421751e+00	1.12124339e+00
1.20000000e-02	6.42062690e+00	1.06452504e+00
1.22500000e-02	6.19792349e+00	9.88530347e-01
1.25000000e-02	5.72453121e+00	8.94765247e-01
1.27500000e-02	5.27482270e+00	8.16099076e-01
1.30000000e-02	4.82425770e+00	7.33826570e-01
1.32500000e-02	4.38934048e+00	6.58198370e-01
1.35000000e-02	4.15407043e+00	6.17809052e-01
1.37500000e-02	3.89897819e+00	5.69252605e-01
1.40000000e-02	3.59079501e+00	5.17881639e-01
1.42500000e-02	3.34108798e+00	4.74463705e-01
1.45000000e-02	3.16424906e+00	4.49126754e-01
1.47500000e-02	2.98313280e+00	4.17156554e-01
1.50000000e-02	2.83999738e+00	3.96792502e-01
1.52500000e-02	2.61514531e+00	3.54517884e-01
1.55000000e-02	2.47881177e+00	3.34994000e-01
1.57500000e-02	2.26946961e+00	3.04050500e-01
1.60000000e-02	2.19424451e+00	2.88621060e-01
1.62500000e-02	2.14768948e+00	2.82910337e-01
1.65000000e-02	2.00811321e+00	2.61899524e-01
1.67500000e-02	1.87821375e+00	2.39611642e-01
1.70000000e-02	1.76785909e+00	2.23091276e-01
1.72500000e-02	1.69675942e+00	2.11553131e-01
1.75000000e-02	1.55012160e+00	1.93684032e-01
1.77500000e-02	1.50610020e+00	1.85347952e-01
1.80000000e-02	1.47330252e+00	1.80888096e-01
1.82500000e-02	1.34408707e+00	1.59472184e-01
1.85000000e-02	1.31237821e+00	1.61158819e-01
1.87500000e-02	1.24080742e+00	1.46077212e-01
1.90000000e-02	1.21454111e+00	1.44173872e-01
1.92500000e-02	1.13835281e+00	1.32008363e-01
1.95000000e-02	1.02051533e+00	1.17542686e-01
1.97500000e-02	1.06031002e+00	1.21860616e-01
2.00000000e-02	9.62803639e-01	1.10554105e-01
2.02500000e-02	9.01707076e-01	1.01709024e-01
2.05000000e-02	9.04181265e-01	1.00177910e-01
2.07500000e-02	8.58015379e-01	9.44905161e-02
2.10000000e-02	8.50311303e-01	9.35631108e-02
2.12500000e-02	8.37230419e-01	9.16663725e-02
2.15000000e-02	7.85783511e-01	8.38596464e-02
2.17500000e-02	7.71947724e-01	8.19619627e-02
2.20000000e-02	7.52857850e-01	7.97865292e-02
2.22500000e-02	7.10681245e-01	7.52924243e-02
2.25000000e-02	7.14632690e-01	7.52129652e-02
2.27500000e-02	6.75542790e-01	7.04297310e-02
2.30000000e-02	6.68341664e-01	6.90098321e-02
2.32500000e-02	6.33011406e-01	6.37872634e-02
2.35000000e-02	6.21465824e-01	6.25495782e-02
2.37500000e-02	6.01165141e-01	5.97113255e-02
2.40000000e-02	5.77978221e-01	5.82874451e-02
2.42500000e-02	5.75712246e-01	5.72170377e-02
2.45000000e-02	5.47864302e-01	5.42236946e-02
2.47500000e-02	5.35192726e-01	5.22469464e-02
2.50000000e-02	5.29521911e-01	5.20431276e-02
2.52500000e-02	5.08726260e-01	4.99535767e-02
2.55000000e-02	4.89121043e-01	4.62158394e-02
2.57500000e-02	4.82650484e-01	4.61384510e-02
2.60000000e-02	4.61920725e-01	4.36944251e-02
2.62500000e-02	4.49776704e-01	4.24872941e-02
2.65000000e-02	4.39189609e-01	4.12241825e-02
2.67500000e-02	4.27387159e-01	3.93465756e-02
2.70000000e-02	4.00041179e-01	3.68299719e-02
2.72500000e-02	3.96908334e-01	3.58849033e-02
2.75000000e-02	3.82897262e-01	3.49661595e-02
2.77500000e-02	3.74545222e-01	3.36983489e-02
2.80000000e-02	3.56633394e-01	3.13561559e-02
2.82500000e-02	3.59052612e-01	3.16211107e-02
2.85000000e-02	3.54825290e-01	3.11415515e-02
2.87500000e-02	3.46697067e-01	3.02857876e-02
2.90000000e-02	3.38343821e-01	2.93245612e-02
2.92500000e-02	3.23238708e-01	2.73544650e-02
2.95000000e-02	3.22307414e-01	2.75344715e-02
2.97500000e-02	3.08114847e-01	2.57529166e-02
3.00000000e-02	3.06137794e-01	2.56561217e-02
3.02500000e-02	3.02883146e-01	2.50704092e-02
3.05000000e-02	2.86502168e-01	2.34211764e-02
3.07500000e-02	2.79343422e-01	2.26166578e-02
3.10000000e-02	2.77010655e-01	2.26306195e-02
3.12500000e-02	2.71747740e-01	2.23128509e-02
3.15000000e-02	2.58153611e-01	2.06733831e-02
3.17500000e-02	2.56846146e-01	2.03627174e-02
3.20000000e-02	2.55322312e-01	2.01971892e-02
3.22500000e-02	2.48875397e-01	1.96532244e-02
3.25000000e-02	2.45116554e-01	1.92191839e-02
3.27500000e-02	2.35093315e-01	1.81976403e-02
3.30000000e-02	2.28895178e-01	1.76873044e-02
3.32500000e-02	2.26859864e-01	1.74779585e-02
3.35000000e-02	2.23156999e-01	1.69134432e-02
3.37500000e-02	2.19802244e-01	1.66421167e-02
3.40000000e-02	2.11737182e-01	1.59693262e-02
3.42500000e-02	2.11186380e-01	1.58069801e-02
3.45000000e-02	2.02527123e-01	1.50306346e-02
3.47500000e-02	2.02287902e-01	1.50044484e-02
3.50000000e-02	1.95096324e-01	1.44565142e-02
3.52500000e-02	1.94356785e-01	1.41091393e-02
3.55000000e-02	1.87829220e-01	1.34536699e-02
3.57500000e-02	1.86316347e-01	1.34150725e-02
3.60000000e-02	1.80191258e-01	1.29145113e-02
3.62500000e-02	1.78727081e-01	1.28071939e-02
3.65000000e-02	1.73984107e-01	1.23635935e-02
3.67500000e-02	1.75070714e-01	1.23713757e-02
3.70000000e-02	1.73391702e-01	1.21341785e-02
3.72500000e-02	1.69423233e-01	1.17611429e-02
3.75000000e-02	1.70655484e-01	1.20170818e-02
3.77500000e-02	1.61683450e-01	1.11662813e-02
3.80000000e-02	1.63509886e-01	1.11873204e-02
3.82500000e-02	1.56372832e-01	1.06430041e-02
3.85000000e-02	1.55845216e-01	1.07013202e-02
3.87500000e-02	1.50189678e-01	1.01480563e-02
3.90000000e-02	1.54302989e-01	1.04800524e-02
3.92500000e-02	1.48077827e-01	9.77384020e-03
3.95000000e-02	1.43421549e-01	9.49347395e-03
3.97500000e-02	1.43486383e-01	9.45111723e-03
4.00000000e-02	1.43880947e-01	9.40898541e-03
4.02500000e-02	1.41513333e-01	9.23478719e-03
4.05000000e-02	1.36235021e-01	8.81391556e-03
4.07500000e-02	1.34908222e-01	8.65889168e-03
4.10000000e-02	1.35951485e-01	8.77711191e-03
4.12500000e-02	1.33895464e-01	8.62427098e-03
4.15000000e-02	1.29350057e-01	8.18788430e-03
4.17500000e-02	1.30051718e-01	8.18840815e-03
4.20000000e-02	1.24910121e-01	7.86172133e-03
4.22500000e-02	1.26347847e-01	7.92020516e-03
4.25000000e-02	1.25421952e-01	7.80239249e-03
4.27500000e-02	1.24252737e-01	7.61372439e-03
4.30000000e-02	1.22401164e-01	7.54953812e-03
4.32500000e-02	1.16208826e-01	7.11954378e-03
4.35000000e-02	1.14815852e-01	7.09040643e-03
4.37500000e-02	1.15620592e-01	7.01505378e-03
4.40000000e-02	1.14630501e-01	6.93836511e-03
4.42500000e-02	1.09652631e-01	6.67410726e-03
4.45000000e-02	1.12341581e-01	6.66398414e-03
4.47500000e-02	1.11025241e-01	6.67254489e-03
4.50000000e-02	1.10590164e-01	6.69220988e-03
4.52500000e-02	1.11016942e-01	6.53870455e-03
4.55000000e-02	1.10595918e-01	6.46076549e-03
4.57500000e-02	1.06108290e-01	6.16814679e-03
4.60000000e-02	1.04875832e-01	6.14202101e-03
4.62500000e-02	1.05170646e-01	6.12064261e-03
4.65000000e-02	1.03307986e-01	5.94831338e-03
4.67500000e-02	1.03822466e-01	5.92935788e-03
4.70000000e-02	1.01606475e-01	5.84253946e-03
4.72500000e-02	1.00554417e-01	5.81319945e-03
4.75000000e-02	1.00454917e-01	5.75055913e-03
4.77500000e-02	9.90007544e-02	5.63731787e-03
4.80000000e-02	9.79134975e-02	5.45908244e-03
4.82500000e-02	9.66404365e-02	5.43401670e-03
4.85000000e-02	9.59414615e-02	5.42506641e-03
4.87500000e-02	9.47283072e-02	5.24041784e-03
4.90000000e-02	9.39679461e-02	5.15431069e-03
4.92500000e-02	9.35539149e-02	5.19320528e-03
4.95000000e-02	9.23495628e-02	5.07910113e-03
4.97500000e-02	9.28548608e-02	5.13175342e-03
5.00000000e-02	9.06473169e-02	5.00120128e-03
5.02500000e-02	9.01903331e-02	4.87128016e-03
5.05000000e-02	8.89053870e-02	4.78656417e-03
5.07500000e-02	8.99559400e-02	4.83325299e-03
5.10000000e-02	8.95147564e-02	4.84755495e-03
5.12500000e-02	8.61298540e-02	4.66816202e-03
5.15000000e-02	8.63577467e-02	4.60887025e-03
5.17500000e-02	8.62947741e-02	4.60631382e-03
5.20000000e-02	8.57441494e-02	4.53796395e-03
5.22500000e-02	8.61561282e-02	4.57025653e-03
5.25000000e-02	8.39608116e-02	4.47753716e-03
5.27500000e-02	8.23475086e-02	4.34436100e-03
5.30000000e-02	8.22030464e-02	4.33220780e-03
5.32500000e-02	8.38852739e-02	4.36143482e-03
5.35000000e-02	8.42178771e-02	4.42817141e-03
5.37500000e-02	8.31593466e-02	4.33519896e-03
5.40000000e-02	8.22552519e-02	4.21321194e-03
5.42500000e-02	8.07317954e-02	4.20668677e-03
5.45000000e-02	8.11434930e-02	4.17621254e-03
5.47500000e-02	8.20934967e-02	4.23437436e-03
5.50000000e-02	7.99777030e-02	4.11268859e-03
5.52500000e-02	7.87960803e-02	3.98513809e-03
5.55000000e-02	7.79973188e-02	3.94858979e-03
5.57500000e-02	7.80576453e-02	4.00304763e-03
5.60000000e-02	7.87392706e-02	3.96366105e-03
5.62500000e-02	7.83693946e-02	3.93889348e-03
5.65000000e-02	7.86245093e-02	3.93024097e-03
5.67500000e-02	7.70220838e-02	3.86960119e-03
5.70000000e-02	7.65910077e-02	3.81901839e-03
5.72500000e-02	7.71918906e-02	3.83125158e-03
5.75000000e-02	7.75824958e-02	3.87465188e-03
5.77500000e-02	7.45699900e-02	3.68052744e-03
5.80000000e-02	7.57844836e-02	3.75619599e-03
5.82500000e-02	7.33044441e-02	3.62083711e-03
5.85000000e-02	7.37752324e-02	3.60369781e-03
5.87500000e-02	7.36035119e-02	3.61147248e-03
5.90000000e-02	7.31459760e-02	3.57194220e-03
5.92500000e-02	7.23613237e-02	3.51705809e-03
5.95000000e-02	7.28448929e-02	3.52997701e-03
5.97500000e-02	7.17575103e-02	3.47013869e-03
6.00000000e-02	7.26499156e-02	3.52381338e-03
6.02500000e-02	7.01539421e-02	3.38994482e-03
6.05000000e-02	7.05340719e-02	3.36563575e-03
6.07500000e-02	7.09873336e-02	3.39861475e-03
6.10000000e-02	6.96390229e-02	3.33772791e-03
6.12500000e-02	7.10493774e-02	3.38658056e-03
6.15000000e-02	6.91446287e-02	3.31041869e-03
6.17500000e-02	6.96895180e-02	3.25211849e-03
6.20000000e-02	6.96492832e-02	3.31612265e-03
6.22500000e-02	6.82284688e-02	3.22856384e-03
6.25000000e-02	6.87276691e-02	3.23270718e-03
6.27500000e-02	6.91439030e-02	3.27589208e-03
6.30000000e-02	6.76005944e-02	3.17673494e-03
6.32500000e-02	6.80703896e-02	3.18204206e-03
6.35000000e-02	6.81281554e-02	3.19558250e-03
6.37500000e-02	6.63274555e-02	3.08781138e-03
6.40000000e-02	6.70974671e-02	3.11441764e-03
6.42500000e-02	6.66449632e-02	3.07320513e-03
6.45000000e-02	6.62125752e-02	3.04889032e-03
6.47500000e-02	6.60413130e-02	3.05623597e-03
6.50000000e-02	6.50816894e-02	3.00326213e-03
6.52500000e-02	6.64657858e-02	3.04045064e-03
6.55000000e-02	6.45029163e-02	2.96657267e-03
6.57500000e-02	6.53049645e-02	2.98135380e-03
6.60000000e-02	6.47506709e-02	2.95457801e-03
6.62500000e-02	6.41240024e-02	2.92031074e-03
6.65000000e-02	6.27006656e-02	2.85047118e-03
6.67500000e-02	6.37763913e-02	2.89884001e-03
6.70000000e-02	6.35093744e-02	2.85705911e-03
6.72500000e-02	6.33467410e-02	2.85867580e-03
6.75000000e-02	6.24864925e-02	2.75157162e-03
6.77500000e-02	6.16365206e-02	2.75433083e-03
6.80000000e-02	6.17367922e-02	2.75002021e-03
6.82500000e-02	6.27953773e-02	2.79090819e-03
6.85000000e-02	6.12554470e-02	2.71192117e-03
6.87500000e-02	6.11807622e-02	2.72118383e-03
6.90000000e-02	6.09533092e-02	2.69564872e-03
6.92500000e-02	5.98955260e-02	2.64785089e-03
6.95000000e-02	6.04915460e-02	2.66424153e-03
6.97500000e-02	5.98416900e-02	2.59963861e-03
7.00000000e-02	5.97176588e-02	2.61115710e-03
7.02500000e-02	5.79856844e-02	2.52285379e-03
7.05000000e-02	6.09311192e-02	2.66230630e-03
7.07500000e-02	6.00760823e-02	2.62986085e-03
7.10000000e-02	5.84768883e-02	2.50667480e-03
7.12500000e-02	5.84977848e-02	2.52689558e-03
7.15000000e-02	5.80635578e-02	2.51608718e-03
7.17500000e-02	5.90698151e-02	2.54786018e-03
7.20000000e-02	5.74309170e-02	2.46456882e-03
7.22500000e-02	5.60912344e-02	2.42404215e-03
7.25000000e-02	5.66458125e-02	2.42673646e-03
7.27500000e-02	5.60516885e-02	2.39135201e-03
7.30000000e-02	5.75566881e-02	2.45047842e-03
7.32500000e-02	5.57908416e-02	2.33359584e-03
7.35000000e-02	5.56691840e-02	2.35269148e-03
7.37500000e-02	5.50790478e-02	2.29355516e-03
7.40000000e-02	5.43644437e-02	2.27136914e-03
7.42500000e-02	5.50303651e-02	2.30363508e-03
7.45000000e-02	5.44823473e-02	2.27200131e-03
7.47500000e-02	5.40657271e-02	2.26391378e-03
7.50000000e-02	5.43479443e-02	2.26222320e-03
7.52500000e-02	5.37178755e-02	2.21684330e-03
7.55000000e-02	5.22285268e-02	2.12815656e-03
7.57500000e-02	5.25958598e-02	2.17238141e-03
7.60000000e-02	5.26252105e-02	2.16835170e-03
7.62500000e-02	5.19423709e-02	2.12881098e-03
7.65000000e-02	5.19214554e-02	2.08813572e-03
7.67500000e-02	5.12878798e-02	2.08577785e-03
7.70000000e-02	5.10637510e-02	2.04482000e-03
7.72500000e-02	5.26662530e-02	2.18830777e-03
7.75000000e-02	5.16147635e-02	2.10806946e-03
7.77500000e-02	5.22336703e-02	2.15138623e-03
7.80000000e-02	5.20507958e-02	2.16434115e-03
7.82500000e-02	5.25135975e-02	2.17381626e-03
7.85000000e-02	5.25357156e-02	2.20502129e-03
7.87500000e-02	5.18790428e-02	2.15938028e-03
7.90000000e-02	5.23481022e-02	2.19531711e-03
7.92500000e-02	5.23307830e-02	2.19366835e-03
7.95000000e-02	5.18825442e-02	2.18669579e-03
7.97500000e-02	5.26046288e-02	2.19995321e-03
8.00000000e-02	5.22609299e-02	2.19437886e-03
8.02500000e-02	5.15210185e-02	2.16005343e-03
8.05000000e-02	5.11539729e-02	2.11244918e-03
8.07500000e-02	5.17143370e-02	2.19366301e-03
8.10000000e-02	4.98790599e-02	2.08687690e-03
8.12500000e-02	5.17875780e-02	2.16589386e-03
8.15000000e-02	5.06850935e-02	2.11500690e-03
8.17500000e-02	4.84821347e-02	2.01617960e-03
8.20000000e-02	5.08637173e-02	2.12914377e-03
8.22500000e-02	5.02781429e-02	2.11518827e-03
8.25000000e-02	5.00564341e-02	2.09408903e-03
8.27500000e-02	4.94145799e-02	2.03831398e-03
8.30000000e-02	4.95939734e-02	2.06960436e-03
8.32500000e-02	4.85150285e-02	2.01725026e-03
8.35000000e-02	4.95113366e-02	2.06923158e-03
8.37500000e-02	4.74533029e-02	1.93525567e-03
8.40000000e-02	4.91177630e-02	2.01560826e-03
8.42500000e-02	4.76812097e-02	1.97767923e-03
8.45000000e-02	4.74801787e-02	1.98069664e-03
8.47500000e-02	4.67744567e-02	1.91553886e-03
8.50000000e-02	4.78232931e-02	1.96250192e-03
8.52500000e-02	4.75614308e-02	1.96537341e-03
8.55000000e-02	4.73484329e-02	1.95887903e-03
8.57500000e-02	4.73114474e-02	1.94141989e-03
8.60000000e-02	4.64658873e-02	1.91569810e-03
8.62500000e-02	4.71801095e-02	1.94499361e-03
8.65000000e-02	4.63006344e-02	1.88597151e-03
8.67500000e-02	4.69090020e-02	1.91989727e-03
8.70000000e-02	4.49957836e-02	1.82954641e-03
8.72500000e-02	4.42279000e-02	1.76589142e-03
8.75000000e-02	4.35215391e-02	1.71120893e-03
8.77500000e-02	4.33746215e-02	1.68586914e-03
8.80000000e-02	4.26969859e-02	1.66884883e-03
8.82500000e-02	4.26654501e-02	1.65974331e-03
8.85000000e-02	4.17707209e-02	1.60496755e-03
8.87500000e-02	4.08865630e-02	1.54985552e-03
8.90000000e-02	4.06893234e-02	1.54337215e-03
8.92500000e-02	4.14042226e-02	1.55322392e-03
8.95000000e-02	4.05549376e-02	1.54125321e-03
8.97500000e-02	4.02653230e-02	1.49356289e-03
9.00000000e-02	3.93222991e-02	1.46009829e-03
9.02500000e-02	3.97383411e-02	1.47815552e-03
9.05000000e-02	3.97260881e-02	1.47168826e-03
9.07500000e-02	3.97708044e-02	1.45293701e-03
9.10000000e-02	3.86788867e-02	1.41099197e-03
9.12500000e-02	3.82438329e-02	1.38413273e-03
9.15000000e-02	3.86428088e-02	1.39436232e-03
9.17500000e-02	3.79634896e-02	1.37466034e-03
9.20000000e-02	3.73524648e-02	1.32592339e-03
9.22500000e-02	3.73871766e-02	1.33087649e-03
9.25000000e-02	3.76163047e-02	1.32996923e-03
9.27500000e-02	3.72874465e-02	1.31588565e-03
9.30000000e-02	3.75499138e-02	1.30546929e-03
9.32500000e-02	3.62793881e-02	1.27272826e-03
9.35000000e-02	3.68572137e-02	1.29819110e-03
9.37500000e-02	3.58307261e-02	1.24698242e-03
9.40000000e-02	3.58264929e-02	1.24089349e-03
9.42500000e-02	3.57483326e-02	1.23085284e-03
9.45000000e-02	3.53643211e-02	1.20878095e-03
9.47500000e-02	3.55285033e-02	1.22481751e-03
9.50000000e-02	3.44764860e-02	1.17787251e-03
9.52500000e-02	3.45744973e-02	1.18361107e-03
9.55000000e-02	3.50916807e-02	1.19691865e-03
9.57500000e-02	3.48006743e-02	1.17822426e-03
9.60000000e-02	3.38835049e-02	1.15116316e-03
9.62500000e-02	3.40188942e-02	1.13539599e-03
9.65000000e-02	3.29716514e-02	1.10329497e-03
9.67500000e-02	3.30242236e-02	1.11040190e-03
9.70000000e-02	3.34876406e-02	1.11523254e-03
9.72500000e-02	3.27454490e-02	1.07153533e-03
9.75000000e-02	3.22173963e-02	1.07707029e-03
9.77500000e-02	3.22028938e-02	1.04897391e-03
9.80000000e-02	3.22807433e-02	1.07357725e-03
9.82500000e-02	3.21391288e-02	1.06767217e-03
9.85000000e-02	3.19087056e-02	1.04073234e-03
9.87500000e-02	3.23720779e-02	1.04998667e-03
9.90000000e-02	3.15766061e-02	1.02717174e-03
9.92500000e-02	3.19172078e-02	1.03483591e-03
9.95000000e-02	3.14802303e-02	1.02286589e-03
9.97500000e-02	3.08616904e-02	9.96705925e-04
1.00000000e-01	3.12826755e-02	8.27563256e-04
1.00500000e-01	3.08186614e-02	6.99124638e-04
1.01000000e-01	2.98973629e-02	6.76082705e-04
1.01500000e-01	3.02078458e-02	6.77142229e-04
1.02000000e-01	2.99810739e-02	6.67710754e-04
1.02500000e-01	3.02300446e-02	6.71927090e-04
1.03000000e-01	2.98386604e-02	6.63134444e-04
1.03500000e-01	2.88799660e-02	6.36138177e-04
1.04000000e-01	2.86034214e-02	6.26591056e-04
1.04500000e-01	2.87469661e-02	6.28228830e-04
1.05000000e-01	2.82811146e-02	6.11746102e-04
1.05500000e-01	2.81950436e-02	6.13522211e-04
1.06000000e-01	2.81041786e-02	6.08624365e-04
1.06500000e-01	2.81143722e-02	6.03690030e-04
1.07000000e-01	2.71757952e-02	5.89925434e-04
1.07500000e-01	2.66621030e-02	5.86797904e-04
1.08000000e-01	2.61392510e-02	5.81249553e-04
1.08500000e-01	2.58682590e-02	5.75129356e-04
1.09000000e-01	2.57542037e-02	5.80175194e-04
1.09500000e-01	2.49965451e-02	5.64893015e-04
1.10000000e-01	2.57906106e-02	5.78421610e-04
1.10500000e-01	2.58023754e-02	5.68815065e-04
1.11000000e-01	2.63226054e-02	5.67021597e-04
1.11500000e-01	2.59468797e-02	5.55100384e-04
1.12000000e-01	2.64005156e-02	5.58495060e-04
1.12500000e-01	2.61919565e-02	5.50387154e-04
1.13000000e-01	2.55562182e-02	5.37362666e-04
1.13500000e-01	2.56040335e-02	5.37259192e-04
1.14000000e-01	2.55881614e-02	5.31336884e-04
1.14500000e-01	2.52488004e-02	5.26985434e-04
1.15000000e-01	2.50214726e-02	5.17433814e-04
1.15500000e-01	2.52857473e-02	5.21985578e-04
1.16000000e-01	2.54069406e-02	5.21459851e-04
1.16500000e-01	2.55327356e-02	5.23054879e-04
1.17000000e-01	2.49305834e-02	5.12935159e-04
1.17500000e-01	2.50964689e-02	5.11877441e-04
1.18000000e-01	2.45261055e-02	4.98952035e-04
1.18500000e-01	2.48346791e-02	5.03438606e-04
1.19000000e-01	2.43191542e-02	4.93141738e-04
1.19500000e-01	2.44382209e-02	4.93682761e-04
1.20000000e-01	2.46462648e-02	4.95902903e-04
1.20500000e-01	2.41163725e-02	4.85164893e-04
1.21000000e-01	2.44637636e-02	4.90304781e-04
1.21500000e-01	2.44365262e-02	4.90174799e-04
1.22000000e-01	2.41810828e-02	4.82971151e-04
1.22500000e-01	2.44233832e-02	4.84589391e-04
1.23000000e-01	2.39902885e-02	4.78266590e-04
1.23500000e-01	2.44528551e-02	4.85357650e-04
1.24000000e-01	2.46035900e-02	4.87947084e-04
1.24500000e-01	2.42248380e-02	4.78563001e-04
1.25000000e-01	2.40222603e-02	4.74933636e-04
1.25500000e-01	2.45779990e-02	4.83906049e-04
1.26000000e-01	2.44835052e-02	4.81115904e-04
1.26500000e-01	2.44828934e-02	4.80320759e-04
1.27000000e-01	2.42572920e-02	4.74182987e-04
1.27500000e-01	2.45774119e-02	4.80910248e-04
1.28000000e-01	2.43212245e-02	4.73602239e-04
1.28500000e-01	2.44974767e-02	4.76810109e-04
1.29000000e-01	2.42391763e-02	4.68185578e-04
1.29500000e-01	2.39821964e-02	4.63911709e-04
1.30000000e-01	2.42366193e-02	4.66617634e-04
1.30500000e-01	2.38404801e-02	4.60145657e-04
1.31000000e-01	2.39357424e-02	4.61088160e-04
1.31500000e-01	2.41509339e-02	4.63327513e-04
1.32000000e-01	2.39064056e-02	4.58555040e-04
1.32500000e-01	2.40194332e-02	4.59250029e-04
1.33000000e-01	2.41049146e-02	4.57981900e-04
1.33500000e-01	2.39813547e-02	4.53232826e-04
1.34000000e-01	2.38026212e-02	4.52909861e-04
1.34500000e-01	2.41501668e-02	4.57101717e-04
1.35000000e-01	2.40627836e-02	4.52529771e-04
1.35500000e-01	2.35109425e-02	4.44265977e-04
1.36000000e-01	2.38422269e-02	4.46434838e-04
1.36500000e-01	2.36496523e-02	4.46555586e-04
1.37000000e-01	2.41530410e-02	4.49526550e-04
1.37500000e-01	2.37746381e-02	4.45862023e-04
1.38000000e-01	2.40197020e-02	4.46051488e-04
1.38500000e-01	2.36798681e-02	4.43054514e-04
1.39000000e-01	2.37045592e-02	4.43598661e-04
1.39500000e-01	2.37126013e-02	4.41021757e-04
1.40000000e-01	2.32571810e-02	4.33496724e-04
1.40500000e-01	2.31564050e-02	4.30314976e-04
1.41000000e-01	2.27404982e-02	4.22021989e-04
1.41500000e-01	2.31341830e-02	4.27860231e-04
1.42000000e-01	2.26998119e-02	4.22248113e-04
1.42500000e-01	2.23590515e-02	4.14777510e-04
1.43000000e-01	2.25791671e-02	4.18856323e-04
1.43500000e-01	2.25749966e-02	4.16317020e-04
1.44000000e-01	2.25611225e-02	4.17214769e-04
1.44500000e-01	2.26707754e-02	4.15836063e-04
1.45000000e-01	2.26664828e-02	4.15760299e-04
1.45500000e-01	2.24612585e-02	4.11377335e-04
1.46000000e-01	2.24677619e-02	4.12624009e-04
1.46500000e-01	2.25863863e-02	4.13280229e-04
1.47000000e-01	2.28840199e-02	4.16409803e-04
1.47500000e-01	2.25114203e-02	4.08857553e-04
1.48000000e-01	2.24863750e-02	4.09308316e-04
1.48500000e-01	2.23127383e-02	4.04588537e-04
1.49000000e-01	2.22920060e-02	4.03932076e-04
1.49500000e-01	2.27446672e-02	4.10184263e-04
1.50000000e-01	2.22315602e-02	4.00614255e-04
1.50500000e-01	2.24841510e-02	4.08202039e-04
1.51000000e-01	2.27349340e-02	4.10362675e-04
1.51500000e-01	2.20940849e-02	3.97972489e-04
1.52000000e-01	2.23242941e-02	3.98920212e-04
1.52500000e-01	2.22898552e-02	3.98285634e-04
1.53000000e-01	2.22622350e-02	3.98281903e-04
1.53500000e-01	2.22341522e-02	3.96732780e-04
1.54000000e-01	2.21807956e-02	3.97481624e-04
1.54500000e-01	2.18898773e-02	3.97292552e-04
1.55000000e-01	2.23154449e-02	4.09498965e-04
1.55500000e-01	2.21250141e-02	4.08544538e-04
1.56000000e-01	2.17958143e-02	4.05470291e-04
1.56500000e-01	2.18890951e-02	4.06334193e-04
1.57000000e-01	2.17235794e-02	4.05940834e-04
1.57500000e-01	2.18054042e-02	3.98982939e-04
1.58000000e-01	2.23088030e-02	4.00654940e-04
1.58500000e-01	2.19949973e-02	3.93511331e-04
1.59000000e-01	2.17506464e-02	3.89457670e-04
1.59500000e-01	2.20874520e-02	3.93031030e-04
1.60000000e-01	2.19340676e-02	3.92448102e-04
1.60500000e-01	2.17894768e-02	3.85439146e-04
1.61000000e-01	2.18251185e-02	3.87689785e-04
1.61500000e-01	2.17333848e-02	3.84088531e-04
1.62000000e-01	2.16569055e-02	3.82024079e-04
1.62500000e-01	2.19257545e-02	3.84972016e-04
1.63000000e-01	2.19023746e-02	3.81749695e-04
1.63500000e-01	2.21693471e-02	3.90977480e-04
1.64000000e-01	2.18455284e-02	3.78691807e-04
1.64500000e-01	2.17713189e-02	3.79973246e-04
1.65000000e-01	2.17738075e-02	3.80331442e-04
1.65500000e-01	2.20550352e-02	3.82847107e-04
1.66000000e-01	2.16403083e-02	3.76209407e-04
1.66500000e-01	2.15774138e-02	3.75063385e-04
1.67000000e-01	2.17393057e-02	3.76588999e-04
1.67500000e-01	2.14329431e-02	3.70301708e-04
1.68000000e-01	2.15716539e-02	3.71537667e-04
1.68500000e-01	2.19137498e-02	3.76395908e-04
1.69000000e-01	2.13514887e-02	3.67545073e-04
1.69500000e-01	2.17189320e-02	3.72578043e-04
1.70000000e-01	2.15022608e-02	3.68814790e-04
1.70500000e-01	2.16056286e-02	3.69368361e-04
1.71000000e-01	2.15397696e-02	3.66749014e-04
1.71500000e-01	2.16762194e-02	3.68697563e-04
1.72000000e-01	2.17200402e-02	3.68108721e-04
1.72500000e-01	2.16562268e-02	3.68832930e-04
1.73000000e-01	2.17954654e-02	3.70801471e-04
1.73500000e-01	2.15326623e-02	3.63561349e-04
1.74000000e-01	2.15896379e-02	3.65684356e-04
1.74500000e-01	2.13935231e-02	3.60419410e-04
1.75000000e-01	2.16155988e-02	3.60993162e-04
1.75500000e-01	2.12347057e-02	3.55398690e-04
1.76000000e-01	2.16375336e-02	3.62579313e-04
1.76500000e-01	2.12550934e-02	3.55172126e-04
1.77000000e-01	2.16139979e-02	3.62240141e-04
1.77500000e-01	2.12808147e-02	3.56993678e-04
1.78000000e-01	2.15822109e-02	3.60572906e-04
1.78500000e-01	2.11282449e-02	3.52503201e-04
1.79000000e-01	2.11554756e-02	3.53107082e-04
1.79500000e-01	2.15515607e-02	3.58863539e-04
1.80000000e-01	2.11262716e-02	3.53055121e-04
1.80500000e-01	2.11522985e-02	3.52385624e-04
1.81000000e-01	2.12273986e-02	3.53942087e-04
1.81500000e-01	2.12047359e-02	3.51681224e-04
1.82000000e-01	2.10523609e-02	3.49439156e-04
1.82500000e-01	2.12669829e-02	3.50946765e-04
1.83000000e-01	2.12930249e-02	3.51086956e-04
1.83500000e-01	2.13326718e-02	3.51924881e-04
1.84000000e-01	2.09920114e-02	3.46689347e-04
1.84500000e-01	2.10496536e-02	3.47723487e-04
1.85000000e-01	2.09101062e-02	3.44419866e-04
1.85500000e-01	2.11270227e-02	3.47132539e-04
1.86000000e-01	2.13057464e-02	3.48017881e-04
1.86500000e-01	2.13190696e-02	3.48692174e-04
1.87000000e-01	2.10358320e-02	3.43373517e-04
1.87500000e-01	2.12425905e-02	3.45853120e-04
1.88000000e-01	2.13644082e-02	3.48654960e-04
1.88500000e-01	2.10092695e-02	3.42488347e-04
1.89000000e-01	2.10242944e-02	3.41477876e-04
1.89500000e-01	2.11160540e-02	3.42093133e-04
1.90000000e-01	2.11252146e-02	3.42732297e-04
1.90500000e-01	2.08462786e-02	3.37535386e-04
1.91000000e-01	2.09154311e-02	3.38950148e-04
1.91500000e-01	2.08418696e-02	3.37589519e-04
1.92000000e-01	2.07989093e-02	3.35417857e-04
1.92500000e-01	2.10227962e-02	3.39077161e-04
1.93000000e-01	2.11020540e-02	3.40660574e-04
1.93500000e-01	2.07559968e-02	3.33984093e-04
1.94000000e-01	2.07230358e-02	3.32910583e-04
1.94500000e-01	2.10180774e-02	3.37271824e-04
1.95000000e-01	2.07896289e-02	3.34146873e-04
1.95500000e-01	2.09059804e-02	3.34542126e-04
1.96000000e-01	2.08244198e-02	3.33018470e-04
1.96500000e-01	2.07418754e-02	3.32319106e-04
1.97000000e-01	2.07797433e-02	3.31028890e-04
1.97500000e-01	2.06567826e-02	3.28751373e-04
1.98000000e-01	2.07517809e-02	3.31540433e-04
1.98500000e-01	2.08432420e-02	3.31035482e-04
1.99000000e-01	2.05971234e-02	3.27930409e-04
1.99500000e-01	2.04906160e-02	3.26096949e-04
2.00000000e-01	2.08578088e-02	3.30300350e-04
2.00500000e-01	2.01791223e-02	3.20269960e-04
2.01000000e-01	2.05981209e-02	3.26458788e-04
2.01500000e-01	2.07358579e-02	3.28407402e-04
2.02000000e-01	2.06155420e-02	3.26324800e-04
2.02500000e-01	2.04308792e-02	3.21123379e-04
2.03000000e-01	2.05718092e-02	3.23177200e-04
2.03500000e-01	2.07202092e-02	3.24612660e-04
2.04000000e-01	2.05122096e-02	3.21539027e-04
2.04500000e-01	2.06224870e-02	3.23278641e-04
2.05000000e-01	2.05251147e-02	3.19022312e-04
2.05500000e-01	2.07169593e-02	3.23845504e-04
2.06000000e-01	2.04606064e-02	3.19057499e-04
2.06500000e-01	2.02902200e-02	3.18502451e-04
2.07000000e-01	2.03262674e-02	3.17463744e-04
2.07500000e-01	2.02319388e-02	3.14784656e-04
2.08000000e-01	2.05220448e-02	3.19617340e-04
2.08500000e-01	2.03050653e-02	3.15010487e-04
2.09000000e-01	2.03131852e-02	3.16462606e-04
2.09500000e-01	2.02045784e-02	3.13530742e-04
2.10000000e-01	2.03265807e-02	3.14588690e-04
2.10500000e-01	2.03278868e-02	3.13765294e-04
2.11000000e-01	2.02808423e-02	3.12581801e-04
2.11500000e-01	2.03271148e-02	3.14549112e-04
2.12000000e-01	2.03770667e-02	3.13488769e-04
2.12500000e-01	2.03390450e-02	3.13371499e-04
2.13000000e-01	2.03562816e-02	3.13074449e-04
2.13500000e-01	2.02936638e-02	3.12216105e-04
2.14000000e-01	2.01648974e-02	3.10892453e-04
2.14500000e-01	2.03117591e-02	3.10985197e-04
2.15000000e-01	2.01658746e-02	3.10115207e-04
2.15500000e-01	1.99484277e-02	3.05158901e-04
2.16000000e-01	2.02023592e-02	3.09417623e-04
2.16500000e-01	2.02086617e-02	3.08366942e-04
2.17000000e-01	2.02811512e-02	3.13376389e-04
2.17500000e-01	1.98805039e-02	3.12841814e-04
2.18000000e-01	1.99091410e-02	3.13954928e-04
2.18500000e-01	1.98529645e-02	3.15126815e-04
2.19000000e-01	1.99588191e-02	3.19644103e-04
2.19500000e-01	1.99936256e-02	3.19686421e-04
2.20000000e-01	2.00177085e-02	3.22509581e-04
2.20500000e-01	2.00507822e-02	3.23516966e-04
2.21000000e-01	1.99634801e-02	3.22413279e-04
2.21500000e-01	2.00082956e-02	3.24613761e-04
2.22000000e-01	2.01356709e-02	3.26203694e-04
2.22500000e-01	2.00465232e-02	3.25127183e-04
2.23000000e-01	2.00966920e-02	3.27014771e-04
2.23500000e-01	2.00621015e-02	3.28397695e-04
2.24000000e-01	2.00349845e-02	3.28768542e-04
2.24500000e-01	1.99294150e-02	3.28714039e-04
2.25000000e-01	2.01317765e-02	3.31171256e-04
2.25500000e-01	1.99476052e-02	3.28616353e-04
2.26000000e-01	1.99823561e-02	3.32123805e-04
2.26500000e-01	1.98918536e-02	3.22946336e-04
2.27000000e-01	1.99774931e-02	3.21061936e-04
2.27500000e-01	1.98844570e-02	3.17479493e-04
2.28000000e-01	2.02134785e-02	3.22050817e-04
2.28500000e-01	1.97757816e-02	3.12884469e-04
2.29000000e-01	2.00146245e-02	3.16143639e-04
2.29500000e-01	1.98749609e-02	3.13243562e-04
2.30000000e-01	1.98533283e-02	3.09773570e-04
2.30500000e-01	1.97760815e-02	3.08804899e-04
2.31000000e-01	1.96092176e-02	3.04795194e-04
2.31500000e-01	1.97989991e-02	3.07329203e-04
2.32000000e-01	1.99388290e-02	3.07722962e-04
2.32500000e-01	1.99134089e-02	3.07130798e-04
2.33000000e-01	1.99518404e-02	3.06792157e-04
2.33500000e-01	1.98064335e-02	3.04987268e-04
2.34000000e-01	1.94665143e-02	2.98681528e-04
2.34500000e-01	1.97960001e-02	3.03361275e-04
2.35000000e-01	1.97283191e-02	3.03035404e-04
2.35500000e-01	1.96720404e-02	3.00786816e-04
2.36000000e-01	1.96864624e-02	3.01030594e-04
2.36500000e-01	1.97345261e-02	2.99745345e-04
2.37000000e-01	1.96647965e-02	2.98674035e-04
2.37500000e-01	1.98894604e-02	3.02065668e-04
2.38000000e-01	1.96090798e-02	2.96296645e-04
2.38500000e-01	2.00810935e-02	3.03467538e-04
2.39000000e-01	1.97274586e-02	2.97016322e-04
2.39500000e-01	1.98930978e-02	2.99618563e-04
2.40000000e-01	1.98661574e-02	2.98517593e-04
2.40500000e-01	1.96072160e-02	2.94491434e-04
2.41000000e-01	1.95326140e-02	2.92904162e-04
2.41500000e-01	1.97759579e-02	2.94449994e-04
2.42000000e-01	1.95067928e-02	2.91279358e-04
2.42500000e-01	1.95397655e-02	2.91118363e-04
2.43000000e-01	1.96692211e-02	2.91594379e-04
2.43500000e-01	1.95528897e-02	2.90579414e-04
2.44000000e-01	1.94842238e-02	2.88863866e-04
2.44500000e-01	1.94354339e-02	2.87212025e-04
2.45000000e-01	1.95416652e-02	2.89084831e-04
2.45500000e-01	1.96619121e-02	2.91088054e-04
2.46000000e-01	1.94490258e-02	2.88203238e-04
2.46500000e-01	1.98051198e-02	2.91610512e-04
2.47000000e-01	1.98437974e-02	2.92021531e-04
2.47500000e-01	1.99592634e-02	2.91905675e-04
2.48000000e-01	1.94742450e-02	2.85737347e-04
2.48500000e-01	1.95919668e-02	2.86712558e-04
2.49000000e-01	1.95405614e-02	2.86525442e-04
2.49500000e-01	1.97903504e-02	2.89856351e-04
2.50000000e-01	1.94999932e-02	2.83946054e-04
2.50500000e-01	1.93140628e-02	2.83201603e-04
2.51000000e-01	1.93446007e-02	2.82628954e-04
2.51500000e-01	1.95364642e-02	2.84743486e-04
2.52000000e-01	1.95507259e-02	2.85360008e-04
2.52500000e-01	1.95846764e-02	2.84424348e-04
2.53000000e-01	1.95508645e-02	2.85174412e-04
2.53500000e-01	1.97632526e-02	2.86531271e-04
2.54000000e-01	1.95479473e-02	2.84706508e-04
2.54500000e-01	1.96093137e-02	2.83907210e-04
2.55000000e-01	1.95719726e-02	2.82559712e-04
2.55500000e-01	1.97230636e-02	2.85957411e-04
2.56000000e-01	1.95252236e-02	2.81104037e-04
2.56500000e-01	1.95490621e-02	2.81618167e-04
2.57000000e-01	1.94647168e-02	2.80731532e-04
2.57500000e-01	1.93203172e-02	2.77027979e-04
2.58000000e-01	1.96422124e-02	2.82505607e-04
2.58500000e-01	1.94193842e-02	2.79016392e-04
2.59000000e-01	1.94235499e-02	2.78708792e-04
2.59500000e-01	1.93692311e-02	2.78319856e-04
2.60000000e-01	1.96036027e-02	2.79807886e-04
2.60500000e-01	1.93832708e-02	2.76007999e-04
2.61000000e-01	1.95355892e-02	2.79782086e-04
2.61500000e-01	1.94043265e-02	2.77683164e-04
2.62000000e-01	1.94399205e-02	2.76797356e-04
2.62500000e-01	1.95349909e-02	2.78356875e-04
2.63000000e-01	1.95172095e-02	2.77226308e-04
2.63500000e-01	1.92734679e-02	2.74217257e-04
2.64000000e-01	1.94880660e-02	2.77589290e-04
2.64500000e-01	1.93562596e-02	2.74810441e-04
2.65000000e-01	1.91809019e-02	2.72392168e-04
2.65500000e-01	1.92196000e-02	2.72104818e-04
2.66000000e-01	1.92542721e-02	2.72486941e-04
2.66500000e-01	1.92097738e-02	2.71114355e-04
2.67000000e-01	1.93138296e-02	2.71192476e-04
2.67500000e-01	1.93643556e-02	2.72508020e-04
2.68000000e-01	1.92152278e-02	2.71220774e-04
2.68500000e-01	1.94538906e-02	2.72628470e-04
2.69000000e-01	1.93708578e-02	2.71653394e-04
2.69500000e-01	1.94153720e-02	2.72160451e-04
2.70000000e-01	1.92448213e-02	2.70339096e-04
2.70500000e-01	1.92637201e-02	2.69110245e-04
2.71000000e-01	1.93985403e-02	2.70194191e-04
2.71500000e-01	1.94119473e-02	2.70673077e-04
2.72000000e-01	1.92606619e-02	2.67932932e-04
2.72500000e-01	1.92180571e-02	2.69772684e-04
2.73000000e-01	1.93064408e-02	2.68623907e-04
2.73500000e-01	1.96234397e-02	2.71411153e-04
2.74000000e-01	1.93424683e-02	2.68064101e-04
2.74500000e-01	1.92284383e-02	2.66347879e-04
2.75000000e-01	1.93150525e-02	2.67326522e-04
2.75500000e-01	1.92737786e-02	2.66951733e-04
2.76000000e-01	1.93250115e-02	2.67695811e-04
2.76500000e-01	1.93678865e-02	2.68423652e-04
2.77000000e-01	1.91719258e-02	2.64910398e-04
2.77500000e-01	1.92264814e-02	2.65790082e-04
2.78000000e-01	1.95405257e-02	2.69112676e-04
2.78500000e-01	1.93425128e-02	2.67159233e-04
2.79000000e-01	1.90549717e-02	2.62120242e-04
2.79500000e-01	1.92098568e-02	2.65782643e-04
2.80000000e-01	1.92108474e-02	2.63706532e-04
2.80500000e-01	1.91979977e-02	2.63887191e-04
2.81000000e-01	1.91451916e-02	2.62867994e-04
2.81500000e-01	1.89230144e-02	2.60444503e-04
2.82000000e-01	1.93946306e-02	2.65301985e-04
2.82500000e-01	1.91986987e-02	2.62605399e-04
2.83000000e-01	1.92318275e-02	2.63252030e-04
2.83500000e-01	1.90252722e-02	2.60019544e-04
2.84000000e-01	1.91334821e-02	2.60423255e-04
2.84500000e-01	1.91981365e-02	2.62422367e-04
2.85000000e-01	1.90364311e-02	2.59423960e-04
2.85500000e-01	1.91294686e-02	2.59789101e-04
2.86000000e-01	1.91767098e-02	2.61201370e-04
2.86500000e-01	1.88420035e-02	2.56690996e-04
2.87000000e-01	1.90958545e-02	2.58796577e-04
2.87500000e-01	1.90215829e-02	2.57251540e-04
2.88000000e-01	1.89413006e-02	2.55441976e-04
2.88500000e-01	1.87322889e-02	2.54150530e-04
2.89000000e-01	1.88321048e-02	2.55027803e-04
2.89500000e-01	1.90704004e-02	2.57236421e-04
2.90000000e-01	1.86784064e-02	2.51944328e-04
2.90500000e-01	1.88471167e-02	2.55367663e-04
2.91000000e-01	1.86075556e-02	2.51214459e-04
2.91500000e-01	1.88628533e-02	2.53282753e-04
2.92000000e-01	1.88197518e-02	2.52593332e-04
2.92500000e-01	1.87722681e-02	2.52627601e-04
2.93000000e-01	1.87973848e-02	2.52547389e-04
2.93500000e-01	1.89157496e-02	2.53831523e-04
2.94000000e-01	1.87579453e-02	2.50647808e-04
2.94500000e-01	1.86693019e-02	2.50786647e-04
2.95000000e-01	1.87794187e-02	2.50474284e-04
2.95500000e-01	1.88017004e-02	2.52112361e-04
2.96000000e-01	1.90156136e-02	2.53335117e-04
2.96500000e-01	1.88270554e-02	2.51378874e-04
2.97000000e-01	1.87460121e-02	2.50093083e-04
2.97500000e-01	1.86630136e-02	2.48589753e-04
2.98000000e-01	1.88495785e-02	2.50769081e-04
2.98500000e-01	1.87297767e-02	2.50071453e-04
2.99000000e-01	1.87442128e-02	2.49029547e-04
2.99500000e-01	1.86091180e-02	2.47962354e-04
3.00000000e-01	1.89012383e-02	2.50120852e-04
3.00500000e-01	1.85792465e-02	2.45789085e-04
3.01000000e-01	1.86798477e-02	2.47575526e-04
3.01500000e-01	1.85729218e-02	2.46829197e-04
3.02000000e-01	1.86310822e-02	2.46138969e-04
3.02500000e-01	1.86478348e-02	2.46648218e-04
3.03000000e-01	1.87819607e-02	2.48574827e-04
3.03500000e-01	1.84127322e-02	2.42706041e-04
3.04000000e-01	1.85356759e-02	2.45563114e-04
3.04500000e-01	1.84467326e-02	2.42618250e-04
3.05000000e-01	1.85403447e-02	2.43884835e-04
3.05500000e-01	1.85645976e-02	2.44290560e-04
3.06000000e-01	1.85278790e-02	2.42830008e-04
3.06500000e-01	1.84407411e-02	2.42462068e-04
3.07000000e-01	1.86664079e-02	2.44405645e-04
3.07500000e-01	1.85323525e-02	2.43136356e-04
3.08000000e-01	1.85137322e-02	2.42738319e-04
3.08500000e-01	1.85387543e-02	2.42141239e-04
3.09000000e-01	1.84066313e-02	2.41530026e-04
3.09500000e-01	1.83403865e-02	2.39635359e-04
3.10000000e-01	1.85065172e-02	2.41008866e-04
3.10500000e-01	1.84170368e-02	2.40674820e-04
3.11000000e-01	1.82167812e-02	2.37700010e-04
3.11500000e-01	1.83804489e-02	2.39317214e-04
3.12000000e-01	1.84890041e-02	2.40310551e-04
3.12500000e-01	1.84367672e-02	2.39407685e-04
3.13000000e-01	1.84711439e-02	2.40131655e-04
3.13500000e-01	1.84661221e-02	2.40251954e-04
3.14000000e-01	1.84664261e-02	2.40296740e-04
3.14500000e-01	1.83678324e-02	2.37850192e-04
3.15000000e-01	1.83760377e-02	2.38893404e-04
3.15500000e-01	1.82949880e-02	2.36227078e-04
3.16000000e-01	1.81028144e-02	2.35655919e-04
3.16500000e-01	1.83882104e-02	2.38223696e-04
3.17000000e-01	1.81587247e-02	2.34741494e-04
3.17500000e-01	1.81813582e-02	2.35873096e-04
3.18000000e-01	1.82590416e-02	2.35124942e-04
3.18500000e-01	1.82555140e-02	2.36086242e-04
3.19000000e-01	1.83672046e-02	2.36789148e-04
3.19500000e-01	1.83339897e-02	2.36231941e-04
3.20000000e-01	1.82050980e-02	2.34536944e-04
3.20500000e-01	1.80434040e-02	2.31987413e-04
3.21000000e-01	1.82525533e-02	2.34931694e-04
3.21500000e-01	1.81946000e-02	2.33322572e-04
3.22000000e-01	1.83602131e-02	2.35802152e-04
3.22500000e-01	1.81011267e-02	2.31882470e-04
3.23000000e-01	1.79762576e-02	2.31049048e-04
3.23500000e-01	1.81547970e-02	2.32691869e-04
3.24000000e-01	1.78825784e-02	2.28398865e-04
3.24500000e-01	1.79037208e-02	2.30575939e-04
3.25000000e-01	1.80256127e-02	2.29814494e-04
3.25500000e-01	1.78862544e-02	2.28678196e-04
3.26000000e-01	1.81098298e-02	2.31302477e-04
3.26500000e-01	1.80078840e-02	2.29533843e-04
3.27000000e-01	1.79333428e-02	2.28753993e-04
3.27500000e-01	1.79441731e-02	2.28832780e-04
3.28000000e-01	1.77860900e-02	2.26901955e-04
3.28500000e-01	1.78833743e-02	2.27719394e-04
3.29000000e-01	1.80454179e-02	2.29639580e-04
3.29500000e-01	1.81294109e-02	2.30480731e-04
3.30000000e-01	1.79094027e-02	2.26557567e-04
3.30500000e-01	1.80139857e-02	2.27960636e-04
3.31000000e-01	1.79394799e-02	2.27178863e-04
3.31500000e-01	1.80415593e-02	2.29243272e-04
3.32000000e-01	1.80861790e-02	2.28803194e-04
3.32500000e-01	1.80075892e-02	2.27361211e-04
3.33000000e-01	1.78182249e-02	2.25834205e-04
3.33500000e-01	1.79176907e-02	2.25128145e-04
3.34000000e-01	1.79321461e-02	2.26506334e-04
3.34500000e-01	1.77710242e-02	2.24654811e-04
3.35000000e-01	1.78472357e-02	2.24530702e-04
3.35500000e-01	1.77919634e-02	2.24621290e-04
3.36000000e-01	1.76768982e-02	2.22267027e-04
3.36500000e-01	1.79402405e-02	2.25443558e-04
3.37000000e-01	1.78917543e-02	2.24502799e-04
3.37500000e-01	1.79341645e-02	2.24446218e-04
3.38000000e-01	1.77678848e-02	2.23411183e-04
3.38500000e-01	1.78041221e-02	2.22769588e-04
3.39000000e-01	1.79094756e-02	2.23769197e-04
3.39500000e-01	1.77499763e-02	2.21984773e-04
3.40000000e-01	1.76967513e-02	2.22128831e-04
3.40500000e-01	1.77149913e-02	2.22687718e-04
3.41000000e-01	1.77056112e-02	2.21271185e-04
3.41500000e-01	1.78144439e-02	2.22983575e-04
3.42000000e-01	1.77845778e-02	2.21808127e-04
3.42500000e-01	1.76397652e-02	2.19878425e-04
3.43000000e-01	1.76035139e-02	2.19745803e-04
3.43500000e-01	1.76037372e-02	2.18690753e-04
3.44000000e-01	1.76491396e-02	2.19894709e-04
3.44500000e-01	1.76757388e-02	2.19398927e-04
3.45000000e-01	1.75182083e-02	2.17413494e-04
3.45500000e-01	1.76761068e-02	2.19227124e-04
3.46000000e-01	1.75403189e-02	2.17800654e-04
3.46500000e-01	1.79373912e-02	2.22400717e-04
3.47000000e-01	1.74645574e-02	2.16633067e-04
3.47500000e-01	1.77061302e-02	2.18901554e-04
3.48000000e-01	1.78251631e-02	2.20303662e-04
3.48500000e-01	1.78215431e-02	2.20477196e-04
3.49000000e-01	1.77653639e-02	2.19034051e-04
3.49500000e-01	1.75247056e-02	2.16464354e-04
3.50000000e-01	1.78298269e-02	1.79217412e-04
3.51000000e-01	1.75438186e-02	1.53137629e-04
3.52000000e-01	1.77103613e-02	1.53581602e-04
3.53000000e-01	1.76518028e-02	1.53070267e-04
3.54000000e-01	1.75375570e-02	1.52209647e-04
3.55000000e-01	1.75533027e-02	1.52179508e-04
3.56000000e-01	1.75592440e-02	1.52971512e-04
3.57000000e-01	1.75326929e-02	1.55172217e-04
3.58000000e-01	1.73850384e-02	1.55352921e-04
3.59000000e-01	1.74216112e-02	1.56728060e-04
3.60000000e-01	1.74741514e-02	1.58066076e-04
3.61000000e-01	1.73009584e-02	1.58030911e-04
3.62000000e-01	1.74228312e-02	1.58983927e-04
3.63000000e-01	1.73501220e-02	1.59087745e-04
3.64000000e-01	1.73237978e-02	1.59505728e-04
3.65000000e-01	1.73548864e-02	1.60291624e-04
3.66000000e-01	1.72810608e-02	1.57794175e-04
3.67000000e-01	1.73322434e-02	1.55953010e-04
3.68000000e-01	1.71924656e-02	1.53835870e-04
3.69000000e-01	1.73294802e-02	1.54095152e-04
3.70000000e-01	1.72130974e-02	1.52385745e-04
3.71000000e-01	1.72533454e-02	1.54626955e-04
3.72000000e-01	1.73005511e-02	1.56104411e-04
3.73000000e-01	1.73602822e-02	1.56761658e-04
3.74000000e-01	1.70719086e-02	1.54368765e-04
3.75000000e-01	1.70186977e-02	1.54078879e-04
3.76000000e-01	1.70989294e-02	1.54940337e-04
3.77000000e-01	1.70289379e-02	1.54411366e-04
3.78000000e-01	1.70112535e-02	1.54380504e-04
3.79000000e-01	1.68596972e-02	1.52782282e-04
3.80000000e-01	1.68547458e-02	1.51987144e-04
3.81000000e-01	1.70770143e-02	1.54245190e-04
3.82000000e-01	1.70181672e-02	1.53769958e-04
3.83000000e-01	1.69756874e-02	1.53415251e-04
3.84000000e-01	1.69832032e-02	1.53523795e-04
3.85000000e-01	1.69862951e-02	1.53742451e-04
3.86000000e-01	1.69881605e-02	1.53544662e-04
3.87000000e-01	1.69410013e-02	1.53219964e-04
3.88000000e-01	1.69091583e-02	1.52974283e-04
3.89000000e-01	1.70367784e-02	1.53727148e-04
3.90000000e-01	1.70181912e-02	1.53428604e-04
3.91000000e-01	1.68547793e-02	1.52119092e-04
3.92000000e-01	1.68510760e-02	1.51814619e-04
3.93000000e-01	1.68178219e-02	1.51621654e-04
3.94000000e-01	1.69684052e-02	1.53064492e-04
3.95000000e-01	1.68561855e-02	1.51892433e-04
3.96000000e-01	1.67415954e-02	1.51166811e-04
3.97000000e-01	1.68261225e-02	1.51561498e-04
3.98000000e-01	1.68570484e-02	1.52001980e-04
3.99000000e-01	1.67990241e-02	1.51772512e-04
4.00000000e-01	1.68979223e-02	1.52465571e-04
4.01000000e-01	1.67537257e-02	1.50893705e-04
4.02000000e-01	1.67082477e-02	1.50245606e-04
4.03000000e-01	1.67245130e-02	1.51080596e-04
4.04000000e-01	1.68187844e-02	1.51364090e-04
4.05000000e-01	1.66733689e-02	1.50593005e-04
4.06000000e-01	1.67219920e-02	1.50849847e-04
4.07000000e-01	1.65635503e-02	1.49250112e-04
4.08000000e-01	1.65612158e-02	1.49084727e-04
4.09000000e-01	1.66913457e-02	1.49844391e-04
4.10000000e-01	1.65363707e-02	1.48709622e-04
4.11000000e-01	1.67015085e-02	1.50273099e-04
4.12000000e-01	1.66878713e-02	1.49929431e-04
4.13000000e-01	1.66720800e-02	1.49778082e-04
4.14000000e-01	1.66228482e-02	1.49209954e-04
4.15000000e-01	1.66185707e-02	1.48636201e-04
4.16000000e-01	1.65964125e-02	1.49029125e-04
4.17000000e-01	1.67171769e-02	1.49944260e-04
4.18000000e-01	1.65778972e-02	1.50349433e-04
4.19000000e-01	1.65105845e-02	1.51672354e-04
4.20000000e-01	1.65387706e-02	1.52676190e-04
4.21000000e-01	1.66610513e-02	1.54310014e-04
4.22000000e-01	1.66226781e-02	1.54186512e-04
4.23000000e-01	1.64956885e-02	1.54206536e-04
4.24000000e-01	1.67584908e-02	1.56654093e-04
4.25000000e-01	1.64091681e-02	1.53643947e-04
4.26000000e-01	1.65662576e-02	1.55134354e-04
4.27000000e-01	1.66399074e-02	1.55852363e-04
4.28000000e-01	1.65158963e-02	1.54962156e-04
4.29000000e-01	1.66021666e-02	1.56152141e-04
4.30000000e-01	1.65610031e-02	1.55754047e-04
4.31000000e-01	1.65334431e-02	1.55141841e-04
4.32000000e-01	1.65616550e-02	1.56074073e-04
4.33000000e-01	1.64045126e-02	1.54541370e-04
4.34000000e-01	1.63704553e-02	1.54164424e-04
4.35000000e-01	1.64722861e-02	1.55209131e-04
4.36000000e-01	1.65356721e-02	1.55857273e-04
4.37000000e-01	1.65045923e-02	1.56107632e-04
4.38000000e-01	1.65624619e-02	1.56730773e-04
4.39000000e-01	1.63760427e-02	1.55737612e-04
4.40000000e-01	1.63959486e-02	1.55576493e-04
4.41000000e-01	1.63153530e-02	1.55356602e-04
4.42000000e-01	1.63450080e-02	1.55840183e-04
4.43000000e-01	1.63440203e-02	1.55828438e-04
4.44000000e-01	1.63682257e-02	1.56199488e-04
4.45000000e-01	1.62199654e-02	1.55069846e-04
4.46000000e-01	1.64844713e-02	1.56860010e-04
4.47000000e-01	1.62853562e-02	1.56201015e-04
4.48000000e-01	1.63114092e-02	1.55834674e-04
4.49000000e-01	1.62007634e-02	1.55858966e-04
4.50000000e-01	1.62113741e-02	1.55765836e-04
4.51000000e-01	1.61423155e-02	1.55455518e-04
4.52000000e-01	1.62436853e-02	1.56453367e-04
4.53000000e-01	1.62572400e-02	1.56708911e-04
4.54000000e-01	1.63684810e-02	1.58052239e-04
4.55000000e-01	1.63594998e-02	1.57686941e-04
4.56000000e-01	1.61048790e-02	1.55459404e-04
4.57000000e-01	1.62575816e-02	1.57570892e-04
4.58000000e-01	1.61295118e-02	1.56026984e-04
4.59000000e-01	1.63951498e-02	1.58450584e-04
4.60000000e-01	1.60518466e-02	1.56274450e-04
4.61000000e-01	1.61639911e-02	1.56851835e-04
4.62000000e-01	1.61146777e-02	1.55892448e-04
4.63000000e-01	1.60424348e-02	1.56228985e-04
4.64000000e-01	1.60933599e-02	1.56338237e-04
4.65000000e-01	1.61252101e-02	1.56580199e-04
4.66000000e-01	1.61127276e-02	1.56471015e-04
4.67000000e-01	1.62302443e-02	1.58286740e-04
4.68000000e-01	1.62107273e-02	1.57786301e-04
4.69000000e-01	1.61832191e-02	1.57933320e-04
4.70000000e-01	1.60227112e-02	1.56653210e-04
4.71000000e-01	1.61136544e-02	1.57466745e-04
4.72000000e-01	1.60877622e-02	1.56521271e-04
4.73000000e-01	1.61432250e-02	1.57406384e-04
4.74000000e-01	1.61202767e-02	1.57114950e-04
4.75000000e-01	1.60419529e-02	1.56380823e-04
4.76000000e-01	1.60097839e-02	1.55592679e-04
4.77000000e-01	1.60009086e-02	1.56140473e-04
4.78000000e-01	1.60577960e-02	1.56672722e-04
4.79000000e-01	1.60380830e-02	1.56308682e-04
4.80000000e-01	1.58893697e-02	1.55289712e-04
4.81000000e-01	1.59088479e-02	1.55659079e-04
4.82000000e-01	1.60577641e-02	1.56877674e-04
4.83000000e-01	1.58363943e-02	1.54986043e-04
4.84000000e-01	1.60066839e-02	1.56637256e-04
4.85000000e-01	1.58677386e-02	1.55881396e-04
4.86000000e-01	1.59813100e-02	1.56701212e-04
4.87000000e-01	1.59933491e-02	1.56535709e-04
4.88000000e-01	1.58886765e-02	1.55550267e-04
4.89000000e-01	1.58054611e-02	1.55605360e-04
4.90000000e-01	1.60115562e-02	1.57284850e-04
4.91000000e-01	1.59389277e-02	1.56646970e-04
4.92000000e-01	1.58368196e-02	1.55892794e-04
4.93000000e-01	1.59553480e-02	1.56897395e-04
4.94000000e-01	1.57973135e-02	1.55352874e-04
4.95000000e-01	1.57627620e-02	1.56592256e-04
4.96000000e-01	1.58291644e-02	1.61695916e-04
4.97000000e-01	1.58876582e-02	1.65084082e-04
4.98000000e-01	1.58794377e-02	1.67271192e-04
4.99000000e-01	1.60110369e-02	1.70360225e-04
5.00000000e-01	1.58683223e-02	1.70875626e-04
5.01000000e-01	1.60722504e-02	1.74361484e-04
5.02000000e-01	1.59771569e-02	1.75428750e-04
5.03000000e-01	1.59218283e-02	1.76733257e-04
5.04000000e-01	1.59375681e-02	1.77716459e-04
5.05000000e-01	1.58132761e-02	1.74222382e-04
5.06000000e-01	1.57394515e-02	1.69449826e-04
5.07000000e-01	1.60488490e-02	1.70628058e-04
5.08000000e-01	1.57716230e-02	1.67291536e-04
5.09000000e-01	1.59267159e-02	1.67857039e-04
5.10000000e-01	1.58635599e-02	1.66672111e-04
5.11000000e-01	1.58850142e-02	1.66150132e-04
5.12000000e-01	1.58349972e-02	1.65542007e-04
5.13000000e-01	1.57731172e-02	1.64711532e-04
5.14000000e-01	1.57518962e-02	1.64103906e-04
5.15000000e-01	1.57195374e-02	1.63229550e-04
5.16000000e-01	1.56059189e-02	1.61833906e-04
5.17000000e-01	1.57308011e-02	1.62716001e-04
5.18000000e-01	1.57711176e-02	1.63130158e-04
5.19000000e-01	1.56979839e-02	1.61704138e-04
5.20000000e-01	1.57187406e-02	1.61102243e-04
5.21000000e-01	1.56251090e-02	1.60826763e-04
5.22000000e-01	1.55761022e-02	1.60277189e-04
5.23000000e-01	1.55423079e-02	1.59654416e-04
5.24000000e-01	1.55592438e-02	1.59853426e-04
5.25000000e-01	1.56984604e-02	1.60632287e-04
5.26000000e-01	1.54774134e-02	1.59047227e-04
5.27000000e-01	1.55288651e-02	1.60309390e-04
5.28000000e-01	1.56694072e-02	1.61328591e-04
5.29000000e-01	1.55476222e-02	1.59487535e-04
5.30000000e-01	1.56335573e-02	1.60429979e-04
5.31000000e-01	1.55053864e-02	1.59126872e-04
5.32000000e-01	1.54513728e-02	1.58873364e-04
5.33000000e-01	1.55382505e-02	1.59340674e-04
5.34000000e-01	1.56421059e-02	1.60724585e-04
5.35000000e-01	1.54426879e-02	1.58505741e-04
5.36000000e-01	1.55864278e-02	1.59417777e-04
5.37000000e-01	1.55361459e-02	1.59708828e-04
5.38000000e-01	1.55382665e-02	1.59336926e-04
5.39000000e-01	1.53985383e-02	1.58203296e-04
5.40000000e-01	1.55744639e-02	1.59530575e-04
5.41000000e-01	1.56532295e-02	1.60559761e-04
5.42000000e-01	1.54991860e-02	1.58747903e-04
5.43000000e-01	1.54683905e-02	1.58450661e-04
5.44000000e-01	1.53801241e-02	1.57700054e-04
5.45000000e-01	1.54721072e-02	1.59063763e-04
5.46000000e-01	1.54706080e-02	1.58840446e-04
5.47000000e-01	1.53841635e-02	1.58427105e-04
5.48000000e-01	1.53383997e-02	1.57626988e-04
5.49000000e-01	1.54714315e-02	1.58529885e-04
5.50000000e-01	1.54586136e-02	1.58435658e-04
5.51000000e-01	1.52159305e-02	1.56157027e-04
5.52000000e-01	1.53282932e-02	1.56417951e-04
5.53000000e-01	1.52274597e-02	1.55833800e-04
5.54000000e-01	1.53875773e-02	1.56857654e-04
5.55000000e-01	1.53381854e-02	1.56130785e-04
5.56000000e-01	1.51534450e-02	1.55247534e-04
5.57000000e-01	1.53985816e-02	1.56483942e-04
5.58000000e-01	1.54032324e-02	1.57010019e-04
5.59000000e-01	1.50753324e-02	1.53803728e-04
5.60000000e-01	1.53775439e-02	1.57380051e-04
5.61000000e-01	1.51833132e-02	1.55279302e-04
5.62000000e-01	1.52396748e-02	1.55917538e-04
5.63000000e-01	1.53378873e-02	1.56179277e-04
5.64000000e-01	1.52873985e-02	1.55745212e-04
5.65000000e-01	1.52482235e-02	1.55390842e-04
5.66000000e-01	1.52774485e-02	1.55920627e-04
5.67000000e-01	1.50792387e-02	1.54367029e-04
5.68000000e-01	1.51815762e-02	1.55196892e-04
5.69000000e-01	1.52612344e-02	1.55195377e-04
5.70000000e-01	1.51317268e-02	1.53944042e-04
5.71000000e-01	1.51097824e-02	1.54222761e-04
5.72000000e-01	1.50035929e-02	1.53586501e-04
5.73000000e-01	1.50577599e-02	1.54395168e-04
5.74000000e-01	1.50790197e-02	1.53785927e-04
5.75000000e-01	1.51118396e-02	1.54406136e-04
5.76000000e-01	1.50997530e-02	1.54167262e-04
5.77000000e-01	1.49640272e-02	1.53164543e-04
5.78000000e-01	1.50536350e-02	1.54153680e-04
5.79000000e-01	1.50771832e-02	1.54253743e-04
5.80000000e-01	1.51693189e-02	1.54406885e-04
5.81000000e-01	1.49146906e-02	1.52789232e-04
5.82000000e-01	1.48790153e-02	1.52554886e-04
5.83000000e-01	1.49195439e-02	1.52879723e-04
5.84000000e-01	1.50006379e-02	1.53274365e-04
5.85000000e-01	1.49550091e-02	1.53330827e-04
5.86000000e-01	1.48251822e-02	1.52406312e-04
5.87000000e-01	1.49112025e-02	1.53163556e-04
5.88000000e-01	1.49777447e-02	1.53121701e-04
5.89000000e-01	1.50710986e-02	1.54242230e-04
5.90000000e-01	1.48408614e-02	1.52806344e-04
5.91000000e-01	1.48484244e-02	1.52615137e-04
5.92000000e-01	1.50683060e-02	1.54641062e-04
5.93000000e-01	1.50064584e-02	1.54014058e-04
5.94000000e-01	1.49941699e-02	1.53766134e-04
5.95000000e-01	1.51111465e-02	1.54900020e-04
5.96000000e-01	1.48997832e-02	1.53155254e-04
5.97000000e-01	1.50993512e-02	1.54933717e-04
5.98000000e-01	1.48985356e-02	1.53190694e-04
5.99000000e-01	1.49273122e-02	1.52941581e-04
6.00000000e-01	1.48223440e-02	1.52340276e-04
6.01000000e-01	1.49787534e-02	1.53483626e-04
6.02000000e-01	1.47627158e-02	1.51608804e-04
6.03000000e-01	1.47441667e-02	1.51715649e-04
6.04000000e-01	1.48529867e-02	1.52647762e-04
6.05000000e-01	1.48497023e-02	1.52792123e-04
6.06000000e-01	1.49516851e-02	1.53712030e-04
6.07000000e-01	1.46693867e-02	1.50983228e-04
6.08000000e-01	1.49091578e-02	1.53555627e-04
6.09000000e-01	1.48439040e-02	1.52722844e-04
6.10000000e-01	1.47156383e-02	1.51803591e-04
6.11000000e-01	1.46376565e-02	1.51048060e-04
6.12000000e-01	1.48254224e-02	1.52504559e-04
6.13000000e-01	1.48214019e-02	1.52968497e-04
6.14000000e-01	1.47528610e-02	1.52166277e-04
6.15000000e-01	1.48039175e-02	1.52388821e-04
6.16000000e-01	1.48209722e-02	1.52767980e-04
6.17000000e-01	1.48315609e-02	1.52532850e-04
6.18000000e-01	1.47410114e-02	1.52061647e-04
6.19000000e-01	1.47804900e-02	1.51631835e-04
6.20000000e-01	1.47056975e-02	1.51059793e-04
6.21000000e-01	1.46082675e-02	1.50036146e-04
6.22000000e-01	1.47490901e-02	1.51327900e-04
6.23000000e-01	1.46232425e-02	1.49948870e-04
6.24000000e-01	1.47205414e-02	1.50356463e-04
6.25000000e-01	1.47590096e-02	1.50685391e-04
6.26000000e-01	1.47155778e-02	1.50358761e-04
6.27000000e-01	1.46750881e-02	1.49865692e-04
6.28000000e-01	1.46080578e-02	1.49542067e-04
6.29000000e-01	1.46699224e-02	1.49868700e-04
6.30000000e-01	1.46559964e-02	1.49996364e-04
6.31000000e-01	1.45822728e-02	1.49521563e-04
6.32000000e-01	1.47834277e-02	1.50649302e-04
6.33000000e-01	1.46418961e-02	1.49390123e-04
6.34000000e-01	1.46243142e-02	1.53331095e-04
6.35000000e-01	1.46910889e-02	1.58361963e-04
6.36000000e-01	1.46627223e-02	1.61021465e-04
6.37000000e-01	1.47461277e-02	1.65032579e-04
6.38000000e-01	1.48595655e-02	1.67537131e-04
6.39000000e-01	1.47888540e-02	1.69440436e-04
6.40000000e-01	1.46545405e-02	1.69828410e-04
6.41000000e-01	1.47289908e-02	1.72163199e-04
6.42000000e-01	1.47815259e-02	1.75260341e-04
6.43000000e-01	1.47324614e-02	1.74500713e-04
6.44000000e-01	1.48160686e-02	1.69111362e-04
6.45000000e-01	1.47492037e-02	1.66363260e-04
6.46000000e-01	1.47957272e-02	1.64654506e-04
6.47000000e-01	1.46810403e-02	1.62086672e-04
6.48000000e-01	1.47140595e-02	1.61501155e-04
6.49000000e-01	1.47212461e-02	1.61311999e-04
6.50000000e-01	1.47684192e-02	1.60004924e-04
6.51000000e-01	1.46636286e-02	1.59252779e-04
6.52000000e-01	1.47472620e-02	1.59301998e-04
6.53000000e-01	1.48350636e-02	1.59259411e-04
6.54000000e-01	1.46157707e-02	1.56994277e-04
6.55000000e-01	1.47665699e-02	1.58057081e-04
6.56000000e-01	1.46438725e-02	1.56518832e-04
6.57000000e-01	1.48559472e-02	1.58981178e-04
6.58000000e-01	1.47208994e-02	1.56922489e-04
6.59000000e-01	1.47444321e-02	1.56956916e-04
6.60000000e-01	1.47126265e-02	1.56724367e-04
6.61000000e-01	1.45343081e-02	1.54600625e-04
6.62000000e-01	1.45884720e-02	1.55259342e-04
6.63000000e-01	1.47635733e-02	1.57477033e-04
6.64000000e-01	1.46469272e-02	1.55238631e-04
6.65000000e-01	1.45399773e-02	1.54422819e-04
6.66000000e-01	1.47073308e-02	1.55992036e-04
6.67000000e-01	1.47094282e-02	1.56051848e-04
6.68000000e-01	1.46043636e-02	1.54780226e-04
6.69000000e-01	1.46604289e-02	1.55182228e-04
6.70000000e-01	1.45234992e-02	1.53682881e-04
6.71000000e-01	1.46775024e-02	1.55382981e-04
6.72000000e-01	1.44832601e-02	1.53424728e-04
6.73000000e-01	1.46228028e-02	1.54624312e-04
6.74000000e-01	1.46408173e-02	1.55221835e-04
6.75000000e-01	1.44408321e-02	1.52677492e-04
6.76000000e-01	1.45140252e-02	1.53701877e-04
6.77000000e-01	1.44777073e-02	1.53571138e-04
6.78000000e-01	1.44934361e-02	1.53136641e-04
6.79000000e-01	1.44134255e-02	1.52487057e-04
6.80000000e-01	1.46075912e-02	1.54057427e-04
6.81000000e-01	1.43272814e-02	1.51589686e-04
6.82000000e-01	1.45629980e-02	1.53818165e-04
6.83000000e-01	1.44491768e-02	1.52438730e-04
6.84000000e-01	1.44934154e-02	1.52889315e-04
6.85000000e-01	1.45400445e-02	1.53646592e-04
6.86000000e-01	1.45135791e-02	1.53143486e-04
6.87000000e-01	1.44827556e-02	1.52541566e-04
6.88000000e-01	1.45063683e-02	1.53019029e-04
6.89000000e-01	1.44446279e-02	1.52769367e-04
6.90000000e-01	1.44570553e-02	1.53028177e-04
6.91000000e-01	1.42152119e-02	1.49909868e-04
6.92000000e-01	1.45819822e-02	1.53779355e-04
6.93000000e-01	1.44770024e-02	1.52634204e-04
6.94000000e-01	1.45695536e-02	1.53597498e-04
6.95000000e-01	1.43323360e-02	1.51151961e-04
6.96000000e-01	1.42551568e-02	1.50622489e-04
6.97000000e-01	1.43695643e-02	1.51455222e-04
6.98000000e-01	1.42524709e-02	1.50561020e-04
6.99000000e-01	1.43317826e-02	1.50841086e-04
7.00000000e-01	1.44475604e-02	1.52298866e-04
7.01000000e-01	1.43847207e-02	1.51385003e-04
7.02000000e-01	1.42162210e-02	1.50374209e-04
7.03000000e-01	1.43168901e-02	1.51021874e-04
7.04000000e-01	1.43353943e-02	1.51236884e-04
7.05000000e-01	1.43233011e-02	1.51112651e-04
7.06000000e-01	1.41910079e-02	1.50051461e-04
7.07000000e-01	1.41268632e-02	1.48700550e-04
7.08000000e-01	1.42967817e-02	1.50098117e-04
7.09000000e-01	1.41979834e-02	1.49767310e-04
7.10000000e-01	1.42948192e-02	1.51025159e-04
7.11000000e-01	1.41920862e-02	1.49765577e-04
7.12000000e-01	1.42290893e-02	1.49465832e-04
7.13000000e-01	1.42109542e-02	1.49560048e-04
7.14000000e-01	1.40791346e-02	1.48402257e-04
7.15000000e-01	1.41173654e-02	1.49107709e-04
7.16000000e-01	1.42731541e-02	1.50299515e-04
7.17000000e-01	1.41133362e-02	1.48476450e-04
7.18000000e-01	1.41381654e-02	1.48943148e-04
7.19000000e-01	1.40714617e-02	1.48371989e-04
7.20000000e-01	1.42644879e-02	1.49959862e-04
7.21000000e-01	1.39806367e-02	1.47524040e-04
7.22000000e-01	1.41755787e-02	1.49493845e-04
7.23000000e-01	1.42190126e-02	1.49605796e-04
7.24000000e-01	1.42323530e-02	1.49731301e-04
7.25000000e-01	1.41082994e-02	1.48884327e-04
7.26000000e-01	1.40817238e-02	1.48730302e-04
7.27000000e-01	1.40218189e-02	1.47238721e-04
7.28000000e-01	1.40208127e-02	1.47590670e-04
7.29000000e-01	1.40506576e-02	1.48294797e-04
7.30000000e-01	1.40042238e-02	1.47828892e-04
7.31000000e-01	1.40261088e-02	1.48009395e-04
7.32000000e-01	1.41155793e-02	1.49067638e-04
7.33000000e-01	1.41263224e-02	1.48811010e-04
7.34000000e-01	1.39712696e-02	1.46794915e-04
7.35000000e-01	1.39918681e-02	1.47324023e-04
7.36000000e-01	1.40118371e-02	1.47103577e-04
7.37000000e-01	1.40141193e-02	1.46669387e-04
7.38000000e-01	1.41173802e-02	1.47632697e-04
7.39000000e-01	1.40644655e-02	1.46531836e-04
7.40000000e-01	1.39319756e-02	1.45373848e-04
7.41000000e-01	1.39367927e-02	1.45415824e-04
7.42000000e-01	1.39773093e-02	1.46198495e-04
7.43000000e-01	1.38640983e-02	1.45008561e-04
7.44000000e-01	1.38399458e-02	1.44583360e-04
7.45000000e-01	1.39236900e-02	1.44927755e-04
7.46000000e-01	1.40051464e-02	1.46040948e-04
7.47000000e-01	1.39924619e-02	1.45735015e-04
7.48000000e-01	1.39794269e-02	1.45904804e-04
7.49000000e-01	1.39203215e-02	1.45562381e-04
7.50000000e-01	1.39071941e-02	1.44645899e-04
7.51000000e-01	1.39436420e-02	1.45607601e-04
7.52000000e-01	1.38868847e-02	1.45710321e-04
7.53000000e-01	1.38503730e-02	1.44927162e-04
7.54000000e-01	1.38397976e-02	1.44570147e-04
7.55000000e-01	1.38426241e-02	1.44798888e-04
7.56000000e-01	1.38301665e-02	1.44431851e-04
7.57000000e-01	1.38780186e-02	1.45118485e-04
7.58000000e-01	1.37872706e-02	1.43692672e-04
7.59000000e-01	1.37826607e-02	1.43659718e-04
7.60000000e-01	1.38095030e-02	1.43613986e-04
7.61000000e-01	1.38079024e-02	1.43425925e-04
7.62000000e-01	1.37883178e-02	1.43379028e-04
7.63000000e-01	1.37668731e-02	1.42863112e-04
7.64000000e-01	1.39272286e-02	1.43918501e-04
7.65000000e-01	1.37619214e-02	1.42728178e-04
7.66000000e-01	1.37555443e-02	1.42585713e-04
7.67000000e-01	1.36597284e-02	1.41641312e-04
7.68000000e-01	1.36337276e-02	1.41477757e-04
7.69000000e-01	1.35377661e-02	1.41003393e-04
7.70000000e-01	1.36510035e-02	1.42015785e-04
7.71000000e-01	1.35622066e-02	1.40432010e-04
7.72000000e-01	1.37103107e-02	1.46564819e-04
7.73000000e-01	1.36746911e-02	1.51025269e-04
7.74000000e-01	1.36878062e-02	1.54082646e-04
7.75000000e-01	1.39001380e-02	1.58444532e-04
7.76000000e-01	1.34520359e-02	1.56123488e-04
7.77000000e-01	1.37629512e-02	1.61511565e-04
7.78000000e-01	1.36137384e-02	1.62470364e-04
7.79000000e-01	1.37752799e-02	1.65455999e-04
7.80000000e-01	1.35399170e-02	1.65994058e-04
7.81000000e-01	1.36169075e-02	1.68438733e-04
7.82000000e-01	1.35771975e-02	1.69533312e-04
7.83000000e-01	1.36188035e-02	1.71937997e-04
7.84000000e-01	1.37028390e-02	1.74260240e-04
7.85000000e-01	1.35863042e-02	1.74649125e-04
7.86000000e-01	1.36470203e-02	1.77914623e-04
7.87000000e-01	1.34883703e-02	1.77496963e-04
7.88000000e-01	1.36971648e-02	1.81136928e-04
7.89000000e-01	1.33764936e-02	1.80126870e-04
7.90000000e-01	1.34840177e-02	1.82506095e-04
7.91000000e-01	1.34126681e-02	1.84422905e-04
7.92000000e-01	1.37011833e-02	1.89541206e-04
7.93000000e-01	1.34085999e-02	1.87590409e-04
7.94000000e-01	1.33838949e-02	1.88273460e-04
7.95000000e-01	1.35283356e-02	1.93118790e-04
7.96000000e-01	1.33538511e-02	1.93017565e-04
7.97000000e-01	1.32796996e-02	1.93994088e-04
7.98000000e-01	1.33537044e-02	1.97733572e-04
7.99000000e-01	1.35017239e-02	1.99865856e-04
8.00000000e-01	1.35263390e-02	2.03160662e-04
8.01000000e-01	1.33451925e-02	2.02694024e-04
8.02000000e-01	1.34698444e-02	2.07283402e-04
8.03000000e-01	1.32446719e-02	2.04729133e-04
8.04000000e-01	1.33283777e-02	2.08628735e-04
8.05000000e-01	1.32756577e-02	2.10391531e-04
8.06000000e-01	1.32139540e-02	2.11246200e-04
8.07000000e-01	1.34931165e-02	2.17920118e-04
8.08000000e-01	1.34300115e-02	2.18747203e-04
8.09000000e-01	1.32867373e-02	2.19077035e-04
8.10000000e-01	1.30617626e-02	2.20351107e-04
8.11000000e-01	1.32893042e-02	2.24638395e-04
8.12000000e-01	1.34648801e-02	2.29492522e-04
8.13000000e-01	1.33889511e-02	2.30544272e-04
8.14000000e-01	1.32850063e-02	2.32265169e-04
8.15000000e-01	1.34531071e-02	2.37968409e-04
8.16000000e-01	1.32009648e-02	2.38547618e-04
8.17000000e-01	1.32022990e-02	2.39486892e-04
8.18000000e-01	1.28378884e-02	2.36603699e-04
8.19000000e-01	1.30324941e-02	2.43086323e-04
8.20000000e-01	1.31108497e-02	2.48393071e-04
8.21000000e-01	1.32286098e-02	2.52049078e-04
8.22000000e-01	1.30855989e-02	2.53386920e-04
8.23000000e-01	1.31503131e-02	2.55958737e-04
8.24000000e-01	1.32030967e-02	2.63478125e-04
8.25000000e-01	1.29734667e-02	2.61957421e-04
8.26000000e-01	1.31398357e-02	2.68429222e-04
8.27000000e-01	1.30744498e-02	2.71647210e-04
8.28000000e-01	1.30590133e-02	2.75786904e-04
8.29000000e-01	1.26758461e-02	2.72920257e-04
8.30000000e-01	1.31217895e-02	2.84268526e-04
8.31000000e-01	1.33518316e-02	2.92320311e-04
8.32000000e-01	1.31204921e-02	2.93752896e-04
8.33000000e-01	1.27941482e-02	2.92820699e-04
8.34000000e-01	1.33039165e-02	3.09707996e-04
8.35000000e-01	1.30550014e-02	3.10860542e-04
8.36000000e-01	1.28700133e-02	3.10607895e-04
8.37000000e-01	1.27733535e-02	3.16138654e-04
8.38000000e-01	1.32247396e-02	3.32223184e-04
8.39000000e-01	1.28698587e-02	3.29521473e-04
8.40000000e-01	1.28223840e-02	3.36217315e-04
8.41000000e-01	1.24683583e-02	3.36028318e-04
8.42000000e-01	1.25094426e-02	3.45938209e-04
8.43000000e-01	1.27881368e-02	3.57349888e-04
8.44000000e-01	1.28445878e-02	3.64848279e-04
8.45000000e-01	1.26987458e-02	3.73974224e-04
8.46000000e-01	1.29867694e-02	3.91999102e-04
8.47000000e-01	1.26707039e-02	3.96184162e-04
8.48000000e-01	1.30487735e-02	4.21955327e-04
8.49000000e-01	1.33191714e-02	4.34770887e-04
8.50000000e-01	1.24769626e-02	4.28425683e-04
8.51000000e-01	1.31496388e-02	4.67419670e-04
8.52000000e-01	1.24452642e-02	4.59490979e-04
8.53000000e-01	1.27008327e-02	4.89638337e-04
8.54000000e-01	1.24132027e-02	5.00218910e-04
8.55000000e-01	1.22315661e-02	5.09823239e-04
8.56000000e-01	1.28147529e-02	5.52500756e-04
8.57000000e-01	1.25830056e-02	5.51138266e-04
8.58000000e-01	1.24325738e-02	5.62060076e-04
8.59000000e-01	1.25350195e-02	5.91135726e-04
8.60000000e-01	1.28910448e-02	6.20181214e-04
8.61000000e-01	1.29100258e-02	6.36362400e-04
8.62000000e-01	1.21262773e-02	6.28520795e-04
8.63000000e-01	1.22422803e-02	6.55660856e-04
8.64000000e-01	1.24942486e-02	7.02822374e-04
8.65000000e-01	1.29677693e-02	7.60374794e-04
8.66000000e-01	1.21154971e-02	7.55633895e-04
8.67000000e-01	1.27726203e-02	8.60960795e-04
8.68000000e-01	1.23056883e-02	8.76322717e-04
8.69000000e-01	1.24441610e-02	9.20333798e-04
8.70000000e-01	1.24949512e-02	1.00913885e-03
8.71000000e-01	1.27705182e-02	1.15748650e-03
8.72000000e-01	1.21311709e-02	1.25472416e-03
8.73000000e-01	1.37929193e-02	1.63210771e-03
8.74000000e-01	1.57432415e-02	2.35380470e-03
8.75000000e-01	9.47643813e-03	3.46619488e-03
