% Filename : SDL5_p7_00025_00001.h5
% Date & Time : 30-Oct-2025 16:55:22
% X-ray Energy (keV) : 13.30001
% Exposure Time (s) : 0.500
% Beam Center : 1461.24000, 208.98300
% Sample to Detector Distance (SDD) (mm) : 1990.750
% Detector Pixel Size (mm) : 0.075
% Photodiode Value : 141390.000
% I0 of Sample : 0
% I0 of Standard : 1
% 
% q(A^-1)   I(q)    I(q)_SE
0.00000000e+00	8.94455459e-03	4.60715182e-03
2.50000000e-04	0.00000000e+00	0.00000000e+00
5.00000000e-04	0.00000000e+00	0.00000000e+00
7.50000000e-04	0.00000000e+00	0.00000000e+00
1.00000000e-03	0.00000000e+00	0.00000000e+00
1.25000000e-03	0.00000000e+00	0.00000000e+00
1.50000000e-03	0.00000000e+00	0.00000000e+00
1.75000000e-03	0.00000000e+00	0.00000000e+00
2.00000000e-03	0.00000000e+00	0.00000000e+00
2.25000000e-03	0.00000000e+00	0.00000000e+00
2.50000000e-03	0.00000000e+00	0.00000000e+00
2.75000000e-03	0.00000000e+00	0.00000000e+00
3.00000000e-03	0.00000000e+00	0.00000000e+00
3.25000000e-03	4.58321316e+01	2.64690199e+01
3.50000000e-03	2.93644687e+01	7.78874282e+00
3.75000000e-03	2.20033450e+01	4.82468897e+00
4.00000000e-03	1.85857712e+01	3.74382156e+00
4.25000000e-03	1.27020157e+01	2.11578778e+00
4.50000000e-03	1.95034153e+01	4.39210268e+00
4.75000000e-03	2.33531184e+01	5.26178777e+00
5.00000000e-03	1.74776691e+01	3.70731585e+00
5.25000000e-03	1.44166775e+01	2.99497007e+00
5.50000000e-03	1.15907545e+01	2.33508923e+00
5.75000000e-03	9.70202194e+00	1.90347284e+00
6.00000000e-03	7.72409210e+00	1.44529876e+00
6.25000000e-03	6.62236273e+00	1.22404215e+00
6.50000000e-03	5.46944200e+00	9.74946081e-01
6.75000000e-03	4.65312644e+00	8.17852922e-01
7.00000000e-03	4.00787166e+00	6.70802334e-01
7.25000000e-03	3.40411290e+00	5.57966526e-01
7.50000000e-03	2.83527951e+00	4.55606562e-01
7.75000000e-03	2.58797813e+00	4.13274371e-01
8.00000000e-03	2.30507905e+00	3.59127591e-01
8.25000000e-03	1.95614437e+00	2.90227154e-01
8.50000000e-03	1.72689004e+00	2.49257451e-01
8.75000000e-03	1.55897225e+00	2.23249928e-01
9.00000000e-03	1.36405428e+00	1.92238473e-01
9.25000000e-03	1.22001171e+00	1.68913356e-01
9.50000000e-03	1.07283727e+00	1.43875534e-01
9.75000000e-03	9.70966248e-01	1.27491522e-01
1.00000000e-02	8.34800518e-01	1.06195351e-01
1.02500000e-02	8.00297189e-01	1.06244890e-01
1.05000000e-02	7.31870227e-01	9.26769618e-02
1.07500000e-02	6.67134361e-01	8.26056150e-02
1.10000000e-02	5.91417893e-01	7.06801511e-02
1.12500000e-02	5.40689934e-01	6.61054727e-02
1.15000000e-02	5.04387649e-01	6.04923093e-02
1.17500000e-02	4.56692678e-01	5.34426139e-02
1.20000000e-02	4.29497509e-01	4.92054857e-02
1.22500000e-02	3.95126799e-01	4.40192076e-02
1.25000000e-02	3.72897570e-01	4.13198151e-02
1.27500000e-02	3.36338157e-01	3.63559622e-02
1.30000000e-02	3.16750409e-01	3.29419678e-02
1.32500000e-02	2.93583020e-01	3.02363793e-02
1.35000000e-02	2.74244312e-01	2.77684345e-02
1.37500000e-02	2.53895030e-01	2.54248827e-02
1.40000000e-02	2.37800375e-01	2.32797483e-02
1.42500000e-02	2.18501420e-01	2.08180444e-02
1.45000000e-02	2.07930441e-01	1.97724557e-02
1.47500000e-02	1.97872970e-01	1.88058148e-02
1.50000000e-02	1.85669698e-01	1.72640442e-02
1.52500000e-02	1.73168233e-01	1.57000843e-02
1.55000000e-02	1.60495894e-01	1.41901468e-02
1.57500000e-02	1.51501427e-01	1.37246256e-02
1.60000000e-02	1.44973753e-01	1.26118087e-02
1.62500000e-02	1.41322816e-01	1.21789961e-02
1.65000000e-02	1.29572575e-01	1.07058275e-02
1.67500000e-02	1.25958609e-01	1.03045478e-02
1.70000000e-02	1.19883664e-01	9.59026298e-03
1.72500000e-02	1.14435636e-01	9.09476289e-03
1.75000000e-02	1.09279503e-01	8.57424464e-03
1.77500000e-02	1.03404606e-01	8.01992062e-03
1.80000000e-02	1.01900145e-01	7.78210611e-03
1.82500000e-02	9.63128722e-02	7.13518509e-03
1.85000000e-02	9.15160290e-02	6.84086741e-03
1.87500000e-02	8.93867336e-02	6.39387618e-03
1.90000000e-02	8.48481734e-02	6.10738608e-03
1.92500000e-02	8.14634206e-02	5.74923433e-03
1.95000000e-02	7.82930767e-02	5.32364139e-03
1.97500000e-02	7.64622209e-02	5.28419633e-03
2.00000000e-02	7.29673114e-02	5.03108489e-03
2.02500000e-02	7.01775308e-02	4.66004969e-03
2.05000000e-02	6.83569137e-02	4.47060608e-03
2.07500000e-02	6.69200962e-02	4.20521243e-03
2.10000000e-02	6.43355935e-02	4.19389556e-03
2.12500000e-02	6.38959012e-02	4.06965089e-03
2.15000000e-02	6.32146588e-02	4.06197255e-03
2.17500000e-02	6.05877558e-02	3.79820655e-03
2.20000000e-02	5.94817546e-02	3.67661589e-03
2.22500000e-02	5.84475732e-02	3.52627214e-03
2.25000000e-02	5.77446975e-02	3.65066899e-03
2.27500000e-02	5.70390706e-02	3.51197372e-03
2.30000000e-02	5.53607961e-02	3.35925404e-03
2.32500000e-02	5.21990475e-02	3.12126954e-03
2.35000000e-02	5.25548792e-02	3.15718307e-03
2.37500000e-02	5.33296391e-02	3.15397014e-03
2.40000000e-02	5.19981264e-02	3.11516074e-03
2.42500000e-02	5.03469713e-02	2.98359427e-03
2.45000000e-02	4.98519042e-02	2.89939173e-03
2.47500000e-02	4.75781028e-02	2.75650894e-03
2.50000000e-02	4.76504309e-02	2.71417547e-03
2.52500000e-02	4.64331498e-02	2.64090530e-03
2.55000000e-02	4.59477564e-02	2.54845669e-03
2.57500000e-02	4.42465358e-02	2.40539760e-03
2.60000000e-02	4.38693111e-02	2.46757345e-03
2.62500000e-02	4.17159065e-02	2.34436362e-03
2.65000000e-02	4.19512391e-02	2.27939352e-03
2.67500000e-02	4.12916090e-02	2.26405567e-03
2.70000000e-02	4.16978462e-02	2.24657977e-03
2.72500000e-02	4.02602817e-02	2.17231506e-03
2.75000000e-02	4.04454841e-02	2.21946065e-03
2.77500000e-02	3.97258868e-02	2.14584027e-03
2.80000000e-02	3.90125252e-02	2.04753790e-03
2.82500000e-02	3.88590522e-02	1.98923191e-03
2.85000000e-02	3.80800410e-02	1.98582911e-03
2.87500000e-02	3.87374956e-02	1.97308800e-03
2.90000000e-02	3.73591949e-02	1.92497008e-03
2.92500000e-02	3.71694431e-02	1.85519847e-03
2.95000000e-02	3.70652082e-02	1.87136397e-03
2.97500000e-02	3.69793234e-02	1.84389297e-03
3.00000000e-02	3.51171992e-02	1.77432654e-03
3.02500000e-02	3.67367985e-02	1.82819286e-03
3.05000000e-02	3.52489833e-02	1.70551203e-03
3.07500000e-02	3.56347203e-02	1.74599201e-03
3.10000000e-02	3.45256210e-02	1.69959761e-03
3.12500000e-02	3.38297114e-02	1.67093274e-03
3.15000000e-02	3.48459430e-02	1.70013134e-03
3.17500000e-02	3.33759292e-02	1.61098072e-03
3.20000000e-02	3.26385028e-02	1.57564333e-03
3.22500000e-02	3.36971155e-02	1.61888488e-03
3.25000000e-02	3.34405335e-02	1.61068598e-03
3.27500000e-02	3.21442285e-02	1.52582593e-03
3.30000000e-02	3.25864397e-02	1.54827677e-03
3.32500000e-02	3.17246259e-02	1.51136983e-03
3.35000000e-02	3.04676938e-02	1.45757659e-03
3.37500000e-02	3.13872566e-02	1.49165685e-03
3.40000000e-02	3.06878800e-02	1.45825643e-03
3.42500000e-02	3.06450368e-02	1.41375035e-03
3.45000000e-02	3.04769061e-02	1.41578653e-03
3.47500000e-02	3.05381581e-02	1.42342542e-03
3.50000000e-02	2.92552125e-02	1.35650698e-03
3.52500000e-02	2.94401146e-02	1.37093092e-03
3.55000000e-02	2.95539648e-02	1.32803073e-03
3.57500000e-02	2.87779178e-02	1.33236635e-03
3.60000000e-02	2.86870090e-02	1.32050147e-03
3.62500000e-02	2.89094545e-02	1.33069934e-03
3.65000000e-02	2.78134021e-02	1.26766581e-03
3.67500000e-02	2.87947668e-02	1.30530678e-03
3.70000000e-02	2.79991243e-02	1.27192457e-03
3.72500000e-02	2.88200298e-02	1.29645832e-03
3.75000000e-02	2.76529348e-02	1.25394768e-03
3.77500000e-02	2.80156857e-02	1.26374657e-03
3.80000000e-02	2.69079660e-02	1.20184477e-03
3.82500000e-02	2.80337678e-02	1.24421956e-03
3.85000000e-02	2.75284887e-02	1.21939989e-03
3.87500000e-02	2.69221537e-02	1.17618542e-03
3.90000000e-02	2.75634390e-02	1.21358143e-03
3.92500000e-02	2.77904157e-02	1.19678182e-03
3.95000000e-02	2.61192194e-02	1.14352467e-03
3.97500000e-02	2.59301887e-02	1.14834851e-03
4.00000000e-02	2.59300725e-02	1.12749475e-03
4.02500000e-02	2.65234215e-02	1.15397340e-03
4.05000000e-02	2.59723357e-02	1.12219708e-03
4.07500000e-02	2.61866930e-02	1.13403589e-03
4.10000000e-02	2.56742876e-02	1.11812883e-03
4.12500000e-02	2.64084357e-02	1.14533704e-03
4.15000000e-02	2.55719949e-02	1.10245897e-03
4.17500000e-02	2.71537592e-02	1.16035667e-03
4.20000000e-02	2.53956920e-02	1.08650249e-03
4.22500000e-02	2.64255239e-02	1.12165750e-03
4.25000000e-02	2.57298631e-02	1.08995378e-03
4.27500000e-02	2.62975875e-02	1.10551960e-03
4.30000000e-02	2.49749680e-02	1.05316107e-03
4.32500000e-02	2.52565522e-02	1.06322997e-03
4.35000000e-02	2.49680840e-02	1.06220150e-03
4.37500000e-02	2.52365516e-02	1.04628725e-03
4.40000000e-02	2.42223300e-02	1.03503526e-03
4.42500000e-02	2.45940256e-02	1.03192117e-03
4.45000000e-02	2.48320032e-02	1.03021083e-03
4.47500000e-02	2.43528380e-02	1.01585151e-03
4.50000000e-02	2.49238414e-02	1.04680033e-03
4.52500000e-02	2.39438876e-02	9.96307643e-04
4.55000000e-02	2.49098200e-02	1.02685277e-03
4.57500000e-02	2.41506589e-02	9.98382627e-04
4.60000000e-02	2.52846705e-02	1.04651536e-03
4.62500000e-02	2.35930213e-02	9.71177023e-04
4.65000000e-02	2.38094398e-02	9.81064788e-04
4.67500000e-02	2.40660550e-02	9.80677234e-04
4.70000000e-02	2.37065486e-02	9.64059290e-04
4.72500000e-02	2.38306177e-02	9.73555821e-04
4.75000000e-02	2.37053131e-02	9.74080823e-04
4.77500000e-02	2.38338958e-02	9.69257713e-04
4.80000000e-02	2.32070496e-02	9.43751044e-04
4.82500000e-02	2.33045213e-02	9.35278382e-04
4.85000000e-02	2.34680338e-02	9.49862389e-04
4.87500000e-02	2.36098004e-02	9.56092795e-04
4.90000000e-02	2.35881427e-02	9.40470837e-04
4.92500000e-02	2.33080485e-02	9.35381643e-04
4.95000000e-02	2.38277855e-02	9.43959701e-04
4.97500000e-02	2.30145914e-02	9.26935249e-04
5.00000000e-02	2.32451487e-02	9.31599404e-04
5.02500000e-02	2.34833027e-02	9.29384056e-04
5.05000000e-02	2.31538059e-02	9.22057451e-04
5.07500000e-02	2.26473199e-02	9.07143148e-04
5.10000000e-02	2.32752363e-02	9.17554579e-04
5.12500000e-02	2.25890636e-02	9.01712873e-04
5.15000000e-02	2.30000666e-02	9.01110749e-04
5.17500000e-02	2.32222704e-02	9.12706654e-04
5.20000000e-02	2.26162811e-02	8.90729452e-04
5.22500000e-02	2.29606641e-02	9.09551532e-04
5.25000000e-02	2.25215649e-02	8.75839468e-04
5.27500000e-02	2.28132331e-02	8.92591054e-04
5.30000000e-02	2.28003466e-02	8.89616322e-04
5.32500000e-02	2.22501072e-02	8.70073250e-04
5.35000000e-02	2.26415573e-02	8.86238045e-04
5.37500000e-02	2.22190757e-02	8.59606980e-04
5.40000000e-02	2.31954623e-02	8.99817996e-04
5.42500000e-02	2.20370716e-02	8.51586618e-04
5.45000000e-02	2.23621880e-02	8.70299261e-04
5.47500000e-02	2.20723908e-02	8.48629303e-04
5.50000000e-02	2.22572844e-02	8.61289271e-04
5.52500000e-02	2.25717030e-02	8.69063109e-04
5.55000000e-02	2.22455448e-02	8.45903427e-04
5.57500000e-02	2.20664815e-02	8.48738090e-04
5.60000000e-02	2.23318622e-02	8.52764819e-04
5.62500000e-02	2.21615885e-02	8.48983390e-04
5.65000000e-02	2.21542626e-02	8.43448684e-04
5.67500000e-02	2.22610138e-02	8.44470585e-04
5.70000000e-02	2.20493109e-02	8.38329206e-04
5.72500000e-02	2.11088722e-02	8.08071043e-04
5.75000000e-02	2.25280198e-02	8.54996588e-04
5.77500000e-02	2.23408980e-02	8.37480596e-04
5.80000000e-02	2.27317650e-02	8.50914849e-04
5.82500000e-02	2.17133279e-02	8.12294068e-04
5.85000000e-02	2.17251980e-02	8.14510053e-04
5.87500000e-02	2.16859327e-02	8.11249186e-04
5.90000000e-02	2.22929109e-02	8.28733483e-04
5.92500000e-02	2.17828524e-02	8.15802725e-04
5.95000000e-02	2.17090659e-02	8.02346151e-04
5.97500000e-02	2.15296166e-02	8.07748433e-04
6.00000000e-02	2.15695899e-02	8.00774094e-04
6.02500000e-02	2.14567582e-02	7.94236396e-04
6.05000000e-02	2.17653000e-02	8.01986884e-04
6.07500000e-02	2.13774100e-02	7.90709259e-04
6.10000000e-02	2.18618802e-02	8.07601312e-04
6.12500000e-02	2.15829630e-02	7.95906166e-04
6.15000000e-02	2.17140314e-02	7.94286415e-04
6.17500000e-02	2.21138958e-02	8.07875108e-04
6.20000000e-02	2.14563159e-02	7.85125769e-04
6.22500000e-02	2.15813843e-02	7.92774048e-04
6.25000000e-02	2.15670238e-02	7.87687007e-04
6.27500000e-02	2.10634317e-02	7.71141691e-04
6.30000000e-02	2.08694455e-02	7.65185548e-04
6.32500000e-02	2.10190312e-02	7.65969003e-04
6.35000000e-02	2.16083789e-02	7.82822884e-04
6.37500000e-02	2.11739805e-02	7.72332545e-04
6.40000000e-02	2.09686080e-02	7.63955683e-04
6.42500000e-02	2.19188828e-02	7.88898941e-04
6.45000000e-02	2.11781130e-02	7.61594603e-04
6.47500000e-02	2.16013133e-02	7.78597189e-04
6.50000000e-02	2.07776761e-02	7.55563445e-04
6.52500000e-02	2.08042973e-02	7.51135073e-04
6.55000000e-02	2.13218401e-02	7.63513598e-04
6.57500000e-02	2.15927065e-02	7.75928242e-04
6.60000000e-02	2.10858113e-02	7.58214289e-04
6.62500000e-02	2.10361290e-02	7.56407870e-04
6.65000000e-02	2.12406011e-02	7.50900752e-04
6.67500000e-02	2.11669893e-02	7.51873627e-04
6.70000000e-02	2.09338160e-02	7.43826691e-04
6.72500000e-02	2.09226270e-02	7.44003561e-04
6.75000000e-02	2.10531487e-02	7.42235845e-04
6.77500000e-02	2.07398845e-02	7.38414511e-04
6.80000000e-02	2.06571723e-02	7.32861870e-04
6.82500000e-02	2.15830314e-02	7.62313048e-04
6.85000000e-02	2.08288992e-02	7.33871748e-04
6.87500000e-02	2.14342817e-02	7.47002491e-04
6.90000000e-02	2.13908592e-02	7.51188619e-04
6.92500000e-02	2.10739508e-02	7.38697056e-04
6.95000000e-02	2.09946736e-02	7.37155954e-04
6.97500000e-02	2.12787699e-02	7.45696389e-04
7.00000000e-02	2.08724988e-02	7.26315909e-04
7.02500000e-02	2.10816873e-02	7.32408822e-04
7.05000000e-02	2.09746387e-02	7.25467493e-04
7.07500000e-02	2.03920037e-02	7.17576317e-04
7.10000000e-02	2.08318932e-02	7.19709868e-04
7.12500000e-02	2.08858565e-02	7.27209104e-04
7.15000000e-02	2.03654813e-02	7.05487879e-04
7.17500000e-02	2.09091982e-02	7.23870094e-04
7.20000000e-02	2.06529583e-02	7.15704765e-04
7.22500000e-02	2.08091074e-02	7.18726405e-04
7.25000000e-02	2.07661677e-02	7.18550309e-04
7.27500000e-02	2.05020040e-02	7.06607057e-04
7.30000000e-02	2.12491163e-02	7.31705821e-04
7.32500000e-02	2.08846843e-02	7.10818807e-04
7.35000000e-02	2.01621585e-02	6.96073951e-04
7.37500000e-02	2.03408755e-02	6.97140247e-04
7.40000000e-02	2.07585263e-02	7.07137049e-04
7.42500000e-02	2.07920827e-02	7.11027866e-04
7.45000000e-02	2.04977421e-02	6.95193661e-04
7.47500000e-02	2.05679607e-02	6.92351599e-04
7.50000000e-02	2.02400565e-02	6.90620196e-04
7.52500000e-02	2.06872997e-02	7.03263259e-04
7.55000000e-02	2.02281810e-02	6.87152458e-04
7.57500000e-02	2.05130250e-02	6.94447684e-04
7.60000000e-02	2.11486744e-02	7.09379906e-04
7.62500000e-02	2.03748435e-02	6.89637246e-04
7.65000000e-02	2.07377236e-02	6.96327971e-04
7.67500000e-02	2.05204241e-02	6.87338436e-04
7.70000000e-02	2.06453968e-02	6.91443460e-04
7.72500000e-02	2.01370326e-02	6.93524100e-04
7.75000000e-02	2.02168707e-02	6.99338726e-04
7.77500000e-02	2.09232114e-02	7.24963971e-04
7.80000000e-02	2.08563411e-02	7.23037245e-04
7.82500000e-02	2.03194782e-02	7.11195393e-04
7.85000000e-02	2.04499864e-02	7.19439979e-04
7.87500000e-02	2.10673072e-02	7.31875033e-04
7.90000000e-02	2.04029526e-02	7.26637399e-04
7.92500000e-02	2.02986718e-02	7.19160860e-04
7.95000000e-02	2.07618325e-02	7.46461957e-04
7.97500000e-02	2.10438168e-02	7.53116849e-04
8.00000000e-02	2.06948300e-02	7.38788598e-04
8.02500000e-02	2.00339268e-02	7.20872564e-04
8.05000000e-02	2.10098216e-02	7.43914484e-04
8.07500000e-02	2.09248036e-02	7.55334956e-04
8.10000000e-02	2.02329286e-02	7.31387007e-04
8.12500000e-02	2.09029253e-02	7.51137178e-04
8.15000000e-02	2.04032075e-02	7.32179788e-04
8.17500000e-02	2.04380399e-02	7.45721446e-04
8.20000000e-02	2.01577700e-02	7.35535168e-04
8.22500000e-02	2.07619117e-02	7.58332558e-04
8.25000000e-02	1.99365417e-02	7.25031358e-04
8.27500000e-02	2.07013317e-02	7.49292670e-04
8.30000000e-02	2.09045482e-02	7.62450686e-04
8.32500000e-02	1.97810367e-02	7.29078165e-04
8.35000000e-02	2.04595793e-02	7.64857485e-04
8.37500000e-02	2.00952415e-02	7.41244045e-04
8.40000000e-02	2.03820093e-02	7.48561033e-04
8.42500000e-02	2.05705922e-02	7.52850220e-04
8.45000000e-02	2.10467778e-02	7.76633258e-04
8.47500000e-02	2.08757619e-02	7.70532426e-04
8.50000000e-02	1.99206524e-02	7.33584935e-04
8.52500000e-02	2.06622212e-02	7.63585739e-04
8.55000000e-02	2.01917786e-02	7.41437534e-04
8.57500000e-02	2.00247293e-02	7.41310978e-04
8.60000000e-02	2.03385289e-02	7.54970254e-04
8.62500000e-02	1.99151452e-02	7.39951392e-04
8.65000000e-02	2.03464265e-02	7.50257325e-04
8.67500000e-02	2.02070184e-02	7.45012379e-04
8.70000000e-02	2.02224627e-02	7.33681209e-04
8.72500000e-02	1.97892772e-02	7.01804376e-04
8.75000000e-02	2.03416366e-02	7.20957927e-04
8.77500000e-02	2.06569178e-02	7.19010517e-04
8.80000000e-02	2.03277931e-02	7.12847904e-04
8.82500000e-02	2.04107202e-02	7.15526329e-04
8.85000000e-02	2.05718492e-02	7.21778401e-04
8.87500000e-02	2.10187477e-02	7.12190252e-04
8.90000000e-02	2.05022608e-02	7.08075361e-04
8.92500000e-02	2.06094551e-02	7.07393951e-04
8.95000000e-02	2.07499460e-02	7.09176797e-04
8.97500000e-02	2.05592456e-02	6.98792709e-04
9.00000000e-02	1.98640265e-02	6.71634469e-04
9.02500000e-02	2.02046065e-02	6.80750862e-04
9.05000000e-02	2.08165047e-02	7.03590339e-04
9.07500000e-02	2.01516189e-02	6.79347586e-04
9.10000000e-02	2.03787673e-02	6.83209273e-04
9.12500000e-02	2.02109664e-02	6.78319136e-04
9.15000000e-02	2.01841029e-02	6.76451548e-04
9.17500000e-02	1.96359272e-02	6.63659353e-04
9.20000000e-02	2.03107970e-02	6.79009341e-04
9.22500000e-02	1.97656347e-02	6.59542194e-04
9.25000000e-02	2.03844523e-02	6.74147921e-04
9.27500000e-02	2.03019036e-02	6.70371585e-04
9.30000000e-02	1.96756457e-02	6.57307856e-04
9.32500000e-02	2.06435864e-02	6.89047068e-04
9.35000000e-02	2.04724806e-02	6.66561974e-04
9.37500000e-02	2.04568832e-02	6.69678938e-04
9.40000000e-02	1.98730323e-02	6.56149193e-04
9.42500000e-02	2.02829881e-02	6.68640090e-04
9.45000000e-02	2.03756226e-02	6.65792929e-04
9.47500000e-02	2.00826960e-02	6.60035714e-04
9.50000000e-02	1.99717670e-02	6.48102447e-04
9.52500000e-02	2.07638693e-02	6.72859990e-04
9.55000000e-02	2.02142851e-02	6.55801458e-04
9.57500000e-02	1.91696316e-02	6.24505249e-04
9.60000000e-02	2.00713821e-02	6.52755434e-04
9.62500000e-02	2.00544661e-02	6.44572968e-04
9.65000000e-02	2.02735308e-02	6.54969442e-04
9.67500000e-02	1.97120266e-02	6.37171888e-04
9.70000000e-02	2.03004697e-02	6.47886028e-04
9.72500000e-02	2.00857356e-02	6.43651203e-04
9.75000000e-02	2.04146056e-02	6.53008199e-04
9.77500000e-02	1.98699041e-02	6.30720643e-04
9.80000000e-02	2.03202519e-02	6.50013451e-04
9.82500000e-02	2.00278626e-02	6.39473406e-04
9.85000000e-02	1.98458427e-02	6.31930587e-04
9.87500000e-02	1.98179826e-02	6.27312585e-04
9.90000000e-02	1.98223125e-02	6.26890226e-04
9.92500000e-02	1.98057835e-02	6.30628518e-04
9.95000000e-02	2.04167223e-02	6.47678901e-04
9.97500000e-02	1.98988612e-02	6.33934962e-04
1.00000000e-01	1.99702514e-02	5.12089617e-04
1.00500000e-01	1.98374686e-02	4.41945951e-04
1.01000000e-01	2.01611855e-02	4.45194444e-04
1.01500000e-01	2.00247865e-02	4.43789181e-04
1.02000000e-01	2.01301103e-02	4.41004573e-04
1.02500000e-01	1.97667596e-02	4.32389916e-04
1.03000000e-01	1.99505532e-02	4.37764242e-04
1.03500000e-01	1.99353088e-02	4.38008478e-04
1.04000000e-01	2.01207908e-02	4.38905313e-04
1.04500000e-01	2.02596355e-02	4.41813139e-04
1.05000000e-01	1.96581426e-02	4.25010808e-04
1.05500000e-01	1.98296071e-02	4.29510206e-04
1.06000000e-01	1.97119489e-02	4.24631555e-04
1.06500000e-01	1.97445481e-02	4.25479596e-04
1.07000000e-01	1.96252013e-02	4.29064241e-04
1.07500000e-01	2.00510966e-02	4.43996440e-04
1.08000000e-01	1.98620062e-02	4.44272794e-04
1.08500000e-01	1.97863041e-02	4.46826599e-04
1.09000000e-01	2.00256546e-02	4.52637500e-04
1.09500000e-01	1.97334514e-02	4.48877472e-04
1.10000000e-01	1.98150496e-02	4.45681914e-04
1.10500000e-01	1.96649837e-02	4.33241372e-04
1.11000000e-01	2.01295254e-02	4.36373180e-04
1.11500000e-01	1.98994911e-02	4.29307247e-04
1.12000000e-01	1.99675603e-02	4.26433519e-04
1.12500000e-01	1.99887578e-02	4.22401314e-04
1.13000000e-01	1.99726410e-02	4.23562179e-04
1.13500000e-01	1.99494120e-02	4.20446991e-04
1.14000000e-01	1.93839794e-02	4.06058498e-04
1.14500000e-01	2.00668103e-02	4.22403657e-04
1.15000000e-01	2.01621785e-02	4.19360895e-04
1.15500000e-01	2.01279193e-02	4.19266036e-04
1.16000000e-01	2.01575946e-02	4.19394252e-04
1.16500000e-01	2.01242403e-02	4.17663479e-04
1.17000000e-01	1.99120698e-02	4.12953889e-04
1.17500000e-01	1.95805849e-02	4.05066943e-04
1.18000000e-01	1.99429223e-02	4.11924146e-04
1.18500000e-01	2.00381734e-02	4.11637822e-04
1.19000000e-01	1.99146531e-02	4.06627439e-04
1.19500000e-01	1.98237109e-02	4.03928913e-04
1.20000000e-01	2.00354813e-02	4.08443329e-04
1.20500000e-01	1.96819136e-02	4.01243006e-04
1.21000000e-01	1.97288582e-02	3.98945029e-04
1.21500000e-01	1.95920965e-02	3.99501014e-04
1.22000000e-01	1.98770718e-02	4.01504970e-04
1.22500000e-01	1.98208951e-02	4.00242824e-04
1.23000000e-01	1.97552870e-02	3.98512134e-04
1.23500000e-01	1.95808566e-02	3.93442927e-04
1.24000000e-01	1.98108594e-02	3.97287865e-04
1.24500000e-01	1.98188531e-02	3.94838492e-04
1.25000000e-01	1.95322924e-02	3.88872038e-04
1.25500000e-01	2.01281911e-02	4.00017240e-04
1.26000000e-01	1.95751851e-02	3.89268028e-04
1.26500000e-01	1.97427964e-02	3.93660826e-04
1.27000000e-01	1.97159180e-02	3.88279639e-04
1.27500000e-01	1.98823787e-02	3.90911943e-04
1.28000000e-01	1.96369383e-02	3.87465314e-04
1.28500000e-01	1.97172855e-02	3.86644401e-04
1.29000000e-01	1.96078793e-02	3.84997257e-04
1.29500000e-01	1.97678688e-02	3.86422195e-04
1.30000000e-01	1.98733290e-02	3.88821307e-04
1.30500000e-01	1.96640194e-02	3.83155726e-04
1.31000000e-01	1.95723135e-02	3.80789127e-04
1.31500000e-01	1.98549485e-02	3.86567519e-04
1.32000000e-01	1.96510361e-02	3.82293563e-04
1.32500000e-01	2.00266202e-02	3.87691172e-04
1.33000000e-01	1.97648999e-02	3.82194715e-04
1.33500000e-01	1.94603448e-02	3.72439776e-04
1.34000000e-01	1.98239864e-02	3.79441493e-04
1.34500000e-01	1.96258399e-02	3.76140760e-04
1.35000000e-01	2.02539744e-02	3.84086580e-04
1.35500000e-01	1.97387321e-02	3.74503900e-04
1.36000000e-01	1.98801507e-02	3.75641216e-04
1.36500000e-01	1.97015611e-02	3.74413600e-04
1.37000000e-01	1.96472901e-02	3.71679767e-04
1.37500000e-01	1.96822315e-02	3.74066377e-04
1.38000000e-01	1.96999590e-02	3.73713036e-04
1.38500000e-01	1.94265927e-02	3.66368957e-04
1.39000000e-01	1.98189616e-02	3.74806869e-04
1.39500000e-01	1.98312004e-02	3.73386827e-04
1.40000000e-01	1.94025246e-02	3.67425738e-04
1.40500000e-01	1.95575185e-02	3.66626906e-04
1.41000000e-01	1.94752476e-02	3.65025658e-04
1.41500000e-01	1.98208318e-02	3.71880955e-04
1.42000000e-01	1.94276543e-02	3.61738783e-04
1.42500000e-01	1.94516506e-02	3.63093589e-04
1.43000000e-01	1.96704248e-02	3.67179681e-04
1.43500000e-01	1.95986561e-02	3.64438673e-04
1.44000000e-01	1.93994256e-02	3.61420759e-04
1.44500000e-01	1.97329570e-02	3.62361090e-04
1.45000000e-01	1.95114108e-02	3.60861834e-04
1.45500000e-01	1.94684553e-02	3.60686185e-04
1.46000000e-01	1.96105174e-02	3.59555596e-04
1.46500000e-01	1.93208534e-02	3.56352978e-04
1.47000000e-01	1.93707610e-02	3.54986065e-04
1.47500000e-01	1.95140461e-02	3.59140497e-04
1.48000000e-01	1.94909753e-02	3.58460866e-04
1.48500000e-01	1.94383633e-02	3.57129686e-04
1.49000000e-01	1.94282238e-02	3.54272651e-04
1.49500000e-01	1.93339837e-02	3.53674103e-04
1.50000000e-01	1.93101073e-02	3.52404453e-04
1.50500000e-01	1.96266539e-02	3.56681656e-04
1.51000000e-01	1.91796787e-02	3.47919867e-04
1.51500000e-01	1.98223421e-02	3.56752468e-04
1.52000000e-01	1.93074763e-02	3.48282354e-04
1.52500000e-01	1.94887255e-02	3.52227758e-04
1.53000000e-01	1.91731170e-02	3.45330717e-04
1.53500000e-01	1.93836515e-02	3.49901777e-04
1.54000000e-01	1.90724438e-02	3.42625275e-04
1.54500000e-01	1.96906797e-02	3.58961417e-04
1.55000000e-01	1.91867197e-02	3.53631819e-04
1.55500000e-01	1.93074276e-02	3.60235821e-04
1.56000000e-01	1.92559479e-02	3.60794313e-04
1.56500000e-01	1.91517049e-02	3.57662737e-04
1.57000000e-01	1.91568932e-02	3.59135319e-04
1.57500000e-01	1.92942183e-02	3.55269365e-04
1.58000000e-01	1.91548871e-02	3.45386771e-04
1.58500000e-01	1.93142289e-02	3.48308223e-04
1.59000000e-01	1.91039008e-02	3.43318764e-04
1.59500000e-01	1.93176193e-02	3.46022176e-04
1.60000000e-01	1.90986205e-02	3.43419406e-04
1.60500000e-01	1.92154205e-02	3.41456446e-04
1.61000000e-01	1.90250460e-02	3.40397489e-04
1.61500000e-01	1.89124439e-02	3.37106965e-04
1.62000000e-01	1.93299607e-02	3.40475581e-04
1.62500000e-01	1.90363242e-02	3.37949115e-04
1.63000000e-01	1.89810492e-02	3.33551947e-04
1.63500000e-01	1.94715388e-02	3.44862296e-04
1.64000000e-01	1.92623538e-02	3.37326958e-04
1.64500000e-01	1.91748677e-02	3.36389691e-04
1.65000000e-01	1.90822283e-02	3.34491312e-04
1.65500000e-01	1.91549507e-02	3.34768336e-04
1.66000000e-01	1.92692063e-02	3.34736300e-04
1.66500000e-01	1.90580059e-02	3.31484053e-04
1.67000000e-01	1.88392614e-02	3.29887184e-04
1.67500000e-01	1.92585418e-02	3.34739141e-04
1.68000000e-01	1.90403249e-02	3.31411384e-04
1.68500000e-01	1.89392115e-02	3.27705964e-04
1.69000000e-01	1.91700186e-02	3.31916717e-04
1.69500000e-01	1.89953307e-02	3.26884562e-04
1.70000000e-01	1.89196278e-02	3.26306493e-04
1.70500000e-01	1.88491951e-02	3.24340753e-04
1.71000000e-01	1.93348583e-02	3.32343872e-04
1.71500000e-01	1.87325413e-02	3.23247757e-04
1.72000000e-01	1.89639480e-02	3.25628957e-04
1.72500000e-01	1.87806933e-02	3.23022946e-04
1.73000000e-01	1.90340641e-02	3.25102531e-04
1.73500000e-01	1.88355685e-02	3.20952741e-04
1.74000000e-01	1.88210665e-02	3.19936220e-04
1.74500000e-01	1.89574549e-02	3.19288652e-04
1.75000000e-01	1.86925063e-02	3.14881386e-04
1.75500000e-01	1.86209143e-02	3.13085262e-04
1.76000000e-01	1.90650613e-02	3.20287450e-04
1.76500000e-01	1.88013814e-02	3.16414268e-04
1.77000000e-01	1.90919328e-02	3.20284723e-04
1.77500000e-01	1.90547108e-02	3.20502233e-04
1.78000000e-01	1.87773928e-02	3.14473481e-04
1.78500000e-01	1.90525730e-02	3.20914071e-04
1.79000000e-01	1.89690562e-02	3.17078062e-04
1.79500000e-01	1.85107287e-02	3.12138629e-04
1.80000000e-01	1.89501627e-02	3.19014778e-04
1.80500000e-01	1.87263773e-02	3.15549303e-04
1.81000000e-01	1.88077415e-02	3.14717435e-04
1.81500000e-01	1.87085674e-02	3.12106320e-04
1.82000000e-01	1.85414859e-02	3.08947349e-04
1.82500000e-01	1.85081498e-02	3.08992111e-04
1.83000000e-01	1.88251349e-02	3.13629705e-04
1.83500000e-01	1.88281405e-02	3.12556539e-04
1.84000000e-01	1.86187888e-02	3.08184372e-04
1.84500000e-01	1.86737070e-02	3.09039505e-04
1.85000000e-01	1.87577593e-02	3.11997135e-04
1.85500000e-01	1.87172310e-02	3.08701973e-04
1.86000000e-01	1.86687537e-02	3.08927901e-04
1.86500000e-01	1.86828892e-02	3.07515809e-04
1.87000000e-01	1.85086691e-02	3.05496143e-04
1.87500000e-01	1.87157231e-02	3.07445761e-04
1.88000000e-01	1.84625181e-02	3.03427338e-04
1.88500000e-01	1.86863021e-02	3.07071456e-04
1.89000000e-01	1.84314971e-02	3.01785150e-04
1.89500000e-01	1.86159089e-02	3.05601287e-04
1.90000000e-01	1.84324845e-02	3.02202579e-04
1.90500000e-01	1.87617133e-02	3.06185537e-04
1.91000000e-01	1.85478063e-02	3.01053396e-04
1.91500000e-01	1.87110456e-02	3.05580709e-04
1.92000000e-01	1.85008471e-02	3.00274223e-04
1.92500000e-01	1.87439382e-02	3.04038320e-04
1.93000000e-01	1.85459433e-02	3.01740298e-04
1.93500000e-01	1.84992685e-02	3.00746755e-04
1.94000000e-01	1.87646290e-02	3.04040722e-04
1.94500000e-01	1.86893976e-02	3.01880344e-04
1.95000000e-01	1.84052764e-02	2.96599860e-04
1.95500000e-01	1.84679814e-02	2.98338688e-04
1.96000000e-01	1.84340038e-02	2.96746295e-04
1.96500000e-01	1.84119511e-02	2.97250214e-04
1.97000000e-01	1.84776300e-02	2.96536504e-04
1.97500000e-01	1.85903840e-02	2.98899776e-04
1.98000000e-01	1.84736563e-02	2.96298893e-04
1.98500000e-01	1.83627796e-02	2.93230114e-04
1.99000000e-01	1.83512447e-02	2.94331354e-04
1.99500000e-01	1.83213881e-02	2.92718306e-04
2.00000000e-01	1.81599950e-02	2.91095470e-04
2.00500000e-01	1.82394236e-02	2.91487377e-04
2.01000000e-01	1.82107516e-02	2.89227558e-04
2.01500000e-01	1.83869264e-02	2.92968142e-04
2.02000000e-01	1.81155104e-02	2.88667097e-04
2.02500000e-01	1.83442458e-02	2.90479603e-04
2.03000000e-01	1.81170764e-02	2.87425369e-04
2.03500000e-01	1.84492339e-02	2.90469308e-04
2.04000000e-01	1.82671485e-02	2.87715837e-04
2.04500000e-01	1.82479461e-02	2.88611538e-04
2.05000000e-01	1.84808140e-02	2.91293061e-04
2.05500000e-01	1.84452595e-02	2.90841371e-04
2.06000000e-01	1.83031223e-02	2.86745322e-04
2.06500000e-01	1.83552768e-02	2.88959334e-04
2.07000000e-01	1.81986898e-02	2.84895009e-04
2.07500000e-01	1.83591729e-02	2.86609112e-04
2.08000000e-01	1.84101337e-02	2.88248410e-04
2.08500000e-01	1.84359770e-02	2.87889241e-04
2.09000000e-01	1.82204008e-02	2.84501445e-04
2.09500000e-01	1.82696417e-02	2.84101455e-04
2.10000000e-01	1.81809115e-02	2.84130511e-04
2.10500000e-01	1.82927379e-02	2.84299825e-04
2.11000000e-01	1.82039740e-02	2.81948982e-04
2.11500000e-01	1.83037598e-02	2.85155418e-04
2.12000000e-01	1.83113621e-02	2.83094194e-04
2.12500000e-01	1.80634625e-02	2.79818934e-04
2.13000000e-01	1.81516567e-02	2.81641254e-04
2.13500000e-01	1.81938542e-02	2.80413368e-04
2.14000000e-01	1.81891839e-02	2.81521190e-04
2.14500000e-01	1.80852200e-02	2.77522201e-04
2.15000000e-01	1.82461657e-02	2.82189743e-04
2.15500000e-01	1.79252931e-02	2.75592518e-04
2.16000000e-01	1.81500999e-02	2.78792127e-04
2.16500000e-01	1.79601722e-02	2.75407483e-04
2.17000000e-01	1.82342673e-02	2.84900120e-04
2.17500000e-01	1.80839672e-02	2.85549337e-04
2.18000000e-01	1.82611447e-02	2.88896548e-04
2.18500000e-01	1.82606745e-02	2.91158954e-04
2.19000000e-01	1.81752983e-02	2.91436601e-04
2.19500000e-01	1.79651990e-02	2.88447668e-04
2.20000000e-01	1.78633951e-02	2.90021006e-04
2.20500000e-01	1.79574464e-02	2.90347857e-04
2.21000000e-01	1.81581965e-02	2.93545350e-04
2.21500000e-01	1.79342502e-02	2.92808179e-04
2.22000000e-01	1.80132914e-02	2.93212276e-04
2.22500000e-01	1.80680761e-02	2.95618702e-04
2.23000000e-01	1.77525984e-02	2.89560435e-04
2.23500000e-01	1.82098915e-02	2.98592652e-04
2.24000000e-01	1.77351098e-02	2.91735906e-04
2.24500000e-01	1.79279303e-02	2.95982233e-04
2.25000000e-01	1.77816326e-02	2.95864201e-04
2.25500000e-01	1.79627939e-02	2.98138372e-04
2.26000000e-01	1.81519276e-02	3.01303107e-04
2.26500000e-01	1.79475491e-02	2.93760474e-04
2.27000000e-01	1.77927581e-02	2.88371198e-04
2.27500000e-01	1.79308171e-02	2.86316895e-04
2.28000000e-01	1.79184352e-02	2.86612323e-04
2.28500000e-01	1.79619019e-02	2.84770369e-04
2.29000000e-01	1.78522718e-02	2.82094690e-04
2.29500000e-01	1.80952464e-02	2.84334471e-04
2.30000000e-01	1.80731355e-02	2.85395044e-04
2.30500000e-01	1.79751575e-02	2.81248614e-04
2.31000000e-01	1.80208578e-02	2.81518405e-04
2.31500000e-01	1.78526215e-02	2.78651643e-04
2.32000000e-01	1.79694477e-02	2.79917960e-04
2.32500000e-01	1.80583932e-02	2.80722858e-04
2.33000000e-01	1.77917554e-02	2.75645927e-04
2.33500000e-01	1.78361629e-02	2.76202118e-04
2.34000000e-01	1.80465563e-02	2.78533893e-04
2.34500000e-01	1.76945501e-02	2.71787531e-04
2.35000000e-01	1.80289231e-02	2.76054711e-04
2.35500000e-01	1.79688074e-02	2.75270684e-04
2.36000000e-01	1.78326584e-02	2.73227726e-04
2.36500000e-01	1.77348059e-02	2.71955877e-04
2.37000000e-01	1.79681678e-02	2.73639871e-04
2.37500000e-01	1.77440722e-02	2.72101377e-04
2.38000000e-01	1.80842101e-02	2.73809196e-04
2.38500000e-01	1.78029858e-02	2.70262028e-04
2.39000000e-01	1.77084741e-02	2.68924100e-04
2.39500000e-01	1.76593125e-02	2.66189570e-04
2.40000000e-01	1.76518467e-02	2.67467311e-04
2.40500000e-01	1.79045418e-02	2.69799786e-04
2.41000000e-01	1.79756123e-02	2.70049616e-04
2.41500000e-01	1.78624984e-02	2.67890597e-04
2.42000000e-01	1.77089456e-02	2.65495585e-04
2.42500000e-01	1.76500523e-02	2.63982956e-04
2.43000000e-01	1.75749812e-02	2.61934271e-04
2.43500000e-01	1.76803798e-02	2.65227095e-04
2.44000000e-01	1.79630769e-02	2.67624852e-04
2.44500000e-01	1.76925202e-02	2.63529099e-04
2.45000000e-01	1.76227251e-02	2.61974680e-04
2.45500000e-01	1.76954456e-02	2.63679146e-04
2.46000000e-01	1.76226566e-02	2.61657421e-04
2.46500000e-01	1.77320826e-02	2.62827913e-04
2.47000000e-01	1.76043774e-02	2.61515219e-04
2.47500000e-01	1.75690952e-02	2.58442355e-04
2.48000000e-01	1.75491480e-02	2.58922891e-04
2.48500000e-01	1.74998437e-02	2.58190140e-04
2.49000000e-01	1.75404964e-02	2.58464622e-04
2.49500000e-01	1.76547820e-02	2.59192125e-04
2.50000000e-01	1.75773346e-02	2.58141472e-04
2.50500000e-01	1.74720948e-02	2.56780143e-04
2.51000000e-01	1.75537819e-02	2.57322411e-04
2.51500000e-01	1.76639889e-02	2.58774007e-04
2.52000000e-01	1.74771748e-02	2.57147942e-04
2.52500000e-01	1.76485935e-02	2.57889606e-04
2.53000000e-01	1.72611703e-02	2.53613309e-04
2.53500000e-01	1.74478002e-02	2.54649955e-04
2.54000000e-01	1.75039108e-02	2.55002148e-04
2.54500000e-01	1.75035611e-02	2.55437712e-04
2.55000000e-01	1.75907984e-02	2.55328972e-04
2.55500000e-01	1.72866387e-02	2.52386893e-04
2.56000000e-01	1.74693576e-02	2.53176082e-04
2.56500000e-01	1.72180757e-02	2.48849343e-04
2.57000000e-01	1.74839391e-02	2.52894944e-04
2.57500000e-01	1.74531776e-02	2.52040942e-04
2.58000000e-01	1.74496234e-02	2.52273697e-04
2.58500000e-01	1.74154604e-02	2.51217880e-04
2.59000000e-01	1.75363693e-02	2.53340832e-04
2.59500000e-01	1.74112929e-02	2.51015580e-04
2.60000000e-01	1.70726275e-02	2.46446698e-04
2.60500000e-01	1.74000989e-02	2.49381754e-04
2.61000000e-01	1.75190587e-02	2.50351219e-04
2.61500000e-01	1.75397640e-02	2.52262651e-04
2.62000000e-01	1.72475524e-02	2.47024756e-04
2.62500000e-01	1.70569078e-02	2.45802491e-04
2.63000000e-01	1.73463765e-02	2.49369519e-04
2.63500000e-01	1.73462119e-02	2.47473295e-04
2.64000000e-01	1.73308213e-02	2.48018169e-04
2.64500000e-01	1.70781694e-02	2.44422437e-04
2.65000000e-01	1.74254385e-02	2.47898489e-04
2.65500000e-01	1.71286062e-02	2.44574215e-04
2.66000000e-01	1.72703762e-02	2.45413122e-04
2.66500000e-01	1.72412737e-02	2.44736316e-04
2.67000000e-01	1.73993743e-02	2.46141447e-04
2.67500000e-01	1.73064879e-02	2.44022342e-04
2.68000000e-01	1.73055040e-02	2.45398149e-04
2.68500000e-01	1.73455592e-02	2.44697872e-04
2.69000000e-01	1.75019369e-02	2.45577332e-04
2.69500000e-01	1.72477053e-02	2.42968466e-04
2.70000000e-01	1.72559035e-02	2.42617487e-04
2.70500000e-01	1.73935734e-02	2.44541727e-04
2.71000000e-01	1.72222263e-02	2.42037603e-04
2.71500000e-01	1.72967758e-02	2.43107968e-04
2.72000000e-01	1.70328154e-02	2.37790032e-04
2.72500000e-01	1.73807954e-02	2.42584635e-04
2.73000000e-01	1.71990199e-02	2.40176759e-04
2.73500000e-01	1.71987819e-02	2.39941619e-04
2.74000000e-01	1.73083164e-02	2.41965244e-04
2.74500000e-01	1.70951148e-02	2.38498571e-04
2.75000000e-01	1.70727265e-02	2.37927611e-04
2.75500000e-01	1.70527493e-02	2.38385040e-04
2.76000000e-01	1.70725818e-02	2.38339649e-04
2.76500000e-01	1.71614702e-02	2.39497926e-04
2.77000000e-01	1.68951533e-02	2.34628061e-04
2.77500000e-01	1.71048993e-02	2.37238565e-04
2.78000000e-01	1.72699226e-02	2.40249422e-04
2.78500000e-01	1.71391228e-02	2.38036515e-04
2.79000000e-01	1.72483029e-02	2.39140527e-04
2.79500000e-01	1.73951883e-02	2.40032694e-04
2.80000000e-01	1.71807697e-02	2.38432421e-04
2.80500000e-01	1.71663114e-02	2.36941087e-04
2.81000000e-01	1.70477589e-02	2.35994499e-04
2.81500000e-01	1.70737331e-02	2.35631002e-04
2.82000000e-01	1.68254053e-02	2.31654824e-04
2.82500000e-01	1.69527633e-02	2.35108700e-04
2.83000000e-01	1.69875726e-02	2.34193000e-04
2.83500000e-01	1.70124429e-02	2.34896998e-04
2.84000000e-01	1.70493679e-02	2.35417112e-04
2.84500000e-01	1.70691856e-02	2.34348631e-04
2.85000000e-01	1.70072831e-02	2.33558412e-04
2.85500000e-01	1.68395142e-02	2.31005398e-04
2.86000000e-01	1.69228004e-02	2.32243919e-04
2.86500000e-01	1.68508807e-02	2.31440055e-04
2.87000000e-01	1.66717121e-02	2.28013340e-04
2.87500000e-01	1.69884309e-02	2.30765805e-04
2.88000000e-01	1.68368658e-02	2.28935151e-04
2.88500000e-01	1.71346457e-02	2.34039530e-04
2.89000000e-01	1.69021665e-02	2.29709405e-04
2.89500000e-01	1.69681949e-02	2.30934856e-04
2.90000000e-01	1.67991846e-02	2.28078546e-04
2.90500000e-01	1.69210044e-02	2.28741080e-04
2.91000000e-01	1.69375919e-02	2.29291150e-04
2.91500000e-01	1.71789944e-02	2.32043436e-04
2.92000000e-01	1.70505794e-02	2.30194405e-04
2.92500000e-01	1.70449665e-02	2.30048919e-04
2.93000000e-01	1.68897754e-02	2.28597236e-04
2.93500000e-01	1.69747578e-02	2.28072658e-04
2.94000000e-01	1.68300842e-02	2.26862699e-04
2.94500000e-01	1.67869659e-02	2.26715638e-04
2.95000000e-01	1.67365182e-02	2.25123980e-04
2.95500000e-01	1.68378808e-02	2.26147862e-04
2.96000000e-01	1.66730744e-02	2.24540565e-04
2.96500000e-01	1.68981586e-02	2.26730467e-04
2.97000000e-01	1.68338757e-02	2.25676713e-04
2.97500000e-01	1.68881046e-02	2.26614023e-04
2.98000000e-01	1.68135757e-02	2.25808273e-04
2.98500000e-01	1.66999170e-02	2.23881881e-04
2.99000000e-01	1.70147008e-02	2.28256849e-04
2.99500000e-01	1.66923039e-02	2.22957106e-04
3.00000000e-01	1.69221069e-02	2.25494532e-04
3.00500000e-01	1.68063073e-02	2.24973147e-04
3.01000000e-01	1.66858287e-02	2.21719135e-04
3.01500000e-01	1.68274295e-02	2.24522760e-04
3.02000000e-01	1.67661602e-02	2.22940639e-04
3.02500000e-01	1.65464510e-02	2.20661964e-04
3.03000000e-01	1.67142127e-02	2.23461499e-04
3.03500000e-01	1.67446868e-02	2.22096248e-04
3.04000000e-01	1.67890520e-02	2.22692176e-04
3.04500000e-01	1.69630136e-02	2.24503047e-04
3.05000000e-01	1.66374793e-02	2.20981776e-04
3.05500000e-01	1.67115028e-02	2.20859833e-04
3.06000000e-01	1.69181519e-02	2.23194888e-04
3.06500000e-01	1.68536617e-02	2.22341761e-04
3.07000000e-01	1.67333586e-02	2.20063070e-04
3.07500000e-01	1.67154281e-02	2.20321495e-04
3.08000000e-01	1.64297074e-02	2.16999368e-04
3.08500000e-01	1.68375396e-02	2.20820234e-04
3.09000000e-01	1.66805590e-02	2.18790706e-04
3.09500000e-01	1.65403049e-02	2.16921317e-04
3.10000000e-01	1.66431158e-02	2.18792519e-04
3.10500000e-01	1.65352706e-02	2.17244705e-04
3.11000000e-01	1.65876794e-02	2.18566219e-04
3.11500000e-01	1.64614281e-02	2.16321854e-04
3.12000000e-01	1.67544291e-02	2.19765423e-04
3.12500000e-01	1.66030101e-02	2.17917293e-04
3.13000000e-01	1.64579542e-02	2.15683594e-04
3.13500000e-01	1.65216808e-02	2.15663508e-04
3.14000000e-01	1.66592123e-02	2.17186537e-04
3.14500000e-01	1.65526226e-02	2.15649607e-04
3.15000000e-01	1.67311787e-02	2.17566999e-04
3.15500000e-01	1.66734617e-02	2.17211947e-04
3.16000000e-01	1.64610856e-02	2.14953726e-04
3.16500000e-01	1.63594518e-02	2.13005349e-04
3.17000000e-01	1.64916852e-02	2.14836265e-04
3.17500000e-01	1.65808979e-02	2.15347343e-04
3.18000000e-01	1.66246835e-02	2.15613704e-04
3.18500000e-01	1.64058131e-02	2.13386183e-04
3.19000000e-01	1.65379360e-02	2.14255400e-04
3.19500000e-01	1.63811262e-02	2.12617617e-04
3.20000000e-01	1.62558097e-02	2.11103634e-04
3.20500000e-01	1.64422696e-02	2.12458788e-04
3.21000000e-01	1.64952019e-02	2.13555504e-04
3.21500000e-01	1.64359065e-02	2.12776636e-04
3.22000000e-01	1.65214202e-02	2.14226074e-04
3.22500000e-01	1.64948116e-02	2.12890309e-04
3.23000000e-01	1.65144722e-02	2.12844809e-04
3.23500000e-01	1.63921970e-02	2.12240866e-04
3.24000000e-01	1.62855513e-02	2.09141557e-04
3.24500000e-01	1.64019637e-02	2.11150771e-04
3.25000000e-01	1.64183565e-02	2.10629579e-04
3.25500000e-01	1.63706991e-02	2.09514869e-04
3.26000000e-01	1.62852079e-02	2.09090459e-04
3.26500000e-01	1.62839932e-02	2.09254734e-04
3.27000000e-01	1.63394878e-02	2.08937004e-04
3.27500000e-01	1.63039154e-02	2.09131457e-04
3.28000000e-01	1.61592475e-02	2.07016774e-04
3.28500000e-01	1.61996043e-02	2.06593597e-04
3.29000000e-01	1.62496949e-02	2.07876222e-04
3.29500000e-01	1.63166181e-02	2.08546214e-04
3.30000000e-01	1.62034109e-02	2.06906641e-04
3.30500000e-01	1.61798046e-02	2.07060870e-04
3.31000000e-01	1.60584964e-02	2.04410519e-04
3.31500000e-01	1.61562909e-02	2.06320758e-04
3.32000000e-01	1.62284182e-02	2.06764121e-04
3.32500000e-01	1.61622070e-02	2.05823237e-04
3.33000000e-01	1.62496047e-02	2.06575023e-04
3.33500000e-01	1.60086640e-02	2.03409312e-04
3.34000000e-01	1.61100617e-02	2.04325877e-04
3.34500000e-01	1.62016605e-02	2.06051148e-04
3.35000000e-01	1.60949519e-02	2.03391741e-04
3.35500000e-01	1.60460249e-02	2.03153580e-04
3.36000000e-01	1.62229293e-02	2.05215711e-04
3.36500000e-01	1.61725470e-02	2.04384802e-04
3.37000000e-01	1.61975575e-02	2.04541539e-04
3.37500000e-01	1.60747466e-02	2.02588971e-04
3.38000000e-01	1.59927804e-02	2.02232611e-04
3.38500000e-01	1.61118351e-02	2.02655802e-04
3.39000000e-01	1.62521486e-02	2.05049717e-04
3.39500000e-01	1.60879942e-02	2.02180687e-04
3.40000000e-01	1.61277842e-02	2.03121033e-04
3.40500000e-01	1.61031113e-02	2.01952538e-04
3.41000000e-01	1.61706043e-02	2.02770490e-04
3.41500000e-01	1.59252693e-02	1.99651243e-04
3.42000000e-01	1.62007498e-02	2.02834505e-04
3.42500000e-01	1.61429884e-02	2.02463045e-04
3.43000000e-01	1.60571966e-02	2.01332152e-04
3.43500000e-01	1.62670043e-02	2.03418966e-04
3.44000000e-01	1.61213480e-02	2.02039181e-04
3.44500000e-01	1.59708937e-02	1.99159108e-04
3.45000000e-01	1.58613058e-02	1.99070366e-04
3.45500000e-01	1.59161415e-02	1.98814961e-04
3.46000000e-01	1.58208562e-02	1.98611681e-04
3.46500000e-01	1.59420882e-02	1.98627370e-04
3.47000000e-01	1.59045610e-02	1.97839369e-04
3.47500000e-01	1.60691251e-02	2.00637934e-04
3.48000000e-01	1.59803293e-02	1.98720885e-04
3.48500000e-01	1.59419079e-02	1.98434625e-04
3.49000000e-01	1.59147146e-02	1.97470335e-04
3.49500000e-01	1.59351641e-02	1.98111543e-04
3.50000000e-01	1.59576604e-02	1.61423217e-04
3.51000000e-01	1.58464003e-02	1.38989031e-04
3.52000000e-01	1.60164924e-02	1.40010994e-04
3.53000000e-01	1.59693604e-02	1.39050062e-04
3.54000000e-01	1.59389042e-02	1.38826259e-04
3.55000000e-01	1.58060340e-02	1.37678796e-04
3.56000000e-01	1.57802884e-02	1.38129385e-04
3.57000000e-01	1.57027603e-02	1.40062887e-04
3.58000000e-01	1.57145175e-02	1.41212760e-04
3.59000000e-01	1.57242268e-02	1.42311489e-04
3.60000000e-01	1.57652315e-02	1.43577072e-04
3.61000000e-01	1.56958474e-02	1.43274990e-04
3.62000000e-01	1.57141609e-02	1.44217549e-04
3.63000000e-01	1.56041166e-02	1.44069831e-04
3.64000000e-01	1.54092186e-02	1.43262110e-04
3.65000000e-01	1.54873660e-02	1.44116658e-04
3.66000000e-01	1.56030349e-02	1.43208333e-04
3.67000000e-01	1.56329433e-02	1.41495181e-04
3.68000000e-01	1.56157779e-02	1.40116634e-04
3.69000000e-01	1.56396757e-02	1.40002908e-04
3.70000000e-01	1.56596544e-02	1.39384790e-04
3.71000000e-01	1.56319240e-02	1.41020057e-04
3.72000000e-01	1.56287932e-02	1.41894605e-04
3.73000000e-01	1.55751264e-02	1.41301210e-04
3.74000000e-01	1.56876227e-02	1.42421900e-04
3.75000000e-01	1.56284224e-02	1.42014366e-04
3.76000000e-01	1.55358943e-02	1.41606203e-04
3.77000000e-01	1.54288640e-02	1.40600490e-04
3.78000000e-01	1.55775526e-02	1.41684409e-04
3.79000000e-01	1.54333471e-02	1.40303818e-04
3.80000000e-01	1.53492981e-02	1.39730492e-04
3.81000000e-01	1.55478288e-02	1.40952931e-04
3.82000000e-01	1.54791394e-02	1.40712952e-04
3.83000000e-01	1.54748177e-02	1.40335866e-04
3.84000000e-01	1.56077118e-02	1.41920715e-04
3.85000000e-01	1.53541325e-02	1.39822019e-04
3.86000000e-01	1.53999397e-02	1.40343373e-04
3.87000000e-01	1.53965511e-02	1.39734946e-04
3.88000000e-01	1.53234941e-02	1.38985394e-04
3.89000000e-01	1.54282243e-02	1.40218366e-04
3.90000000e-01	1.53515240e-02	1.39026856e-04
3.91000000e-01	1.53487071e-02	1.39035167e-04
3.92000000e-01	1.53489236e-02	1.39006614e-04
3.93000000e-01	1.54114321e-02	1.39871211e-04
3.94000000e-01	1.52711120e-02	1.38014737e-04
3.95000000e-01	1.53442099e-02	1.38978564e-04
3.96000000e-01	1.52527905e-02	1.38121183e-04
3.97000000e-01	1.52006807e-02	1.37497337e-04
3.98000000e-01	1.50826964e-02	1.37056864e-04
3.99000000e-01	1.51843668e-02	1.37819200e-04
4.00000000e-01	1.52080618e-02	1.38020069e-04
4.01000000e-01	1.52550850e-02	1.37913212e-04
4.02000000e-01	1.50371404e-02	1.36335896e-04
4.03000000e-01	1.52364787e-02	1.37832737e-04
4.04000000e-01	1.51274753e-02	1.36868594e-04
4.05000000e-01	1.52402915e-02	1.37904808e-04
4.06000000e-01	1.51146775e-02	1.36934091e-04
4.07000000e-01	1.50187762e-02	1.36141752e-04
4.08000000e-01	1.51817715e-02	1.36884600e-04
4.09000000e-01	1.50064226e-02	1.35855436e-04
4.10000000e-01	1.49724087e-02	1.35572466e-04
4.11000000e-01	1.50041604e-02	1.35512455e-04
4.12000000e-01	1.50005781e-02	1.35616865e-04
4.13000000e-01	1.49409661e-02	1.34958407e-04
4.14000000e-01	1.51687456e-02	1.36710111e-04
4.15000000e-01	1.50820401e-02	1.36273632e-04
4.16000000e-01	1.49134317e-02	1.34404202e-04
4.17000000e-01	1.50966651e-02	1.36004390e-04
4.18000000e-01	1.49799507e-02	1.36591630e-04
4.19000000e-01	1.50758087e-02	1.39326227e-04
4.20000000e-01	1.49040461e-02	1.38133325e-04
4.21000000e-01	1.50818514e-02	1.40365470e-04
4.22000000e-01	1.51826636e-02	1.41777347e-04
4.23000000e-01	1.50320939e-02	1.40955831e-04
4.24000000e-01	1.50637387e-02	1.41735833e-04
4.25000000e-01	1.50022864e-02	1.41007099e-04
4.26000000e-01	1.49873937e-02	1.41142843e-04
4.27000000e-01	1.50900108e-02	1.42100267e-04
4.28000000e-01	1.49819497e-02	1.41001579e-04
4.29000000e-01	1.49787327e-02	1.41534741e-04
4.30000000e-01	1.49587372e-02	1.41251763e-04
4.31000000e-01	1.49930787e-02	1.41090506e-04
4.32000000e-01	1.50620678e-02	1.42320727e-04
4.33000000e-01	1.50056084e-02	1.42362661e-04
4.34000000e-01	1.49102758e-02	1.41047466e-04
4.35000000e-01	1.49246394e-02	1.41276353e-04
4.36000000e-01	1.49227687e-02	1.41422527e-04
4.37000000e-01	1.48494666e-02	1.40846048e-04
4.38000000e-01	1.48833445e-02	1.41795504e-04
4.39000000e-01	1.48662695e-02	1.41692515e-04
4.40000000e-01	1.48286650e-02	1.41053946e-04
4.41000000e-01	1.49711336e-02	1.42743529e-04
4.42000000e-01	1.47102803e-02	1.40977446e-04
4.43000000e-01	1.47045996e-02	1.40851348e-04
4.44000000e-01	1.48580107e-02	1.42208356e-04
4.45000000e-01	1.49042784e-02	1.42983710e-04
4.46000000e-01	1.48714903e-02	1.42642322e-04
4.47000000e-01	1.46895219e-02	1.41169494e-04
4.48000000e-01	1.47690261e-02	1.42250190e-04
4.49000000e-01	1.47967879e-02	1.42584671e-04
4.50000000e-01	1.48177088e-02	1.43035473e-04
4.51000000e-01	1.47614031e-02	1.42689649e-04
4.52000000e-01	1.47438322e-02	1.42864608e-04
4.53000000e-01	1.46595560e-02	1.42017576e-04
4.54000000e-01	1.48073698e-02	1.43249116e-04
4.55000000e-01	1.47308133e-02	1.42400047e-04
4.56000000e-01	1.47538615e-02	1.42995091e-04
4.57000000e-01	1.47255239e-02	1.42845941e-04
4.58000000e-01	1.46499822e-02	1.42213584e-04
4.59000000e-01	1.46778045e-02	1.42800597e-04
4.60000000e-01	1.46602802e-02	1.42799349e-04
4.61000000e-01	1.46946286e-02	1.43304916e-04
4.62000000e-01	1.46561644e-02	1.42663553e-04
4.63000000e-01	1.46716566e-02	1.42978537e-04
4.64000000e-01	1.46723298e-02	1.43198994e-04
4.65000000e-01	1.47818759e-02	1.44186466e-04
4.66000000e-01	1.45768846e-02	1.42513101e-04
4.67000000e-01	1.45778921e-02	1.42724202e-04
4.68000000e-01	1.44899050e-02	1.42085351e-04
4.69000000e-01	1.45373005e-02	1.42710422e-04
4.70000000e-01	1.46904091e-02	1.43861308e-04
4.71000000e-01	1.44430279e-02	1.41471675e-04
4.72000000e-01	1.46762827e-02	1.43781336e-04
4.73000000e-01	1.45702516e-02	1.42706443e-04
4.74000000e-01	1.45414772e-02	1.42088446e-04
4.75000000e-01	1.45709733e-02	1.42890306e-04
4.76000000e-01	1.46129451e-02	1.42968247e-04
4.77000000e-01	1.45427398e-02	1.42427296e-04
4.78000000e-01	1.45508315e-02	1.42860045e-04
4.79000000e-01	1.44898680e-02	1.42124263e-04
4.80000000e-01	1.44603415e-02	1.41776414e-04
4.81000000e-01	1.44714162e-02	1.42754615e-04
4.82000000e-01	1.44601249e-02	1.41864780e-04
4.83000000e-01	1.44320409e-02	1.42181880e-04
4.84000000e-01	1.44777104e-02	1.42278220e-04
4.85000000e-01	1.44808372e-02	1.42671805e-04
4.86000000e-01	1.44118950e-02	1.41772350e-04
4.87000000e-01	1.42684250e-02	1.40871445e-04
4.88000000e-01	1.44510110e-02	1.42682121e-04
4.89000000e-01	1.43496709e-02	1.41677026e-04
4.90000000e-01	1.44774496e-02	1.42498620e-04
4.91000000e-01	1.42868395e-02	1.41270689e-04
4.92000000e-01	1.43229363e-02	1.41590980e-04
4.93000000e-01	1.43596550e-02	1.42161578e-04
4.94000000e-01	1.44329232e-02	1.42339332e-04
4.95000000e-01	1.44049449e-02	1.43467469e-04
4.96000000e-01	1.45009033e-02	1.48795881e-04
4.97000000e-01	1.44838681e-02	1.50616156e-04
4.98000000e-01	1.42769488e-02	1.51588268e-04
4.99000000e-01	1.43160447e-02	1.53646990e-04
5.00000000e-01	1.42471785e-02	1.54699082e-04
5.01000000e-01	1.43603514e-02	1.56803798e-04
5.02000000e-01	1.43732815e-02	1.59229466e-04
5.03000000e-01	1.44105467e-02	1.61279909e-04
5.04000000e-01	1.43578733e-02	1.61198219e-04
5.05000000e-01	1.44603911e-02	1.59913011e-04
5.06000000e-01	1.45061985e-02	1.56953306e-04
5.07000000e-01	1.43047691e-02	1.53084039e-04
5.08000000e-01	1.43144381e-02	1.52549101e-04
5.09000000e-01	1.43063153e-02	1.51351653e-04
5.10000000e-01	1.43203675e-02	1.51207001e-04
5.11000000e-01	1.42987337e-02	1.50695046e-04
5.12000000e-01	1.42557919e-02	1.49904665e-04
5.13000000e-01	1.42265368e-02	1.49917352e-04
5.14000000e-01	1.41032936e-02	1.47939988e-04
5.15000000e-01	1.42425051e-02	1.48203948e-04
5.16000000e-01	1.42032748e-02	1.47906112e-04
5.17000000e-01	1.40507055e-02	1.46853644e-04
5.18000000e-01	1.41848392e-02	1.47627750e-04
5.19000000e-01	1.41247776e-02	1.45999014e-04
5.20000000e-01	1.41840233e-02	1.46323019e-04
5.21000000e-01	1.41570596e-02	1.46679095e-04
5.22000000e-01	1.40249907e-02	1.44993744e-04
5.23000000e-01	1.42476214e-02	1.46795940e-04
5.24000000e-01	1.40002231e-02	1.45351531e-04
5.25000000e-01	1.42566371e-02	1.46548438e-04
5.26000000e-01	1.42187050e-02	1.46299930e-04
5.27000000e-01	1.40889250e-02	1.45370443e-04
5.28000000e-01	1.41759146e-02	1.46564861e-04
5.29000000e-01	1.41162957e-02	1.45912636e-04
5.30000000e-01	1.40679336e-02	1.45511406e-04
5.31000000e-01	1.39477244e-02	1.43966825e-04
5.32000000e-01	1.40173867e-02	1.44640651e-04
5.33000000e-01	1.39532398e-02	1.44403939e-04
5.34000000e-01	1.41709904e-02	1.45961974e-04
5.35000000e-01	1.40204686e-02	1.44880820e-04
5.36000000e-01	1.39084133e-02	1.43208114e-04
5.37000000e-01	1.39164029e-02	1.43486762e-04
5.38000000e-01	1.38799468e-02	1.43412856e-04
5.39000000e-01	1.39463908e-02	1.44045011e-04
5.40000000e-01	1.38986496e-02	1.43484194e-04
5.41000000e-01	1.40432286e-02	1.44892578e-04
5.42000000e-01	1.40285404e-02	1.44861135e-04
5.43000000e-01	1.39810277e-02	1.44536216e-04
5.44000000e-01	1.39894654e-02	1.44696836e-04
5.45000000e-01	1.38178372e-02	1.43092523e-04
5.46000000e-01	1.38573216e-02	1.43171806e-04
5.47000000e-01	1.39089733e-02	1.43992641e-04
5.48000000e-01	1.39266342e-02	1.43894060e-04
5.49000000e-01	1.39968612e-02	1.43714950e-04
5.50000000e-01	1.38619331e-02	1.43031192e-04
5.51000000e-01	1.37943852e-02	1.42025060e-04
5.52000000e-01	1.40000109e-02	1.43991492e-04
5.53000000e-01	1.38042572e-02	1.41736238e-04
5.54000000e-01	1.38190707e-02	1.42235249e-04
5.55000000e-01	1.38008213e-02	1.41558103e-04
5.56000000e-01	1.37687981e-02	1.41638414e-04
5.57000000e-01	1.39207072e-02	1.43074408e-04
5.58000000e-01	1.37566730e-02	1.41133061e-04
5.59000000e-01	1.36691774e-02	1.40049052e-04
5.60000000e-01	1.37236213e-02	1.40576772e-04
5.61000000e-01	1.37724789e-02	1.41579051e-04
5.62000000e-01	1.37624977e-02	1.41572814e-04
5.63000000e-01	1.36937358e-02	1.40906144e-04
5.64000000e-01	1.36255884e-02	1.40203676e-04
5.65000000e-01	1.36467577e-02	1.40561319e-04
5.66000000e-01	1.37290047e-02	1.40986685e-04
5.67000000e-01	1.36406603e-02	1.40327623e-04
5.68000000e-01	1.36621482e-02	1.40341137e-04
5.69000000e-01	1.36593317e-02	1.39924040e-04
5.70000000e-01	1.36928192e-02	1.40563057e-04
5.71000000e-01	1.36668106e-02	1.40364419e-04
5.72000000e-01	1.37010548e-02	1.40201949e-04
5.73000000e-01	1.34795185e-02	1.38449596e-04
5.74000000e-01	1.35899424e-02	1.39342412e-04
5.75000000e-01	1.34800268e-02	1.38584459e-04
5.76000000e-01	1.35935186e-02	1.39657480e-04
5.77000000e-01	1.35679482e-02	1.39391885e-04
5.78000000e-01	1.34775462e-02	1.38693562e-04
5.79000000e-01	1.35389492e-02	1.39269864e-04
5.80000000e-01	1.34390825e-02	1.38639887e-04
5.81000000e-01	1.35603280e-02	1.39744346e-04
5.82000000e-01	1.35161650e-02	1.39341398e-04
5.83000000e-01	1.35785467e-02	1.40421705e-04
5.84000000e-01	1.35869424e-02	1.39790862e-04
5.85000000e-01	1.33343456e-02	1.37970911e-04
5.86000000e-01	1.34486036e-02	1.38724344e-04
5.87000000e-01	1.34451966e-02	1.38420035e-04
5.88000000e-01	1.33846526e-02	1.38557419e-04
5.89000000e-01	1.34354190e-02	1.38301342e-04
5.90000000e-01	1.34684241e-02	1.38880159e-04
5.91000000e-01	1.34120230e-02	1.38599190e-04
5.92000000e-01	1.33821684e-02	1.38165583e-04
5.93000000e-01	1.36192983e-02	1.40744639e-04
5.94000000e-01	1.32701140e-02	1.37428125e-04
5.95000000e-01	1.33829066e-02	1.38496294e-04
5.96000000e-01	1.34919972e-02	1.39307599e-04
5.97000000e-01	1.32728779e-02	1.37306785e-04
5.98000000e-01	1.34019733e-02	1.38287991e-04
5.99000000e-01	1.33254529e-02	1.37874303e-04
6.00000000e-01	1.32286052e-02	1.36904593e-04
6.01000000e-01	1.34500136e-02	1.38643161e-04
6.02000000e-01	1.33850404e-02	1.38752381e-04
6.03000000e-01	1.34275127e-02	1.39065443e-04
6.04000000e-01	1.32172143e-02	1.37285417e-04
6.05000000e-01	1.33158484e-02	1.38226478e-04
6.06000000e-01	1.33491964e-02	1.38330329e-04
6.07000000e-01	1.33443200e-02	1.38249519e-04
6.08000000e-01	1.31674752e-02	1.36246212e-04
6.09000000e-01	1.34315223e-02	1.39153232e-04
6.10000000e-01	1.31572228e-02	1.36521006e-04
6.11000000e-01	1.32506616e-02	1.37712365e-04
6.12000000e-01	1.33285034e-02	1.37789056e-04
6.13000000e-01	1.32815892e-02	1.38161434e-04
6.14000000e-01	1.31452228e-02	1.36575993e-04
6.15000000e-01	1.32890262e-02	1.38014502e-04
6.16000000e-01	1.32937762e-02	1.38065940e-04
6.17000000e-01	1.31352812e-02	1.36756053e-04
6.18000000e-01	1.32239682e-02	1.37100659e-04
6.19000000e-01	1.30471950e-02	1.35406877e-04
6.20000000e-01	1.32705356e-02	1.37841288e-04
6.21000000e-01	1.33327159e-02	1.37618021e-04
6.22000000e-01	1.31241688e-02	1.35884029e-04
6.23000000e-01	1.30792052e-02	1.34805823e-04
6.24000000e-01	1.32850442e-02	1.36600092e-04
6.25000000e-01	1.30584410e-02	1.34548067e-04
6.26000000e-01	1.29896619e-02	1.33615704e-04
6.27000000e-01	1.32203455e-02	1.35888644e-04
6.28000000e-01	1.31274219e-02	1.34995827e-04
6.29000000e-01	1.30657665e-02	1.35005553e-04
6.30000000e-01	1.30787216e-02	1.35028300e-04
6.31000000e-01	1.30806784e-02	1.34702579e-04
6.32000000e-01	1.32027384e-02	1.36218445e-04
6.33000000e-01	1.30259581e-02	1.33968599e-04
6.34000000e-01	1.31244195e-02	1.38738939e-04
6.35000000e-01	1.30825908e-02	1.42392991e-04
6.36000000e-01	1.31744596e-02	1.45895539e-04
6.37000000e-01	1.30287733e-02	1.46620638e-04
6.38000000e-01	1.32058850e-02	1.50663243e-04
6.39000000e-01	1.31587666e-02	1.51479647e-04
6.40000000e-01	1.31034230e-02	1.53323563e-04
6.41000000e-01	1.30120067e-02	1.53211822e-04
6.42000000e-01	1.31630572e-02	1.57067669e-04
6.43000000e-01	1.30369777e-02	1.56023847e-04
6.44000000e-01	1.33280383e-02	1.52839790e-04
6.45000000e-01	1.31716080e-02	1.49403901e-04
6.46000000e-01	1.30577822e-02	1.46466138e-04
6.47000000e-01	1.33213390e-02	1.47834861e-04
6.48000000e-01	1.31132528e-02	1.45415619e-04
6.49000000e-01	1.29415809e-02	1.43119794e-04
6.50000000e-01	1.32396276e-02	1.44799665e-04
6.51000000e-01	1.31315888e-02	1.43825879e-04
6.52000000e-01	1.31390620e-02	1.42975843e-04
6.53000000e-01	1.30874168e-02	1.41841727e-04
6.54000000e-01	1.32081759e-02	1.43122390e-04
6.55000000e-01	1.29744718e-02	1.39997191e-04
6.56000000e-01	1.29787117e-02	1.40124916e-04
6.57000000e-01	1.30588260e-02	1.40276857e-04
6.58000000e-01	1.30106425e-02	1.40613706e-04
6.59000000e-01	1.30051163e-02	1.39750834e-04
6.60000000e-01	1.29316408e-02	1.39312209e-04
6.61000000e-01	1.30125737e-02	1.39317477e-04
6.62000000e-01	1.29895097e-02	1.39442142e-04
6.63000000e-01	1.28902649e-02	1.38415376e-04
6.64000000e-01	1.29023743e-02	1.38594565e-04
6.65000000e-01	1.28190293e-02	1.38104150e-04
6.66000000e-01	1.29488959e-02	1.38689245e-04
6.67000000e-01	1.30944894e-02	1.39382366e-04
6.68000000e-01	1.28790320e-02	1.37787901e-04
6.69000000e-01	1.30930899e-02	1.39760894e-04
6.70000000e-01	1.29520935e-02	1.37976607e-04
6.71000000e-01	1.29166521e-02	1.37757541e-04
6.72000000e-01	1.28965370e-02	1.37831123e-04
6.73000000e-01	1.28860422e-02	1.37815402e-04
6.74000000e-01	1.29418890e-02	1.38018637e-04
6.75000000e-01	1.29105654e-02	1.37798856e-04
6.76000000e-01	1.27741276e-02	1.36784015e-04
6.77000000e-01	1.28102724e-02	1.36987609e-04
6.78000000e-01	1.27553010e-02	1.36155615e-04
6.79000000e-01	1.30078661e-02	1.38606221e-04
6.80000000e-01	1.30001322e-02	1.38844615e-04
6.81000000e-01	1.28555915e-02	1.36919315e-04
6.82000000e-01	1.28089570e-02	1.36508952e-04
6.83000000e-01	1.28061221e-02	1.36489695e-04
6.84000000e-01	1.28597364e-02	1.37173876e-04
6.85000000e-01	1.28284908e-02	1.36711013e-04
6.86000000e-01	1.28503649e-02	1.36871150e-04
6.87000000e-01	1.29085978e-02	1.37733268e-04
6.88000000e-01	1.27894222e-02	1.36385428e-04
6.89000000e-01	1.27574858e-02	1.36134916e-04
6.90000000e-01	1.28009135e-02	1.36356201e-04
6.91000000e-01	1.27387500e-02	1.35266459e-04
6.92000000e-01	1.26035168e-02	1.34437465e-04
6.93000000e-01	1.28463091e-02	1.36624276e-04
6.94000000e-01	1.27011708e-02	1.35513253e-04
6.95000000e-01	1.27382694e-02	1.34769165e-04
6.96000000e-01	1.27541701e-02	1.35677870e-04
6.97000000e-01	1.27268217e-02	1.35686253e-04
6.98000000e-01	1.28053771e-02	1.35897728e-04
6.99000000e-01	1.26584362e-02	1.34478553e-04
7.00000000e-01	1.25434570e-02	1.33058543e-04
7.01000000e-01	1.26733678e-02	1.35027079e-04
7.02000000e-01	1.27285353e-02	1.35837178e-04
7.03000000e-01	1.27178300e-02	1.35425694e-04
7.04000000e-01	1.26938188e-02	1.35214611e-04
7.05000000e-01	1.25563101e-02	1.33569442e-04
7.06000000e-01	1.26478110e-02	1.34694951e-04
7.07000000e-01	1.28798297e-02	1.36427970e-04
7.08000000e-01	1.25854546e-02	1.32932074e-04
7.09000000e-01	1.25096063e-02	1.32807146e-04
7.10000000e-01	1.25816044e-02	1.33339476e-04
7.11000000e-01	1.24535332e-02	1.32565684e-04
7.12000000e-01	1.25204066e-02	1.32905770e-04
7.13000000e-01	1.24879802e-02	1.32733114e-04
7.14000000e-01	1.24784451e-02	1.32774396e-04
7.15000000e-01	1.24121520e-02	1.32294310e-04
7.16000000e-01	1.24153082e-02	1.32553908e-04
7.17000000e-01	1.24053165e-02	1.32086171e-04
7.18000000e-01	1.26695635e-02	1.34511789e-04
7.19000000e-01	1.24418407e-02	1.32610973e-04
7.20000000e-01	1.24649102e-02	1.32405699e-04
7.21000000e-01	1.23414128e-02	1.31580145e-04
7.22000000e-01	1.23435575e-02	1.31680106e-04
7.23000000e-01	1.25187262e-02	1.33126924e-04
7.24000000e-01	1.24668226e-02	1.32170361e-04
7.25000000e-01	1.24040371e-02	1.32238630e-04
7.26000000e-01	1.24607112e-02	1.32577706e-04
7.27000000e-01	1.23925420e-02	1.31906101e-04
7.28000000e-01	1.23830864e-02	1.31653510e-04
7.29000000e-01	1.23557872e-02	1.31905752e-04
7.30000000e-01	1.22202624e-02	1.30237796e-04
7.31000000e-01	1.22825891e-02	1.30753529e-04
7.32000000e-01	1.22741333e-02	1.31047456e-04
7.33000000e-01	1.22096004e-02	1.30155987e-04
7.34000000e-01	1.23432384e-02	1.30920692e-04
7.35000000e-01	1.23094918e-02	1.31075762e-04
7.36000000e-01	1.23778519e-02	1.31222766e-04
7.37000000e-01	1.21615165e-02	1.29298352e-04
7.38000000e-01	1.23035018e-02	1.30350871e-04
7.39000000e-01	1.23586402e-02	1.30525818e-04
7.40000000e-01	1.21495430e-02	1.28399867e-04
7.41000000e-01	1.20864865e-02	1.27339227e-04
7.42000000e-01	1.22607134e-02	1.29638056e-04
7.43000000e-01	1.23227905e-02	1.29759019e-04
7.44000000e-01	1.23348347e-02	1.29852081e-04
7.45000000e-01	1.22646366e-02	1.29355869e-04
7.46000000e-01	1.21530111e-02	1.28030242e-04
7.47000000e-01	1.22866126e-02	1.29289247e-04
7.48000000e-01	1.22102106e-02	1.29052635e-04
7.49000000e-01	1.22700724e-02	1.29454508e-04
7.50000000e-01	1.21580381e-02	1.28346320e-04
7.51000000e-01	1.19566495e-02	1.26417748e-04
7.52000000e-01	1.21257141e-02	1.28420621e-04
7.53000000e-01	1.21594695e-02	1.28121989e-04
7.54000000e-01	1.21684146e-02	1.28732910e-04
7.55000000e-01	1.20734049e-02	1.27674901e-04
7.56000000e-01	1.20983079e-02	1.27667185e-04
7.57000000e-01	1.21171156e-02	1.27790579e-04
7.58000000e-01	1.20920370e-02	1.27806588e-04
7.59000000e-01	1.20545373e-02	1.27494986e-04
7.60000000e-01	1.20774404e-02	1.26734438e-04
7.61000000e-01	1.20863740e-02	1.27085830e-04
7.62000000e-01	1.20569269e-02	1.26602207e-04
7.63000000e-01	1.20284789e-02	1.26324884e-04
7.64000000e-01	1.20010109e-02	1.25798616e-04
7.65000000e-01	1.21020332e-02	1.26862775e-04
7.66000000e-01	1.19747001e-02	1.25131782e-04
7.67000000e-01	1.19758683e-02	1.25328822e-04
7.68000000e-01	1.20959734e-02	1.26726159e-04
7.69000000e-01	1.19359933e-02	1.25128984e-04
7.70000000e-01	1.18174725e-02	1.24074209e-04
7.71000000e-01	1.20664880e-02	1.26306931e-04
7.72000000e-01	1.19839093e-02	1.29235616e-04
7.73000000e-01	1.18501468e-02	1.32163244e-04
7.74000000e-01	1.19625878e-02	1.35484834e-04
7.75000000e-01	1.19444389e-02	1.38096529e-04
7.76000000e-01	1.18960140e-02	1.39396649e-04
7.77000000e-01	1.18277161e-02	1.41245273e-04
7.78000000e-01	1.17956304e-02	1.42172493e-04
7.79000000e-01	1.18388146e-02	1.44597038e-04
7.80000000e-01	1.19083264e-02	1.47120667e-04
7.81000000e-01	1.17189665e-02	1.46817851e-04
7.82000000e-01	1.19533704e-02	1.50531903e-04
7.83000000e-01	1.18484994e-02	1.52126731e-04
7.84000000e-01	1.16325081e-02	1.50425564e-04
7.85000000e-01	1.16877141e-02	1.53706643e-04
7.86000000e-01	1.17962987e-02	1.55954348e-04
7.87000000e-01	1.16922276e-02	1.56247573e-04
7.88000000e-01	1.18368435e-02	1.59039529e-04
7.89000000e-01	1.19519829e-02	1.61819998e-04
7.90000000e-01	1.15356652e-02	1.58559028e-04
7.91000000e-01	1.17289659e-02	1.63055241e-04
7.92000000e-01	1.17338245e-02	1.63937060e-04
7.93000000e-01	1.16797286e-02	1.65283500e-04
7.94000000e-01	1.19057143e-02	1.69814466e-04
7.95000000e-01	1.13301629e-02	1.64617329e-04
7.96000000e-01	1.15759895e-02	1.69707159e-04
7.97000000e-01	1.15495307e-02	1.70549255e-04
7.98000000e-01	1.16400796e-02	1.73195353e-04
7.99000000e-01	1.16712305e-02	1.75581355e-04
8.00000000e-01	1.17442810e-02	1.79617344e-04
8.01000000e-01	1.17189578e-02	1.79721424e-04
8.02000000e-01	1.14770061e-02	1.78868131e-04
8.03000000e-01	1.14526082e-02	1.80867469e-04
8.04000000e-01	1.15893013e-02	1.83213469e-04
8.05000000e-01	1.15990956e-02	1.85833413e-04
8.06000000e-01	1.14305636e-02	1.85501751e-04
8.07000000e-01	1.13591840e-02	1.86591972e-04
8.08000000e-01	1.17222062e-02	1.95128789e-04
8.09000000e-01	1.13601335e-02	1.90241212e-04
8.10000000e-01	1.12862316e-02	1.92793359e-04
8.11000000e-01	1.15517488e-02	1.97524476e-04
8.12000000e-01	1.14214870e-02	1.97737271e-04
8.13000000e-01	1.15876031e-02	2.02070823e-04
8.14000000e-01	1.15165470e-02	2.03526702e-04
8.15000000e-01	1.15785407e-02	2.07413028e-04
8.16000000e-01	1.13042389e-02	2.05329528e-04
8.17000000e-01	1.16605777e-02	2.13638771e-04
8.18000000e-01	1.15701684e-02	2.14814865e-04
8.19000000e-01	1.13679539e-02	2.14794882e-04
8.20000000e-01	1.11404286e-02	2.13551964e-04
8.21000000e-01	1.12525782e-02	2.18090808e-04
8.22000000e-01	1.13941017e-02	2.23544778e-04
8.23000000e-01	1.12053892e-02	2.22660541e-04
8.24000000e-01	1.12770306e-02	2.27330830e-04
8.25000000e-01	1.12000992e-02	2.29258596e-04
8.26000000e-01	1.09857057e-02	2.28956533e-04
8.27000000e-01	1.11061333e-02	2.34022845e-04
8.28000000e-01	1.11936795e-02	2.40515894e-04
8.29000000e-01	1.12118833e-02	2.43107140e-04
8.30000000e-01	1.12820663e-02	2.48755750e-04
8.31000000e-01	1.12062094e-02	2.50595606e-04
8.32000000e-01	1.10908698e-02	2.52389641e-04
8.33000000e-01	1.12558495e-02	2.61242855e-04
8.34000000e-01	1.10762973e-02	2.59485024e-04
8.35000000e-01	1.13304559e-02	2.72776154e-04
8.36000000e-01	1.10980832e-02	2.71970390e-04
8.37000000e-01	1.11292400e-02	2.74861887e-04
8.38000000e-01	1.11759029e-02	2.83398128e-04
8.39000000e-01	1.09787211e-02	2.85782423e-04
8.40000000e-01	1.07631680e-02	2.83443152e-04
8.41000000e-01	1.11626374e-02	3.01014903e-04
8.42000000e-01	1.09522817e-02	3.06398846e-04
8.43000000e-01	1.09275660e-02	3.09900141e-04
8.44000000e-01	1.06639333e-02	3.10643640e-04
8.45000000e-01	1.11639607e-02	3.32803263e-04
8.46000000e-01	1.09366026e-02	3.34060647e-04
8.47000000e-01	1.11105034e-02	3.48315223e-04
8.48000000e-01	1.09827069e-02	3.61570814e-04
8.49000000e-01	1.06333121e-02	3.59505286e-04
8.50000000e-01	1.06177714e-02	3.70784609e-04
8.51000000e-01	1.03176570e-02	3.77624794e-04
8.52000000e-01	1.06656613e-02	3.97389508e-04
8.53000000e-01	1.07396266e-02	4.17010512e-04
8.54000000e-01	1.04502183e-02	4.35100023e-04
8.55000000e-01	1.06427303e-02	4.49491008e-04
8.56000000e-01	1.04811865e-02	4.57318431e-04
8.57000000e-01	1.04972744e-02	4.70634705e-04
8.58000000e-01	1.07960209e-02	4.96965967e-04
8.59000000e-01	1.02442646e-02	4.95988965e-04
8.60000000e-01	1.07249309e-02	5.32126288e-04
8.61000000e-01	1.05992775e-02	5.28467810e-04
8.62000000e-01	1.05247174e-02	5.69892668e-04
8.63000000e-01	1.00477267e-02	5.48063216e-04
8.64000000e-01	9.94152341e-03	5.76584906e-04
8.65000000e-01	1.08408166e-02	6.49929485e-04
8.66000000e-01	1.02307916e-02	6.48608278e-04
8.67000000e-01	1.05913521e-02	7.02454200e-04
8.68000000e-01	1.11550690e-02	7.80456774e-04
8.69000000e-01	9.97443352e-03	7.85751461e-04
8.70000000e-01	1.06067539e-02	8.93053820e-04
8.71000000e-01	1.05204721e-02	9.86907436e-04
8.72000000e-01	1.09120970e-02	1.16161814e-03
8.73000000e-01	9.73691619e-03	1.19928194e-03
8.74000000e-01	1.16413000e-02	1.79325957e-03
8.75000000e-01	1.36294836e-02	4.21640887e-03
