% Filename : SDL5_00008_00007.h5
% Date & Time : 30-Oct-2025 14:37:03
% X-ray Energy (keV) : 13.30001
% Exposure Time (s) : 0.500
% Beam Center : 1461.24000, 208.98300
% Sample to Detector Distance (SDD) (mm) : 1990.750
% Detector Pixel Size (mm) : 0.075
% Photodiode Value : 134984.000
% I0 of Sample : 0
% I0 of Standard : 1
% 
% q(A^-1)   I(q)    I(q)_SE
0.00000000e+00	1.07074788e-02	5.98566614e-03
2.50000000e-04	0.00000000e+00	0.00000000e+00
5.00000000e-04	0.00000000e+00	0.00000000e+00
7.50000000e-04	0.00000000e+00	0.00000000e+00
1.00000000e-03	0.00000000e+00	0.00000000e+00
1.25000000e-03	0.00000000e+00	0.00000000e+00
1.50000000e-03	0.00000000e+00	0.00000000e+00
1.75000000e-03	0.00000000e+00	0.00000000e+00
2.00000000e-03	0.00000000e+00	0.00000000e+00
2.25000000e-03	0.00000000e+00	0.00000000e+00
2.50000000e-03	0.00000000e+00	0.00000000e+00
2.75000000e-03	0.00000000e+00	0.00000000e+00
3.00000000e-03	0.00000000e+00	0.00000000e+00
3.25000000e-03	1.15031661e+03	6.73727546e+02
3.50000000e-03	4.44858126e+02	1.45533700e+02
3.75000000e-03	2.95806994e+02	6.54416455e+01
4.00000000e-03	2.72540687e+02	6.02458254e+01
4.25000000e-03	1.77952123e+02	3.45826668e+01
4.50000000e-03	1.56655060e+02	2.67805952e+01
4.75000000e-03	1.33296754e+02	1.99096037e+01
5.00000000e-03	1.08522726e+02	1.56041411e+01
5.25000000e-03	8.98075808e+01	1.26395383e+01
5.50000000e-03	7.48670566e+01	9.99134868e+00
5.75000000e-03	6.37382902e+01	8.35284141e+00
6.00000000e-03	5.38426781e+01	7.05822942e+00
6.25000000e-03	4.60651881e+01	5.85526972e+00
6.50000000e-03	3.98391234e+01	5.06216324e+00
6.75000000e-03	3.43354278e+01	4.12479438e+00
7.00000000e-03	2.92043514e+01	3.37419357e+00
7.25000000e-03	2.56425941e+01	2.90721720e+00
7.50000000e-03	2.24990045e+01	2.48997301e+00
7.75000000e-03	1.97256224e+01	2.12552080e+00
8.00000000e-03	1.76776927e+01	1.89931656e+00
8.25000000e-03	1.53878924e+01	1.57971231e+00
8.50000000e-03	1.38070080e+01	1.38201088e+00
8.75000000e-03	1.26330341e+01	1.26541538e+00
9.00000000e-03	1.11299802e+01	1.09222283e+00
9.25000000e-03	1.00492746e+01	9.60158747e-01
9.50000000e-03	8.86823868e+00	8.21278951e-01
9.75000000e-03	7.95954399e+00	7.31191387e-01
1.00000000e-02	7.27036908e+00	6.60262964e-01
1.02500000e-02	6.67283653e+00	6.02793467e-01
1.05000000e-02	6.08670710e+00	5.23624616e-01
1.07500000e-02	5.56969486e+00	4.82538381e-01
1.10000000e-02	5.03538119e+00	4.22562151e-01
1.12500000e-02	4.56650350e+00	3.79993962e-01
1.15000000e-02	4.37683008e+00	3.68683008e-01
1.17500000e-02	3.97107281e+00	3.24656237e-01
1.20000000e-02	3.67587208e+00	2.97350261e-01
1.22500000e-02	3.41190193e+00	2.71524723e-01
1.25000000e-02	3.23282855e+00	2.56624742e-01
1.27500000e-02	3.01827114e+00	2.34780449e-01
1.30000000e-02	2.74923144e+00	2.09081487e-01
1.32500000e-02	2.60976347e+00	1.95900456e-01
1.35000000e-02	2.44337897e+00	1.82222225e-01
1.37500000e-02	2.27485883e+00	1.68254415e-01
1.40000000e-02	2.14154073e+00	1.53421019e-01
1.42500000e-02	2.02664482e+00	1.43184413e-01
1.45000000e-02	1.92456995e+00	1.35135754e-01
1.47500000e-02	1.79833863e+00	1.26244353e-01
1.50000000e-02	1.70597923e+00	1.18151277e-01
1.52500000e-02	1.60359083e+00	1.09715970e-01
1.55000000e-02	1.51752272e+00	1.00680939e-01
1.57500000e-02	1.42833707e+00	9.52609886e-02
1.60000000e-02	1.35595320e+00	8.89547925e-02
1.62500000e-02	1.29286350e+00	8.49003094e-02
1.65000000e-02	1.20786781e+00	7.73839268e-02
1.67500000e-02	1.17819609e+00	7.47951912e-02
1.70000000e-02	1.12949666e+00	7.27514358e-02
1.72500000e-02	1.05657257e+00	6.57293634e-02
1.75000000e-02	1.01523492e+00	6.33584997e-02
1.77500000e-02	9.75344286e-01	5.92706055e-02
1.80000000e-02	9.37224879e-01	5.67848829e-02
1.82500000e-02	8.82140322e-01	5.17917881e-02
1.85000000e-02	8.46283209e-01	5.10171064e-02
1.87500000e-02	8.25947059e-01	4.87593493e-02
1.90000000e-02	7.92922180e-01	4.68914333e-02
1.92500000e-02	7.60791196e-01	4.36890082e-02
1.95000000e-02	7.14943274e-01	3.99898721e-02
1.97500000e-02	7.01472523e-01	4.02806788e-02
2.00000000e-02	6.77263896e-01	3.82300691e-02
2.02500000e-02	6.47215221e-01	3.64012778e-02
2.05000000e-02	6.31952123e-01	3.46687846e-02
2.07500000e-02	6.14169507e-01	3.42347732e-02
2.10000000e-02	5.98182520e-01	3.33234170e-02
2.12500000e-02	5.79939405e-01	3.20926784e-02
2.15000000e-02	5.68933823e-01	3.13159192e-02
2.17500000e-02	5.62308760e-01	3.10520089e-02
2.20000000e-02	5.45853560e-01	3.01312559e-02
2.22500000e-02	5.29657086e-01	2.91873740e-02
2.25000000e-02	5.24618057e-01	2.91215083e-02
2.27500000e-02	5.04517012e-01	2.75735635e-02
2.30000000e-02	4.96158168e-01	2.70202484e-02
2.32500000e-02	4.82143440e-01	2.62013272e-02
2.35000000e-02	4.70636890e-01	2.57710251e-02
2.37500000e-02	4.59650491e-01	2.48996189e-02
2.40000000e-02	4.51089328e-01	2.46956109e-02
2.42500000e-02	4.42109681e-01	2.40353372e-02
2.45000000e-02	4.32128522e-01	2.33589840e-02
2.47500000e-02	4.20491585e-01	2.23548330e-02
2.50000000e-02	4.13469525e-01	2.20502008e-02
2.52500000e-02	4.06261188e-01	2.20237747e-02
2.55000000e-02	4.03331518e-01	2.10764786e-02
2.57500000e-02	3.86786829e-01	2.04642601e-02
2.60000000e-02	3.74382975e-01	1.96542672e-02
2.62500000e-02	3.72691199e-01	1.97678214e-02
2.65000000e-02	3.63405530e-01	1.90992452e-02
2.67500000e-02	3.60655277e-01	1.87459982e-02
2.70000000e-02	3.51738211e-01	1.83797780e-02
2.72500000e-02	3.41961138e-01	1.75192993e-02
2.75000000e-02	3.37263372e-01	1.76503423e-02
2.77500000e-02	3.34462598e-01	1.74344718e-02
2.80000000e-02	3.20362341e-01	1.62928896e-02
2.82500000e-02	3.17473065e-01	1.61950253e-02
2.85000000e-02	3.19327772e-01	1.63229225e-02
2.87500000e-02	3.16772528e-01	1.62669747e-02
2.90000000e-02	3.05071392e-01	1.57066891e-02
2.92500000e-02	2.98537023e-01	1.48096297e-02
2.95000000e-02	2.96823909e-01	1.49937136e-02
2.97500000e-02	2.94069401e-01	1.46703817e-02
3.00000000e-02	2.88370990e-01	1.45743038e-02
3.02500000e-02	2.84441731e-01	1.43013752e-02
3.05000000e-02	2.75967111e-01	1.35231843e-02
3.07500000e-02	2.75200071e-01	1.36392153e-02
3.10000000e-02	2.73998755e-01	1.35349002e-02
3.12500000e-02	2.68115168e-01	1.34650355e-02
3.15000000e-02	2.63616988e-01	1.29880207e-02
3.17500000e-02	2.59442389e-01	1.25430545e-02
3.20000000e-02	2.59029824e-01	1.27016255e-02
3.22500000e-02	2.53234226e-01	1.24107446e-02
3.25000000e-02	2.46920065e-01	1.21827826e-02
3.27500000e-02	2.42908855e-01	1.18691073e-02
3.30000000e-02	2.44304914e-01	1.18084596e-02
3.32500000e-02	2.40785262e-01	1.16626262e-02
3.35000000e-02	2.38793846e-01	1.16473920e-02
3.37500000e-02	2.33526891e-01	1.13507279e-02
3.40000000e-02	2.31518479e-01	1.11576960e-02
3.42500000e-02	2.28450597e-01	1.08427753e-02
3.45000000e-02	2.25296060e-01	1.08569386e-02
3.47500000e-02	2.26321050e-01	1.08671328e-02
3.50000000e-02	2.17878418e-01	1.04141580e-02
3.52500000e-02	2.19878094e-01	1.04913725e-02
3.55000000e-02	2.12182233e-01	9.96789113e-03
3.57500000e-02	2.11994701e-01	1.00843245e-02
3.60000000e-02	2.07387537e-01	9.88299315e-03
3.62500000e-02	2.08006847e-01	9.92831038e-03
3.65000000e-02	2.01809184e-01	9.47755065e-03
3.67500000e-02	2.04126561e-01	9.59396013e-03
3.70000000e-02	2.00237827e-01	9.35670456e-03
3.72500000e-02	1.99055560e-01	9.26733954e-03
3.75000000e-02	1.95748771e-01	9.23220668e-03
3.77500000e-02	1.92978678e-01	9.00145497e-03
3.80000000e-02	1.93298153e-01	8.92885114e-03
3.82500000e-02	1.88752056e-01	8.73469504e-03
3.85000000e-02	1.87986849e-01	8.74411746e-03
3.87500000e-02	1.85449050e-01	8.60328343e-03
3.90000000e-02	1.85247154e-01	8.54352167e-03
3.92500000e-02	1.84642008e-01	8.44727402e-03
3.95000000e-02	1.80392810e-01	8.26409561e-03
3.97500000e-02	1.80617078e-01	8.25280959e-03
4.00000000e-02	1.76442898e-01	8.08288816e-03
4.02500000e-02	1.75708177e-01	8.00448690e-03
4.05000000e-02	1.72698310e-01	7.75553817e-03
4.07500000e-02	1.67859716e-01	7.56659328e-03
4.10000000e-02	1.69077783e-01	7.66659589e-03
4.12500000e-02	1.68778498e-01	7.66495163e-03
4.15000000e-02	1.65605557e-01	7.41395869e-03
4.17500000e-02	1.68593177e-01	7.53832593e-03
4.20000000e-02	1.63002949e-01	7.23109479e-03
4.22500000e-02	1.61759965e-01	7.19846864e-03
4.25000000e-02	1.59730773e-01	7.13048480e-03
4.27500000e-02	1.57834248e-01	7.00224567e-03
4.30000000e-02	1.57702622e-01	7.01772577e-03
4.32500000e-02	1.56950644e-01	6.93647490e-03
4.35000000e-02	1.54877841e-01	6.86487844e-03
4.37500000e-02	1.52611050e-01	6.71588452e-03
4.40000000e-02	1.52352378e-01	6.72363850e-03
4.42500000e-02	1.47837720e-01	6.49169007e-03
4.45000000e-02	1.50939082e-01	6.62147787e-03
4.47500000e-02	1.45889780e-01	6.37031554e-03
4.50000000e-02	1.45694667e-01	6.41335706e-03
4.52500000e-02	1.46778944e-01	6.39087759e-03
4.55000000e-02	1.41978557e-01	6.13320353e-03
4.57500000e-02	1.42823107e-01	6.16070942e-03
4.60000000e-02	1.41997678e-01	6.14834164e-03
4.62500000e-02	1.41299359e-01	6.13278197e-03
4.65000000e-02	1.37026940e-01	5.87955139e-03
4.67500000e-02	1.37081797e-01	5.80719076e-03
4.70000000e-02	1.34810242e-01	5.72189190e-03
4.72500000e-02	1.34266163e-01	5.71025558e-03
4.75000000e-02	1.33415400e-01	5.76559009e-03
4.77500000e-02	1.32077129e-01	5.61018115e-03
4.80000000e-02	1.30810959e-01	5.55671676e-03
4.82500000e-02	1.27606003e-01	5.38936640e-03
4.85000000e-02	1.27291854e-01	5.42612926e-03
4.87500000e-02	1.27203070e-01	5.38724105e-03
4.90000000e-02	1.28239214e-01	5.36910217e-03
4.92500000e-02	1.26929223e-01	5.33811130e-03
4.95000000e-02	1.24669978e-01	5.23299061e-03
4.97500000e-02	1.24871323e-01	5.25221518e-03
5.00000000e-02	1.20378618e-01	5.04329779e-03
5.02500000e-02	1.20772671e-01	4.97538955e-03
5.05000000e-02	1.20105381e-01	4.93099910e-03
5.07500000e-02	1.17640624e-01	4.89773884e-03
5.10000000e-02	1.16364622e-01	4.81354722e-03
5.12500000e-02	1.17499248e-01	4.85433349e-03
5.15000000e-02	1.14793196e-01	4.68904142e-03
5.17500000e-02	1.15730133e-01	4.78043077e-03
5.20000000e-02	1.13869853e-01	4.68079072e-03
5.22500000e-02	1.14713258e-01	4.72984207e-03
5.25000000e-02	1.10481836e-01	4.51240404e-03
5.27500000e-02	1.09915945e-01	4.47904007e-03
5.30000000e-02	1.08788848e-01	4.46801519e-03
5.32500000e-02	1.10761766e-01	4.49570167e-03
5.35000000e-02	1.09904046e-01	4.47906365e-03
5.37500000e-02	1.08130278e-01	4.39648272e-03
5.40000000e-02	1.06707237e-01	4.31781019e-03
5.42500000e-02	1.06072752e-01	4.27616204e-03
5.45000000e-02	1.05472081e-01	4.24621497e-03
5.47500000e-02	1.04136756e-01	4.16309871e-03
5.50000000e-02	1.02162310e-01	4.10073436e-03
5.52500000e-02	1.01487970e-01	4.05380513e-03
5.55000000e-02	1.02251858e-01	4.08157354e-03
5.57500000e-02	1.01828276e-01	4.09375737e-03
5.60000000e-02	9.87621195e-02	3.93387554e-03
5.62500000e-02	1.00263382e-01	3.99259940e-03
5.65000000e-02	9.74612742e-02	3.84989605e-03
5.67500000e-02	9.68115985e-02	3.83754335e-03
5.70000000e-02	9.53328027e-02	3.73690810e-03
5.72500000e-02	9.43753028e-02	3.72501725e-03
5.75000000e-02	9.52188971e-02	3.80079907e-03
5.77500000e-02	9.30694749e-02	3.62275162e-03
5.80000000e-02	9.26986505e-02	3.61811361e-03
5.82500000e-02	9.07183274e-02	3.53417930e-03
5.85000000e-02	9.16361918e-02	3.59520718e-03
5.87500000e-02	9.07124075e-02	3.49405906e-03
5.90000000e-02	9.01253548e-02	3.49372901e-03
5.92500000e-02	8.92596206e-02	3.44541005e-03
5.95000000e-02	8.73096490e-02	3.33854014e-03
5.97500000e-02	8.84041676e-02	3.43241162e-03
6.00000000e-02	8.58601132e-02	3.29665699e-03
6.02500000e-02	8.65131981e-02	3.31851261e-03
6.05000000e-02	8.47155437e-02	3.25587621e-03
6.07500000e-02	8.47835590e-02	3.24624701e-03
6.10000000e-02	8.34991357e-02	3.19779054e-03
6.12500000e-02	8.27306660e-02	3.15704394e-03
6.15000000e-02	8.32936740e-02	3.16191876e-03
6.17500000e-02	8.20196041e-02	3.10760971e-03
6.20000000e-02	8.08754656e-02	3.06341223e-03
6.22500000e-02	8.08558096e-02	3.05080466e-03
6.25000000e-02	7.87328449e-02	2.99250078e-03
6.27500000e-02	7.89495750e-02	2.94501003e-03
6.30000000e-02	7.75641653e-02	2.92282813e-03
6.32500000e-02	7.69264103e-02	2.87339166e-03
6.35000000e-02	7.65832832e-02	2.87394816e-03
6.37500000e-02	7.66132477e-02	2.87786104e-03
6.40000000e-02	7.67480857e-02	2.86213354e-03
6.42500000e-02	7.61266729e-02	2.82107771e-03
6.45000000e-02	7.36411291e-02	2.73685834e-03
6.47500000e-02	7.44872444e-02	2.78086758e-03
6.50000000e-02	7.25567403e-02	2.68020256e-03
6.52500000e-02	7.32187481e-02	2.69341773e-03
6.55000000e-02	7.05951572e-02	2.60870342e-03
6.57500000e-02	7.24180085e-02	2.65506651e-03
6.60000000e-02	7.12536886e-02	2.61932305e-03
6.62500000e-02	7.12477922e-02	2.62860434e-03
6.65000000e-02	6.99067705e-02	2.53952905e-03
6.67500000e-02	6.84688439e-02	2.50052198e-03
6.70000000e-02	6.98271534e-02	2.54922679e-03
6.72500000e-02	6.95325861e-02	2.53064729e-03
6.75000000e-02	6.75170481e-02	2.43755612e-03
6.77500000e-02	6.81045985e-02	2.45904018e-03
6.80000000e-02	6.67213837e-02	2.41414345e-03
6.82500000e-02	6.68565612e-02	2.40125594e-03
6.85000000e-02	6.59810648e-02	2.37046234e-03
6.87500000e-02	6.50511108e-02	2.34743484e-03
6.90000000e-02	6.48921621e-02	2.32525786e-03
6.92500000e-02	6.40277039e-02	2.29398837e-03
6.95000000e-02	6.31336819e-02	2.27351514e-03
6.97500000e-02	6.37615569e-02	2.29014048e-03
7.00000000e-02	6.18566974e-02	2.18925839e-03
7.02500000e-02	6.21608020e-02	2.19309455e-03
7.05000000e-02	6.09378789e-02	2.15341685e-03
7.07500000e-02	6.30043382e-02	2.24291192e-03
7.10000000e-02	6.09581177e-02	2.14962403e-03
7.12500000e-02	5.99761580e-02	2.12349959e-03
7.15000000e-02	5.98916988e-02	2.09696333e-03
7.17500000e-02	5.89667258e-02	2.07498673e-03
7.20000000e-02	5.91543352e-02	2.08446132e-03
7.22500000e-02	5.81694173e-02	2.03492109e-03
7.25000000e-02	5.87369880e-02	2.06342780e-03
7.27500000e-02	5.83020456e-02	2.02926677e-03
7.30000000e-02	5.76331855e-02	2.02265635e-03
7.32500000e-02	5.67439255e-02	1.97207877e-03
7.35000000e-02	5.73307785e-02	2.00416578e-03
7.37500000e-02	5.53756344e-02	1.91786493e-03
7.40000000e-02	5.63278687e-02	1.95884059e-03
7.42500000e-02	5.46651874e-02	1.89033968e-03
7.45000000e-02	5.45447370e-02	1.87540895e-03
7.47500000e-02	5.51676927e-02	1.89641747e-03
7.50000000e-02	5.32574485e-02	1.82077814e-03
7.52500000e-02	5.40253731e-02	1.85002515e-03
7.55000000e-02	5.42432199e-02	1.84455712e-03
7.57500000e-02	5.34763915e-02	1.81971022e-03
7.60000000e-02	5.17782711e-02	1.76146732e-03
7.62500000e-02	5.21235678e-02	1.76686514e-03
7.65000000e-02	5.11361386e-02	1.73971185e-03
7.67500000e-02	5.18396839e-02	1.75165600e-03
7.70000000e-02	5.12880678e-02	1.73423291e-03
7.72500000e-02	5.18477494e-02	1.76906563e-03
7.75000000e-02	5.23349596e-02	1.82616807e-03
7.77500000e-02	5.16354140e-02	1.78737705e-03
7.80000000e-02	5.11806232e-02	1.77415849e-03
7.82500000e-02	5.19017608e-02	1.81668173e-03
7.85000000e-02	5.14164946e-02	1.80596794e-03
7.87500000e-02	5.16882563e-02	1.80028424e-03
7.90000000e-02	5.17378176e-02	1.83293954e-03
7.92500000e-02	5.12724159e-02	1.81444095e-03
7.95000000e-02	5.15161490e-02	1.82590015e-03
7.97500000e-02	5.06805709e-02	1.79255615e-03
8.00000000e-02	5.04409128e-02	1.79032725e-03
8.02500000e-02	5.00801506e-02	1.77830755e-03
8.05000000e-02	5.04980596e-02	1.78744074e-03
8.07500000e-02	4.96205476e-02	1.77880284e-03
8.10000000e-02	4.94052293e-02	1.77041050e-03
8.12500000e-02	4.91691844e-02	1.77177006e-03
8.15000000e-02	4.80831417e-02	1.71833118e-03
8.17500000e-02	4.92090380e-02	1.76729023e-03
8.20000000e-02	4.78137013e-02	1.72886615e-03
8.22500000e-02	4.77674021e-02	1.71618329e-03
8.25000000e-02	4.78144427e-02	1.72203669e-03
8.27500000e-02	4.83175042e-02	1.73214814e-03
8.30000000e-02	4.80448588e-02	1.73221492e-03
8.32500000e-02	4.92003799e-02	1.79058330e-03
8.35000000e-02	4.71916912e-02	1.71443148e-03
8.37500000e-02	4.74292529e-02	1.69600728e-03
8.40000000e-02	4.77225992e-02	1.72701732e-03
8.42500000e-02	4.75823254e-02	1.72466885e-03
8.45000000e-02	4.67357703e-02	1.69507681e-03
8.47500000e-02	4.69179942e-02	1.71221304e-03
8.50000000e-02	4.69471703e-02	1.69016311e-03
8.52500000e-02	4.58643120e-02	1.67541984e-03
8.55000000e-02	4.51859615e-02	1.63003524e-03
8.57500000e-02	4.59174255e-02	1.67187971e-03
8.60000000e-02	4.58920796e-02	1.66453769e-03
8.62500000e-02	4.51248943e-02	1.63407473e-03
8.65000000e-02	4.44481628e-02	1.62713855e-03
8.67500000e-02	4.45775486e-02	1.62287436e-03
8.70000000e-02	4.46342524e-02	1.60423081e-03
8.72500000e-02	4.33199008e-02	1.51954583e-03
8.75000000e-02	4.25512223e-02	1.47975855e-03
8.77500000e-02	4.27425916e-02	1.47228912e-03
8.80000000e-02	4.18391640e-02	1.45195027e-03
8.82500000e-02	4.24416894e-02	1.45811538e-03
8.85000000e-02	4.15878026e-02	1.43526292e-03
8.87500000e-02	4.12890773e-02	1.39745022e-03
8.90000000e-02	4.06936357e-02	1.38687409e-03
8.92500000e-02	4.14496401e-02	1.40869128e-03
8.95000000e-02	4.05446907e-02	1.37202178e-03
8.97500000e-02	4.05955414e-02	1.36608956e-03
9.00000000e-02	3.95913713e-02	1.32661899e-03
9.02500000e-02	3.95427739e-02	1.32984822e-03
9.05000000e-02	3.94918585e-02	1.31791793e-03
9.07500000e-02	3.95147958e-02	1.30765006e-03
9.10000000e-02	3.88432984e-02	1.28834806e-03
9.12500000e-02	3.91382097e-02	1.29016568e-03
9.15000000e-02	3.86546747e-02	1.27764256e-03
9.17500000e-02	3.86925526e-02	1.28111677e-03
9.20000000e-02	3.79194004e-02	1.24015221e-03
9.22500000e-02	3.75216330e-02	1.22885793e-03
9.25000000e-02	3.79919729e-02	1.24482962e-03
9.27500000e-02	3.78934650e-02	1.24036551e-03
9.30000000e-02	3.68351882e-02	1.20304380e-03
9.32500000e-02	3.70658540e-02	1.20743518e-03
9.35000000e-02	3.60773154e-02	1.17154374e-03
9.37500000e-02	3.67223137e-02	1.18360384e-03
9.40000000e-02	3.64928002e-02	1.17903003e-03
9.42500000e-02	3.68104777e-02	1.18343265e-03
9.45000000e-02	3.63558587e-02	1.17087821e-03
9.47500000e-02	3.62218300e-02	1.16664292e-03
9.50000000e-02	3.56455082e-02	1.13731659e-03
9.52500000e-02	3.61590445e-02	1.15519193e-03
9.55000000e-02	3.62011640e-02	1.15100443e-03
9.57500000e-02	3.48101133e-02	1.11271978e-03
9.60000000e-02	3.50558590e-02	1.11258625e-03
9.62500000e-02	3.50248368e-02	1.11311927e-03
9.65000000e-02	3.47697637e-02	1.10539846e-03
9.67500000e-02	3.40922994e-02	1.08005889e-03
9.70000000e-02	3.45344018e-02	1.09919843e-03
9.72500000e-02	3.57027273e-02	1.12569139e-03
9.75000000e-02	3.43717582e-02	1.09692415e-03
9.77500000e-02	3.43296536e-02	1.07423782e-03
9.80000000e-02	3.36247320e-02	1.06179413e-03
9.82500000e-02	3.37757144e-02	1.06553379e-03
9.85000000e-02	3.40008615e-02	1.06101503e-03
9.87500000e-02	3.29763025e-02	1.03386738e-03
9.90000000e-02	3.39922732e-02	1.05604285e-03
9.92500000e-02	3.33414796e-02	1.04579519e-03
9.95000000e-02	3.37646165e-02	1.04505740e-03
9.97500000e-02	3.34632220e-02	1.04281668e-03
1.00000000e-01	3.24526712e-02	8.25131976e-04
1.00500000e-01	3.28786189e-02	7.21919466e-04
1.01000000e-01	3.26170071e-02	7.09980867e-04
1.01500000e-01	3.21582924e-02	6.99165404e-04
1.02000000e-01	3.20701711e-02	6.96346136e-04
1.02500000e-01	3.20073183e-02	6.89723353e-04
1.03000000e-01	3.14806352e-02	6.77605493e-04
1.03500000e-01	3.11387365e-02	6.67858373e-04
1.04000000e-01	3.05949967e-02	6.57662748e-04
1.04500000e-01	3.04952234e-02	6.51988730e-04
1.05000000e-01	3.09753494e-02	6.58723489e-04
1.05500000e-01	3.05079565e-02	6.46136465e-04
1.06000000e-01	3.05109967e-02	6.45819958e-04
1.06500000e-01	2.96929140e-02	6.28035839e-04
1.07000000e-01	2.97734905e-02	6.36976822e-04
1.07500000e-01	2.91604793e-02	6.35030082e-04
1.08000000e-01	2.90721675e-02	6.37330252e-04
1.08500000e-01	2.84158494e-02	6.31025975e-04
1.09000000e-01	2.80928100e-02	6.31172477e-04
1.09500000e-01	2.79701907e-02	6.25565690e-04
1.10000000e-01	2.79723127e-02	6.18913921e-04
1.10500000e-01	2.81840669e-02	6.10098737e-04
1.11000000e-01	2.77792579e-02	5.95299185e-04
1.11500000e-01	2.79593500e-02	5.92244425e-04
1.12000000e-01	2.79762993e-02	5.89195259e-04
1.12500000e-01	2.78101761e-02	5.83132851e-04
1.13000000e-01	2.73741293e-02	5.69757219e-04
1.13500000e-01	2.80783454e-02	5.81947751e-04
1.14000000e-01	2.73943472e-02	5.66195896e-04
1.14500000e-01	2.70610296e-02	5.56619285e-04
1.15000000e-01	2.74333517e-02	5.64710156e-04
1.15500000e-01	2.71377383e-02	5.58768351e-04
1.16000000e-01	2.72204519e-02	5.57112771e-04
1.16500000e-01	2.69827768e-02	5.52149789e-04
1.17000000e-01	2.67633557e-02	5.43796193e-04
1.17500000e-01	2.65703991e-02	5.39460998e-04
1.18000000e-01	2.67200673e-02	5.44136649e-04
1.18500000e-01	2.68478281e-02	5.41250547e-04
1.19000000e-01	2.66206839e-02	5.34892818e-04
1.19500000e-01	2.61028442e-02	5.26419554e-04
1.20000000e-01	2.61271592e-02	5.23340163e-04
1.20500000e-01	2.58792884e-02	5.15579100e-04
1.21000000e-01	2.59540436e-02	5.19219146e-04
1.21500000e-01	2.56497924e-02	5.10568580e-04
1.22000000e-01	2.56895622e-02	5.10525786e-04
1.22500000e-01	2.58162653e-02	5.12914426e-04
1.23000000e-01	2.57361926e-02	5.10762802e-04
1.23500000e-01	2.57607035e-02	5.06722562e-04
1.24000000e-01	2.54380487e-02	5.04213962e-04
1.24500000e-01	2.51910406e-02	4.95137815e-04
1.25000000e-01	2.50462827e-02	4.93555092e-04
1.25500000e-01	2.51513736e-02	4.93007278e-04
1.26000000e-01	2.52068154e-02	4.93103162e-04
1.26500000e-01	2.52676071e-02	4.92854960e-04
1.27000000e-01	2.48782136e-02	4.84066513e-04
1.27500000e-01	2.46534699e-02	4.79066806e-04
1.28000000e-01	2.51648889e-02	4.88545293e-04
1.28500000e-01	2.46919731e-02	4.78201143e-04
1.29000000e-01	2.47044503e-02	4.77529683e-04
1.29500000e-01	2.46020438e-02	4.75622416e-04
1.30000000e-01	2.42349746e-02	4.68249021e-04
1.30500000e-01	2.44614769e-02	4.69682550e-04
1.31000000e-01	2.44758342e-02	4.68932841e-04
1.31500000e-01	2.42882936e-02	4.64524459e-04
1.32000000e-01	2.43039332e-02	4.63917421e-04
1.32500000e-01	2.42667260e-02	4.61612521e-04
1.33000000e-01	2.41144188e-02	4.59146636e-04
1.33500000e-01	2.40735433e-02	4.54680214e-04
1.34000000e-01	2.42107746e-02	4.61238793e-04
1.34500000e-01	2.36592968e-02	4.47048670e-04
1.35000000e-01	2.36611663e-02	4.46112178e-04
1.35500000e-01	2.39089892e-02	4.49481923e-04
1.36000000e-01	2.38698072e-02	4.49428906e-04
1.36500000e-01	2.39739049e-02	4.50715809e-04
1.37000000e-01	2.34400509e-02	4.38069548e-04
1.37500000e-01	2.37511426e-02	4.43914171e-04
1.38000000e-01	2.39157709e-02	4.47847897e-04
1.38500000e-01	2.32911627e-02	4.34672865e-04
1.39000000e-01	2.35789880e-02	4.40190246e-04
1.39500000e-01	2.35403187e-02	4.39503002e-04
1.40000000e-01	2.30358503e-02	4.31104525e-04
1.40500000e-01	2.30853954e-02	4.28694097e-04
1.41000000e-01	2.30606147e-02	4.26757945e-04
1.41500000e-01	2.33165794e-02	4.32082716e-04
1.42000000e-01	2.29090719e-02	4.23077217e-04
1.42500000e-01	2.25598642e-02	4.19911527e-04
1.43000000e-01	2.26413028e-02	4.18917104e-04
1.43500000e-01	2.24795012e-02	4.14630910e-04
1.44000000e-01	2.26906775e-02	4.18837281e-04
1.44500000e-01	2.26348398e-02	4.14615670e-04
1.45000000e-01	2.23562742e-02	4.12138895e-04
1.45500000e-01	2.23478707e-02	4.09019234e-04
1.46000000e-01	2.25019903e-02	4.12013677e-04
1.46500000e-01	2.20503628e-02	4.05207274e-04
1.47000000e-01	2.22489332e-02	4.05633342e-04
1.47500000e-01	2.22627494e-02	4.06404920e-04
1.48000000e-01	2.21514782e-02	4.02535553e-04
1.48500000e-01	2.22261245e-02	4.02794762e-04
1.49000000e-01	2.21493844e-02	4.00447658e-04
1.49500000e-01	2.20957110e-02	3.98671240e-04
1.50000000e-01	2.19708441e-02	3.96805687e-04
1.50500000e-01	2.19236530e-02	3.97422899e-04
1.51000000e-01	2.17877516e-02	3.92211864e-04
1.51500000e-01	2.20338513e-02	3.96121888e-04
1.52000000e-01	2.21369649e-02	3.93325971e-04
1.52500000e-01	2.19783562e-02	3.92663997e-04
1.53000000e-01	2.18093319e-02	3.90384012e-04
1.53500000e-01	2.17413381e-02	3.87644529e-04
1.54000000e-01	2.22193122e-02	3.94956584e-04
1.54500000e-01	2.13220014e-02	3.86599463e-04
1.55000000e-01	2.17231649e-02	3.96281210e-04
1.55500000e-01	2.16721682e-02	4.01614262e-04
1.56000000e-01	2.16255936e-02	4.03286594e-04
1.56500000e-01	2.15576560e-02	4.01459111e-04
1.57000000e-01	2.17780405e-02	4.05811351e-04
1.57500000e-01	2.11855420e-02	3.87670576e-04
1.58000000e-01	2.13470163e-02	3.85653849e-04
1.58500000e-01	2.12810127e-02	3.82234254e-04
1.59000000e-01	2.13071312e-02	3.78989237e-04
1.59500000e-01	2.14127246e-02	3.82771772e-04
1.60000000e-01	2.14129690e-02	3.82783249e-04
1.60500000e-01	2.11203703e-02	3.75412157e-04
1.61000000e-01	2.13659700e-02	3.78590259e-04
1.61500000e-01	2.11788839e-02	3.74098657e-04
1.62000000e-01	2.11977252e-02	3.72734248e-04
1.62500000e-01	2.14526165e-02	3.77562980e-04
1.63000000e-01	2.09876031e-02	3.66696646e-04
1.63500000e-01	2.09380523e-02	3.70129385e-04
1.64000000e-01	2.08978150e-02	3.63833092e-04
1.64500000e-01	2.08979327e-02	3.66630893e-04
1.65000000e-01	2.09592318e-02	3.65920734e-04
1.65500000e-01	2.09957609e-02	3.65842711e-04
1.66000000e-01	2.06063357e-02	3.60662449e-04
1.66500000e-01	2.12568838e-02	3.69469919e-04
1.67000000e-01	2.06298930e-02	3.58207189e-04
1.67500000e-01	2.08158270e-02	3.61740307e-04
1.68000000e-01	2.10063222e-02	3.62546732e-04
1.68500000e-01	2.08179806e-02	3.59275450e-04
1.69000000e-01	2.06540556e-02	3.55804094e-04
1.69500000e-01	2.06857702e-02	3.55984861e-04
1.70000000e-01	2.05883510e-02	3.54873435e-04
1.70500000e-01	2.06693907e-02	3.55319844e-04
1.71000000e-01	2.05722367e-02	3.52459782e-04
1.71500000e-01	2.08664192e-02	3.56687401e-04
1.72000000e-01	2.05628924e-02	3.51698091e-04
1.72500000e-01	2.07186054e-02	3.53142450e-04
1.73000000e-01	2.04536721e-02	3.49114663e-04
1.73500000e-01	2.06064285e-02	3.49567379e-04
1.74000000e-01	2.03287289e-02	3.45060552e-04
1.74500000e-01	2.05299497e-02	3.44898312e-04
1.75000000e-01	2.05713079e-02	3.46401251e-04
1.75500000e-01	2.01871888e-02	3.38156519e-04
1.76000000e-01	2.04128029e-02	3.42691188e-04
1.76500000e-01	2.03554404e-02	3.42666213e-04
1.77000000e-01	2.02529179e-02	3.40320843e-04
1.77500000e-01	2.04100306e-02	3.41606900e-04
1.78000000e-01	2.03308235e-02	3.40451540e-04
1.78500000e-01	2.00676568e-02	3.38211025e-04
1.79000000e-01	2.03555989e-02	3.40477573e-04
1.79500000e-01	2.02443158e-02	3.38427832e-04
1.80000000e-01	2.03673336e-02	3.40557574e-04
1.80500000e-01	2.01910083e-02	3.37275775e-04
1.81000000e-01	2.01544687e-02	3.36507998e-04
1.81500000e-01	2.00825187e-02	3.33522410e-04
1.82000000e-01	2.00770177e-02	3.34611325e-04
1.82500000e-01	2.00397984e-02	3.33626862e-04
1.83000000e-01	2.01505303e-02	3.35241798e-04
1.83500000e-01	2.01934929e-02	3.33314588e-04
1.84000000e-01	2.00819721e-02	3.31895926e-04
1.84500000e-01	2.02085412e-02	3.33296165e-04
1.85000000e-01	1.99120591e-02	3.28929622e-04
1.85500000e-01	1.98780368e-02	3.26777756e-04
1.86000000e-01	2.00821074e-02	3.30740830e-04
1.86500000e-01	2.00450865e-02	3.29839498e-04
1.87000000e-01	1.97305639e-02	3.25123845e-04
1.87500000e-01	1.98611374e-02	3.24580757e-04
1.88000000e-01	1.95447413e-02	3.21669614e-04
1.88500000e-01	1.98345545e-02	3.24686259e-04
1.89000000e-01	1.97271348e-02	3.21507254e-04
1.89500000e-01	1.98640330e-02	3.24280872e-04
1.90000000e-01	1.95964625e-02	3.20543860e-04
1.90500000e-01	1.96773793e-02	3.20850062e-04
1.91000000e-01	1.98829303e-02	3.23530808e-04
1.91500000e-01	1.98017881e-02	3.21795192e-04
1.92000000e-01	1.96870202e-02	3.19814610e-04
1.92500000e-01	1.98692400e-02	3.22703362e-04
1.93000000e-01	1.96357756e-02	3.17871916e-04
1.93500000e-01	1.95965206e-02	3.16536873e-04
1.94000000e-01	1.96756413e-02	3.17981856e-04
1.94500000e-01	1.94322868e-02	3.14024405e-04
1.95000000e-01	1.95993215e-02	3.17123841e-04
1.95500000e-01	1.95578226e-02	3.14971897e-04
1.96000000e-01	1.94090302e-02	3.12043943e-04
1.96500000e-01	1.93636909e-02	3.11303857e-04
1.97000000e-01	1.92791440e-02	3.09323622e-04
1.97500000e-01	1.95859048e-02	3.13401398e-04
1.98000000e-01	1.94402034e-02	3.10499001e-04
1.98500000e-01	1.94550605e-02	3.10315933e-04
1.99000000e-01	1.91495166e-02	3.07037278e-04
1.99500000e-01	1.94712320e-02	3.09476895e-04
2.00000000e-01	1.94927636e-02	3.10681726e-04
2.00500000e-01	1.93497157e-02	3.06696404e-04
2.01000000e-01	1.94201616e-02	3.07732652e-04
2.01500000e-01	1.92387224e-02	3.05454787e-04
2.02000000e-01	1.91504804e-02	3.04307483e-04
2.02500000e-01	1.94286922e-02	3.07046125e-04
2.03000000e-01	1.91985953e-02	3.04059046e-04
2.03500000e-01	1.96466960e-02	3.08845054e-04
2.04000000e-01	1.92714433e-02	3.04216644e-04
2.04500000e-01	1.92844058e-02	3.03790536e-04
2.05000000e-01	1.91718509e-02	3.02517158e-04
2.05500000e-01	1.93849014e-02	3.03831385e-04
2.06000000e-01	1.93781838e-02	3.03504501e-04
2.06500000e-01	1.95400441e-02	3.06221496e-04
2.07000000e-01	1.92368866e-02	3.02162378e-04
2.07500000e-01	1.91821584e-02	3.00129932e-04
2.08000000e-01	1.89865358e-02	2.96476899e-04
2.08500000e-01	1.90870307e-02	2.97526847e-04
2.09000000e-01	1.93271622e-02	3.01331105e-04
2.09500000e-01	1.91157362e-02	2.98299754e-04
2.10000000e-01	1.90507122e-02	2.96478202e-04
2.10500000e-01	1.90671491e-02	2.97768605e-04
2.11000000e-01	1.91824459e-02	2.97468350e-04
2.11500000e-01	1.91356543e-02	2.96877121e-04
2.12000000e-01	1.92956150e-02	2.97937548e-04
2.12500000e-01	1.92084311e-02	2.98325472e-04
2.13000000e-01	1.89826627e-02	2.93053008e-04
2.13500000e-01	1.88173216e-02	2.90850804e-04
2.14000000e-01	1.88141196e-02	2.91138948e-04
2.14500000e-01	1.89512703e-02	2.91978718e-04
2.15000000e-01	1.92240158e-02	2.96877033e-04
2.15500000e-01	1.91803995e-02	2.94355091e-04
2.16000000e-01	1.92399628e-02	2.94732686e-04
2.16500000e-01	1.91070824e-02	2.93078816e-04
2.17000000e-01	1.90817106e-02	2.97230775e-04
2.17500000e-01	1.90375333e-02	2.99625700e-04
2.18000000e-01	1.91987221e-02	3.03243827e-04
2.18500000e-01	1.90729767e-02	3.03621937e-04
2.19000000e-01	1.90620840e-02	3.04927276e-04
2.19500000e-01	1.90750959e-02	3.06778927e-04
2.20000000e-01	1.90015831e-02	3.06931120e-04
2.20500000e-01	1.89136827e-02	3.05464574e-04
2.21000000e-01	1.89099907e-02	3.06071097e-04
2.21500000e-01	1.88757839e-02	3.07181628e-04
2.22000000e-01	1.89412686e-02	3.08301848e-04
2.22500000e-01	1.88266503e-02	3.07354662e-04
2.23000000e-01	1.92052913e-02	3.12248795e-04
2.23500000e-01	1.90341945e-02	3.11531812e-04
2.24000000e-01	1.88411239e-02	3.10558657e-04
2.24500000e-01	1.84732452e-02	3.05903611e-04
2.25000000e-01	1.87880099e-02	3.10938968e-04
2.25500000e-01	1.88590375e-02	3.12640061e-04
2.26000000e-01	1.86009988e-02	3.10311845e-04
2.26500000e-01	1.87577128e-02	3.05495047e-04
2.27000000e-01	1.85779891e-02	3.00856838e-04
2.27500000e-01	1.89983429e-02	3.04218665e-04
2.28000000e-01	1.86251655e-02	2.98571282e-04
2.28500000e-01	1.87200180e-02	2.98038074e-04
2.29000000e-01	1.85597937e-02	2.94272707e-04
2.29500000e-01	1.87643895e-02	2.96229361e-04
2.30000000e-01	1.87180900e-02	2.94407090e-04
2.30500000e-01	1.88332364e-02	2.95278560e-04
2.31000000e-01	1.84879910e-02	2.89236675e-04
2.31500000e-01	1.86440350e-02	2.92056144e-04
2.32000000e-01	1.87398659e-02	2.91012475e-04
2.32500000e-01	1.85779594e-02	2.88940727e-04
2.33000000e-01	1.86576933e-02	2.89370231e-04
2.33500000e-01	1.85730764e-02	2.88296371e-04
2.34000000e-01	1.86345002e-02	2.86340174e-04
2.34500000e-01	1.87124287e-02	2.88593553e-04
2.35000000e-01	1.86153320e-02	2.86912548e-04
2.35500000e-01	1.86907629e-02	2.87109486e-04
2.36000000e-01	1.85377278e-02	2.83601119e-04
2.36500000e-01	1.87776123e-02	2.86900292e-04
2.37000000e-01	1.81289334e-02	2.77026104e-04
2.37500000e-01	1.83189459e-02	2.78695764e-04
2.38000000e-01	1.83194146e-02	2.78248876e-04
2.38500000e-01	1.84312443e-02	2.81097435e-04
2.39000000e-01	1.84194767e-02	2.79860975e-04
2.39500000e-01	1.83417808e-02	2.77254894e-04
2.40000000e-01	1.84830143e-02	2.79139970e-04
2.40500000e-01	1.85149767e-02	2.78881889e-04
2.41000000e-01	1.85783352e-02	2.79998580e-04
2.41500000e-01	1.85248202e-02	2.77630910e-04
2.42000000e-01	1.83658563e-02	2.76317597e-04
2.42500000e-01	1.84289703e-02	2.76072343e-04
2.43000000e-01	1.84940734e-02	2.76539353e-04
2.43500000e-01	1.84902394e-02	2.75368597e-04
2.44000000e-01	1.82039218e-02	2.71293652e-04
2.44500000e-01	1.84132622e-02	2.74420713e-04
2.45000000e-01	1.84978080e-02	2.73715322e-04
2.45500000e-01	1.82383093e-02	2.71647833e-04
2.46000000e-01	1.81361704e-02	2.69464630e-04
2.46500000e-01	1.84938995e-02	2.74243013e-04
2.47000000e-01	1.82781388e-02	2.72129021e-04
2.47500000e-01	1.80966385e-02	2.67611653e-04
2.48000000e-01	1.81878171e-02	2.69299751e-04
2.48500000e-01	1.81451962e-02	2.67843792e-04
2.49000000e-01	1.84684686e-02	2.71290939e-04
2.49500000e-01	1.83474474e-02	2.71495615e-04
2.50000000e-01	1.82611442e-02	2.67512930e-04
2.50500000e-01	1.80642180e-02	2.65287422e-04
2.51000000e-01	1.80558937e-02	2.64594624e-04
2.51500000e-01	1.83485973e-02	2.70138518e-04
2.52000000e-01	1.83784150e-02	2.69835225e-04
2.52500000e-01	1.82875902e-02	2.67385408e-04
2.53000000e-01	1.80751036e-02	2.64565197e-04
2.53500000e-01	1.82766964e-02	2.66250776e-04
2.54000000e-01	1.81206805e-02	2.65314296e-04
2.54500000e-01	1.79918234e-02	2.63178006e-04
2.55000000e-01	1.80833923e-02	2.63689851e-04
2.55500000e-01	1.81751978e-02	2.64667232e-04
2.56000000e-01	1.79165866e-02	2.60284395e-04
2.56500000e-01	1.82599448e-02	2.65392479e-04
2.57000000e-01	1.82283638e-02	2.64574994e-04
2.57500000e-01	1.81076925e-02	2.62015868e-04
2.58000000e-01	1.77966106e-02	2.58299395e-04
2.58500000e-01	1.81578975e-02	2.62136814e-04
2.59000000e-01	1.80732231e-02	2.61425041e-04
2.59500000e-01	1.80679176e-02	2.60539162e-04
2.60000000e-01	1.80508087e-02	2.60202474e-04
2.60500000e-01	1.79656507e-02	2.58897539e-04
2.61000000e-01	1.77996789e-02	2.55986898e-04
2.61500000e-01	1.79208777e-02	2.58856962e-04
2.62000000e-01	1.79934906e-02	2.57533078e-04
2.62500000e-01	1.81207596e-02	2.60683675e-04
2.63000000e-01	1.79637344e-02	2.57660417e-04
2.63500000e-01	1.79276347e-02	2.55831176e-04
2.64000000e-01	1.77162300e-02	2.54580331e-04
2.64500000e-01	1.80398762e-02	2.57703525e-04
2.65000000e-01	1.79235186e-02	2.56336193e-04
2.65500000e-01	1.77743175e-02	2.52309540e-04
2.66000000e-01	1.80760183e-02	2.57179253e-04
2.66500000e-01	1.80005792e-02	2.54888951e-04
2.67000000e-01	1.80134795e-02	2.54676697e-04
2.67500000e-01	1.79831580e-02	2.54396169e-04
2.68000000e-01	1.78472688e-02	2.52812432e-04
2.68500000e-01	1.80285146e-02	2.54924065e-04
2.69000000e-01	1.78781753e-02	2.52850921e-04
2.69500000e-01	1.78276120e-02	2.51064250e-04
2.70000000e-01	1.80361887e-02	2.54666361e-04
2.70500000e-01	1.80249794e-02	2.54065201e-04
2.71000000e-01	1.78922095e-02	2.51653155e-04
2.71500000e-01	1.78587905e-02	2.51568754e-04
2.72000000e-01	1.79558124e-02	2.52073415e-04
2.72500000e-01	1.76304010e-02	2.47904656e-04
2.73000000e-01	1.78385747e-02	2.50457279e-04
2.73500000e-01	1.80141995e-02	2.51984017e-04
2.74000000e-01	1.78784850e-02	2.50237020e-04
2.74500000e-01	1.78661434e-02	2.49778442e-04
2.75000000e-01	1.78995455e-02	2.50745915e-04
2.75500000e-01	1.78406723e-02	2.48546594e-04
2.76000000e-01	1.75859774e-02	2.45654446e-04
2.76500000e-01	1.76543352e-02	2.45909381e-04
2.77000000e-01	1.78929078e-02	2.49245482e-04
2.77500000e-01	1.75428835e-02	2.45003923e-04
2.78000000e-01	1.76574115e-02	2.45984077e-04
2.78500000e-01	1.78766174e-02	2.48249504e-04
2.79000000e-01	1.77732898e-02	2.46244970e-04
2.79500000e-01	1.77284785e-02	2.45120943e-04
2.80000000e-01	1.75009627e-02	2.42740803e-04
2.80500000e-01	1.77884526e-02	2.46118723e-04
2.81000000e-01	1.77994577e-02	2.46105889e-04
2.81500000e-01	1.76340015e-02	2.43172836e-04
2.82000000e-01	1.76069429e-02	2.43403624e-04
2.82500000e-01	1.77287232e-02	2.44939111e-04
2.83000000e-01	1.76106591e-02	2.42599353e-04
2.83500000e-01	1.76612930e-02	2.43130320e-04
2.84000000e-01	1.76030503e-02	2.42444004e-04
2.84500000e-01	1.75992630e-02	2.41337148e-04
2.85000000e-01	1.78441461e-02	2.44973872e-04
2.85500000e-01	1.74962440e-02	2.40373764e-04
2.86000000e-01	1.74151872e-02	2.39568132e-04
2.86500000e-01	1.78919135e-02	2.43576520e-04
2.87000000e-01	1.76524269e-02	2.41747204e-04
2.87500000e-01	1.74398657e-02	2.38687745e-04
2.88000000e-01	1.76066367e-02	2.39363889e-04
2.88500000e-01	1.73926714e-02	2.37570549e-04
2.89000000e-01	1.74681332e-02	2.37780268e-04
2.89500000e-01	1.75464523e-02	2.38342382e-04
2.90000000e-01	1.74581830e-02	2.37320680e-04
2.90500000e-01	1.75299845e-02	2.38185879e-04
2.91000000e-01	1.74848478e-02	2.37208509e-04
2.91500000e-01	1.74164928e-02	2.34747809e-04
2.92000000e-01	1.73332907e-02	2.35197802e-04
2.92500000e-01	1.74857564e-02	2.36265220e-04
2.93000000e-01	1.72398576e-02	2.33115845e-04
2.93500000e-01	1.73694665e-02	2.34810652e-04
2.94000000e-01	1.72798358e-02	2.32971575e-04
2.94500000e-01	1.72365394e-02	2.33573224e-04
2.95000000e-01	1.77399094e-02	2.38678754e-04
2.95500000e-01	1.75151272e-02	2.36249491e-04
2.96000000e-01	1.71999017e-02	2.31807704e-04
2.96500000e-01	1.73940239e-02	2.33817019e-04
2.97000000e-01	1.74040285e-02	2.34300130e-04
2.97500000e-01	1.72418072e-02	2.30843228e-04
2.98000000e-01	1.73287962e-02	2.32920830e-04
2.98500000e-01	1.71547890e-02	2.30646777e-04
2.99000000e-01	1.73282186e-02	2.32491639e-04
2.99500000e-01	1.73468676e-02	2.32028282e-04
3.00000000e-01	1.74275461e-02	2.32484647e-04
3.00500000e-01	1.74228991e-02	2.33184351e-04
3.01000000e-01	1.73680929e-02	2.31143892e-04
3.01500000e-01	1.73974618e-02	2.31895530e-04
3.02000000e-01	1.72480833e-02	2.29833275e-04
3.02500000e-01	1.74131375e-02	2.32041800e-04
3.03000000e-01	1.74287642e-02	2.33171111e-04
3.03500000e-01	1.73236011e-02	2.30323467e-04
3.04000000e-01	1.74143746e-02	2.31917875e-04
3.04500000e-01	1.73611114e-02	2.30407972e-04
3.05000000e-01	1.71994197e-02	2.28082248e-04
3.05500000e-01	1.73114659e-02	2.29413475e-04
3.06000000e-01	1.73157076e-02	2.28599134e-04
3.06500000e-01	1.72977512e-02	2.29364946e-04
3.07000000e-01	1.71609216e-02	2.26414328e-04
3.07500000e-01	1.72341273e-02	2.27184137e-04
3.08000000e-01	1.72501225e-02	2.27247777e-04
3.08500000e-01	1.69107720e-02	2.23244102e-04
3.09000000e-01	1.72623172e-02	2.27861295e-04
3.09500000e-01	1.71496863e-02	2.25861538e-04
3.10000000e-01	1.71212171e-02	2.25443185e-04
3.10500000e-01	1.71794341e-02	2.26881212e-04
3.11000000e-01	1.70986775e-02	2.25289153e-04
3.11500000e-01	1.72599658e-02	2.26368579e-04
3.12000000e-01	1.71837785e-02	2.24611996e-04
3.12500000e-01	1.71455468e-02	2.25095929e-04
3.13000000e-01	1.71928806e-02	2.24520957e-04
3.13500000e-01	1.72004350e-02	2.25376437e-04
3.14000000e-01	1.69522129e-02	2.21607615e-04
3.14500000e-01	1.70211119e-02	2.22458383e-04
3.15000000e-01	1.70744622e-02	2.23762365e-04
3.15500000e-01	1.70465717e-02	2.22507347e-04
3.16000000e-01	1.71903303e-02	2.24166733e-04
3.16500000e-01	1.69840280e-02	2.20627630e-04
3.17000000e-01	1.70090611e-02	2.21394128e-04
3.17500000e-01	1.69807755e-02	2.21689278e-04
3.18000000e-01	1.69381771e-02	2.20301894e-04
3.18500000e-01	1.69674247e-02	2.21083044e-04
3.19000000e-01	1.67914487e-02	2.18699019e-04
3.19500000e-01	1.69600910e-02	2.19964121e-04
3.20000000e-01	1.71975620e-02	2.23416978e-04
3.20500000e-01	1.69273993e-02	2.19133919e-04
3.21000000e-01	1.69533441e-02	2.19798327e-04
3.21500000e-01	1.70227322e-02	2.19440368e-04
3.22000000e-01	1.70281031e-02	2.19806635e-04
3.22500000e-01	1.70391219e-02	2.19667551e-04
3.23000000e-01	1.71522393e-02	2.20884945e-04
3.23500000e-01	1.68259911e-02	2.18080100e-04
3.24000000e-01	1.68715060e-02	2.17672641e-04
3.24500000e-01	1.66302880e-02	2.15666740e-04
3.25000000e-01	1.67230565e-02	2.14999156e-04
3.25500000e-01	1.66472279e-02	2.13877786e-04
3.26000000e-01	1.68062185e-02	2.16045644e-04
3.26500000e-01	1.68421647e-02	2.16038392e-04
3.27000000e-01	1.68392017e-02	2.16465904e-04
3.27500000e-01	1.67403792e-02	2.14343751e-04
3.28000000e-01	1.68167919e-02	2.14972736e-04
3.28500000e-01	1.66721080e-02	2.14455265e-04
3.29000000e-01	1.69024693e-02	2.16562237e-04
3.29500000e-01	1.67423166e-02	2.13727954e-04
3.30000000e-01	1.67736663e-02	2.14345783e-04
3.30500000e-01	1.68190486e-02	2.14856892e-04
3.31000000e-01	1.68822517e-02	2.15283688e-04
3.31500000e-01	1.67147343e-02	2.12953303e-04
3.32000000e-01	1.66348987e-02	2.12678785e-04
3.32500000e-01	1.66853736e-02	2.11983415e-04
3.33000000e-01	1.66322420e-02	2.11389104e-04
3.33500000e-01	1.65658136e-02	2.11300998e-04
3.34000000e-01	1.65727774e-02	2.11290275e-04
3.34500000e-01	1.64925338e-02	2.10380549e-04
3.35000000e-01	1.65857458e-02	2.10161409e-04
3.35500000e-01	1.65107666e-02	2.10353136e-04
3.36000000e-01	1.66439458e-02	2.10688718e-04
3.36500000e-01	1.66816291e-02	2.11254620e-04
3.37000000e-01	1.66411191e-02	2.10076288e-04
3.37500000e-01	1.67284774e-02	2.12185101e-04
3.38000000e-01	1.64490149e-02	2.08843339e-04
3.38500000e-01	1.66183663e-02	2.10550946e-04
3.39000000e-01	1.65014116e-02	2.08938823e-04
3.39500000e-01	1.68312533e-02	2.11282212e-04
3.40000000e-01	1.67827963e-02	2.11632416e-04
3.40500000e-01	1.65788738e-02	2.09091869e-04
3.41000000e-01	1.65653819e-02	2.07679319e-04
3.41500000e-01	1.66785099e-02	2.09954064e-04
3.42000000e-01	1.65573720e-02	2.07122809e-04
3.42500000e-01	1.65444072e-02	2.07557124e-04
3.43000000e-01	1.66022891e-02	2.08594544e-04
3.43500000e-01	1.65473651e-02	2.07292018e-04
3.44000000e-01	1.65287291e-02	2.08275577e-04
3.44500000e-01	1.64873881e-02	2.06181217e-04
3.45000000e-01	1.66877499e-02	2.08772060e-04
3.45500000e-01	1.66677541e-02	2.07563391e-04
3.46000000e-01	1.63602966e-02	2.05318076e-04
3.46500000e-01	1.64641059e-02	2.05465210e-04
3.47000000e-01	1.62906561e-02	2.03350942e-04
3.47500000e-01	1.66496134e-02	2.07151310e-04
3.48000000e-01	1.66046620e-02	2.06734221e-04
3.48500000e-01	1.64421425e-02	2.04943267e-04
3.49000000e-01	1.63661690e-02	2.04172999e-04
3.49500000e-01	1.62358897e-02	2.01579635e-04
3.50000000e-01	1.63493705e-02	1.65909848e-04
3.51000000e-01	1.63894485e-02	1.44009325e-04
3.52000000e-01	1.63444097e-02	1.43117651e-04
3.53000000e-01	1.61738727e-02	1.41439050e-04
3.54000000e-01	1.62968210e-02	1.42175005e-04
3.55000000e-01	1.63006102e-02	1.42421722e-04
3.56000000e-01	1.62875337e-02	1.42848506e-04
3.57000000e-01	1.63496445e-02	1.45716857e-04
3.58000000e-01	1.61625487e-02	1.45705993e-04
3.59000000e-01	1.61613124e-02	1.46348084e-04
3.60000000e-01	1.62696624e-02	1.48362186e-04
3.61000000e-01	1.60572675e-02	1.47569879e-04
3.62000000e-01	1.61452325e-02	1.48892481e-04
3.63000000e-01	1.62366547e-02	1.50271147e-04
3.64000000e-01	1.62196176e-02	1.50533742e-04
3.65000000e-01	1.61185342e-02	1.50053104e-04
3.66000000e-01	1.60538401e-02	1.47694562e-04
3.67000000e-01	1.60903667e-02	1.45693052e-04
3.68000000e-01	1.60312292e-02	1.44487299e-04
3.69000000e-01	1.59196569e-02	1.42813371e-04
3.70000000e-01	1.60678853e-02	1.43479517e-04
3.71000000e-01	1.60124253e-02	1.44716040e-04
3.72000000e-01	1.59732524e-02	1.45503336e-04
3.73000000e-01	1.60615690e-02	1.46398490e-04
3.74000000e-01	1.59355708e-02	1.45452748e-04
3.75000000e-01	1.59431099e-02	1.45456506e-04
3.76000000e-01	1.58466695e-02	1.44412008e-04
3.77000000e-01	1.61024026e-02	1.46884417e-04
3.78000000e-01	1.59147154e-02	1.45328657e-04
3.79000000e-01	1.59939093e-02	1.45702219e-04
3.80000000e-01	1.58898498e-02	1.44995948e-04
3.81000000e-01	1.58898345e-02	1.44541041e-04
3.82000000e-01	1.58667538e-02	1.44744742e-04
3.83000000e-01	1.57960319e-02	1.43655528e-04
3.84000000e-01	1.59647701e-02	1.45142992e-04
3.85000000e-01	1.59087613e-02	1.45070250e-04
3.86000000e-01	1.57717458e-02	1.43661371e-04
3.87000000e-01	1.58694710e-02	1.44277327e-04
3.88000000e-01	1.57473476e-02	1.43273132e-04
3.89000000e-01	1.58813865e-02	1.44403986e-04
3.90000000e-01	1.57686048e-02	1.42850206e-04
3.91000000e-01	1.58500381e-02	1.44033049e-04
3.92000000e-01	1.56198497e-02	1.42427281e-04
3.93000000e-01	1.57898706e-02	1.43460599e-04
3.94000000e-01	1.56471438e-02	1.41915309e-04
3.95000000e-01	1.57345736e-02	1.42738338e-04
3.96000000e-01	1.56272863e-02	1.41837485e-04
3.97000000e-01	1.57972980e-02	1.43129097e-04
3.98000000e-01	1.56341531e-02	1.42417943e-04
3.99000000e-01	1.55703859e-02	1.41167216e-04
4.00000000e-01	1.57168332e-02	1.42921231e-04
4.01000000e-01	1.57406273e-02	1.42972987e-04
4.02000000e-01	1.56059637e-02	1.41861984e-04
4.03000000e-01	1.55311367e-02	1.40669692e-04
4.04000000e-01	1.56455047e-02	1.41848504e-04
4.05000000e-01	1.56329782e-02	1.42054504e-04
4.06000000e-01	1.55477372e-02	1.40695540e-04
4.07000000e-01	1.55732977e-02	1.41351154e-04
4.08000000e-01	1.54529950e-02	1.39903228e-04
4.09000000e-01	1.55573827e-02	1.40835349e-04
4.10000000e-01	1.55246069e-02	1.40771825e-04
4.11000000e-01	1.55887686e-02	1.40979895e-04
4.12000000e-01	1.54508300e-02	1.40214316e-04
4.13000000e-01	1.53067287e-02	1.38863190e-04
4.14000000e-01	1.54163204e-02	1.39704641e-04
4.15000000e-01	1.54374527e-02	1.39550444e-04
4.16000000e-01	1.54095286e-02	1.39503421e-04
4.17000000e-01	1.53573679e-02	1.39411111e-04
4.18000000e-01	1.53056079e-02	1.40202999e-04
4.19000000e-01	1.55806284e-02	1.44171706e-04
4.20000000e-01	1.54024668e-02	1.43325731e-04
4.21000000e-01	1.55736490e-02	1.44971359e-04
4.22000000e-01	1.55615374e-02	1.45382199e-04
4.23000000e-01	1.54160688e-02	1.44915156e-04
4.24000000e-01	1.54926907e-02	1.46024268e-04
4.25000000e-01	1.55793626e-02	1.46839700e-04
4.26000000e-01	1.55320183e-02	1.46289147e-04
4.27000000e-01	1.55393727e-02	1.46558013e-04
4.28000000e-01	1.54259099e-02	1.45702266e-04
4.29000000e-01	1.54677285e-02	1.46273488e-04
4.30000000e-01	1.54403303e-02	1.45813926e-04
4.31000000e-01	1.54241922e-02	1.45663084e-04
4.32000000e-01	1.53578167e-02	1.45804738e-04
4.33000000e-01	1.53724505e-02	1.45607718e-04
4.34000000e-01	1.52747077e-02	1.45027415e-04
4.35000000e-01	1.53725775e-02	1.46185947e-04
4.36000000e-01	1.53005167e-02	1.45615989e-04
4.37000000e-01	1.53197824e-02	1.46148659e-04
4.38000000e-01	1.52592361e-02	1.46044359e-04
4.39000000e-01	1.52969935e-02	1.45993946e-04
4.40000000e-01	1.52857310e-02	1.46309245e-04
4.41000000e-01	1.53565995e-02	1.47039743e-04
4.42000000e-01	1.53223071e-02	1.47087307e-04
4.43000000e-01	1.51603191e-02	1.45765839e-04
4.44000000e-01	1.52923919e-02	1.46654802e-04
4.45000000e-01	1.53056222e-02	1.47187319e-04
4.46000000e-01	1.52560431e-02	1.46654005e-04
4.47000000e-01	1.51415792e-02	1.46100660e-04
4.48000000e-01	1.52889356e-02	1.47198004e-04
4.49000000e-01	1.51807453e-02	1.46685477e-04
4.50000000e-01	1.52020282e-02	1.46637284e-04
4.51000000e-01	1.52498642e-02	1.47551060e-04
4.52000000e-01	1.52841095e-02	1.48031698e-04
4.53000000e-01	1.51154105e-02	1.47266131e-04
4.54000000e-01	1.51114508e-02	1.46635512e-04
4.55000000e-01	1.51067006e-02	1.46732627e-04
4.56000000e-01	1.50115913e-02	1.46222932e-04
4.57000000e-01	1.50706545e-02	1.46746605e-04
4.58000000e-01	1.50519063e-02	1.46519024e-04
4.59000000e-01	1.52286042e-02	1.48267063e-04
4.60000000e-01	1.50689496e-02	1.47127691e-04
4.61000000e-01	1.51808375e-02	1.48141971e-04
4.62000000e-01	1.50490740e-02	1.47066000e-04
4.63000000e-01	1.52263701e-02	1.48877677e-04
4.64000000e-01	1.51576962e-02	1.48518712e-04
4.65000000e-01	1.51753455e-02	1.48703404e-04
4.66000000e-01	1.50873870e-02	1.47804066e-04
4.67000000e-01	1.49505323e-02	1.46655871e-04
4.68000000e-01	1.51734273e-02	1.49042062e-04
4.69000000e-01	1.49689203e-02	1.47295444e-04
4.70000000e-01	1.51685383e-02	1.48956802e-04
4.71000000e-01	1.50249846e-02	1.48091427e-04
4.72000000e-01	1.49213268e-02	1.46277037e-04
4.73000000e-01	1.48666260e-02	1.46059851e-04
4.74000000e-01	1.49792509e-02	1.47158453e-04
4.75000000e-01	1.49034240e-02	1.46153697e-04
4.76000000e-01	1.49645031e-02	1.46970365e-04
4.77000000e-01	1.47578623e-02	1.45273420e-04
4.78000000e-01	1.48989497e-02	1.46693517e-04
4.79000000e-01	1.48890811e-02	1.46465740e-04
4.80000000e-01	1.48189146e-02	1.45655632e-04
4.81000000e-01	1.49609096e-02	1.46775300e-04
4.82000000e-01	1.48420048e-02	1.46191935e-04
4.83000000e-01	1.48921192e-02	1.46974753e-04
4.84000000e-01	1.47692483e-02	1.45327031e-04
4.85000000e-01	1.48118963e-02	1.46387241e-04
4.86000000e-01	1.49723303e-02	1.47924195e-04
4.87000000e-01	1.49114384e-02	1.47229008e-04
4.88000000e-01	1.47468969e-02	1.46276810e-04
4.89000000e-01	1.47204654e-02	1.45940217e-04
4.90000000e-01	1.47873891e-02	1.46305288e-04
4.91000000e-01	1.48517803e-02	1.46962109e-04
4.92000000e-01	1.48665463e-02	1.47438002e-04
4.93000000e-01	1.48854447e-02	1.47209883e-04
4.94000000e-01	1.48575364e-02	1.47005167e-04
4.95000000e-01	1.47500250e-02	1.47595651e-04
4.96000000e-01	1.48044582e-02	1.52132814e-04
4.97000000e-01	1.46974527e-02	1.53761937e-04
4.98000000e-01	1.47699872e-02	1.56584276e-04
4.99000000e-01	1.47003374e-02	1.58296071e-04
5.00000000e-01	1.48907788e-02	1.61079593e-04
5.01000000e-01	1.48697659e-02	1.62949697e-04
5.02000000e-01	1.49405177e-02	1.65690486e-04
5.03000000e-01	1.47726061e-02	1.65198471e-04
5.04000000e-01	1.48456487e-02	1.66818641e-04
5.05000000e-01	1.47457209e-02	1.63615715e-04
5.06000000e-01	1.48422965e-02	1.61155393e-04
5.07000000e-01	1.47477663e-02	1.58508814e-04
5.08000000e-01	1.49826932e-02	1.59520258e-04
5.09000000e-01	1.46707629e-02	1.55810231e-04
5.10000000e-01	1.47522528e-02	1.56331595e-04
5.11000000e-01	1.47182788e-02	1.55889750e-04
5.12000000e-01	1.47017368e-02	1.54487030e-04
5.13000000e-01	1.47209806e-02	1.54997020e-04
5.14000000e-01	1.47576275e-02	1.54682483e-04
5.15000000e-01	1.46120096e-02	1.53145966e-04
5.16000000e-01	1.46929753e-02	1.53766964e-04
5.17000000e-01	1.46946728e-02	1.53255334e-04
5.18000000e-01	1.46317512e-02	1.52501420e-04
5.19000000e-01	1.45291816e-02	1.51236806e-04
5.20000000e-01	1.47697466e-02	1.52093692e-04
5.21000000e-01	1.46866110e-02	1.52432932e-04
5.22000000e-01	1.46702400e-02	1.51903708e-04
5.23000000e-01	1.45041490e-02	1.50511074e-04
5.24000000e-01	1.44307387e-02	1.49666111e-04
5.25000000e-01	1.46134778e-02	1.50837920e-04
5.26000000e-01	1.45841728e-02	1.50077978e-04
5.27000000e-01	1.43530448e-02	1.48684962e-04
5.28000000e-01	1.45055176e-02	1.50167814e-04
5.29000000e-01	1.44527425e-02	1.49637417e-04
5.30000000e-01	1.45100615e-02	1.49647841e-04
5.31000000e-01	1.44510191e-02	1.49443690e-04
5.32000000e-01	1.45267325e-02	1.50367300e-04
5.33000000e-01	1.43739435e-02	1.49180925e-04
5.34000000e-01	1.44323093e-02	1.49539162e-04
5.35000000e-01	1.45092556e-02	1.50143638e-04
5.36000000e-01	1.44436123e-02	1.49595919e-04
5.37000000e-01	1.44802781e-02	1.49731264e-04
5.38000000e-01	1.43767502e-02	1.48918689e-04
5.39000000e-01	1.44450803e-02	1.49690700e-04
5.40000000e-01	1.44036059e-02	1.48838499e-04
5.41000000e-01	1.45657930e-02	1.50422294e-04
5.42000000e-01	1.43331174e-02	1.48611087e-04
5.43000000e-01	1.44370140e-02	1.49045331e-04
5.44000000e-01	1.45260934e-02	1.49208745e-04
5.45000000e-01	1.42609686e-02	1.47767628e-04
5.46000000e-01	1.43624368e-02	1.48691322e-04
5.47000000e-01	1.42778598e-02	1.47849827e-04
5.48000000e-01	1.42856023e-02	1.48330558e-04
5.49000000e-01	1.44620808e-02	1.48843287e-04
5.50000000e-01	1.43763648e-02	1.48933323e-04
5.51000000e-01	1.42976368e-02	1.47528387e-04
5.52000000e-01	1.43407481e-02	1.47989126e-04
5.53000000e-01	1.42394605e-02	1.46780772e-04
5.54000000e-01	1.44194421e-02	1.48471284e-04
5.55000000e-01	1.43596045e-02	1.47847672e-04
5.56000000e-01	1.41221064e-02	1.45480289e-04
5.57000000e-01	1.41171088e-02	1.45573431e-04
5.58000000e-01	1.42400716e-02	1.46624908e-04
5.59000000e-01	1.41390367e-02	1.45698115e-04
5.60000000e-01	1.43058751e-02	1.47266866e-04
5.61000000e-01	1.41098829e-02	1.45399101e-04
5.62000000e-01	1.41983686e-02	1.46213143e-04
5.63000000e-01	1.41706988e-02	1.46024309e-04
5.64000000e-01	1.41458883e-02	1.45757404e-04
5.65000000e-01	1.41239100e-02	1.45309963e-04
5.66000000e-01	1.40545550e-02	1.45240115e-04
5.67000000e-01	1.42422366e-02	1.46690305e-04
5.68000000e-01	1.42012160e-02	1.46211703e-04
5.69000000e-01	1.40902615e-02	1.45053380e-04
5.70000000e-01	1.41133304e-02	1.44732386e-04
5.71000000e-01	1.41154264e-02	1.45119270e-04
5.72000000e-01	1.40860283e-02	1.44838121e-04
5.73000000e-01	1.40037879e-02	1.43856493e-04
5.74000000e-01	1.39438878e-02	1.43529227e-04
5.75000000e-01	1.40395123e-02	1.45206395e-04
5.76000000e-01	1.40648972e-02	1.45170082e-04
5.77000000e-01	1.39703743e-02	1.44150412e-04
5.78000000e-01	1.39910060e-02	1.44281438e-04
5.79000000e-01	1.40351885e-02	1.44763629e-04
5.80000000e-01	1.39978682e-02	1.44631534e-04
5.81000000e-01	1.40810930e-02	1.45086790e-04
5.82000000e-01	1.39489149e-02	1.44154525e-04
5.83000000e-01	1.38997748e-02	1.43587421e-04
5.84000000e-01	1.39103696e-02	1.43782792e-04
5.85000000e-01	1.39515874e-02	1.44133472e-04
5.86000000e-01	1.39112097e-02	1.43914031e-04
5.87000000e-01	1.41614497e-02	1.45690526e-04
5.88000000e-01	1.38951854e-02	1.43485135e-04
5.89000000e-01	1.39224961e-02	1.44328962e-04
5.90000000e-01	1.38940925e-02	1.43278953e-04
5.91000000e-01	1.40041647e-02	1.44331854e-04
5.92000000e-01	1.40385843e-02	1.44622558e-04
5.93000000e-01	1.38627853e-02	1.43647157e-04
5.94000000e-01	1.38144617e-02	1.42973231e-04
5.95000000e-01	1.39937986e-02	1.44808961e-04
5.96000000e-01	1.38146386e-02	1.43364689e-04
5.97000000e-01	1.37825392e-02	1.42798974e-04
5.98000000e-01	1.38863309e-02	1.43311869e-04
5.99000000e-01	1.37987612e-02	1.42771755e-04
6.00000000e-01	1.38227064e-02	1.43286309e-04
6.01000000e-01	1.38207702e-02	1.43430284e-04
6.02000000e-01	1.38912515e-02	1.43642049e-04
6.03000000e-01	1.37729610e-02	1.43101390e-04
6.04000000e-01	1.37881254e-02	1.42486038e-04
6.05000000e-01	1.37185867e-02	1.42038375e-04
6.06000000e-01	1.37644994e-02	1.42945740e-04
6.07000000e-01	1.37823625e-02	1.43164296e-04
6.08000000e-01	1.38619599e-02	1.44225403e-04
6.09000000e-01	1.36912008e-02	1.42273461e-04
6.10000000e-01	1.39039566e-02	1.43925233e-04
6.11000000e-01	1.36911295e-02	1.41916206e-04
6.12000000e-01	1.36960671e-02	1.42177186e-04
6.13000000e-01	1.36613996e-02	1.42252351e-04
6.14000000e-01	1.36379691e-02	1.42135125e-04
6.15000000e-01	1.37316977e-02	1.42441923e-04
6.16000000e-01	1.37268737e-02	1.42809464e-04
6.17000000e-01	1.36715431e-02	1.42140820e-04
6.18000000e-01	1.38478294e-02	1.43471277e-04
6.19000000e-01	1.38626958e-02	1.42993644e-04
6.20000000e-01	1.35948904e-02	1.40479360e-04
6.21000000e-01	1.37644579e-02	1.41850429e-04
6.22000000e-01	1.35989837e-02	1.40952764e-04
6.23000000e-01	1.34974593e-02	1.39628718e-04
6.24000000e-01	1.35823769e-02	1.39932308e-04
6.25000000e-01	1.37069790e-02	1.41223547e-04
6.26000000e-01	1.37037969e-02	1.41101763e-04
6.27000000e-01	1.35407901e-02	1.40057669e-04
6.28000000e-01	1.36112571e-02	1.40289231e-04
6.29000000e-01	1.36119983e-02	1.40097064e-04
6.30000000e-01	1.36084046e-02	1.40190540e-04
6.31000000e-01	1.37002350e-02	1.41394768e-04
6.32000000e-01	1.36057170e-02	1.40713126e-04
6.33000000e-01	1.37002192e-02	1.40911292e-04
6.34000000e-01	1.36133780e-02	1.43980299e-04
6.35000000e-01	1.36527524e-02	1.48026401e-04
6.36000000e-01	1.36559699e-02	1.50619633e-04
6.37000000e-01	1.36466000e-02	1.53755253e-04
6.38000000e-01	1.34919018e-02	1.53816186e-04
6.39000000e-01	1.35895123e-02	1.56938971e-04
6.40000000e-01	1.36813881e-02	1.60182884e-04
6.41000000e-01	1.35287872e-02	1.60432371e-04
6.42000000e-01	1.35595676e-02	1.62159265e-04
6.43000000e-01	1.35956301e-02	1.62135852e-04
6.44000000e-01	1.38146661e-02	1.58369038e-04
6.45000000e-01	1.36201698e-02	1.54251707e-04
6.46000000e-01	1.36653634e-02	1.53570622e-04
6.47000000e-01	1.36705302e-02	1.52116146e-04
6.48000000e-01	1.36005813e-02	1.50854980e-04
6.49000000e-01	1.36470187e-02	1.50961081e-04
6.50000000e-01	1.35321620e-02	1.48811280e-04
6.51000000e-01	1.36637073e-02	1.49332603e-04
6.52000000e-01	1.36143213e-02	1.47967349e-04
6.53000000e-01	1.34228925e-02	1.45558374e-04
6.54000000e-01	1.35923112e-02	1.47581406e-04
6.55000000e-01	1.35973356e-02	1.46733121e-04
6.56000000e-01	1.35608436e-02	1.46704764e-04
6.57000000e-01	1.33931632e-02	1.44206018e-04
6.58000000e-01	1.36652088e-02	1.46710554e-04
6.59000000e-01	1.37339736e-02	1.47420750e-04
6.60000000e-01	1.36669521e-02	1.46291666e-04
6.61000000e-01	1.36371452e-02	1.46501631e-04
6.62000000e-01	1.37227154e-02	1.47233209e-04
6.63000000e-01	1.34020373e-02	1.43623456e-04
6.64000000e-01	1.37465190e-02	1.46847020e-04
6.65000000e-01	1.35398347e-02	1.45266454e-04
6.66000000e-01	1.35078351e-02	1.44760579e-04
6.67000000e-01	1.36087310e-02	1.45619673e-04
6.68000000e-01	1.35387448e-02	1.44702900e-04
6.69000000e-01	1.33755893e-02	1.43578984e-04
6.70000000e-01	1.35253669e-02	1.44116047e-04
6.71000000e-01	1.34838549e-02	1.44623581e-04
6.72000000e-01	1.35769620e-02	1.45138390e-04
6.73000000e-01	1.34350309e-02	1.42987239e-04
6.74000000e-01	1.35078048e-02	1.43950491e-04
6.75000000e-01	1.34385772e-02	1.43495011e-04
6.76000000e-01	1.34476935e-02	1.43641825e-04
6.77000000e-01	1.33375579e-02	1.42437710e-04
6.78000000e-01	1.33883730e-02	1.43192923e-04
6.79000000e-01	1.33595032e-02	1.42980112e-04
6.80000000e-01	1.35084343e-02	1.43829289e-04
6.81000000e-01	1.33826002e-02	1.42684099e-04
6.82000000e-01	1.35541024e-02	1.44116483e-04
6.83000000e-01	1.33710864e-02	1.42783523e-04
6.84000000e-01	1.32405285e-02	1.41540273e-04
6.85000000e-01	1.32882296e-02	1.41945119e-04
6.86000000e-01	1.32797406e-02	1.41674256e-04
6.87000000e-01	1.32939684e-02	1.41981210e-04
6.88000000e-01	1.34041557e-02	1.42617153e-04
6.89000000e-01	1.35038045e-02	1.43910023e-04
6.90000000e-01	1.34770447e-02	1.43735633e-04
6.91000000e-01	1.33859798e-02	1.42211579e-04
6.92000000e-01	1.34245045e-02	1.42594906e-04
6.93000000e-01	1.32623903e-02	1.41118215e-04
6.94000000e-01	1.32104268e-02	1.40674289e-04
6.95000000e-01	1.32580096e-02	1.41300711e-04
6.96000000e-01	1.32581906e-02	1.41483709e-04
6.97000000e-01	1.31704757e-02	1.39856578e-04
6.98000000e-01	1.32861051e-02	1.41798679e-04
6.99000000e-01	1.32049720e-02	1.41016872e-04
7.00000000e-01	1.31245473e-02	1.39612491e-04
7.01000000e-01	1.31888055e-02	1.40473394e-04
7.02000000e-01	1.31877362e-02	1.40488610e-04
7.03000000e-01	1.30884473e-02	1.39694262e-04
7.04000000e-01	1.33198867e-02	1.41203358e-04
7.05000000e-01	1.32854519e-02	1.41592527e-04
7.06000000e-01	1.31445211e-02	1.40174680e-04
7.07000000e-01	1.30973083e-02	1.39210285e-04
7.08000000e-01	1.30530324e-02	1.38886602e-04
7.09000000e-01	1.29889077e-02	1.38435716e-04
7.10000000e-01	1.30907415e-02	1.39289325e-04
7.11000000e-01	1.30660451e-02	1.39218588e-04
7.12000000e-01	1.31210239e-02	1.39229617e-04
7.13000000e-01	1.30213580e-02	1.38487246e-04
7.14000000e-01	1.30410213e-02	1.38603722e-04
7.15000000e-01	1.30140854e-02	1.38091528e-04
7.16000000e-01	1.30482558e-02	1.38922755e-04
7.17000000e-01	1.30095045e-02	1.38360005e-04
7.18000000e-01	1.30272318e-02	1.38695536e-04
7.19000000e-01	1.29992385e-02	1.38050300e-04
7.20000000e-01	1.30920423e-02	1.39855136e-04
7.21000000e-01	1.29756232e-02	1.38084545e-04
7.22000000e-01	1.29692422e-02	1.38057957e-04
7.23000000e-01	1.29381437e-02	1.37781481e-04
7.24000000e-01	1.30245821e-02	1.38995197e-04
7.25000000e-01	1.30231465e-02	1.38290483e-04
7.26000000e-01	1.29783734e-02	1.38076801e-04
7.27000000e-01	1.30295815e-02	1.39135659e-04
7.28000000e-01	1.28317913e-02	1.37002069e-04
7.29000000e-01	1.30348240e-02	1.38871152e-04
7.30000000e-01	1.30649886e-02	1.38968508e-04
7.31000000e-01	1.28899233e-02	1.37385385e-04
7.32000000e-01	1.27673686e-02	1.36299870e-04
7.33000000e-01	1.29269876e-02	1.37946900e-04
7.34000000e-01	1.28619391e-02	1.36877420e-04
7.35000000e-01	1.28642759e-02	1.36925048e-04
7.36000000e-01	1.28990014e-02	1.36674732e-04
7.37000000e-01	1.28089684e-02	1.36506772e-04
7.38000000e-01	1.28358779e-02	1.35282669e-04
7.39000000e-01	1.28100529e-02	1.35412616e-04
7.40000000e-01	1.28311846e-02	1.35884508e-04
7.41000000e-01	1.27581014e-02	1.34585965e-04
7.42000000e-01	1.28019138e-02	1.35020032e-04
7.43000000e-01	1.27960843e-02	1.34624305e-04
7.44000000e-01	1.26058027e-02	1.33050501e-04
7.45000000e-01	1.28127463e-02	1.35206163e-04
7.46000000e-01	1.26694644e-02	1.33347078e-04
7.47000000e-01	1.26887490e-02	1.34085179e-04
7.48000000e-01	1.28533790e-02	1.35222598e-04
7.49000000e-01	1.25722944e-02	1.33184563e-04
7.50000000e-01	1.26339821e-02	1.33288891e-04
7.51000000e-01	1.26396878e-02	1.33551790e-04
7.52000000e-01	1.28181405e-02	1.35513019e-04
7.53000000e-01	1.27537130e-02	1.34380928e-04
7.54000000e-01	1.27861160e-02	1.34744622e-04
7.55000000e-01	1.27030300e-02	1.34407181e-04
7.56000000e-01	1.27483391e-02	1.34350677e-04
7.57000000e-01	1.27274036e-02	1.34264810e-04
7.58000000e-01	1.26261129e-02	1.33481717e-04
7.59000000e-01	1.26921901e-02	1.33770710e-04
7.60000000e-01	1.26772719e-02	1.33377808e-04
7.61000000e-01	1.25353956e-02	1.31862542e-04
7.62000000e-01	1.24053948e-02	1.30899904e-04
7.63000000e-01	1.26146224e-02	1.32467877e-04
7.64000000e-01	1.25606599e-02	1.31700390e-04
7.65000000e-01	1.27352125e-02	1.33324202e-04
7.66000000e-01	1.25926834e-02	1.31742183e-04
7.67000000e-01	1.26190694e-02	1.32107740e-04
7.68000000e-01	1.25641942e-02	1.31624035e-04
7.69000000e-01	1.25106732e-02	1.31099582e-04
7.70000000e-01	1.25843916e-02	1.31922245e-04
7.71000000e-01	1.26309098e-02	1.32179666e-04
7.72000000e-01	1.26948342e-02	1.36949854e-04
7.73000000e-01	1.23138050e-02	1.37252430e-04
7.74000000e-01	1.25554846e-02	1.42373298e-04
7.75000000e-01	1.25158055e-02	1.44753588e-04
7.76000000e-01	1.24585010e-02	1.46225866e-04
7.77000000e-01	1.25699682e-02	1.50044954e-04
7.78000000e-01	1.24995954e-02	1.50879437e-04
7.79000000e-01	1.22521532e-02	1.50132341e-04
7.80000000e-01	1.24077444e-02	1.53598450e-04
7.81000000e-01	1.24249039e-02	1.55575902e-04
7.82000000e-01	1.23683653e-02	1.57012781e-04
7.83000000e-01	1.23826777e-02	1.58443071e-04
7.84000000e-01	1.23195740e-02	1.59611768e-04
7.85000000e-01	1.24419291e-02	1.62625030e-04
7.86000000e-01	1.24552377e-02	1.64129402e-04
7.87000000e-01	1.22650034e-02	1.63811543e-04
7.88000000e-01	1.23058775e-02	1.65512916e-04
7.89000000e-01	1.21706350e-02	1.65054432e-04
7.90000000e-01	1.23543721e-02	1.69376264e-04
7.91000000e-01	1.23107147e-02	1.70411369e-04
7.92000000e-01	1.23104403e-02	1.72787947e-04
7.93000000e-01	1.21019392e-02	1.71908989e-04
7.94000000e-01	1.22655683e-02	1.75733291e-04
7.95000000e-01	1.23543151e-02	1.78157686e-04
7.96000000e-01	1.22991373e-02	1.79963092e-04
7.97000000e-01	1.21787138e-02	1.79966400e-04
7.98000000e-01	1.23066847e-02	1.83127894e-04
7.99000000e-01	1.21567604e-02	1.82551653e-04
8.00000000e-01	1.20942962e-02	1.83889998e-04
8.01000000e-01	1.21475406e-02	1.86484506e-04
8.02000000e-01	1.21773134e-02	1.87987689e-04
8.03000000e-01	1.20831277e-02	1.89422123e-04
8.04000000e-01	1.20121576e-02	1.90316824e-04
8.05000000e-01	1.21533802e-02	1.95320645e-04
8.06000000e-01	1.20932581e-02	1.96181933e-04
8.07000000e-01	1.21869860e-02	1.98995490e-04
8.08000000e-01	1.21836159e-02	2.01766521e-04
8.09000000e-01	1.19096472e-02	1.99036335e-04
8.10000000e-01	1.21277860e-02	2.05161118e-04
8.11000000e-01	1.20988776e-02	2.07711173e-04
8.12000000e-01	1.20402895e-02	2.07905777e-04
8.13000000e-01	1.20053705e-02	2.09924380e-04
8.14000000e-01	1.20712431e-02	2.14064267e-04
8.15000000e-01	1.17348752e-02	2.10333102e-04
8.16000000e-01	1.18687996e-02	2.16094467e-04
8.17000000e-01	1.18442539e-02	2.18848802e-04
8.18000000e-01	1.18944956e-02	2.19851498e-04
8.19000000e-01	1.19746051e-02	2.27033048e-04
8.20000000e-01	1.17473128e-02	2.24675538e-04
8.21000000e-01	1.18032114e-02	2.28918672e-04
8.22000000e-01	1.18296446e-02	2.31994931e-04
8.23000000e-01	1.20112092e-02	2.37040825e-04
8.24000000e-01	1.16091475e-02	2.34476181e-04
8.25000000e-01	1.18747880e-02	2.42187271e-04
8.26000000e-01	1.19129709e-02	2.47286818e-04
8.27000000e-01	1.18682517e-02	2.48282576e-04
8.28000000e-01	1.18108133e-02	2.53373377e-04
8.29000000e-01	1.18761637e-02	2.59959068e-04
8.30000000e-01	1.14294138e-02	2.50912848e-04
8.31000000e-01	1.16714851e-02	2.61849650e-04
8.32000000e-01	1.15064365e-02	2.63094975e-04
8.33000000e-01	1.16515049e-02	2.71860553e-04
8.34000000e-01	1.17327248e-02	2.77289557e-04
8.35000000e-01	1.19106412e-02	2.85215457e-04
8.36000000e-01	1.17234937e-02	2.85189831e-04
8.37000000e-01	1.17283947e-02	2.92468655e-04
8.38000000e-01	1.15970078e-02	2.96999179e-04
8.39000000e-01	1.17653958e-02	3.06477149e-04
8.40000000e-01	1.18464339e-02	3.13221604e-04
8.41000000e-01	1.13128546e-02	3.10627189e-04
8.42000000e-01	1.13048824e-02	3.14662593e-04
8.43000000e-01	1.19230792e-02	3.40118121e-04
8.44000000e-01	1.18411533e-02	3.40549963e-04
8.45000000e-01	1.14090385e-02	3.42537415e-04
8.46000000e-01	1.14970313e-02	3.51577576e-04
8.47000000e-01	1.12609549e-02	3.51447462e-04
8.48000000e-01	1.13521910e-02	3.69198746e-04
8.49000000e-01	1.14273423e-02	3.87615843e-04
8.50000000e-01	1.14405737e-02	3.99388595e-04
8.51000000e-01	1.15096426e-02	4.12523678e-04
8.52000000e-01	1.13519305e-02	4.25528720e-04
8.53000000e-01	1.16869418e-02	4.57773852e-04
8.54000000e-01	1.15600816e-02	4.73354463e-04
8.55000000e-01	1.18958132e-02	4.98191361e-04
8.56000000e-01	1.17583571e-02	5.08483828e-04
8.57000000e-01	1.09078809e-02	4.91995803e-04
8.58000000e-01	1.14709186e-02	5.24049330e-04
8.59000000e-01	1.10842766e-02	5.26068433e-04
8.60000000e-01	1.16379501e-02	5.65896758e-04
8.61000000e-01	1.19375414e-02	6.07629079e-04
8.62000000e-01	1.09226844e-02	5.77459335e-04
8.63000000e-01	1.12919792e-02	6.21327884e-04
8.64000000e-01	1.19573678e-02	6.77405853e-04
8.65000000e-01	1.09497749e-02	6.80651207e-04
8.66000000e-01	1.14268699e-02	7.13949367e-04
8.67000000e-01	1.15997288e-02	7.77817597e-04
8.68000000e-01	1.14992959e-02	8.17496198e-04
8.69000000e-01	1.04904338e-02	8.27996441e-04
8.70000000e-01	1.13384311e-02	9.59545364e-04
8.71000000e-01	1.19957816e-02	1.10825333e-03
8.72000000e-01	1.16714373e-02	1.23916998e-03
8.73000000e-01	1.08751664e-02	1.33462613e-03
8.74000000e-01	1.10041627e-02	1.71423137e-03
8.75000000e-01	9.36883093e-03	3.24791451e-03
