% Filename : SDL5_00008_00001.h5
% Date & Time : 30-Oct-2025 14:36:46
% X-ray Energy (keV) : 13.30001
% Exposure Time (s) : 0.500
% Beam Center : 1461.24000, 208.98300
% Sample to Detector Distance (SDD) (mm) : 1990.750
% Detector Pixel Size (mm) : 0.075
% Photodiode Value : 135748.000
% I0 of Sample : 0
% I0 of Standard : 1
% 
% q(A^-1)   I(q)    I(q)_SE
0.00000000e+00	1.06471861e-02	6.24245590e-03
2.50000000e-04	0.00000000e+00	0.00000000e+00
5.00000000e-04	0.00000000e+00	0.00000000e+00
7.50000000e-04	0.00000000e+00	0.00000000e+00
1.00000000e-03	0.00000000e+00	0.00000000e+00
1.25000000e-03	0.00000000e+00	0.00000000e+00
1.50000000e-03	0.00000000e+00	0.00000000e+00
1.75000000e-03	0.00000000e+00	0.00000000e+00
2.00000000e-03	0.00000000e+00	0.00000000e+00
2.25000000e-03	0.00000000e+00	0.00000000e+00
2.50000000e-03	0.00000000e+00	0.00000000e+00
2.75000000e-03	0.00000000e+00	0.00000000e+00
3.00000000e-03	0.00000000e+00	0.00000000e+00
3.25000000e-03	2.09715567e+01	1.21871676e+01
3.50000000e-03	2.87881975e+01	6.29666826e+00
3.75000000e-03	2.64831814e+01	4.67764835e+00
4.00000000e-03	2.59696491e+01	4.32218209e+00
4.25000000e-03	2.25116128e+01	3.14594587e+00
4.50000000e-03	3.99708372e+01	7.34556906e+00
4.75000000e-03	3.80516601e+01	6.14464841e+00
5.00000000e-03	2.89012127e+01	4.37322023e+00
5.25000000e-03	2.32460634e+01	3.32458157e+00
5.50000000e-03	1.85385685e+01	2.55220576e+00
5.75000000e-03	1.55502055e+01	2.07320312e+00
6.00000000e-03	1.25599528e+01	1.56459709e+00
6.25000000e-03	1.04803562e+01	1.29808942e+00
6.50000000e-03	8.76351341e+00	1.02674116e+00
6.75000000e-03	7.27331235e+00	8.33775788e-01
7.00000000e-03	6.39602563e+00	6.99424657e-01
7.25000000e-03	5.43002936e+00	5.68579697e-01
7.50000000e-03	4.54914951e+00	4.73994120e-01
7.75000000e-03	4.00238500e+00	4.04641762e-01
8.00000000e-03	3.59273461e+00	3.55580912e-01
8.25000000e-03	3.06986631e+00	2.91950677e-01
8.50000000e-03	2.76954122e+00	2.51529073e-01
8.75000000e-03	2.44939729e+00	2.24280487e-01
9.00000000e-03	2.15785048e+00	1.92019223e-01
9.25000000e-03	1.91429503e+00	1.64832874e-01
9.50000000e-03	1.70155529e+00	1.42519016e-01
9.75000000e-03	1.54475000e+00	1.27250839e-01
1.00000000e-02	1.37438059e+00	1.11685246e-01
1.02500000e-02	1.25008534e+00	1.01514034e-01
1.05000000e-02	1.15135671e+00	8.88833114e-02
1.07500000e-02	1.02284062e+00	7.84622235e-02
1.10000000e-02	9.42835042e-01	7.00399085e-02
1.12500000e-02	8.58746180e-01	6.52633014e-02
1.15000000e-02	7.84456011e-01	5.78370922e-02
1.17500000e-02	7.14018346e-01	5.07053024e-02
1.20000000e-02	6.63630023e-01	4.74753516e-02
1.22500000e-02	6.16670405e-01	4.32365504e-02
1.25000000e-02	5.68854915e-01	3.93384576e-02
1.27500000e-02	5.29019340e-01	3.62207011e-02
1.30000000e-02	4.92784638e-01	3.26896020e-02
1.32500000e-02	4.50475072e-01	2.95224055e-02
1.35000000e-02	4.22880209e-01	2.73496337e-02
1.37500000e-02	3.91764793e-01	2.52618878e-02
1.40000000e-02	3.62532296e-01	2.29731909e-02
1.42500000e-02	3.45215920e-01	2.16194591e-02
1.45000000e-02	3.26280619e-01	2.01580778e-02
1.47500000e-02	3.02969714e-01	1.86362790e-02
1.50000000e-02	2.87386115e-01	1.74698530e-02
1.52500000e-02	2.67263625e-01	1.60706129e-02
1.55000000e-02	2.56177754e-01	1.50548601e-02
1.57500000e-02	2.32826146e-01	1.36659991e-02
1.60000000e-02	2.25059389e-01	1.28978417e-02
1.62500000e-02	2.13988002e-01	1.24688352e-02
1.65000000e-02	2.02159062e-01	1.15652191e-02
1.67500000e-02	1.92300386e-01	1.07416406e-02
1.70000000e-02	1.85032864e-01	1.03318605e-02
1.72500000e-02	1.73773202e-01	9.63917168e-03
1.75000000e-02	1.66020836e-01	9.10305039e-03
1.77500000e-02	1.58250671e-01	8.47608721e-03
1.80000000e-02	1.52771718e-01	8.38163508e-03
1.82500000e-02	1.45029419e-01	7.57765004e-03
1.85000000e-02	1.38762448e-01	7.45664679e-03
1.87500000e-02	1.33551934e-01	7.02499406e-03
1.90000000e-02	1.24764918e-01	6.57404702e-03
1.92500000e-02	1.21317705e-01	6.24206559e-03
1.95000000e-02	1.18445035e-01	6.04417766e-03
1.97500000e-02	1.12396783e-01	5.74163926e-03
2.00000000e-02	1.08469380e-01	5.51783139e-03
2.02500000e-02	1.02619709e-01	5.17821426e-03
2.05000000e-02	9.81572696e-02	4.81079832e-03
2.07500000e-02	9.64060105e-02	4.76594625e-03
2.10000000e-02	9.67831673e-02	4.76962302e-03
2.12500000e-02	9.06821923e-02	4.46878140e-03
2.15000000e-02	8.86170734e-02	4.35763859e-03
2.17500000e-02	8.54920549e-02	4.23896415e-03
2.20000000e-02	8.40287450e-02	4.14990098e-03
2.22500000e-02	8.11402181e-02	4.01213577e-03
2.25000000e-02	7.95611465e-02	3.96817019e-03
2.27500000e-02	7.55250267e-02	3.70689018e-03
2.30000000e-02	7.53237681e-02	3.75798818e-03
2.32500000e-02	7.38533086e-02	3.58133922e-03
2.35000000e-02	7.35317203e-02	3.62223217e-03
2.37500000e-02	6.96029816e-02	3.44047384e-03
2.40000000e-02	6.75709905e-02	3.33416369e-03
2.42500000e-02	6.55493844e-02	3.21746573e-03
2.45000000e-02	6.42614590e-02	3.16956432e-03
2.47500000e-02	6.20290139e-02	3.03547343e-03
2.50000000e-02	6.02024003e-02	2.94020196e-03
2.52500000e-02	5.98549004e-02	2.93594797e-03
2.55000000e-02	5.92181785e-02	2.84704205e-03
2.57500000e-02	5.75207491e-02	2.77979512e-03
2.60000000e-02	5.57847483e-02	2.67482828e-03
2.62500000e-02	5.42115179e-02	2.64939431e-03
2.65000000e-02	5.21392695e-02	2.48866910e-03
2.67500000e-02	5.32966782e-02	2.52927367e-03
2.70000000e-02	5.01792566e-02	2.40055071e-03
2.72500000e-02	5.08182529e-02	2.39113436e-03
2.75000000e-02	4.97451125e-02	2.40386854e-03
2.77500000e-02	4.95094185e-02	2.35659521e-03
2.80000000e-02	4.79062535e-02	2.24363622e-03
2.82500000e-02	4.77305985e-02	2.23401987e-03
2.85000000e-02	4.75475559e-02	2.24443880e-03
2.87500000e-02	4.66621676e-02	2.19029326e-03
2.90000000e-02	4.69232086e-02	2.20807576e-03
2.92500000e-02	4.45096171e-02	2.03417888e-03
2.95000000e-02	4.47945028e-02	2.08036418e-03
2.97500000e-02	4.35325664e-02	2.02358495e-03
3.00000000e-02	4.33045225e-02	2.01925289e-03
3.02500000e-02	4.36002847e-02	2.01881830e-03
3.05000000e-02	4.11961037e-02	1.86032118e-03
3.07500000e-02	4.15700574e-02	1.91125240e-03
3.10000000e-02	4.18175130e-02	1.93748001e-03
3.12500000e-02	3.90387297e-02	1.82928738e-03
3.15000000e-02	4.01136701e-02	1.84509678e-03
3.17500000e-02	3.97892116e-02	1.77591508e-03
3.20000000e-02	3.84157026e-02	1.77230896e-03
3.22500000e-02	3.82585843e-02	1.73912480e-03
3.25000000e-02	3.69891143e-02	1.69933341e-03
3.27500000e-02	3.69832141e-02	1.66566374e-03
3.30000000e-02	3.68665829e-02	1.66166670e-03
3.32500000e-02	3.74405208e-02	1.67659478e-03
3.35000000e-02	3.60361328e-02	1.64249158e-03
3.37500000e-02	3.61790268e-02	1.62654792e-03
3.40000000e-02	3.46803582e-02	1.56658403e-03
3.42500000e-02	3.43638157e-02	1.53228010e-03
3.45000000e-02	3.36024154e-02	1.50609227e-03
3.47500000e-02	3.48683569e-02	1.55334648e-03
3.50000000e-02	3.37724596e-02	1.50739259e-03
3.52500000e-02	3.36928845e-02	1.51699214e-03
3.55000000e-02	3.31462116e-02	1.47211887e-03
3.57500000e-02	3.29511945e-02	1.46719640e-03
3.60000000e-02	3.25354395e-02	1.44521273e-03
3.62500000e-02	3.25051984e-02	1.45081659e-03
3.65000000e-02	3.16938937e-02	1.39428819e-03
3.67500000e-02	3.07244999e-02	1.34127014e-03
3.70000000e-02	3.08023393e-02	1.34867674e-03
3.72500000e-02	3.05588713e-02	1.33811533e-03
3.75000000e-02	3.04274334e-02	1.35029968e-03
3.77500000e-02	3.03120680e-02	1.31736535e-03
3.80000000e-02	3.03840670e-02	1.32770427e-03
3.82500000e-02	3.02156711e-02	1.29857541e-03
3.85000000e-02	2.94595641e-02	1.29440324e-03
3.87500000e-02	2.93631781e-02	1.26155011e-03
3.90000000e-02	2.99298167e-02	1.30289787e-03
3.92500000e-02	2.85189527e-02	1.23144426e-03
3.95000000e-02	2.89213647e-02	1.24970519e-03
3.97500000e-02	2.84456212e-02	1.21569124e-03
4.00000000e-02	2.89582142e-02	1.23921734e-03
4.02500000e-02	2.88087239e-02	1.23700899e-03
4.05000000e-02	2.82861088e-02	1.20709654e-03
4.07500000e-02	2.71184991e-02	1.16460452e-03
4.10000000e-02	2.87266420e-02	1.23313398e-03
4.12500000e-02	2.83185122e-02	1.19577919e-03
4.15000000e-02	2.80080750e-02	1.17770398e-03
4.17500000e-02	2.84615806e-02	1.20114827e-03
4.20000000e-02	2.69656309e-02	1.13319580e-03
4.22500000e-02	2.75468298e-02	1.15712888e-03
4.25000000e-02	2.76155550e-02	1.15693583e-03
4.27500000e-02	2.71089833e-02	1.13016878e-03
4.30000000e-02	2.69629189e-02	1.12610707e-03
4.32500000e-02	2.63062729e-02	1.10434125e-03
4.35000000e-02	2.61129924e-02	1.09976072e-03
4.37500000e-02	2.61965886e-02	1.08750714e-03
4.40000000e-02	2.62159299e-02	1.08683545e-03
4.42500000e-02	2.56610195e-02	1.06516669e-03
4.45000000e-02	2.63566576e-02	1.08562346e-03
4.47500000e-02	2.60551024e-02	1.07445042e-03
4.50000000e-02	2.57970696e-02	1.06000281e-03
4.52500000e-02	2.56972096e-02	1.04816244e-03
4.55000000e-02	2.59161324e-02	1.06618469e-03
4.57500000e-02	2.62112035e-02	1.07696373e-03
4.60000000e-02	2.57933782e-02	1.06794911e-03
4.62500000e-02	2.57142097e-02	1.04494158e-03
4.65000000e-02	2.49485355e-02	1.01449608e-03
4.67500000e-02	2.50944284e-02	1.01804084e-03
4.70000000e-02	2.54454207e-02	1.02956577e-03
4.72500000e-02	2.49200748e-02	1.01751442e-03
4.75000000e-02	2.49614937e-02	1.01651807e-03
4.77500000e-02	2.46653119e-02	9.95231663e-04
4.80000000e-02	2.51833575e-02	1.00515013e-03
4.82500000e-02	2.47292686e-02	9.87495198e-04
4.85000000e-02	2.48947694e-02	1.00717724e-03
4.87500000e-02	2.41971232e-02	9.81163715e-04
4.90000000e-02	2.47177905e-02	9.80920943e-04
4.92500000e-02	2.45210453e-02	9.74447254e-04
4.95000000e-02	2.40028550e-02	9.61451125e-04
4.97500000e-02	2.45813799e-02	9.88915549e-04
5.00000000e-02	2.42722560e-02	9.70862848e-04
5.02500000e-02	2.31583658e-02	9.17493908e-04
5.05000000e-02	2.37168577e-02	9.36143329e-04
5.07500000e-02	2.41779746e-02	9.59216665e-04
5.10000000e-02	2.38566438e-02	9.44035082e-04
5.12500000e-02	2.42627471e-02	9.59776295e-04
5.15000000e-02	2.45674235e-02	9.56512578e-04
5.17500000e-02	2.35394456e-02	9.31311947e-04
5.20000000e-02	2.32957599e-02	9.17914490e-04
5.22500000e-02	2.37500768e-02	9.43189958e-04
5.25000000e-02	2.36059161e-02	9.20295522e-04
5.27500000e-02	2.40625866e-02	9.24973137e-04
5.30000000e-02	2.39951533e-02	9.40908968e-04
5.32500000e-02	2.34443482e-02	9.11444441e-04
5.35000000e-02	2.32356952e-02	9.03460820e-04
5.37500000e-02	2.28450410e-02	8.90780201e-04
5.40000000e-02	2.32595581e-02	8.99246710e-04
5.42500000e-02	2.26956484e-02	8.82059177e-04
5.45000000e-02	2.31591658e-02	8.93543220e-04
5.47500000e-02	2.35075861e-02	9.07817590e-04
5.50000000e-02	2.34895239e-02	9.00736913e-04
5.52500000e-02	2.28090672e-02	8.72362026e-04
5.55000000e-02	2.27514207e-02	8.70280423e-04
5.57500000e-02	2.36449246e-02	9.05889494e-04
5.60000000e-02	2.25622254e-02	8.54540255e-04
5.62500000e-02	2.29341938e-02	8.69735763e-04
5.65000000e-02	2.27890409e-02	8.68862171e-04
5.67500000e-02	2.26340334e-02	8.64763962e-04
5.70000000e-02	2.27424112e-02	8.61009249e-04
5.72500000e-02	2.30098057e-02	8.73083899e-04
5.75000000e-02	2.20558690e-02	8.32831321e-04
5.77500000e-02	2.31807579e-02	8.65712248e-04
5.80000000e-02	2.27032938e-02	8.61541761e-04
5.82500000e-02	2.25207595e-02	8.48801947e-04
5.85000000e-02	2.22705785e-02	8.36346789e-04
5.87500000e-02	2.25578244e-02	8.46011178e-04
5.90000000e-02	2.24812989e-02	8.40353005e-04
5.92500000e-02	2.18396582e-02	8.12311351e-04
5.95000000e-02	2.28903537e-02	8.45421019e-04
5.97500000e-02	2.24244373e-02	8.42145151e-04
6.00000000e-02	2.22684402e-02	8.27957350e-04
6.02500000e-02	2.21344395e-02	8.32914686e-04
6.05000000e-02	2.25316498e-02	8.35875397e-04
6.07500000e-02	2.16878698e-02	8.00406178e-04
6.10000000e-02	2.20478193e-02	8.10168739e-04
6.12500000e-02	2.21662731e-02	8.19769900e-04
6.15000000e-02	2.17466508e-02	7.95366780e-04
6.17500000e-02	2.26197763e-02	8.28693971e-04
6.20000000e-02	2.19801504e-02	8.07287199e-04
6.22500000e-02	2.16320326e-02	7.92838604e-04
6.25000000e-02	2.17202490e-02	8.02733278e-04
6.27500000e-02	2.16394075e-02	7.89637608e-04
6.30000000e-02	2.18035906e-02	7.93641358e-04
6.32500000e-02	2.21596817e-02	8.02485275e-04
6.35000000e-02	2.18402725e-02	8.02787702e-04
6.37500000e-02	2.23767073e-02	8.14185369e-04
6.40000000e-02	2.24806810e-02	8.13445047e-04
6.42500000e-02	2.17938860e-02	7.77137853e-04
6.45000000e-02	2.21290589e-02	7.94721091e-04
6.47500000e-02	2.23512733e-02	8.15584140e-04
6.50000000e-02	2.17939160e-02	7.86588511e-04
6.52500000e-02	2.13186031e-02	7.65402429e-04
6.55000000e-02	2.18307042e-02	7.88458827e-04
6.57500000e-02	2.12852234e-02	7.60324589e-04
6.60000000e-02	2.16946157e-02	7.75456037e-04
6.62500000e-02	2.09788819e-02	7.61400631e-04
6.65000000e-02	2.19011702e-02	7.79348501e-04
6.67500000e-02	2.23266129e-02	7.86339130e-04
6.70000000e-02	2.20066011e-02	7.76246589e-04
6.72500000e-02	2.14899919e-02	7.62952090e-04
6.75000000e-02	2.13119423e-02	7.57368169e-04
6.77500000e-02	2.15029579e-02	7.61257684e-04
6.80000000e-02	2.14683983e-02	7.61598113e-04
6.82500000e-02	2.15097094e-02	7.59947635e-04
6.85000000e-02	2.12370376e-02	7.53273695e-04
6.87500000e-02	2.12187062e-02	7.49311759e-04
6.90000000e-02	2.10978180e-02	7.41039188e-04
6.92500000e-02	2.13542350e-02	7.51370494e-04
6.95000000e-02	2.09658384e-02	7.43644450e-04
6.97500000e-02	2.12937182e-02	7.51066462e-04
7.00000000e-02	2.10485577e-02	7.31487946e-04
7.02500000e-02	2.14823050e-02	7.47939306e-04
7.05000000e-02	2.10659848e-02	7.30666625e-04
7.07500000e-02	2.12753420e-02	7.41056804e-04
7.10000000e-02	2.14768218e-02	7.47265463e-04
7.12500000e-02	2.11408514e-02	7.31139310e-04
7.15000000e-02	2.15354218e-02	7.41738026e-04
7.17500000e-02	2.11786941e-02	7.30276303e-04
7.20000000e-02	2.12254611e-02	7.34248091e-04
7.22500000e-02	2.11170913e-02	7.30479009e-04
7.25000000e-02	2.08036382e-02	7.22002383e-04
7.27500000e-02	2.08682304e-02	7.16890056e-04
7.30000000e-02	2.16679994e-02	7.48161255e-04
7.32500000e-02	2.08031194e-02	7.09632625e-04
7.35000000e-02	2.07838504e-02	7.10221577e-04
7.37500000e-02	2.14094558e-02	7.32537059e-04
7.40000000e-02	2.13534673e-02	7.26037029e-04
7.42500000e-02	2.15148966e-02	7.33957661e-04
7.45000000e-02	2.11609971e-02	7.19564192e-04
7.47500000e-02	2.14324256e-02	7.23973028e-04
7.50000000e-02	2.06682980e-02	6.99824688e-04
7.52500000e-02	2.07067407e-02	7.08666648e-04
7.55000000e-02	2.09452000e-02	7.08910482e-04
7.57500000e-02	2.07071631e-02	6.99112231e-04
7.60000000e-02	2.11457925e-02	7.15950047e-04
7.62500000e-02	2.01167707e-02	6.85037900e-04
7.65000000e-02	2.13006906e-02	7.21767960e-04
7.67500000e-02	2.06276651e-02	7.00496678e-04
7.70000000e-02	2.04979767e-02	6.88015552e-04
7.72500000e-02	2.12174610e-02	7.24642972e-04
7.75000000e-02	2.05861094e-02	7.13211225e-04
7.77500000e-02	2.07044408e-02	7.21550982e-04
7.80000000e-02	2.08151034e-02	7.30024921e-04
7.82500000e-02	2.10820905e-02	7.41001939e-04
7.85000000e-02	2.11128654e-02	7.46380861e-04
7.87500000e-02	2.06309686e-02	7.23217146e-04
7.90000000e-02	2.09059130e-02	7.38118108e-04
7.92500000e-02	2.07910078e-02	7.35138000e-04
7.95000000e-02	2.09072585e-02	7.41950929e-04
7.97500000e-02	2.07862072e-02	7.49952668e-04
8.00000000e-02	2.15708624e-02	7.69914437e-04
8.02500000e-02	2.12144483e-02	7.63637033e-04
8.05000000e-02	2.07808999e-02	7.40925520e-04
8.07500000e-02	2.07976380e-02	7.48359138e-04
8.10000000e-02	2.05699041e-02	7.38593605e-04
8.12500000e-02	2.10588545e-02	7.63022995e-04
8.15000000e-02	2.06948127e-02	7.52189127e-04
8.17500000e-02	2.06660801e-02	7.54135788e-04
8.20000000e-02	2.11602014e-02	7.65712510e-04
8.22500000e-02	2.03297600e-02	7.42543195e-04
8.25000000e-02	2.04279103e-02	7.38570768e-04
8.27500000e-02	2.02542891e-02	7.30502714e-04
8.30000000e-02	2.05702547e-02	7.45993882e-04
8.32500000e-02	2.10055222e-02	7.69348388e-04
8.35000000e-02	2.08219998e-02	7.71605451e-04
8.37500000e-02	2.03138731e-02	7.39613742e-04
8.40000000e-02	2.02288657e-02	7.41974743e-04
8.42500000e-02	2.04944982e-02	7.54401118e-04
8.45000000e-02	2.01079602e-02	7.41672839e-04
8.47500000e-02	2.02081766e-02	7.50384604e-04
8.50000000e-02	2.02940058e-02	7.48350818e-04
8.52500000e-02	2.07711898e-02	7.76374938e-04
8.55000000e-02	2.08106874e-02	7.69251788e-04
8.57500000e-02	2.09484813e-02	7.81087055e-04
8.60000000e-02	2.06280341e-02	7.60776100e-04
8.62500000e-02	2.05043103e-02	7.58681921e-04
8.65000000e-02	2.03164123e-02	7.49249365e-04
8.67500000e-02	2.04450475e-02	7.57680530e-04
8.70000000e-02	2.00995420e-02	7.29041043e-04
8.72500000e-02	2.01021772e-02	7.23495081e-04
8.75000000e-02	2.01259072e-02	7.15947401e-04
8.77500000e-02	2.07863031e-02	7.28295400e-04
8.80000000e-02	2.05597835e-02	7.21880105e-04
8.82500000e-02	2.06946381e-02	7.24383681e-04
8.85000000e-02	2.01455221e-02	7.07447638e-04
8.87500000e-02	2.07120103e-02	7.05375472e-04
8.90000000e-02	2.08556808e-02	7.22961837e-04
8.92500000e-02	2.09286410e-02	7.15080994e-04
8.95000000e-02	2.04904079e-02	7.06994069e-04
8.97500000e-02	2.07611725e-02	7.06743931e-04
9.00000000e-02	2.07230532e-02	6.97867862e-04
9.02500000e-02	2.00751455e-02	6.80582872e-04
9.05000000e-02	2.05695595e-02	6.96598586e-04
9.07500000e-02	2.03817481e-02	6.87305712e-04
9.10000000e-02	2.01189774e-02	6.81159263e-04
9.12500000e-02	1.99911954e-02	6.71313471e-04
9.15000000e-02	2.04160742e-02	6.87626441e-04
9.17500000e-02	2.01096891e-02	6.83804902e-04
9.20000000e-02	2.01832762e-02	6.76502218e-04
9.22500000e-02	2.00174447e-02	6.68895508e-04
9.25000000e-02	2.04835044e-02	6.80797617e-04
9.27500000e-02	2.05561592e-02	6.82211604e-04
9.30000000e-02	1.99019050e-02	6.59960740e-04
9.32500000e-02	1.99993474e-02	6.71909499e-04
9.35000000e-02	2.02724651e-02	6.66731225e-04
9.37500000e-02	2.04671647e-02	6.69743635e-04
9.40000000e-02	2.01991994e-02	6.64391479e-04
9.42500000e-02	2.00211075e-02	6.61351574e-04
9.45000000e-02	2.00938605e-02	6.59542355e-04
9.47500000e-02	2.03188529e-02	6.59016562e-04
9.50000000e-02	2.05996240e-02	6.68682442e-04
9.52500000e-02	2.04024532e-02	6.63109597e-04
9.55000000e-02	1.99079947e-02	6.41735424e-04
9.57500000e-02	2.02112981e-02	6.55354192e-04
9.60000000e-02	2.03634376e-02	6.58421275e-04
9.62500000e-02	1.98582868e-02	6.39901388e-04
9.65000000e-02	1.99130813e-02	6.41700214e-04
9.67500000e-02	2.00643913e-02	6.44763915e-04
9.70000000e-02	2.00338337e-02	6.46336160e-04
9.72500000e-02	1.99137654e-02	6.37708842e-04
9.75000000e-02	2.01554529e-02	6.49235588e-04
9.77500000e-02	2.02847639e-02	6.46028813e-04
9.80000000e-02	1.99631280e-02	6.39859682e-04
9.82500000e-02	1.99116881e-02	6.36168258e-04
9.85000000e-02	2.03435742e-02	6.51939591e-04
9.87500000e-02	2.00768834e-02	6.41531568e-04
9.90000000e-02	1.98281727e-02	6.32511910e-04
9.92500000e-02	2.01219286e-02	6.40722102e-04
9.95000000e-02	2.03688594e-02	6.48670118e-04
9.97500000e-02	2.02042374e-02	6.37162442e-04
1.00000000e-01	2.00789440e-02	5.17634864e-04
1.00500000e-01	2.04159093e-02	4.55829750e-04
1.01000000e-01	1.99363722e-02	4.44961699e-04
1.01500000e-01	2.00677005e-02	4.46048008e-04
1.02000000e-01	2.02788016e-02	4.48944423e-04
1.02500000e-01	1.99824219e-02	4.38400775e-04
1.03000000e-01	1.99646956e-02	4.39777472e-04
1.03500000e-01	1.98186124e-02	4.35718098e-04
1.04000000e-01	2.02851549e-02	4.44622992e-04
1.04500000e-01	2.00122372e-02	4.36547072e-04
1.05000000e-01	1.98215731e-02	4.30653818e-04
1.05500000e-01	2.01091797e-02	4.36555663e-04
1.06000000e-01	2.00688515e-02	4.34909429e-04
1.06500000e-01	2.01762505e-02	4.34054022e-04
1.07000000e-01	2.02810830e-02	4.44071260e-04
1.07500000e-01	2.01718248e-02	4.47070584e-04
1.08000000e-01	2.02141850e-02	4.53233243e-04
1.08500000e-01	2.01942229e-02	4.54908940e-04
1.09000000e-01	2.00220317e-02	4.55007281e-04
1.09500000e-01	1.96244481e-02	4.47895652e-04
1.10000000e-01	1.99520551e-02	4.49113055e-04
1.10500000e-01	2.00343185e-02	4.45169734e-04
1.11000000e-01	2.00054261e-02	4.36012473e-04
1.11500000e-01	2.01419248e-02	4.35658549e-04
1.12000000e-01	2.01146129e-02	4.29641477e-04
1.12500000e-01	2.01609385e-02	4.30030577e-04
1.13000000e-01	1.97601924e-02	4.19773337e-04
1.13500000e-01	2.00135647e-02	4.23824351e-04
1.14000000e-01	2.00012418e-02	4.20694994e-04
1.14500000e-01	1.96894019e-02	4.14995889e-04
1.15000000e-01	2.00200613e-02	4.18319239e-04
1.15500000e-01	1.98585241e-02	4.15950726e-04
1.16000000e-01	1.96036982e-02	4.10046832e-04
1.16500000e-01	1.99760293e-02	4.16565708e-04
1.17000000e-01	1.98138308e-02	4.13936263e-04
1.17500000e-01	1.99165844e-02	4.11219462e-04
1.18000000e-01	1.98416635e-02	4.10374681e-04
1.18500000e-01	1.98029282e-02	4.07765499e-04
1.19000000e-01	1.99610338e-02	4.10770265e-04
1.19500000e-01	1.96889228e-02	4.02866191e-04
1.20000000e-01	1.98142352e-02	4.05620277e-04
1.20500000e-01	2.01746513e-02	4.13179623e-04
1.21000000e-01	2.02265336e-02	4.14296047e-04
1.21500000e-01	2.00898262e-02	4.08673766e-04
1.22000000e-01	2.03506205e-02	4.10890940e-04
1.22500000e-01	1.99487520e-02	4.01638929e-04
1.23000000e-01	2.02058131e-02	4.06724791e-04
1.23500000e-01	1.97104198e-02	3.95774086e-04
1.24000000e-01	2.00053756e-02	4.02368894e-04
1.24500000e-01	1.99026287e-02	3.97408759e-04
1.25000000e-01	1.97207657e-02	3.97457597e-04
1.25500000e-01	2.01350948e-02	4.00951078e-04
1.26000000e-01	1.97053337e-02	3.91396677e-04
1.26500000e-01	1.96967912e-02	3.91505059e-04
1.27000000e-01	1.99125342e-02	3.94687583e-04
1.27500000e-01	1.97088597e-02	3.88213144e-04
1.28000000e-01	1.97369951e-02	3.89592383e-04
1.28500000e-01	1.96318514e-02	3.86711716e-04
1.29000000e-01	1.98075768e-02	3.91632954e-04
1.29500000e-01	1.98546390e-02	3.90007370e-04
1.30000000e-01	1.95746575e-02	3.83717082e-04
1.30500000e-01	2.00143528e-02	3.91668857e-04
1.31000000e-01	1.98240760e-02	3.86559623e-04
1.31500000e-01	1.99646331e-02	3.89200914e-04
1.32000000e-01	2.00574278e-02	3.88962214e-04
1.32500000e-01	1.99157490e-02	3.86702224e-04
1.33000000e-01	1.95797586e-02	3.80840722e-04
1.33500000e-01	1.96397314e-02	3.78187530e-04
1.34000000e-01	1.97372033e-02	3.80343022e-04
1.34500000e-01	1.97441850e-02	3.77468388e-04
1.35000000e-01	1.98676547e-02	3.78813128e-04
1.35500000e-01	2.00848278e-02	3.82128876e-04
1.36000000e-01	1.99736296e-02	3.78434826e-04
1.36500000e-01	1.95568495e-02	3.74023438e-04
1.37000000e-01	1.96415489e-02	3.73391757e-04
1.37500000e-01	1.96024697e-02	3.72023844e-04
1.38000000e-01	1.99649315e-02	3.75966240e-04
1.38500000e-01	1.96311476e-02	3.71420663e-04
1.39000000e-01	1.97282739e-02	3.73974888e-04
1.39500000e-01	1.96278485e-02	3.69965830e-04
1.40000000e-01	1.98068430e-02	3.74454036e-04
1.40500000e-01	1.96723689e-02	3.71071658e-04
1.41000000e-01	1.97037516e-02	3.69910864e-04
1.41500000e-01	1.95104067e-02	3.67916083e-04
1.42000000e-01	1.94241551e-02	3.63558826e-04
1.42500000e-01	1.98729335e-02	3.73648632e-04
1.43000000e-01	1.94872598e-02	3.66498232e-04
1.43500000e-01	1.96461726e-02	3.66795003e-04
1.44000000e-01	1.93215590e-02	3.61303356e-04
1.44500000e-01	1.94234246e-02	3.60843156e-04
1.45000000e-01	1.96513219e-02	3.67261180e-04
1.45500000e-01	1.98267131e-02	3.67745303e-04
1.46000000e-01	1.93124228e-02	3.57880571e-04
1.46500000e-01	1.93307648e-02	3.59291795e-04
1.47000000e-01	1.94157148e-02	3.57475551e-04
1.47500000e-01	1.95467813e-02	3.60969282e-04
1.48000000e-01	1.95269776e-02	3.59183428e-04
1.48500000e-01	1.93561984e-02	3.55159990e-04
1.49000000e-01	1.96379926e-02	3.59325206e-04
1.49500000e-01	1.93084929e-02	3.53219569e-04
1.50000000e-01	1.94139628e-02	3.55063863e-04
1.50500000e-01	1.97037168e-02	3.61773251e-04
1.51000000e-01	1.97335088e-02	3.58166844e-04
1.51500000e-01	1.96412526e-02	3.55519555e-04
1.52000000e-01	1.94878856e-02	3.51005747e-04
1.52500000e-01	1.93486953e-02	3.50555736e-04
1.53000000e-01	1.94672512e-02	3.52359565e-04
1.53500000e-01	1.95899027e-02	3.53188282e-04
1.54000000e-01	1.93820509e-02	3.47952598e-04
1.54500000e-01	1.93606281e-02	3.54222942e-04
1.55000000e-01	1.91687151e-02	3.57477319e-04
1.55500000e-01	1.95443606e-02	3.64109435e-04
1.56000000e-01	1.92642882e-02	3.64200568e-04
1.56500000e-01	1.95227832e-02	3.64879862e-04
1.57000000e-01	1.93948476e-02	3.65037175e-04
1.57500000e-01	1.91820332e-02	3.55204736e-04
1.58000000e-01	1.92044916e-02	3.49433915e-04
1.58500000e-01	1.95894558e-02	3.54048820e-04
1.59000000e-01	1.90791250e-02	3.44825601e-04
1.59500000e-01	1.94697027e-02	3.48314005e-04
1.60000000e-01	1.89351712e-02	3.41852516e-04
1.60500000e-01	1.90749391e-02	3.40064529e-04
1.61000000e-01	1.92839714e-02	3.45074237e-04
1.61500000e-01	1.91682699e-02	3.41098165e-04
1.62000000e-01	1.93731701e-02	3.44601226e-04
1.62500000e-01	1.92392482e-02	3.43023107e-04
1.63000000e-01	1.94925040e-02	3.45743140e-04
1.63500000e-01	1.92020402e-02	3.40898576e-04
1.64000000e-01	1.91247924e-02	3.37809477e-04
1.64500000e-01	1.94345180e-02	3.42637330e-04
1.65000000e-01	1.91426341e-02	3.36440875e-04
1.65500000e-01	1.93157466e-02	3.39393679e-04
1.66000000e-01	1.89001026e-02	3.31598938e-04
1.66500000e-01	1.92321692e-02	3.36070669e-04
1.67000000e-01	1.89840296e-02	3.32100986e-04
1.67500000e-01	1.88681027e-02	3.30812683e-04
1.68000000e-01	1.91224325e-02	3.34844408e-04
1.68500000e-01	1.90437607e-02	3.29856875e-04
1.69000000e-01	1.90644695e-02	3.31840254e-04
1.69500000e-01	1.90395190e-02	3.29990726e-04
1.70000000e-01	1.89480494e-02	3.30130151e-04
1.70500000e-01	1.90935427e-02	3.30752060e-04
1.71000000e-01	1.89395822e-02	3.26484863e-04
1.71500000e-01	1.93259154e-02	3.34075669e-04
1.72000000e-01	1.87573345e-02	3.23294046e-04
1.72500000e-01	1.89991920e-02	3.27467437e-04
1.73000000e-01	1.88957651e-02	3.24886356e-04
1.73500000e-01	1.88941052e-02	3.23469616e-04
1.74000000e-01	1.89482424e-02	3.23894774e-04
1.74500000e-01	1.88427052e-02	3.21123471e-04
1.75000000e-01	1.90222429e-02	3.24231743e-04
1.75500000e-01	1.88579527e-02	3.18879450e-04
1.76000000e-01	1.90385967e-02	3.21796083e-04
1.76500000e-01	1.91062371e-02	3.20818484e-04
1.77000000e-01	1.87935470e-02	3.17942291e-04
1.77500000e-01	1.89636628e-02	3.21235943e-04
1.78000000e-01	1.90975180e-02	3.21781845e-04
1.78500000e-01	1.86256385e-02	3.14376707e-04
1.79000000e-01	1.88712730e-02	3.17044151e-04
1.79500000e-01	1.87518245e-02	3.16617241e-04
1.80000000e-01	1.87345921e-02	3.16987325e-04
1.80500000e-01	1.90613214e-02	3.20790273e-04
1.81000000e-01	1.88786203e-02	3.17177616e-04
1.81500000e-01	1.87365401e-02	3.12971540e-04
1.82000000e-01	1.88160198e-02	3.15449559e-04
1.82500000e-01	1.87674618e-02	3.13212709e-04
1.83000000e-01	1.87928481e-02	3.14013449e-04
1.83500000e-01	1.88060824e-02	3.15103302e-04
1.84000000e-01	1.88061378e-02	3.12284046e-04
1.84500000e-01	1.87156181e-02	3.12413707e-04
1.85000000e-01	1.87934803e-02	3.12330279e-04
1.85500000e-01	1.85746605e-02	3.06803439e-04
1.86000000e-01	1.86351281e-02	3.08492554e-04
1.86500000e-01	1.87010033e-02	3.09175861e-04
1.87000000e-01	1.83010178e-02	3.02868193e-04
1.87500000e-01	1.87074701e-02	3.07530265e-04
1.88000000e-01	1.85731417e-02	3.06905166e-04
1.88500000e-01	1.86367532e-02	3.06797156e-04
1.89000000e-01	1.86394782e-02	3.07146785e-04
1.89500000e-01	1.84633308e-02	3.03377478e-04
1.90000000e-01	1.85763799e-02	3.04888543e-04
1.90500000e-01	1.87905700e-02	3.06753069e-04
1.91000000e-01	1.85488619e-02	3.03421251e-04
1.91500000e-01	1.86310074e-02	3.05195335e-04
1.92000000e-01	1.86213093e-02	3.03913109e-04
1.92500000e-01	1.83929345e-02	3.00754375e-04
1.93000000e-01	1.86523375e-02	3.03418379e-04
1.93500000e-01	1.86654403e-02	3.03037743e-04
1.94000000e-01	1.86630648e-02	3.02598517e-04
1.94500000e-01	1.85564174e-02	3.00767481e-04
1.95000000e-01	1.84899071e-02	3.00907612e-04
1.95500000e-01	1.85384899e-02	2.99979551e-04
1.96000000e-01	1.85122858e-02	2.98652326e-04
1.96500000e-01	1.82385101e-02	2.95552136e-04
1.97000000e-01	1.84083325e-02	2.96739803e-04
1.97500000e-01	1.82630496e-02	2.95279706e-04
1.98000000e-01	1.84564198e-02	2.97470539e-04
1.98500000e-01	1.82319488e-02	2.92852869e-04
1.99000000e-01	1.83540534e-02	2.93983820e-04
1.99500000e-01	1.84722569e-02	2.95507196e-04
2.00000000e-01	1.84828984e-02	2.96616719e-04
2.00500000e-01	1.82997774e-02	2.93345127e-04
2.01000000e-01	1.82873743e-02	2.91592501e-04
2.01500000e-01	1.85109313e-02	2.95486752e-04
2.02000000e-01	1.83827491e-02	2.93174737e-04
2.02500000e-01	1.82140691e-02	2.89938553e-04
2.03000000e-01	1.83450117e-02	2.91612974e-04
2.03500000e-01	1.82925529e-02	2.91250037e-04
2.04000000e-01	1.80487013e-02	2.86433043e-04
2.04500000e-01	1.82793641e-02	2.91231474e-04
2.05000000e-01	1.83594499e-02	2.91109487e-04
2.05500000e-01	1.83941869e-02	2.91180184e-04
2.06000000e-01	1.81129145e-02	2.86146258e-04
2.06500000e-01	1.85135297e-02	2.92757542e-04
2.07000000e-01	1.84695306e-02	2.91404102e-04
2.07500000e-01	1.82137848e-02	2.85376140e-04
2.08000000e-01	1.83708842e-02	2.89482046e-04
2.08500000e-01	1.82600957e-02	2.86007512e-04
2.09000000e-01	1.80488247e-02	2.83902840e-04
2.09500000e-01	1.81674865e-02	2.83896846e-04
2.10000000e-01	1.81016697e-02	2.82905384e-04
2.10500000e-01	1.81449365e-02	2.82688285e-04
2.11000000e-01	1.82476370e-02	2.84069765e-04
2.11500000e-01	1.82199381e-02	2.85011874e-04
2.12000000e-01	1.80792832e-02	2.82281277e-04
2.12500000e-01	1.80705500e-02	2.81074382e-04
2.13000000e-01	1.82414603e-02	2.83386714e-04
2.13500000e-01	1.82858036e-02	2.83052743e-04
2.14000000e-01	1.81446548e-02	2.82304392e-04
2.14500000e-01	1.80012985e-02	2.79419511e-04
2.15000000e-01	1.82293014e-02	2.82277980e-04
2.15500000e-01	1.81529958e-02	2.80606142e-04
2.16000000e-01	1.81438518e-02	2.79775719e-04
2.16500000e-01	1.81198579e-02	2.79684946e-04
2.17000000e-01	1.79849376e-02	2.81502331e-04
2.17500000e-01	1.85389153e-02	2.93716521e-04
2.18000000e-01	1.78902828e-02	2.86061634e-04
2.18500000e-01	1.82325108e-02	2.91929786e-04
2.19000000e-01	1.81397433e-02	2.92033800e-04
2.19500000e-01	1.82633203e-02	2.94589303e-04
2.20000000e-01	1.81124266e-02	2.94303481e-04
2.20500000e-01	1.81695574e-02	2.95063430e-04
2.21000000e-01	1.79471509e-02	2.93054037e-04
2.21500000e-01	1.79657745e-02	2.93637885e-04
2.22000000e-01	1.81977289e-02	2.97608348e-04
2.22500000e-01	1.79274617e-02	2.95290510e-04
2.23000000e-01	1.81579779e-02	2.98725449e-04
2.23500000e-01	1.78824826e-02	2.95820583e-04
2.24000000e-01	1.81751197e-02	3.00065790e-04
2.24500000e-01	1.80042945e-02	2.98133939e-04
2.25000000e-01	1.79924396e-02	2.99470254e-04
2.25500000e-01	1.79615747e-02	2.99007374e-04
2.26000000e-01	1.81549762e-02	3.02671088e-04
2.26500000e-01	1.81091824e-02	2.96371876e-04
2.27000000e-01	1.81856687e-02	2.95992909e-04
2.27500000e-01	1.81802197e-02	2.91763511e-04
2.28000000e-01	1.80970789e-02	2.90802874e-04
2.28500000e-01	1.81055737e-02	2.88840238e-04
2.29000000e-01	1.76044801e-02	2.80828523e-04
2.29500000e-01	1.80171233e-02	2.85162757e-04
2.30000000e-01	1.77242154e-02	2.79259157e-04
2.30500000e-01	1.81378940e-02	2.86464586e-04
2.31000000e-01	1.79232437e-02	2.82325903e-04
2.31500000e-01	1.80315652e-02	2.82435904e-04
2.32000000e-01	1.76229442e-02	2.75333464e-04
2.32500000e-01	1.77393456e-02	2.78421809e-04
2.33000000e-01	1.80521588e-02	2.79598558e-04
2.33500000e-01	1.80308789e-02	2.79194831e-04
2.34000000e-01	1.77296234e-02	2.74574583e-04
2.34500000e-01	1.76886961e-02	2.73288850e-04
2.35000000e-01	1.78557998e-02	2.75136794e-04
2.35500000e-01	1.75785409e-02	2.71788248e-04
2.36000000e-01	1.78439783e-02	2.75309346e-04
2.36500000e-01	1.79966058e-02	2.74892644e-04
2.37000000e-01	1.79672767e-02	2.75390560e-04
2.37500000e-01	1.77496697e-02	2.72141064e-04
2.38000000e-01	1.77636215e-02	2.70864064e-04
2.38500000e-01	1.76972798e-02	2.71320000e-04
2.39000000e-01	1.77330682e-02	2.69505009e-04
2.39500000e-01	1.79719832e-02	2.73320968e-04
2.40000000e-01	1.79150516e-02	2.72361383e-04
2.40500000e-01	1.75618421e-02	2.66438240e-04
2.41000000e-01	1.79148050e-02	2.70544146e-04
2.41500000e-01	1.76208238e-02	2.66446459e-04
2.42000000e-01	1.78434333e-02	2.69014829e-04
2.42500000e-01	1.76520782e-02	2.64723850e-04
2.43000000e-01	1.76544970e-02	2.66112741e-04
2.43500000e-01	1.77527010e-02	2.65824037e-04
2.44000000e-01	1.76520902e-02	2.64342513e-04
2.44500000e-01	1.76913977e-02	2.64935291e-04
2.45000000e-01	1.78613812e-02	2.67015320e-04
2.45500000e-01	1.75622210e-02	2.62051560e-04
2.46000000e-01	1.76485436e-02	2.62816167e-04
2.46500000e-01	1.76266509e-02	2.61750829e-04
2.47000000e-01	1.78411866e-02	2.65347898e-04
2.47500000e-01	1.76452565e-02	2.60707656e-04
2.48000000e-01	1.73946295e-02	2.59549217e-04
2.48500000e-01	1.75101409e-02	2.58933895e-04
2.49000000e-01	1.74830719e-02	2.58666433e-04
2.49500000e-01	1.75962861e-02	2.60275241e-04
2.50000000e-01	1.75524199e-02	2.59802953e-04
2.50500000e-01	1.73785171e-02	2.58362711e-04
2.51000000e-01	1.75442231e-02	2.58403865e-04
2.51500000e-01	1.75589690e-02	2.59988909e-04
2.52000000e-01	1.74136595e-02	2.57311002e-04
2.52500000e-01	1.74174099e-02	2.56430319e-04
2.53000000e-01	1.74490109e-02	2.55804839e-04
2.53500000e-01	1.76683818e-02	2.57859268e-04
2.54000000e-01	1.72698627e-02	2.54167005e-04
2.54500000e-01	1.75552505e-02	2.57510930e-04
2.55000000e-01	1.77647550e-02	2.58984581e-04
2.55500000e-01	1.75176755e-02	2.56151154e-04
2.56000000e-01	1.76216564e-02	2.56337995e-04
2.56500000e-01	1.76616008e-02	2.57546153e-04
2.57000000e-01	1.74903316e-02	2.53719982e-04
2.57500000e-01	1.73620521e-02	2.52406736e-04
2.58000000e-01	1.75208592e-02	2.54225515e-04
2.58500000e-01	1.74013887e-02	2.52037467e-04
2.59000000e-01	1.73300576e-02	2.52734136e-04
2.59500000e-01	1.73182231e-02	2.50621197e-04
2.60000000e-01	1.72526330e-02	2.50035598e-04
2.60500000e-01	1.74634368e-02	2.52333206e-04
2.61000000e-01	1.71876562e-02	2.47576455e-04
2.61500000e-01	1.73403607e-02	2.50456446e-04
2.62000000e-01	1.72276722e-02	2.47681992e-04
2.62500000e-01	1.74221979e-02	2.50818556e-04
2.63000000e-01	1.73811357e-02	2.49036990e-04
2.63500000e-01	1.70601813e-02	2.45380188e-04
2.64000000e-01	1.74801904e-02	2.51033850e-04
2.64500000e-01	1.72875668e-02	2.47367345e-04
2.65000000e-01	1.72959348e-02	2.47407716e-04
2.65500000e-01	1.75317998e-02	2.49826218e-04
2.66000000e-01	1.73909909e-02	2.48481007e-04
2.66500000e-01	1.73451061e-02	2.47127261e-04
2.67000000e-01	1.72588586e-02	2.45242046e-04
2.67500000e-01	1.72573030e-02	2.45825615e-04
2.68000000e-01	1.71521652e-02	2.43488115e-04
2.68500000e-01	1.73129047e-02	2.45742263e-04
2.69000000e-01	1.71171071e-02	2.42697111e-04
2.69500000e-01	1.71701421e-02	2.43092637e-04
2.70000000e-01	1.72095129e-02	2.43192825e-04
2.70500000e-01	1.73087795e-02	2.45165309e-04
2.71000000e-01	1.73049993e-02	2.43201990e-04
2.71500000e-01	1.71709857e-02	2.42303954e-04
2.72000000e-01	1.70827649e-02	2.39910901e-04
2.72500000e-01	1.72968119e-02	2.44079167e-04
2.73000000e-01	1.73820847e-02	2.44123752e-04
2.73500000e-01	1.70386925e-02	2.39229893e-04
2.74000000e-01	1.72498390e-02	2.42192976e-04
2.74500000e-01	1.72278587e-02	2.41171018e-04
2.75000000e-01	1.71899571e-02	2.39974299e-04
2.75500000e-01	1.71597762e-02	2.40728487e-04
2.76000000e-01	1.72161161e-02	2.40333189e-04
2.76500000e-01	1.70337887e-02	2.39357610e-04
2.77000000e-01	1.69013478e-02	2.36426394e-04
2.77500000e-01	1.70514019e-02	2.38044364e-04
2.78000000e-01	1.72122820e-02	2.39908566e-04
2.78500000e-01	1.70634417e-02	2.37264902e-04
2.79000000e-01	1.71622039e-02	2.38781933e-04
2.79500000e-01	1.72249251e-02	2.39636459e-04
2.80000000e-01	1.70461298e-02	2.37915379e-04
2.80500000e-01	1.69702241e-02	2.35493923e-04
2.81000000e-01	1.68948027e-02	2.35085243e-04
2.81500000e-01	1.72316795e-02	2.39550167e-04
2.82000000e-01	1.71162840e-02	2.37494565e-04
2.82500000e-01	1.71366698e-02	2.37082781e-04
2.83000000e-01	1.70963627e-02	2.36391988e-04
2.83500000e-01	1.71575511e-02	2.36641096e-04
2.84000000e-01	1.69511089e-02	2.34265004e-04
2.84500000e-01	1.70382237e-02	2.34001669e-04
2.85000000e-01	1.68011776e-02	2.31073490e-04
2.85500000e-01	1.70045281e-02	2.34291858e-04
2.86000000e-01	1.68976288e-02	2.32937073e-04
2.86500000e-01	1.69373886e-02	2.32519993e-04
2.87000000e-01	1.69417436e-02	2.33451759e-04
2.87500000e-01	1.70053948e-02	2.31806175e-04
2.88000000e-01	1.68994375e-02	2.30457355e-04
2.88500000e-01	1.68605210e-02	2.31221326e-04
2.89000000e-01	1.69806611e-02	2.31676208e-04
2.89500000e-01	1.66743981e-02	2.28390602e-04
2.90000000e-01	1.70901876e-02	2.33828339e-04
2.90500000e-01	1.70706456e-02	2.33144578e-04
2.91000000e-01	1.68739846e-02	2.30506548e-04
2.91500000e-01	1.68910915e-02	2.29712805e-04
2.92000000e-01	1.68983038e-02	2.29068086e-04
2.92500000e-01	1.70330564e-02	2.30393364e-04
2.93000000e-01	1.68614276e-02	2.28719750e-04
2.93500000e-01	1.69005584e-02	2.28358738e-04
2.94000000e-01	1.69773072e-02	2.29878589e-04
2.94500000e-01	1.68619491e-02	2.28560760e-04
2.95000000e-01	1.68163020e-02	2.27476294e-04
2.95500000e-01	1.67874415e-02	2.27691456e-04
2.96000000e-01	1.66730890e-02	2.25628702e-04
2.96500000e-01	1.65678483e-02	2.23496696e-04
2.97000000e-01	1.67697815e-02	2.25590721e-04
2.97500000e-01	1.70114838e-02	2.27815548e-04
2.98000000e-01	1.68142900e-02	2.26720536e-04
2.98500000e-01	1.67484715e-02	2.25438154e-04
2.99000000e-01	1.69815149e-02	2.28207438e-04
2.99500000e-01	1.68790618e-02	2.27161026e-04
3.00000000e-01	1.67518616e-02	2.25337737e-04
3.00500000e-01	1.68207707e-02	2.25198309e-04
3.01000000e-01	1.67610314e-02	2.24548846e-04
3.01500000e-01	1.67749726e-02	2.25073193e-04
3.02000000e-01	1.67004332e-02	2.22871480e-04
3.02500000e-01	1.67838252e-02	2.24142970e-04
3.03000000e-01	1.66281176e-02	2.22871840e-04
3.03500000e-01	1.68414970e-02	2.24373313e-04
3.04000000e-01	1.69263956e-02	2.25104367e-04
3.04500000e-01	1.68109168e-02	2.23450773e-04
3.05000000e-01	1.65808113e-02	2.20245095e-04
3.05500000e-01	1.68137254e-02	2.23300322e-04
3.06000000e-01	1.69472200e-02	2.23360593e-04
3.06500000e-01	1.66982684e-02	2.22130833e-04
3.07000000e-01	1.68625377e-02	2.23279609e-04
3.07500000e-01	1.67600629e-02	2.21432237e-04
3.08000000e-01	1.68083157e-02	2.22830975e-04
3.08500000e-01	1.66509629e-02	2.19874486e-04
3.09000000e-01	1.64806990e-02	2.17771897e-04
3.09500000e-01	1.65155360e-02	2.18275819e-04
3.10000000e-01	1.66961503e-02	2.20276914e-04
3.10500000e-01	1.64966937e-02	2.17851807e-04
3.11000000e-01	1.67291697e-02	2.21093996e-04
3.11500000e-01	1.65297173e-02	2.17776353e-04
3.12000000e-01	1.64992089e-02	2.17306989e-04
3.12500000e-01	1.66105027e-02	2.18611236e-04
3.13000000e-01	1.66928976e-02	2.19118237e-04
3.13500000e-01	1.67559036e-02	2.19611817e-04
3.14000000e-01	1.67727419e-02	2.19728889e-04
3.14500000e-01	1.64268710e-02	2.15575824e-04
3.15000000e-01	1.67839411e-02	2.20049636e-04
3.15500000e-01	1.66136308e-02	2.17617694e-04
3.16000000e-01	1.63410429e-02	2.14661995e-04
3.16500000e-01	1.65154740e-02	2.16513227e-04
3.17000000e-01	1.64412259e-02	2.14885948e-04
3.17500000e-01	1.63350574e-02	2.13603268e-04
3.18000000e-01	1.65054246e-02	2.15282567e-04
3.18500000e-01	1.66393307e-02	2.16514713e-04
3.19000000e-01	1.65693905e-02	2.15498681e-04
3.19500000e-01	1.66062351e-02	2.15985208e-04
3.20000000e-01	1.65060857e-02	2.14007112e-04
3.20500000e-01	1.65225666e-02	2.14602414e-04
3.21000000e-01	1.66127766e-02	2.15605857e-04
3.21500000e-01	1.63599832e-02	2.12687883e-04
3.22000000e-01	1.63060109e-02	2.12287464e-04
3.22500000e-01	1.63460329e-02	2.11500091e-04
3.23000000e-01	1.64618640e-02	2.12485536e-04
3.23500000e-01	1.62781265e-02	2.11258890e-04
3.24000000e-01	1.64588693e-02	2.12542913e-04
3.24500000e-01	1.63216198e-02	2.11344277e-04
3.25000000e-01	1.64446912e-02	2.11299665e-04
3.25500000e-01	1.63518716e-02	2.11013379e-04
3.26000000e-01	1.63271157e-02	2.10495414e-04
3.26500000e-01	1.63179219e-02	2.10289914e-04
3.27000000e-01	1.62334841e-02	2.08728245e-04
3.27500000e-01	1.62355977e-02	2.08720011e-04
3.28000000e-01	1.61641510e-02	2.08398259e-04
3.28500000e-01	1.62517173e-02	2.08616624e-04
3.29000000e-01	1.62863392e-02	2.09327157e-04
3.29500000e-01	1.62896520e-02	2.09581339e-04
3.30000000e-01	1.63209943e-02	2.09285198e-04
3.30500000e-01	1.62965918e-02	2.09815323e-04
3.31000000e-01	1.61134501e-02	2.06765651e-04
3.31500000e-01	1.60793085e-02	2.05655596e-04
3.32000000e-01	1.62818581e-02	2.09036509e-04
3.32500000e-01	1.62685909e-02	2.07445198e-04
3.33000000e-01	1.62063810e-02	2.07491518e-04
3.33500000e-01	1.62287984e-02	2.06840634e-04
3.34000000e-01	1.62992989e-02	2.07519999e-04
3.34500000e-01	1.63785451e-02	2.08612517e-04
3.35000000e-01	1.62738012e-02	2.06915012e-04
3.35500000e-01	1.61042281e-02	2.04736722e-04
3.36000000e-01	1.61619773e-02	2.04877800e-04
3.36500000e-01	1.60451063e-02	2.04736261e-04
3.37000000e-01	1.61411121e-02	2.05465527e-04
3.37500000e-01	1.60003309e-02	2.03460541e-04
3.38000000e-01	1.60712775e-02	2.03446154e-04
3.38500000e-01	1.60991992e-02	2.03615062e-04
3.39000000e-01	1.61524834e-02	2.04431852e-04
3.39500000e-01	1.62290536e-02	2.05213301e-04
3.40000000e-01	1.60815622e-02	2.03421996e-04
3.40500000e-01	1.61094231e-02	2.03606004e-04
3.41000000e-01	1.60490343e-02	2.02313238e-04
3.41500000e-01	1.60697945e-02	2.02879169e-04
3.42000000e-01	1.61129287e-02	2.02427570e-04
3.42500000e-01	1.62020230e-02	2.03695356e-04
3.43000000e-01	1.60992306e-02	2.02290649e-04
3.43500000e-01	1.61386804e-02	2.02125534e-04
3.44000000e-01	1.59907881e-02	2.01303736e-04
3.44500000e-01	1.59442056e-02	1.99678196e-04
3.45000000e-01	1.61354433e-02	2.02284817e-04
3.45500000e-01	1.59345864e-02	2.00007363e-04
3.46000000e-01	1.60741504e-02	2.01839827e-04
3.46500000e-01	1.62387847e-02	2.02749709e-04
3.47000000e-01	1.60224270e-02	1.99234502e-04
3.47500000e-01	1.59227197e-02	1.99368392e-04
3.48000000e-01	1.58895591e-02	1.98763685e-04
3.48500000e-01	1.61901472e-02	2.02334778e-04
3.49000000e-01	1.58948959e-02	1.98858466e-04
3.49500000e-01	1.57559166e-02	1.96895777e-04
3.50000000e-01	1.58755128e-02	1.61794555e-04
3.51000000e-01	1.58468599e-02	1.39566103e-04
3.52000000e-01	1.59360362e-02	1.40351793e-04
3.53000000e-01	1.59306052e-02	1.39557299e-04
3.54000000e-01	1.58329482e-02	1.38699071e-04
3.55000000e-01	1.58439757e-02	1.39287228e-04
3.56000000e-01	1.58653571e-02	1.39649859e-04
3.57000000e-01	1.57461078e-02	1.40924973e-04
3.58000000e-01	1.57333166e-02	1.42177444e-04
3.59000000e-01	1.57314962e-02	1.43034524e-04
3.60000000e-01	1.56969555e-02	1.43541687e-04
3.61000000e-01	1.55710247e-02	1.43232380e-04
3.62000000e-01	1.56422700e-02	1.44725337e-04
3.63000000e-01	1.56315717e-02	1.44908458e-04
3.64000000e-01	1.56071437e-02	1.45331774e-04
3.65000000e-01	1.55583068e-02	1.45445234e-04
3.66000000e-01	1.56531055e-02	1.44214469e-04
3.67000000e-01	1.55915356e-02	1.41864678e-04
3.68000000e-01	1.57056578e-02	1.41853802e-04
3.69000000e-01	1.55165721e-02	1.39247636e-04
3.70000000e-01	1.55711534e-02	1.39396318e-04
3.71000000e-01	1.55321633e-02	1.40812074e-04
3.72000000e-01	1.56358632e-02	1.42562398e-04
3.73000000e-01	1.56881867e-02	1.43576669e-04
3.74000000e-01	1.56143764e-02	1.42591932e-04
3.75000000e-01	1.55322348e-02	1.42146474e-04
3.76000000e-01	1.54685216e-02	1.41369599e-04
3.77000000e-01	1.55489293e-02	1.42420927e-04
3.78000000e-01	1.53211648e-02	1.40698465e-04
3.79000000e-01	1.55088384e-02	1.42150660e-04
3.80000000e-01	1.53658966e-02	1.40518644e-04
3.81000000e-01	1.56247371e-02	1.42483705e-04
3.82000000e-01	1.54141935e-02	1.40779569e-04
3.83000000e-01	1.53804610e-02	1.40446356e-04
3.84000000e-01	1.55250086e-02	1.41693504e-04
3.85000000e-01	1.53570783e-02	1.40152960e-04
3.86000000e-01	1.53711622e-02	1.40157566e-04
3.87000000e-01	1.53701883e-02	1.40762316e-04
3.88000000e-01	1.53775023e-02	1.40167453e-04
3.89000000e-01	1.54276893e-02	1.40661168e-04
3.90000000e-01	1.54309245e-02	1.40673228e-04
3.91000000e-01	1.54130729e-02	1.40537923e-04
3.92000000e-01	1.54058434e-02	1.40287032e-04
3.93000000e-01	1.53132695e-02	1.39480672e-04
3.94000000e-01	1.52640026e-02	1.39185266e-04
3.95000000e-01	1.53249157e-02	1.39551166e-04
3.96000000e-01	1.52248387e-02	1.38582284e-04
3.97000000e-01	1.51908562e-02	1.38201218e-04
3.98000000e-01	1.52500302e-02	1.39303218e-04
3.99000000e-01	1.52717065e-02	1.39207609e-04
4.00000000e-01	1.51399616e-02	1.37791919e-04
4.01000000e-01	1.51572559e-02	1.37903249e-04
4.02000000e-01	1.49457376e-02	1.36416054e-04
4.03000000e-01	1.51563913e-02	1.37950286e-04
4.04000000e-01	1.50399726e-02	1.36728841e-04
4.05000000e-01	1.51394031e-02	1.37566501e-04
4.06000000e-01	1.51184234e-02	1.37478174e-04
4.07000000e-01	1.51000030e-02	1.37152053e-04
4.08000000e-01	1.50424391e-02	1.36729255e-04
4.09000000e-01	1.49441273e-02	1.35828136e-04
4.10000000e-01	1.49920459e-02	1.36501851e-04
4.11000000e-01	1.50296172e-02	1.36679765e-04
4.12000000e-01	1.50595438e-02	1.36686954e-04
4.13000000e-01	1.50778416e-02	1.37004819e-04
4.14000000e-01	1.50529437e-02	1.36490489e-04
4.15000000e-01	1.49661614e-02	1.35442874e-04
4.16000000e-01	1.49986708e-02	1.35879948e-04
4.17000000e-01	1.50833569e-02	1.36799656e-04
4.18000000e-01	1.50067521e-02	1.37533812e-04
4.19000000e-01	1.49193628e-02	1.38509234e-04
4.20000000e-01	1.51839366e-02	1.41162353e-04
4.21000000e-01	1.51580775e-02	1.41783349e-04
4.22000000e-01	1.50644981e-02	1.41046515e-04
4.23000000e-01	1.51126579e-02	1.42017688e-04
4.24000000e-01	1.52254130e-02	1.43866460e-04
4.25000000e-01	1.50209969e-02	1.42295678e-04
4.26000000e-01	1.49578964e-02	1.41506917e-04
4.27000000e-01	1.50489825e-02	1.42520380e-04
4.28000000e-01	1.50620489e-02	1.43050530e-04
4.29000000e-01	1.49412068e-02	1.42161856e-04
4.30000000e-01	1.51306032e-02	1.43119010e-04
4.31000000e-01	1.49528817e-02	1.41862835e-04
4.32000000e-01	1.49636783e-02	1.42308749e-04
4.33000000e-01	1.50285141e-02	1.42932944e-04
4.34000000e-01	1.49566817e-02	1.42479937e-04
4.35000000e-01	1.48987891e-02	1.41637268e-04
4.36000000e-01	1.47303401e-02	1.40729156e-04
4.37000000e-01	1.47861401e-02	1.41382159e-04
4.38000000e-01	1.49405844e-02	1.43308473e-04
4.39000000e-01	1.48835786e-02	1.42626538e-04
4.40000000e-01	1.48056201e-02	1.42189323e-04
4.41000000e-01	1.48970307e-02	1.43114849e-04
4.42000000e-01	1.49563508e-02	1.43593955e-04
4.43000000e-01	1.47603202e-02	1.42441691e-04
4.44000000e-01	1.46642938e-02	1.41517622e-04
4.45000000e-01	1.47616605e-02	1.42362091e-04
4.46000000e-01	1.47804806e-02	1.42457075e-04
4.47000000e-01	1.48911298e-02	1.43956415e-04
4.48000000e-01	1.47133019e-02	1.42487245e-04
4.49000000e-01	1.48587728e-02	1.43714009e-04
4.50000000e-01	1.47702491e-02	1.43461997e-04
4.51000000e-01	1.46854479e-02	1.42493384e-04
4.52000000e-01	1.47645061e-02	1.43313495e-04
4.53000000e-01	1.46272275e-02	1.42760747e-04
4.54000000e-01	1.46878379e-02	1.43208463e-04
4.55000000e-01	1.47446884e-02	1.43694981e-04
4.56000000e-01	1.47225481e-02	1.43989232e-04
4.57000000e-01	1.46010067e-02	1.42081935e-04
4.58000000e-01	1.47020318e-02	1.43559995e-04
4.59000000e-01	1.45372681e-02	1.42508848e-04
4.60000000e-01	1.45788835e-02	1.42790434e-04
4.61000000e-01	1.45354730e-02	1.42698601e-04
4.62000000e-01	1.46260615e-02	1.43198338e-04
4.63000000e-01	1.45311709e-02	1.43028607e-04
4.64000000e-01	1.46982467e-02	1.44454757e-04
4.65000000e-01	1.46099820e-02	1.44025557e-04
4.66000000e-01	1.45898148e-02	1.43120202e-04
4.67000000e-01	1.45967904e-02	1.43624263e-04
4.68000000e-01	1.46233004e-02	1.43823767e-04
4.69000000e-01	1.45930229e-02	1.43565262e-04
4.70000000e-01	1.46310551e-02	1.43865442e-04
4.71000000e-01	1.45543039e-02	1.43408998e-04
4.72000000e-01	1.45671026e-02	1.43474563e-04
4.73000000e-01	1.46328298e-02	1.43992817e-04
4.74000000e-01	1.45195168e-02	1.43512876e-04
4.75000000e-01	1.45184771e-02	1.42781896e-04
4.76000000e-01	1.44191060e-02	1.42336403e-04
4.77000000e-01	1.45817480e-02	1.43867242e-04
4.78000000e-01	1.45019124e-02	1.43034348e-04
4.79000000e-01	1.46366344e-02	1.44284671e-04
4.80000000e-01	1.44482571e-02	1.42421292e-04
4.81000000e-01	1.44378430e-02	1.42652636e-04
4.82000000e-01	1.44588258e-02	1.42802431e-04
4.83000000e-01	1.43344954e-02	1.41641655e-04
4.84000000e-01	1.43654541e-02	1.42434679e-04
4.85000000e-01	1.44960703e-02	1.43199332e-04
4.86000000e-01	1.45798826e-02	1.44185367e-04
4.87000000e-01	1.45107605e-02	1.43875620e-04
4.88000000e-01	1.44834359e-02	1.43804768e-04
4.89000000e-01	1.44233995e-02	1.43285104e-04
4.90000000e-01	1.43564085e-02	1.42406529e-04
4.91000000e-01	1.43498573e-02	1.42318469e-04
4.92000000e-01	1.43893228e-02	1.43220605e-04
4.93000000e-01	1.43201670e-02	1.42393431e-04
4.94000000e-01	1.43656545e-02	1.42755996e-04
4.95000000e-01	1.43439033e-02	1.43787236e-04
4.96000000e-01	1.43501342e-02	1.48062042e-04
4.97000000e-01	1.43198652e-02	1.50557813e-04
4.98000000e-01	1.43807839e-02	1.53047194e-04
4.99000000e-01	1.41408573e-02	1.52385186e-04
5.00000000e-01	1.44000723e-02	1.56411911e-04
5.01000000e-01	1.42212337e-02	1.56672020e-04
5.02000000e-01	1.43606155e-02	1.59795601e-04
5.03000000e-01	1.43264870e-02	1.60329661e-04
5.04000000e-01	1.41350472e-02	1.60364257e-04
5.05000000e-01	1.42440804e-02	1.58582217e-04
5.06000000e-01	1.43842698e-02	1.56427204e-04
5.07000000e-01	1.43624455e-02	1.55280859e-04
5.08000000e-01	1.43976767e-02	1.54251020e-04
5.09000000e-01	1.42445020e-02	1.52058036e-04
5.10000000e-01	1.43639160e-02	1.53047277e-04
5.11000000e-01	1.42464929e-02	1.51552542e-04
5.12000000e-01	1.42474026e-02	1.50382998e-04
5.13000000e-01	1.42907257e-02	1.50822088e-04
5.14000000e-01	1.43440446e-02	1.51012937e-04
5.15000000e-01	1.43235506e-02	1.50182198e-04
5.16000000e-01	1.42209000e-02	1.49308823e-04
5.17000000e-01	1.42788193e-02	1.49380189e-04
5.18000000e-01	1.42590512e-02	1.48824214e-04
5.19000000e-01	1.42640586e-02	1.48420478e-04
5.20000000e-01	1.41717241e-02	1.47780643e-04
5.21000000e-01	1.41475804e-02	1.47076952e-04
5.22000000e-01	1.40692085e-02	1.46559969e-04
5.23000000e-01	1.42068744e-02	1.47152369e-04
5.24000000e-01	1.42863146e-02	1.47979082e-04
5.25000000e-01	1.40791992e-02	1.46129720e-04
5.26000000e-01	1.41295471e-02	1.46678029e-04
5.27000000e-01	1.42652656e-02	1.47798279e-04
5.28000000e-01	1.41234602e-02	1.46560193e-04
5.29000000e-01	1.39870098e-02	1.45752936e-04
5.30000000e-01	1.40578361e-02	1.46214624e-04
5.31000000e-01	1.40021882e-02	1.45796010e-04
5.32000000e-01	1.39671721e-02	1.45077152e-04
5.33000000e-01	1.40833488e-02	1.45858843e-04
5.34000000e-01	1.41153114e-02	1.46963270e-04
5.35000000e-01	1.40500861e-02	1.45618419e-04
5.36000000e-01	1.40104079e-02	1.45515751e-04
5.37000000e-01	1.40287157e-02	1.45983552e-04
5.38000000e-01	1.40650271e-02	1.45589036e-04
5.39000000e-01	1.40668720e-02	1.45990220e-04
5.40000000e-01	1.40470758e-02	1.45950189e-04
5.41000000e-01	1.40167430e-02	1.45310606e-04
5.42000000e-01	1.38895987e-02	1.44828247e-04
5.43000000e-01	1.40445900e-02	1.45616950e-04
5.44000000e-01	1.39027583e-02	1.44169405e-04
5.45000000e-01	1.39429485e-02	1.44786403e-04
5.46000000e-01	1.39622504e-02	1.44629961e-04
5.47000000e-01	1.39660187e-02	1.45106998e-04
5.48000000e-01	1.40294036e-02	1.45357284e-04
5.49000000e-01	1.38680705e-02	1.43873450e-04
5.50000000e-01	1.39155573e-02	1.44694191e-04
5.51000000e-01	1.37610505e-02	1.42930457e-04
5.52000000e-01	1.38494944e-02	1.43198653e-04
5.53000000e-01	1.37894445e-02	1.42811509e-04
5.54000000e-01	1.36811309e-02	1.41470514e-04
5.55000000e-01	1.37755323e-02	1.41875608e-04
5.56000000e-01	1.37073439e-02	1.41533336e-04
5.57000000e-01	1.39039109e-02	1.43285116e-04
5.58000000e-01	1.38431749e-02	1.42231572e-04
5.59000000e-01	1.37459126e-02	1.41953345e-04
5.60000000e-01	1.38565461e-02	1.43762584e-04
5.61000000e-01	1.39102872e-02	1.43448878e-04
5.62000000e-01	1.38220163e-02	1.42681436e-04
5.63000000e-01	1.35889282e-02	1.40943109e-04
5.64000000e-01	1.37254672e-02	1.41903332e-04
5.65000000e-01	1.37215887e-02	1.42021268e-04
5.66000000e-01	1.37040346e-02	1.41959851e-04
5.67000000e-01	1.37333467e-02	1.41881041e-04
5.68000000e-01	1.37064137e-02	1.41833384e-04
5.69000000e-01	1.37393366e-02	1.41638351e-04
5.70000000e-01	1.37184858e-02	1.41115962e-04
5.71000000e-01	1.37657077e-02	1.41914607e-04
5.72000000e-01	1.35182049e-02	1.39739678e-04
5.73000000e-01	1.36241678e-02	1.40987118e-04
5.74000000e-01	1.36190085e-02	1.40661637e-04
5.75000000e-01	1.35371053e-02	1.40427550e-04
5.76000000e-01	1.35662403e-02	1.40448481e-04
5.77000000e-01	1.36569128e-02	1.41245160e-04
5.78000000e-01	1.36915181e-02	1.41904645e-04
5.79000000e-01	1.34417997e-02	1.39219383e-04
5.80000000e-01	1.34326888e-02	1.39674741e-04
5.81000000e-01	1.34231635e-02	1.38982547e-04
5.82000000e-01	1.35664559e-02	1.40938465e-04
5.83000000e-01	1.35637290e-02	1.40295150e-04
5.84000000e-01	1.34021953e-02	1.38864599e-04
5.85000000e-01	1.34626980e-02	1.39464572e-04
5.86000000e-01	1.32963462e-02	1.38271512e-04
5.87000000e-01	1.35225152e-02	1.39922827e-04
5.88000000e-01	1.35686419e-02	1.40687629e-04
5.89000000e-01	1.34880756e-02	1.40154694e-04
5.90000000e-01	1.34356966e-02	1.39372887e-04
5.91000000e-01	1.35557445e-02	1.41160154e-04
5.92000000e-01	1.33187434e-02	1.38226897e-04
5.93000000e-01	1.32747463e-02	1.37947225e-04
5.94000000e-01	1.33479578e-02	1.38891126e-04
5.95000000e-01	1.33094691e-02	1.38578708e-04
5.96000000e-01	1.33465572e-02	1.38981840e-04
5.97000000e-01	1.33597535e-02	1.38814627e-04
5.98000000e-01	1.34280796e-02	1.39811956e-04
5.99000000e-01	1.34905619e-02	1.40062990e-04
6.00000000e-01	1.33489662e-02	1.38610056e-04
6.01000000e-01	1.33398263e-02	1.38972049e-04
6.02000000e-01	1.33273068e-02	1.38490008e-04
6.03000000e-01	1.32117295e-02	1.37675666e-04
6.04000000e-01	1.32598461e-02	1.38491610e-04
6.05000000e-01	1.32538914e-02	1.37839264e-04
6.06000000e-01	1.32006504e-02	1.37771029e-04
6.07000000e-01	1.32206639e-02	1.37626262e-04
6.08000000e-01	1.32524839e-02	1.38223078e-04
6.09000000e-01	1.33540378e-02	1.39525553e-04
6.10000000e-01	1.33780754e-02	1.39377683e-04
6.11000000e-01	1.34161041e-02	1.39372753e-04
6.12000000e-01	1.30522797e-02	1.36845323e-04
6.13000000e-01	1.31840033e-02	1.37693524e-04
6.14000000e-01	1.32607364e-02	1.38171026e-04
6.15000000e-01	1.33572035e-02	1.38750733e-04
6.16000000e-01	1.32078106e-02	1.38059134e-04
6.17000000e-01	1.32699041e-02	1.38563889e-04
6.18000000e-01	1.32619633e-02	1.38609820e-04
6.19000000e-01	1.32121178e-02	1.37395187e-04
6.20000000e-01	1.31505786e-02	1.37019132e-04
6.21000000e-01	1.30963439e-02	1.36183945e-04
6.22000000e-01	1.31060842e-02	1.36126307e-04
6.23000000e-01	1.32902564e-02	1.37787151e-04
6.24000000e-01	1.31572990e-02	1.35938088e-04
6.25000000e-01	1.32355239e-02	1.36990947e-04
6.26000000e-01	1.32022855e-02	1.36915764e-04
6.27000000e-01	1.30647457e-02	1.35987542e-04
6.28000000e-01	1.32389373e-02	1.37055580e-04
6.29000000e-01	1.32630835e-02	1.37000322e-04
6.30000000e-01	1.30919050e-02	1.35485327e-04
6.31000000e-01	1.30900465e-02	1.35752470e-04
6.32000000e-01	1.31350082e-02	1.35876153e-04
6.33000000e-01	1.31062663e-02	1.35715379e-04
6.34000000e-01	1.32309254e-02	1.40217067e-04
6.35000000e-01	1.31068322e-02	1.43134975e-04
6.36000000e-01	1.30943443e-02	1.45667245e-04
6.37000000e-01	1.31762380e-02	1.49139889e-04
6.38000000e-01	1.30510134e-02	1.49571793e-04
6.39000000e-01	1.29822440e-02	1.51249346e-04
6.40000000e-01	1.32344668e-02	1.54918779e-04
6.41000000e-01	1.31060331e-02	1.55567914e-04
6.42000000e-01	1.30886348e-02	1.57324244e-04
6.43000000e-01	1.29974572e-02	1.56039984e-04
6.44000000e-01	1.31707980e-02	1.52174004e-04
6.45000000e-01	1.31615570e-02	1.49649276e-04
6.46000000e-01	1.30524481e-02	1.47470208e-04
6.47000000e-01	1.31913712e-02	1.47311159e-04
6.48000000e-01	1.30198356e-02	1.44793687e-04
6.49000000e-01	1.29613597e-02	1.43825444e-04
6.50000000e-01	1.29482974e-02	1.43257045e-04
6.51000000e-01	1.30830361e-02	1.43661268e-04
6.52000000e-01	1.30939891e-02	1.43173097e-04
6.53000000e-01	1.31585993e-02	1.43240049e-04
6.54000000e-01	1.31052996e-02	1.42621167e-04
6.55000000e-01	1.31663977e-02	1.42753887e-04
6.56000000e-01	1.29851790e-02	1.40953027e-04
6.57000000e-01	1.30996485e-02	1.41675654e-04
6.58000000e-01	1.29995867e-02	1.40539586e-04
6.59000000e-01	1.30343404e-02	1.40890507e-04
6.60000000e-01	1.29779608e-02	1.40393689e-04
6.61000000e-01	1.29079645e-02	1.39414557e-04
6.62000000e-01	1.29467116e-02	1.40119209e-04
6.63000000e-01	1.30875178e-02	1.40433524e-04
6.64000000e-01	1.29653678e-02	1.39625617e-04
6.65000000e-01	1.28713632e-02	1.38865350e-04
6.66000000e-01	1.30453453e-02	1.40283374e-04
6.67000000e-01	1.29422153e-02	1.39359766e-04
6.68000000e-01	1.29567580e-02	1.39670875e-04
6.69000000e-01	1.29194938e-02	1.38820954e-04
6.70000000e-01	1.28699029e-02	1.38447506e-04
6.71000000e-01	1.29110389e-02	1.39182584e-04
6.72000000e-01	1.28491076e-02	1.38143243e-04
6.73000000e-01	1.29555410e-02	1.39476409e-04
6.74000000e-01	1.28536203e-02	1.38038761e-04
6.75000000e-01	1.29561061e-02	1.38915870e-04
6.76000000e-01	1.28570538e-02	1.37693353e-04
6.77000000e-01	1.28739671e-02	1.38084227e-04
6.78000000e-01	1.28519028e-02	1.37615370e-04
6.79000000e-01	1.29343671e-02	1.38651524e-04
6.80000000e-01	1.29946619e-02	1.39026682e-04
6.81000000e-01	1.28864384e-02	1.38190559e-04
6.82000000e-01	1.28870720e-02	1.38025574e-04
6.83000000e-01	1.27440785e-02	1.36237509e-04
6.84000000e-01	1.28900959e-02	1.38237084e-04
6.85000000e-01	1.28327739e-02	1.37952992e-04
6.86000000e-01	1.27018389e-02	1.36315447e-04
6.87000000e-01	1.26967739e-02	1.36009183e-04
6.88000000e-01	1.28778788e-02	1.37845666e-04
6.89000000e-01	1.28220443e-02	1.37278325e-04
6.90000000e-01	1.28393429e-02	1.37634718e-04
6.91000000e-01	1.26830488e-02	1.35700024e-04
6.92000000e-01	1.28144468e-02	1.37090587e-04
6.93000000e-01	1.26763245e-02	1.36005842e-04
6.94000000e-01	1.28506976e-02	1.36581797e-04
6.95000000e-01	1.28298951e-02	1.37413373e-04
6.96000000e-01	1.27255369e-02	1.36228970e-04
6.97000000e-01	1.27176641e-02	1.36274957e-04
6.98000000e-01	1.28410931e-02	1.37005203e-04
6.99000000e-01	1.26802189e-02	1.35523038e-04
7.00000000e-01	1.26162295e-02	1.34729318e-04
7.01000000e-01	1.25950062e-02	1.34955921e-04
7.02000000e-01	1.27719869e-02	1.36374971e-04
7.03000000e-01	1.26216139e-02	1.34991265e-04
7.04000000e-01	1.27664513e-02	1.36810990e-04
7.05000000e-01	1.26845114e-02	1.36029949e-04
7.06000000e-01	1.28292078e-02	1.36995413e-04
7.07000000e-01	1.25867852e-02	1.34266161e-04
7.08000000e-01	1.25516715e-02	1.33550755e-04
7.09000000e-01	1.25947156e-02	1.34188859e-04
7.10000000e-01	1.25409403e-02	1.34349441e-04
7.11000000e-01	1.24597772e-02	1.33584450e-04
7.12000000e-01	1.27537909e-02	1.35431588e-04
7.13000000e-01	1.24928104e-02	1.33366587e-04
7.14000000e-01	1.25489164e-02	1.34076333e-04
7.15000000e-01	1.25578417e-02	1.34340657e-04
7.16000000e-01	1.25086750e-02	1.33675640e-04
7.17000000e-01	1.24797661e-02	1.33487322e-04
7.18000000e-01	1.25368440e-02	1.34138058e-04
7.19000000e-01	1.24897286e-02	1.33443237e-04
7.20000000e-01	1.24539566e-02	1.33053944e-04
7.21000000e-01	1.24705438e-02	1.33309331e-04
7.22000000e-01	1.23562594e-02	1.32415924e-04
7.23000000e-01	1.25102348e-02	1.34083148e-04
7.24000000e-01	1.22377342e-02	1.31968256e-04
7.25000000e-01	1.23405426e-02	1.31928571e-04
7.26000000e-01	1.24694996e-02	1.33257815e-04
7.27000000e-01	1.24023421e-02	1.32816231e-04
7.28000000e-01	1.23714734e-02	1.32461829e-04
7.29000000e-01	1.23651129e-02	1.32731846e-04
7.30000000e-01	1.22557690e-02	1.31354737e-04
7.31000000e-01	1.23945494e-02	1.33280065e-04
7.32000000e-01	1.23720413e-02	1.32562982e-04
7.33000000e-01	1.22135236e-02	1.31038877e-04
7.34000000e-01	1.22678207e-02	1.31377818e-04
7.35000000e-01	1.22285055e-02	1.30952508e-04
7.36000000e-01	1.22443101e-02	1.30699711e-04
7.37000000e-01	1.23372605e-02	1.31753825e-04
7.38000000e-01	1.23143285e-02	1.31025894e-04
7.39000000e-01	1.21516325e-02	1.29447834e-04
7.40000000e-01	1.22445818e-02	1.29931930e-04
7.41000000e-01	1.23168334e-02	1.30208537e-04
7.42000000e-01	1.20653551e-02	1.28967756e-04
7.43000000e-01	1.21683811e-02	1.29423963e-04
7.44000000e-01	1.21813631e-02	1.29571807e-04
7.45000000e-01	1.21848262e-02	1.29001046e-04
7.46000000e-01	1.21076759e-02	1.28767998e-04
7.47000000e-01	1.23074412e-02	1.30355260e-04
7.48000000e-01	1.21184228e-02	1.28499021e-04
7.49000000e-01	1.21033737e-02	1.28751303e-04
7.50000000e-01	1.21684777e-02	1.29077237e-04
7.51000000e-01	1.22482573e-02	1.29760217e-04
7.52000000e-01	1.22148814e-02	1.29881190e-04
7.53000000e-01	1.21271566e-02	1.28689760e-04
7.54000000e-01	1.21938561e-02	1.29281956e-04
7.55000000e-01	1.21424794e-02	1.28798151e-04
7.56000000e-01	1.21321953e-02	1.28825864e-04
7.57000000e-01	1.22165036e-02	1.29871881e-04
7.58000000e-01	1.21290832e-02	1.28593704e-04
7.59000000e-01	1.21119719e-02	1.28724075e-04
7.60000000e-01	1.21713071e-02	1.29080644e-04
7.61000000e-01	1.21766584e-02	1.28845050e-04
7.62000000e-01	1.20850996e-02	1.27708282e-04
7.63000000e-01	1.19292130e-02	1.25911230e-04
7.64000000e-01	1.20311233e-02	1.26545237e-04
7.65000000e-01	1.19318398e-02	1.25973560e-04
7.66000000e-01	1.19631241e-02	1.26239064e-04
7.67000000e-01	1.18961270e-02	1.25634102e-04
7.68000000e-01	1.19877210e-02	1.26686294e-04
7.69000000e-01	1.18700372e-02	1.25747835e-04
7.70000000e-01	1.19269908e-02	1.25811032e-04
7.71000000e-01	1.18392650e-02	1.24940146e-04
7.72000000e-01	1.17197282e-02	1.27562825e-04
7.73000000e-01	1.18435157e-02	1.33220663e-04
7.74000000e-01	1.18592303e-02	1.35548565e-04
7.75000000e-01	1.20067809e-02	1.39908203e-04
7.76000000e-01	1.19007429e-02	1.40847133e-04
7.77000000e-01	1.18949041e-02	1.42845221e-04
7.78000000e-01	1.18688234e-02	1.44695114e-04
7.79000000e-01	1.19422607e-02	1.46259129e-04
7.80000000e-01	1.18804479e-02	1.48036502e-04
7.81000000e-01	1.19500469e-02	1.50019370e-04
7.82000000e-01	1.18533861e-02	1.50971163e-04
7.83000000e-01	1.17859402e-02	1.52171536e-04
7.84000000e-01	1.16013347e-02	1.51663389e-04
7.85000000e-01	1.18641199e-02	1.55740751e-04
7.86000000e-01	1.17127450e-02	1.55913535e-04
7.87000000e-01	1.17143034e-02	1.57456008e-04
7.88000000e-01	1.19257248e-02	1.61071652e-04
7.89000000e-01	1.16103236e-02	1.59082330e-04
7.90000000e-01	1.17614980e-02	1.62533754e-04
7.91000000e-01	1.18074738e-02	1.64432518e-04
7.92000000e-01	1.16248797e-02	1.63703751e-04
7.93000000e-01	1.18008373e-02	1.67896404e-04
7.94000000e-01	1.16413900e-02	1.67878263e-04
7.95000000e-01	1.17600524e-02	1.70988724e-04
7.96000000e-01	1.17264867e-02	1.72277583e-04
7.97000000e-01	1.17030602e-02	1.73516082e-04
7.98000000e-01	1.17091533e-02	1.75423416e-04
7.99000000e-01	1.15747672e-02	1.75090612e-04
8.00000000e-01	1.15642752e-02	1.76960835e-04
8.01000000e-01	1.16102496e-02	1.79848909e-04
8.02000000e-01	1.15679998e-02	1.81575607e-04
8.03000000e-01	1.14768878e-02	1.81601186e-04
8.04000000e-01	1.15494663e-02	1.84657898e-04
8.05000000e-01	1.14093232e-02	1.85460035e-04
8.06000000e-01	1.15761459e-02	1.89606128e-04
8.07000000e-01	1.13907576e-02	1.87570001e-04
8.08000000e-01	1.13804284e-02	1.89928540e-04
8.09000000e-01	1.14199977e-02	1.92115392e-04
8.10000000e-01	1.16588545e-02	1.98184575e-04
8.11000000e-01	1.13344755e-02	1.95612007e-04
8.12000000e-01	1.13209036e-02	1.98036202e-04
8.13000000e-01	1.12229814e-02	1.98924380e-04
8.14000000e-01	1.13041059e-02	2.01488188e-04
8.15000000e-01	1.14513790e-02	2.07614662e-04
8.16000000e-01	1.14012333e-02	2.08630600e-04
8.17000000e-01	1.14535907e-02	2.11251406e-04
8.18000000e-01	1.14891148e-02	2.14064136e-04
8.19000000e-01	1.13873994e-02	2.15812151e-04
8.20000000e-01	1.11302511e-02	2.14510863e-04
8.21000000e-01	1.16238935e-02	2.25354188e-04
8.22000000e-01	1.12669299e-02	2.22816429e-04
8.23000000e-01	1.12725028e-02	2.25386200e-04
8.24000000e-01	1.12342009e-02	2.27587307e-04
8.25000000e-01	1.13472126e-02	2.32523040e-04
8.26000000e-01	1.11114886e-02	2.32864839e-04
8.27000000e-01	1.14524939e-02	2.41409121e-04
8.28000000e-01	1.09856132e-02	2.38076300e-04
8.29000000e-01	1.10604264e-02	2.40082707e-04
8.30000000e-01	1.13224051e-02	2.51079840e-04
8.31000000e-01	1.11039948e-02	2.49231141e-04
8.32000000e-01	1.11377823e-02	2.55700660e-04
8.33000000e-01	1.09405168e-02	2.57222293e-04
8.34000000e-01	1.09169475e-02	2.60080331e-04
8.35000000e-01	1.13409768e-02	2.73066448e-04
8.36000000e-01	1.08743788e-02	2.68154935e-04
8.37000000e-01	1.10703871e-02	2.78064166e-04
8.38000000e-01	1.09530348e-02	2.82830725e-04
8.39000000e-01	1.12350673e-02	2.94128275e-04
8.40000000e-01	1.11053845e-02	2.95902539e-04
8.41000000e-01	1.10362227e-02	3.01991166e-04
8.42000000e-01	1.10947550e-02	3.08883214e-04
8.43000000e-01	1.08898242e-02	3.17208114e-04
8.44000000e-01	1.07920132e-02	3.16093082e-04
8.45000000e-01	1.07687953e-02	3.24412740e-04
8.46000000e-01	1.08902234e-02	3.37642593e-04
8.47000000e-01	1.12485043e-02	3.56555004e-04
8.48000000e-01	1.09981679e-02	3.57224837e-04
8.49000000e-01	1.07628092e-02	3.66739654e-04
8.50000000e-01	1.08564863e-02	3.81038096e-04
8.51000000e-01	1.07274850e-02	3.91767594e-04
8.52000000e-01	1.08070482e-02	4.14000954e-04
8.53000000e-01	1.05834649e-02	4.17386655e-04
8.54000000e-01	1.08418306e-02	4.52072756e-04
8.55000000e-01	1.04130545e-02	4.41259014e-04
8.56000000e-01	1.08481889e-02	4.73152032e-04
8.57000000e-01	1.05925553e-02	4.84415229e-04
8.58000000e-01	1.10754080e-02	5.10708469e-04
8.59000000e-01	1.05227485e-02	4.97320940e-04
8.60000000e-01	1.02972938e-02	5.16188838e-04
8.61000000e-01	1.07878458e-02	5.45426215e-04
8.62000000e-01	1.12245905e-02	5.84410207e-04
8.63000000e-01	1.01818894e-02	5.62663217e-04
8.64000000e-01	1.05094274e-02	5.98775709e-04
8.65000000e-01	1.04978717e-02	6.29402598e-04
8.66000000e-01	9.63220246e-03	6.14816632e-04
8.67000000e-01	1.08044309e-02	7.28766727e-04
8.68000000e-01	1.10110612e-02	7.95396524e-04
8.69000000e-01	1.06858216e-02	8.22245000e-04
8.70000000e-01	9.68556816e-03	8.46375213e-04
8.71000000e-01	1.01437222e-02	9.55784515e-04
8.72000000e-01	1.23260807e-02	1.25153641e-03
8.73000000e-01	1.17104756e-02	1.39853250e-03
8.74000000e-01	1.24208612e-02	1.94676017e-03
8.75000000e-01	7.98521022e-03	2.58673997e-03
