% Filename : SDL5_p7_00025_00053.h5
% Date & Time : 30-Oct-2025 16:58:32
% X-ray Energy (keV) : 13.30001
% Exposure Time (s) : 0.500
% Beam Center : 1461.24000, 208.98300
% Sample to Detector Distance (SDD) (mm) : 1990.750
% Detector Pixel Size (mm) : 0.075
% Photodiode Value : 144051.000
% I0 of Sample : 0
% I0 of Standard : 1
% 
% q(A^-1)   I(q)    I(q)_SE
0.00000000e+00	1.37960546e-02	7.20474552e-03
2.50000000e-04	0.00000000e+00	0.00000000e+00
5.00000000e-04	0.00000000e+00	0.00000000e+00
7.50000000e-04	0.00000000e+00	0.00000000e+00
1.00000000e-03	0.00000000e+00	0.00000000e+00
1.25000000e-03	0.00000000e+00	0.00000000e+00
1.50000000e-03	0.00000000e+00	0.00000000e+00
1.75000000e-03	0.00000000e+00	0.00000000e+00
2.00000000e-03	0.00000000e+00	0.00000000e+00
2.25000000e-03	0.00000000e+00	0.00000000e+00
2.50000000e-03	0.00000000e+00	0.00000000e+00
2.75000000e-03	0.00000000e+00	0.00000000e+00
3.00000000e-03	0.00000000e+00	0.00000000e+00
3.25000000e-03	1.12003164e+00	6.47098438e-01
3.50000000e-03	1.24630757e+00	2.70022496e-01
3.75000000e-03	9.97214088e-01	1.69671641e-01
4.00000000e-03	8.61136536e-01	1.33173197e-01
4.25000000e-03	7.18972432e-01	9.10622319e-02
4.50000000e-03	9.35353686e-01	1.44104943e-01
4.75000000e-03	9.17448092e-01	1.25506876e-01
5.00000000e-03	7.46851130e-01	9.70588606e-02
5.25000000e-03	6.46263145e-01	8.66408087e-02
5.50000000e-03	5.58711911e-01	7.28595315e-02
5.75000000e-03	4.96473037e-01	6.42524868e-02
6.00000000e-03	4.29493028e-01	5.33346370e-02
6.25000000e-03	3.80452916e-01	4.71051892e-02
6.50000000e-03	3.32757168e-01	4.12982433e-02
6.75000000e-03	2.96286518e-01	3.74344091e-02
7.00000000e-03	2.67510867e-01	3.20590341e-02
7.25000000e-03	2.35340410e-01	2.79383804e-02
7.50000000e-03	2.11157284e-01	2.39012539e-02
7.75000000e-03	1.80592085e-01	1.92851066e-02
8.00000000e-03	1.70846862e-01	1.86367937e-02
8.25000000e-03	1.53608063e-01	1.67119122e-02
8.50000000e-03	1.42319847e-01	1.44616521e-02
8.75000000e-03	1.29071665e-01	1.28106117e-02
9.00000000e-03	1.11196410e-01	1.09649326e-02
9.25000000e-03	1.04224451e-01	9.51602292e-03
9.50000000e-03	9.48581006e-02	8.33364364e-03
9.75000000e-03	8.64369800e-02	7.55440717e-03
1.00000000e-02	7.74369600e-02	6.50894279e-03
1.02500000e-02	7.04518925e-02	5.64305889e-03
1.05000000e-02	6.71252304e-02	5.05569120e-03
1.07500000e-02	6.33021706e-02	4.92267473e-03
1.10000000e-02	5.76944493e-02	4.23664046e-03
1.12500000e-02	5.26829112e-02	3.79621316e-03
1.15000000e-02	4.95923368e-02	3.46924049e-03
1.17500000e-02	4.84406366e-02	3.30390464e-03
1.20000000e-02	4.73938660e-02	3.27230432e-03
1.22500000e-02	4.55625223e-02	3.00821073e-03
1.25000000e-02	4.33425072e-02	2.91909388e-03
1.27500000e-02	4.15059720e-02	2.74959222e-03
1.30000000e-02	4.02313016e-02	2.61996366e-03
1.32500000e-02	3.69734010e-02	2.38667436e-03
1.35000000e-02	3.47891772e-02	2.23955798e-03
1.37500000e-02	3.41897957e-02	2.23252352e-03
1.40000000e-02	3.39924337e-02	2.14144846e-03
1.42500000e-02	3.39857923e-02	2.08447217e-03
1.45000000e-02	3.22600987e-02	2.05768913e-03
1.47500000e-02	3.14359302e-02	1.89975346e-03
1.50000000e-02	2.91887012e-02	1.75892844e-03
1.52500000e-02	2.81442320e-02	1.64612223e-03
1.55000000e-02	2.80417609e-02	1.60799115e-03
1.57500000e-02	2.72788433e-02	1.55846506e-03
1.60000000e-02	2.81069890e-02	1.57081817e-03
1.62500000e-02	2.67669135e-02	1.52887007e-03
1.65000000e-02	2.59747109e-02	1.44207858e-03
1.67500000e-02	2.62471830e-02	1.44542645e-03
1.70000000e-02	2.59904700e-02	1.42708480e-03
1.72500000e-02	2.52273358e-02	1.37072553e-03
1.75000000e-02	2.55040234e-02	1.38601599e-03
1.77500000e-02	2.44901874e-02	1.31629718e-03
1.80000000e-02	2.50930506e-02	1.33984081e-03
1.82500000e-02	2.40094481e-02	1.24757411e-03
1.85000000e-02	2.42787477e-02	1.30261771e-03
1.87500000e-02	2.41297936e-02	1.27356997e-03
1.90000000e-02	2.44217737e-02	1.27862585e-03
1.92500000e-02	2.24513170e-02	1.16967221e-03
1.95000000e-02	2.30454962e-02	1.18292417e-03
1.97500000e-02	2.29111779e-02	1.19227142e-03
2.00000000e-02	2.35190203e-02	1.19807601e-03
2.02500000e-02	2.27031495e-02	1.15757904e-03
2.05000000e-02	2.30148650e-02	1.15128637e-03
2.07500000e-02	2.27848241e-02	1.14627934e-03
2.10000000e-02	2.27808683e-02	1.15622261e-03
2.12500000e-02	2.22802649e-02	1.11733970e-03
2.15000000e-02	2.32600619e-02	1.15858715e-03
2.17500000e-02	2.29031485e-02	1.15048847e-03
2.20000000e-02	2.31241139e-02	1.16271641e-03
2.22500000e-02	2.27127946e-02	1.13490337e-03
2.25000000e-02	2.26795081e-02	1.15645000e-03
2.27500000e-02	2.24726621e-02	1.12468170e-03
2.30000000e-02	2.29177749e-02	1.17546863e-03
2.32500000e-02	2.24442756e-02	1.12134429e-03
2.35000000e-02	2.18335875e-02	1.09699652e-03
2.37500000e-02	2.28962611e-02	1.14737135e-03
2.40000000e-02	2.26571117e-02	1.13648168e-03
2.42500000e-02	2.14072522e-02	1.08876677e-03
2.45000000e-02	2.21524391e-02	1.10622948e-03
2.47500000e-02	2.23435002e-02	1.10697504e-03
2.50000000e-02	2.22348503e-02	1.11213289e-03
2.52500000e-02	2.28893892e-02	1.14778480e-03
2.55000000e-02	2.23939095e-02	1.09732546e-03
2.57500000e-02	2.26445859e-02	1.11796130e-03
2.60000000e-02	2.25144732e-02	1.11462589e-03
2.62500000e-02	2.13809951e-02	1.06651122e-03
2.65000000e-02	2.13790633e-02	1.04885194e-03
2.67500000e-02	2.08110726e-02	1.01576314e-03
2.70000000e-02	2.19369483e-02	1.08541580e-03
2.72500000e-02	2.21092223e-02	1.07679608e-03
2.75000000e-02	2.23340049e-02	1.10516545e-03
2.77500000e-02	2.23760061e-02	1.10624283e-03
2.80000000e-02	2.28281982e-02	1.09767463e-03
2.82500000e-02	2.24058726e-02	1.07324434e-03
2.85000000e-02	2.19911975e-02	1.06277343e-03
2.87500000e-02	2.22606519e-02	1.08499656e-03
2.90000000e-02	2.23079652e-02	1.08619253e-03
2.92500000e-02	2.23173332e-02	1.05560796e-03
2.95000000e-02	2.28810622e-02	1.10091234e-03
2.97500000e-02	2.31986117e-02	1.09824774e-03
3.00000000e-02	2.28774811e-02	1.09796024e-03
3.02500000e-02	2.22398576e-02	1.05984483e-03
3.05000000e-02	2.26554397e-02	1.06560239e-03
3.07500000e-02	2.25009478e-02	1.07420883e-03
3.10000000e-02	2.20773547e-02	1.04729395e-03
3.12500000e-02	2.25174538e-02	1.07712287e-03
3.15000000e-02	2.26114361e-02	1.06164838e-03
3.17500000e-02	2.28825746e-02	1.05804260e-03
3.20000000e-02	2.19172218e-02	1.05188999e-03
3.22500000e-02	2.26842863e-02	1.06544453e-03
3.25000000e-02	2.24833077e-02	1.06578098e-03
3.27500000e-02	2.27965109e-02	1.05731523e-03
3.30000000e-02	2.24582798e-02	1.03342314e-03
3.32500000e-02	2.18912686e-02	1.00953310e-03
3.35000000e-02	2.15262792e-02	1.00544281e-03
3.37500000e-02	2.16620200e-02	9.95907011e-04
3.40000000e-02	2.19719085e-02	1.01937908e-03
3.42500000e-02	2.24177959e-02	1.03056214e-03
3.45000000e-02	2.14770930e-02	9.88522514e-04
3.47500000e-02	2.13538894e-02	9.87655424e-04
3.50000000e-02	2.14778658e-02	9.74698177e-04
3.52500000e-02	2.17598492e-02	1.00323733e-03
3.55000000e-02	2.12192819e-02	9.58100359e-04
3.57500000e-02	2.11537002e-02	9.67630953e-04
3.60000000e-02	2.12798953e-02	9.68352286e-04
3.62500000e-02	2.18456158e-02	9.98118899e-04
3.65000000e-02	2.12872003e-02	9.70643330e-04
3.67500000e-02	2.18135568e-02	9.81093139e-04
3.70000000e-02	2.14459741e-02	9.59457798e-04
3.72500000e-02	2.12535752e-02	9.49939551e-04
3.75000000e-02	2.14811580e-02	9.68163812e-04
3.77500000e-02	2.24094221e-02	9.95184042e-04
3.80000000e-02	2.13548343e-02	9.52276694e-04
3.82500000e-02	2.10329426e-02	9.29942660e-04
3.85000000e-02	2.14897477e-02	9.62268989e-04
3.87500000e-02	2.12952145e-02	9.34998628e-04
3.90000000e-02	2.06839557e-02	9.22697742e-04
3.92500000e-02	2.09980989e-02	9.19955178e-04
3.95000000e-02	2.08145093e-02	9.24089863e-04
3.97500000e-02	2.14019631e-02	9.39166083e-04
4.00000000e-02	2.08484643e-02	9.14472797e-04
4.02500000e-02	2.17564836e-02	9.54200760e-04
4.05000000e-02	2.14215036e-02	9.23208020e-04
4.07500000e-02	2.06494185e-02	8.95894286e-04
4.10000000e-02	2.15785469e-02	9.38907176e-04
4.12500000e-02	2.12151995e-02	9.19472768e-04
4.15000000e-02	2.12246364e-02	9.08689056e-04
4.17500000e-02	2.11660288e-02	9.09200808e-04
4.20000000e-02	2.09687057e-02	8.93000513e-04
4.22500000e-02	2.13640162e-02	9.18073593e-04
4.25000000e-02	2.16042645e-02	9.26831839e-04
4.27500000e-02	2.11500428e-02	8.95343900e-04
4.30000000e-02	2.10617999e-02	8.91160779e-04
4.32500000e-02	2.10913755e-02	8.85509234e-04
4.35000000e-02	2.09357968e-02	8.96544783e-04
4.37500000e-02	2.05977805e-02	8.68083485e-04
4.40000000e-02	2.10275289e-02	9.02116350e-04
4.42500000e-02	2.02759482e-02	8.55116374e-04
4.45000000e-02	2.07152188e-02	8.70250560e-04
4.47500000e-02	2.14677101e-02	8.98563176e-04
4.50000000e-02	2.09238646e-02	8.73683781e-04
4.52500000e-02	2.04307813e-02	8.49358309e-04
4.55000000e-02	2.09861379e-02	8.73835142e-04
4.57500000e-02	2.11504865e-02	8.79767186e-04
4.60000000e-02	2.12615201e-02	8.77532074e-04
4.62500000e-02	2.10618918e-02	8.80816117e-04
4.65000000e-02	2.01087402e-02	8.25665394e-04
4.67500000e-02	2.07582806e-02	8.57321176e-04
4.70000000e-02	2.13771381e-02	8.77489590e-04
4.72500000e-02	2.02250358e-02	8.33258105e-04
4.75000000e-02	2.06134638e-02	8.50778596e-04
4.77500000e-02	2.10588244e-02	8.52309440e-04
4.80000000e-02	2.09759388e-02	8.58604429e-04
4.82500000e-02	2.06009520e-02	8.34160729e-04
4.85000000e-02	2.15923682e-02	8.81947176e-04
4.87500000e-02	2.10829550e-02	8.63251971e-04
4.90000000e-02	2.08250186e-02	8.34817641e-04
4.92500000e-02	2.05500967e-02	8.31604513e-04
4.95000000e-02	2.03721376e-02	8.21144099e-04
4.97500000e-02	2.05734593e-02	8.33109394e-04
5.00000000e-02	1.98209031e-02	8.07974007e-04
5.02500000e-02	2.05287582e-02	8.21949477e-04
5.05000000e-02	2.05876844e-02	8.22983302e-04
5.07500000e-02	2.11181475e-02	8.40017247e-04
5.10000000e-02	2.08636430e-02	8.32770001e-04
5.12500000e-02	2.01069502e-02	8.01201931e-04
5.15000000e-02	2.01724047e-02	7.99127229e-04
5.17500000e-02	2.08741212e-02	8.33289144e-04
5.20000000e-02	2.02407105e-02	8.06718168e-04
5.22500000e-02	2.10324283e-02	8.31962649e-04
5.25000000e-02	2.04041723e-02	7.98841133e-04
5.27500000e-02	2.11840559e-02	8.20430595e-04
5.30000000e-02	2.04789890e-02	8.04146338e-04
5.32500000e-02	2.01763680e-02	7.95238290e-04
5.35000000e-02	2.03103240e-02	7.95900939e-04
5.37500000e-02	2.06991112e-02	8.09373757e-04
5.40000000e-02	2.02585520e-02	7.82778438e-04
5.42500000e-02	2.03879060e-02	7.85540030e-04
5.45000000e-02	2.04097503e-02	7.92328996e-04
5.47500000e-02	1.98715160e-02	7.68618335e-04
5.50000000e-02	2.10131690e-02	8.13764205e-04
5.52500000e-02	2.04307535e-02	7.86017546e-04
5.55000000e-02	2.04710358e-02	7.80423836e-04
5.57500000e-02	2.00597219e-02	7.70911180e-04
5.60000000e-02	2.03734444e-02	7.88837936e-04
5.62500000e-02	2.04404272e-02	7.89718697e-04
5.65000000e-02	2.03744830e-02	7.83523305e-04
5.67500000e-02	2.00169325e-02	7.69579157e-04
5.70000000e-02	2.12779844e-02	8.10284076e-04
5.72500000e-02	2.04620894e-02	7.74166406e-04
5.75000000e-02	1.98749365e-02	7.59888451e-04
5.77500000e-02	2.06134021e-02	7.70960883e-04
5.80000000e-02	2.01378455e-02	7.62282700e-04
5.82500000e-02	2.04111571e-02	7.66502457e-04
5.85000000e-02	1.98805696e-02	7.54257698e-04
5.87500000e-02	2.02260611e-02	7.58822275e-04
5.90000000e-02	2.01059059e-02	7.56393703e-04
5.92500000e-02	2.05587767e-02	7.66363817e-04
5.95000000e-02	2.02727675e-02	7.56331803e-04
5.97500000e-02	2.00103511e-02	7.52572152e-04
6.00000000e-02	1.97305194e-02	7.38163783e-04
6.02500000e-02	1.99752017e-02	7.42821958e-04
6.05000000e-02	1.99245444e-02	7.43162778e-04
6.07500000e-02	2.03125111e-02	7.57157160e-04
6.10000000e-02	2.05337710e-02	7.58884674e-04
6.12500000e-02	1.99801900e-02	7.38500061e-04
6.15000000e-02	2.05146195e-02	7.53228093e-04
6.17500000e-02	2.05638473e-02	7.60193690e-04
6.20000000e-02	1.99237481e-02	7.35423026e-04
6.22500000e-02	2.02894723e-02	7.41480713e-04
6.25000000e-02	2.02295647e-02	7.48741130e-04
6.27500000e-02	2.04025791e-02	7.38708345e-04
6.30000000e-02	2.01798450e-02	7.38166957e-04
6.32500000e-02	1.99911225e-02	7.23765109e-04
6.35000000e-02	2.00216248e-02	7.35920389e-04
6.37500000e-02	2.04630247e-02	7.42068969e-04
6.40000000e-02	2.00192459e-02	7.27591811e-04
6.42500000e-02	1.99805563e-02	7.23207787e-04
6.45000000e-02	2.06843476e-02	7.45871069e-04
6.47500000e-02	2.07843235e-02	7.49385543e-04
6.50000000e-02	2.00495926e-02	7.31948817e-04
6.52500000e-02	2.00085399e-02	7.20748366e-04
6.55000000e-02	2.04962036e-02	7.30845457e-04
6.57500000e-02	1.99772529e-02	7.18827315e-04
6.60000000e-02	2.00356734e-02	7.19695703e-04
6.62500000e-02	1.99219042e-02	7.11314774e-04
6.65000000e-02	1.94719790e-02	6.86806137e-04
6.67500000e-02	1.97259837e-02	7.03189386e-04
6.70000000e-02	2.02454677e-02	7.25885243e-04
6.72500000e-02	2.06860299e-02	7.35200438e-04
6.75000000e-02	2.04624713e-02	7.20720704e-04
6.77500000e-02	2.01016302e-02	7.14234858e-04
6.80000000e-02	2.01615888e-02	7.10856709e-04
6.82500000e-02	1.95865388e-02	6.89860415e-04
6.85000000e-02	1.93389124e-02	6.92656857e-04
6.87500000e-02	2.00005469e-02	7.06542061e-04
6.90000000e-02	2.01384496e-02	7.06026523e-04
6.92500000e-02	2.02975783e-02	7.15593582e-04
6.95000000e-02	2.00747106e-02	7.09249682e-04
6.97500000e-02	1.98530457e-02	7.03211198e-04
7.00000000e-02	1.96820170e-02	6.89758268e-04
7.02500000e-02	2.02059375e-02	7.05118807e-04
7.05000000e-02	1.94721813e-02	6.74212685e-04
7.07500000e-02	1.98562669e-02	6.97710567e-04
7.10000000e-02	1.94772330e-02	6.70507947e-04
7.12500000e-02	2.00312242e-02	6.99190271e-04
7.15000000e-02	1.96375185e-02	6.79452070e-04
7.17500000e-02	2.04382032e-02	7.03916001e-04
7.20000000e-02	2.00256719e-02	6.91135099e-04
7.22500000e-02	1.98108898e-02	6.85482210e-04
7.25000000e-02	2.00005345e-02	6.90126508e-04
7.27500000e-02	2.00578671e-02	6.89228599e-04
7.30000000e-02	2.00699871e-02	6.92309297e-04
7.32500000e-02	1.97554779e-02	6.76478876e-04
7.35000000e-02	2.07393570e-02	7.14730448e-04
7.37500000e-02	2.01571424e-02	6.88525396e-04
7.40000000e-02	2.02190366e-02	6.90179834e-04
7.42500000e-02	1.99073293e-02	6.84631738e-04
7.45000000e-02	2.01418902e-02	6.85860798e-04
7.47500000e-02	1.98709509e-02	6.69647561e-04
7.50000000e-02	1.97801884e-02	6.67435340e-04
7.52500000e-02	2.04544867e-02	6.88950678e-04
7.55000000e-02	2.01773509e-02	6.80926309e-04
7.57500000e-02	2.01026220e-02	6.81456266e-04
7.60000000e-02	1.96664220e-02	6.66195516e-04
7.62500000e-02	1.98952434e-02	6.75125031e-04
7.65000000e-02	1.98180535e-02	6.67060599e-04
7.67500000e-02	1.98745263e-02	6.65877824e-04
7.70000000e-02	1.96514301e-02	6.65185972e-04
7.72500000e-02	2.02239538e-02	6.88495516e-04
7.75000000e-02	2.01658033e-02	6.93586244e-04
7.77500000e-02	1.98655396e-02	6.94701139e-04
7.80000000e-02	2.01097598e-02	6.98704260e-04
7.82500000e-02	1.95629954e-02	6.90733995e-04
7.85000000e-02	2.00771181e-02	7.09216532e-04
7.87500000e-02	1.99266469e-02	6.99975647e-04
7.90000000e-02	1.98585572e-02	7.04793658e-04
7.92500000e-02	1.99829988e-02	7.04491046e-04
7.95000000e-02	1.98016092e-02	6.99715432e-04
7.97500000e-02	1.98246515e-02	7.06743822e-04
8.00000000e-02	1.98378334e-02	7.15242834e-04
8.02500000e-02	2.02690442e-02	7.21615756e-04
8.05000000e-02	2.02153015e-02	7.24999646e-04
8.07500000e-02	1.99530731e-02	7.24775282e-04
8.10000000e-02	1.99306644e-02	7.19291630e-04
8.12500000e-02	1.99681067e-02	7.24289842e-04
8.15000000e-02	1.97717783e-02	7.14531978e-04
8.17500000e-02	2.00138557e-02	7.25922291e-04
8.20000000e-02	2.04835289e-02	7.50587425e-04
8.22500000e-02	1.96876801e-02	7.21752203e-04
8.25000000e-02	1.98756436e-02	7.25369950e-04
8.27500000e-02	1.99876090e-02	7.28347784e-04
8.30000000e-02	1.96522992e-02	7.21657963e-04
8.32500000e-02	1.99632895e-02	7.35748443e-04
8.35000000e-02	1.96325272e-02	7.22041478e-04
8.37500000e-02	1.96047102e-02	7.11372560e-04
8.40000000e-02	2.02108740e-02	7.40578858e-04
8.42500000e-02	2.03129020e-02	7.45438795e-04
8.45000000e-02	1.91679216e-02	7.08831299e-04
8.47500000e-02	1.89147921e-02	7.02161976e-04
8.50000000e-02	1.98488380e-02	7.31824414e-04
8.52500000e-02	2.01564793e-02	7.43302334e-04
8.55000000e-02	1.90522232e-02	7.06441122e-04
8.57500000e-02	1.95416758e-02	7.32210483e-04
8.60000000e-02	2.01086158e-02	7.48326222e-04
8.62500000e-02	1.99219340e-02	7.34168422e-04
8.65000000e-02	1.98955574e-02	7.33546313e-04
8.67500000e-02	1.94627203e-02	7.13004326e-04
8.70000000e-02	1.94390567e-02	7.04657230e-04
8.72500000e-02	2.07943322e-02	7.37301038e-04
8.75000000e-02	2.01472474e-02	7.09047773e-04
8.77500000e-02	1.99027288e-02	6.99546634e-04
8.80000000e-02	1.95446004e-02	6.86938980e-04
8.82500000e-02	1.99474323e-02	6.98571957e-04
8.85000000e-02	1.98947534e-02	7.00460220e-04
8.87500000e-02	1.98551026e-02	6.80442670e-04
8.90000000e-02	2.04196027e-02	7.09883013e-04
8.92500000e-02	1.99360454e-02	6.86117306e-04
8.95000000e-02	1.99771137e-02	6.81969929e-04
8.97500000e-02	2.01749076e-02	6.85112322e-04
9.00000000e-02	1.93035550e-02	6.51329419e-04
9.02500000e-02	1.96369490e-02	6.61796287e-04
9.05000000e-02	1.96685373e-02	6.65416386e-04
9.07500000e-02	1.96899269e-02	6.68116565e-04
9.10000000e-02	2.01569977e-02	6.78334957e-04
9.12500000e-02	1.95912415e-02	6.59038840e-04
9.15000000e-02	1.88829410e-02	6.36980711e-04
9.17500000e-02	1.95737224e-02	6.61633892e-04
9.20000000e-02	1.92815481e-02	6.44361510e-04
9.22500000e-02	2.03313552e-02	6.78117135e-04
9.25000000e-02	1.92598588e-02	6.37916770e-04
9.27500000e-02	1.99010342e-02	6.59733386e-04
9.30000000e-02	1.98824602e-02	6.59664295e-04
9.32500000e-02	1.96254194e-02	6.49107130e-04
9.35000000e-02	1.95017974e-02	6.38649762e-04
9.37500000e-02	1.99863638e-02	6.56336616e-04
9.40000000e-02	1.96756524e-02	6.45117752e-04
9.42500000e-02	1.95821477e-02	6.40867766e-04
9.45000000e-02	2.01452114e-02	6.60181330e-04
9.47500000e-02	1.97493178e-02	6.48287561e-04
9.50000000e-02	1.97478275e-02	6.39211755e-04
9.52500000e-02	1.99750163e-02	6.48434759e-04
9.55000000e-02	2.01407467e-02	6.50635930e-04
9.57500000e-02	2.02292581e-02	6.52399975e-04
9.60000000e-02	1.97578327e-02	6.42987768e-04
9.62500000e-02	2.01120977e-02	6.44934997e-04
9.65000000e-02	1.95658174e-02	6.33686649e-04
9.67500000e-02	2.04135821e-02	6.53533809e-04
9.70000000e-02	1.95416631e-02	6.32456282e-04
9.72500000e-02	1.97307800e-02	6.29300662e-04
9.75000000e-02	1.98843515e-02	6.42261727e-04
9.77500000e-02	1.95739897e-02	6.21964019e-04
9.80000000e-02	1.96777291e-02	6.28199314e-04
9.82500000e-02	1.94543728e-02	6.20682537e-04
9.85000000e-02	1.94357664e-02	6.19992738e-04
9.87500000e-02	1.97160342e-02	6.24808006e-04
9.90000000e-02	1.97550442e-02	6.29598538e-04
9.92500000e-02	1.99058762e-02	6.36197338e-04
9.95000000e-02	1.95819938e-02	6.14039900e-04
9.97500000e-02	1.96639307e-02	6.23544205e-04
1.00000000e-01	1.99270036e-02	5.12174644e-04
1.00500000e-01	1.96074105e-02	4.35537656e-04
1.01000000e-01	1.97581168e-02	4.38336238e-04
1.01500000e-01	1.96472073e-02	4.34450594e-04
1.02000000e-01	1.97165505e-02	4.36865832e-04
1.02500000e-01	2.00552233e-02	4.37386522e-04
1.03000000e-01	1.98662750e-02	4.34985248e-04
1.03500000e-01	1.95931950e-02	4.29316617e-04
1.04000000e-01	1.96525525e-02	4.29346551e-04
1.04500000e-01	1.93378446e-02	4.23334285e-04
1.05000000e-01	1.98250375e-02	4.27098980e-04
1.05500000e-01	1.96934208e-02	4.25889726e-04
1.06000000e-01	1.98688667e-02	4.27889099e-04
1.06500000e-01	1.95856365e-02	4.19582199e-04
1.07000000e-01	1.99709407e-02	4.33873971e-04
1.07500000e-01	1.95425496e-02	4.35236726e-04
1.08000000e-01	1.97396471e-02	4.40515058e-04
1.08500000e-01	1.96408589e-02	4.41239515e-04
1.09000000e-01	1.99163079e-02	4.51016711e-04
1.09500000e-01	1.95776925e-02	4.46205051e-04
1.10000000e-01	1.96824813e-02	4.41138224e-04
1.10500000e-01	1.98246725e-02	4.34221474e-04
1.11000000e-01	1.96767139e-02	4.27449634e-04
1.11500000e-01	1.98246373e-02	4.26007966e-04
1.12000000e-01	1.99088642e-02	4.22447557e-04
1.12500000e-01	1.95017149e-02	4.14191905e-04
1.13000000e-01	1.98405387e-02	4.19947696e-04
1.13500000e-01	1.99535323e-02	4.17356087e-04
1.14000000e-01	1.96308604e-02	4.10530057e-04
1.14500000e-01	1.95379497e-02	4.09680655e-04
1.15000000e-01	1.96029703e-02	4.06873813e-04
1.15500000e-01	2.00570360e-02	4.17535535e-04
1.16000000e-01	1.98392426e-02	4.13166691e-04
1.16500000e-01	1.96415517e-02	4.07757409e-04
1.17000000e-01	1.99411207e-02	4.11154032e-04
1.17500000e-01	1.96409079e-02	4.04017579e-04
1.18000000e-01	1.95911569e-02	4.03067670e-04
1.18500000e-01	1.96860474e-02	4.03384783e-04
1.19000000e-01	1.93499975e-02	3.95957051e-04
1.19500000e-01	1.99002862e-02	4.05167507e-04
1.20000000e-01	1.96993432e-02	4.02003116e-04
1.20500000e-01	1.95038728e-02	3.97550940e-04
1.21000000e-01	1.96938507e-02	3.97690815e-04
1.21500000e-01	1.96295382e-02	3.95286755e-04
1.22000000e-01	1.95067110e-02	3.93593999e-04
1.22500000e-01	1.96812820e-02	3.95259704e-04
1.23000000e-01	1.95214995e-02	3.92746167e-04
1.23500000e-01	1.99235872e-02	3.99542564e-04
1.24000000e-01	1.95172103e-02	3.92242407e-04
1.24500000e-01	1.95599035e-02	3.88852586e-04
1.25000000e-01	1.96454445e-02	3.91245722e-04
1.25500000e-01	1.95230521e-02	3.87249016e-04
1.26000000e-01	1.94462380e-02	3.84594683e-04
1.26500000e-01	1.97166902e-02	3.89718850e-04
1.27000000e-01	1.95224542e-02	3.84385952e-04
1.27500000e-01	1.95014212e-02	3.85219690e-04
1.28000000e-01	1.95638363e-02	3.83885811e-04
1.28500000e-01	1.97312268e-02	3.86645616e-04
1.29000000e-01	1.95130339e-02	3.81746398e-04
1.29500000e-01	1.98289569e-02	3.88228450e-04
1.30000000e-01	1.94227423e-02	3.80846140e-04
1.30500000e-01	1.93422583e-02	3.77348138e-04
1.31000000e-01	1.94569966e-02	3.78606624e-04
1.31500000e-01	1.96339288e-02	3.81701989e-04
1.32000000e-01	1.94608719e-02	3.76327824e-04
1.32500000e-01	1.97410516e-02	3.78913220e-04
1.33000000e-01	1.95578892e-02	3.77669296e-04
1.33500000e-01	1.97640456e-02	3.78307835e-04
1.34000000e-01	1.94161655e-02	3.73462177e-04
1.34500000e-01	1.97032952e-02	3.75667215e-04
1.35000000e-01	1.95784715e-02	3.72098631e-04
1.35500000e-01	1.95010018e-02	3.70199506e-04
1.36000000e-01	1.96960339e-02	3.72112694e-04
1.36500000e-01	1.95660354e-02	3.70626823e-04
1.37000000e-01	1.94218403e-02	3.65682490e-04
1.37500000e-01	1.93395214e-02	3.62829970e-04
1.38000000e-01	1.97135824e-02	3.70285754e-04
1.38500000e-01	1.92159952e-02	3.63786761e-04
1.39000000e-01	1.96027149e-02	3.67312268e-04
1.39500000e-01	1.93629346e-02	3.64756118e-04
1.40000000e-01	1.96843978e-02	3.70981978e-04
1.40500000e-01	1.95999664e-02	3.66809094e-04
1.41000000e-01	1.98928635e-02	3.72130749e-04
1.41500000e-01	1.92337844e-02	3.60467538e-04
1.42000000e-01	1.94698514e-02	3.64774281e-04
1.42500000e-01	1.92556964e-02	3.59616840e-04
1.43000000e-01	1.91781563e-02	3.57212938e-04
1.43500000e-01	1.95502509e-02	3.62968676e-04
1.44000000e-01	1.93205887e-02	3.58118806e-04
1.44500000e-01	1.99153579e-02	3.67357029e-04
1.45000000e-01	1.91630151e-02	3.55095316e-04
1.45500000e-01	1.94394517e-02	3.59408419e-04
1.46000000e-01	1.93831866e-02	3.57162105e-04
1.46500000e-01	1.95499554e-02	3.59127939e-04
1.47000000e-01	1.92657534e-02	3.54305807e-04
1.47500000e-01	1.95307741e-02	3.57392207e-04
1.48000000e-01	1.90472587e-02	3.49924990e-04
1.48500000e-01	1.93710299e-02	3.54679482e-04
1.49000000e-01	1.93296003e-02	3.50893853e-04
1.49500000e-01	1.93312519e-02	3.50922991e-04
1.50000000e-01	1.91990291e-02	3.49526144e-04
1.50500000e-01	1.93029134e-02	3.51919437e-04
1.51000000e-01	1.93108742e-02	3.51198342e-04
1.51500000e-01	1.92455792e-02	3.46798984e-04
1.52000000e-01	1.92774669e-02	3.46052413e-04
1.52500000e-01	1.93779678e-02	3.49170161e-04
1.53000000e-01	1.93573111e-02	3.47768015e-04
1.53500000e-01	1.95489006e-02	3.50372012e-04
1.54000000e-01	1.90913425e-02	3.41549215e-04
1.54500000e-01	1.92749095e-02	3.51036229e-04
1.55000000e-01	1.91458065e-02	3.52783070e-04
1.55500000e-01	1.91909253e-02	3.57391093e-04
1.56000000e-01	1.93622549e-02	3.61848775e-04
1.56500000e-01	1.93427114e-02	3.59642867e-04
1.57000000e-01	1.91140011e-02	3.57830502e-04
1.57500000e-01	1.90514249e-02	3.49001816e-04
1.58000000e-01	1.91054644e-02	3.46675089e-04
1.58500000e-01	1.91933185e-02	3.45593515e-04
1.59000000e-01	1.88725012e-02	3.38614001e-04
1.59500000e-01	1.88983189e-02	3.38346164e-04
1.60000000e-01	1.89657115e-02	3.41085247e-04
1.60500000e-01	1.91558675e-02	3.39804196e-04
1.61000000e-01	1.88901486e-02	3.35830452e-04
1.61500000e-01	1.90297547e-02	3.36980372e-04
1.62000000e-01	1.93639664e-02	3.41690235e-04
1.62500000e-01	1.90497702e-02	3.37956025e-04
1.63000000e-01	1.91268130e-02	3.36874686e-04
1.63500000e-01	1.92008314e-02	3.39178055e-04
1.64000000e-01	1.90022330e-02	3.31894352e-04
1.64500000e-01	1.93461858e-02	3.40136566e-04
1.65000000e-01	1.87607885e-02	3.29128512e-04
1.65500000e-01	1.93226028e-02	3.36626298e-04
1.66000000e-01	1.89096850e-02	3.31076924e-04
1.66500000e-01	1.89782511e-02	3.29264132e-04
1.67000000e-01	1.89615375e-02	3.29402230e-04
1.67500000e-01	1.89145371e-02	3.27195285e-04
1.68000000e-01	1.92057089e-02	3.33786348e-04
1.68500000e-01	1.89436146e-02	3.26779152e-04
1.69000000e-01	1.89929452e-02	3.29454390e-04
1.69500000e-01	1.88858678e-02	3.27108875e-04
1.70000000e-01	1.86961066e-02	3.22947139e-04
1.70500000e-01	1.88339069e-02	3.24318426e-04
1.71000000e-01	1.88376196e-02	3.23868570e-04
1.71500000e-01	1.86184286e-02	3.20739426e-04
1.72000000e-01	1.89063762e-02	3.23962382e-04
1.72500000e-01	1.87709330e-02	3.21097915e-04
1.73000000e-01	1.86677258e-02	3.19521186e-04
1.73500000e-01	1.87705312e-02	3.19350959e-04
1.74000000e-01	1.89739781e-02	3.23277127e-04
1.74500000e-01	1.89174937e-02	3.18577131e-04
1.75000000e-01	1.85556848e-02	3.12176397e-04
1.75500000e-01	1.86381679e-02	3.14129628e-04
1.76000000e-01	1.86819688e-02	3.15392642e-04
1.76500000e-01	1.88237258e-02	3.16954864e-04
1.77000000e-01	1.86033756e-02	3.11309077e-04
1.77500000e-01	1.87312623e-02	3.14052621e-04
1.78000000e-01	1.88107615e-02	3.15307316e-04
1.78500000e-01	1.87060913e-02	3.14032944e-04
1.79000000e-01	1.89686068e-02	3.18963084e-04
1.79500000e-01	1.84755483e-02	3.10193941e-04
1.80000000e-01	1.85454588e-02	3.11116477e-04
1.80500000e-01	1.87166597e-02	3.12825648e-04
1.81000000e-01	1.84570559e-02	3.09107826e-04
1.81500000e-01	1.86515579e-02	3.11192830e-04
1.82000000e-01	1.86394827e-02	3.09465383e-04
1.82500000e-01	1.86285995e-02	3.09978190e-04
1.83000000e-01	1.83657131e-02	3.06247721e-04
1.83500000e-01	1.85647009e-02	3.08160739e-04
1.84000000e-01	1.87732272e-02	3.10578507e-04
1.84500000e-01	1.83266259e-02	3.04583232e-04
1.85000000e-01	1.85057854e-02	3.06206096e-04
1.85500000e-01	1.88811776e-02	3.09927281e-04
1.86000000e-01	1.82206303e-02	3.00262801e-04
1.86500000e-01	1.85542722e-02	3.06382724e-04
1.87000000e-01	1.83083173e-02	3.01116961e-04
1.87500000e-01	1.85285905e-02	3.03453707e-04
1.88000000e-01	1.88906169e-02	3.08896494e-04
1.88500000e-01	1.84117079e-02	3.01559904e-04
1.89000000e-01	1.84274758e-02	3.00219353e-04
1.89500000e-01	1.82564922e-02	2.98790250e-04
1.90000000e-01	1.86031025e-02	3.02630738e-04
1.90500000e-01	1.86880968e-02	3.05305250e-04
1.91000000e-01	1.81744400e-02	2.97552912e-04
1.91500000e-01	1.84331881e-02	2.99932327e-04
1.92000000e-01	1.82739871e-02	2.95590832e-04
1.92500000e-01	1.83742724e-02	2.98427136e-04
1.93000000e-01	1.82756350e-02	2.98083250e-04
1.93500000e-01	1.83154737e-02	2.96061411e-04
1.94000000e-01	1.82472173e-02	2.94703745e-04
1.94500000e-01	1.86675382e-02	2.99992079e-04
1.95000000e-01	1.86459199e-02	3.01120548e-04
1.95500000e-01	1.83127972e-02	2.95414068e-04
1.96000000e-01	1.87057511e-02	3.00371848e-04
1.96500000e-01	1.83730319e-02	2.96270023e-04
1.97000000e-01	1.84397656e-02	2.96118304e-04
1.97500000e-01	1.83531096e-02	2.92950370e-04
1.98000000e-01	1.82829325e-02	2.91744684e-04
1.98500000e-01	1.83921033e-02	2.93293956e-04
1.99000000e-01	1.82874480e-02	2.92720019e-04
1.99500000e-01	1.83387795e-02	2.91278658e-04
2.00000000e-01	1.82226806e-02	2.90931492e-04
2.00500000e-01	1.82317351e-02	2.90964717e-04
2.01000000e-01	1.83488054e-02	2.91705904e-04
2.01500000e-01	1.84634399e-02	2.93149004e-04
2.02000000e-01	1.81753947e-02	2.88185560e-04
2.02500000e-01	1.83561021e-02	2.89976010e-04
2.03000000e-01	1.84192527e-02	2.91386394e-04
2.03500000e-01	1.82732250e-02	2.87976999e-04
2.04000000e-01	1.80411483e-02	2.84942043e-04
2.04500000e-01	1.82899749e-02	2.88843882e-04
2.05000000e-01	1.81641898e-02	2.86086582e-04
2.05500000e-01	1.82632296e-02	2.87485178e-04
2.06000000e-01	1.85188065e-02	2.89648632e-04
2.06500000e-01	1.82368913e-02	2.85586285e-04
2.07000000e-01	1.81300488e-02	2.83606986e-04
2.07500000e-01	1.82189654e-02	2.84574128e-04
2.08000000e-01	1.81297466e-02	2.84394008e-04
2.08500000e-01	1.80139390e-02	2.82119192e-04
2.09000000e-01	1.78602925e-02	2.78637801e-04
2.09500000e-01	1.82068111e-02	2.83198059e-04
2.10000000e-01	1.79833529e-02	2.80903242e-04
2.10500000e-01	1.82434982e-02	2.83465356e-04
2.11000000e-01	1.81258863e-02	2.80363780e-04
2.11500000e-01	1.81257496e-02	2.81603905e-04
2.12000000e-01	1.81180107e-02	2.80235212e-04
2.12500000e-01	1.79892384e-02	2.78568826e-04
2.13000000e-01	1.80674249e-02	2.78774052e-04
2.13500000e-01	1.79302728e-02	2.76386342e-04
2.14000000e-01	1.83842756e-02	2.83913086e-04
2.14500000e-01	1.80087574e-02	2.76518510e-04
2.15000000e-01	1.79256723e-02	2.77645475e-04
2.15500000e-01	1.81513040e-02	2.77523127e-04
2.16000000e-01	1.81523350e-02	2.76898736e-04
2.16500000e-01	1.79734322e-02	2.76071724e-04
2.17000000e-01	1.81305211e-02	2.82011500e-04
2.17500000e-01	1.81226611e-02	2.85391232e-04
2.18000000e-01	1.77715730e-02	2.81466499e-04
2.18500000e-01	1.80818790e-02	2.86970877e-04
2.19000000e-01	1.80606964e-02	2.88927908e-04
2.19500000e-01	1.81215239e-02	2.90787819e-04
2.20000000e-01	1.78818908e-02	2.88808736e-04
2.20500000e-01	1.79171419e-02	2.89037464e-04
2.21000000e-01	1.80601350e-02	2.93019171e-04
2.21500000e-01	1.79388059e-02	2.92033776e-04
2.22000000e-01	1.80527392e-02	2.94897974e-04
2.22500000e-01	1.80926215e-02	2.94667915e-04
2.23000000e-01	1.80140305e-02	2.95472847e-04
2.23500000e-01	1.80126488e-02	2.96111013e-04
2.24000000e-01	1.78206954e-02	2.93448477e-04
2.24500000e-01	1.78316439e-02	2.94518084e-04
2.25000000e-01	1.78070746e-02	2.95102405e-04
2.25500000e-01	1.77971553e-02	2.93823130e-04
2.26000000e-01	1.80427320e-02	3.00254631e-04
2.26500000e-01	1.79584872e-02	2.92378686e-04
2.27000000e-01	1.79731634e-02	2.90729252e-04
2.27500000e-01	1.82846432e-02	2.91883421e-04
2.28000000e-01	1.79646869e-02	2.86993567e-04
2.28500000e-01	1.76602038e-02	2.80585885e-04
2.29000000e-01	1.78074122e-02	2.81417554e-04
2.29500000e-01	1.79911954e-02	2.83685395e-04
2.30000000e-01	1.80041424e-02	2.83269606e-04
2.30500000e-01	1.79876319e-02	2.81034848e-04
2.31000000e-01	1.76973626e-02	2.76461797e-04
2.31500000e-01	1.78198976e-02	2.78205055e-04
2.32000000e-01	1.77732709e-02	2.75573654e-04
2.32500000e-01	1.76691713e-02	2.74724634e-04
2.33000000e-01	1.77867407e-02	2.74509033e-04
2.33500000e-01	1.77798095e-02	2.75260444e-04
2.34000000e-01	1.79875789e-02	2.77604046e-04
2.34500000e-01	1.77042615e-02	2.72014166e-04
2.35000000e-01	1.75869947e-02	2.70413811e-04
2.35500000e-01	1.76810365e-02	2.70985651e-04
2.36000000e-01	1.77463052e-02	2.71269229e-04
2.36500000e-01	1.77186649e-02	2.70239343e-04
2.37000000e-01	1.77227628e-02	2.71007170e-04
2.37500000e-01	1.76862913e-02	2.68863203e-04
2.38000000e-01	1.78605497e-02	2.70869028e-04
2.38500000e-01	1.77338412e-02	2.69135090e-04
2.39000000e-01	1.76027707e-02	2.65952309e-04
2.39500000e-01	1.77142966e-02	2.67954628e-04
2.40000000e-01	1.77822420e-02	2.68523836e-04
2.40500000e-01	1.76915728e-02	2.65052874e-04
2.41000000e-01	1.75615775e-02	2.63553237e-04
2.41500000e-01	1.74979599e-02	2.62592277e-04
2.42000000e-01	1.76911704e-02	2.65093994e-04
2.42500000e-01	1.77709924e-02	2.65283688e-04
2.43000000e-01	1.76307149e-02	2.62804953e-04
2.43500000e-01	1.75684430e-02	2.61967563e-04
2.44000000e-01	1.76133941e-02	2.62192041e-04
2.44500000e-01	1.77178036e-02	2.63108505e-04
2.45000000e-01	1.75961422e-02	2.61486342e-04
2.45500000e-01	1.75766017e-02	2.61414828e-04
2.46000000e-01	1.74280885e-02	2.59733322e-04
2.46500000e-01	1.74498402e-02	2.58850306e-04
2.47000000e-01	1.77084849e-02	2.61774030e-04
2.47500000e-01	1.75772612e-02	2.59436641e-04
2.48000000e-01	1.73735331e-02	2.55915372e-04
2.48500000e-01	1.74654533e-02	2.57766639e-04
2.49000000e-01	1.76185380e-02	2.59055269e-04
2.49500000e-01	1.74447902e-02	2.56891444e-04
2.50000000e-01	1.74627517e-02	2.56453227e-04
2.50500000e-01	1.73441242e-02	2.55368934e-04
2.51000000e-01	1.74666175e-02	2.54888831e-04
2.51500000e-01	1.75829135e-02	2.57481064e-04
2.52000000e-01	1.73086167e-02	2.52941530e-04
2.52500000e-01	1.76286011e-02	2.56721653e-04
2.53000000e-01	1.72875546e-02	2.53101326e-04
2.53500000e-01	1.73717805e-02	2.53313291e-04
2.54000000e-01	1.73818386e-02	2.53346344e-04
2.54500000e-01	1.74945854e-02	2.54318533e-04
2.55000000e-01	1.72811977e-02	2.51364974e-04
2.55500000e-01	1.73142415e-02	2.51545634e-04
2.56000000e-01	1.71161687e-02	2.48063799e-04
2.56500000e-01	1.75535070e-02	2.54627561e-04
2.57000000e-01	1.73768261e-02	2.51754290e-04
2.57500000e-01	1.73574570e-02	2.51271679e-04
2.58000000e-01	1.71976277e-02	2.49059613e-04
2.58500000e-01	1.72345748e-02	2.49185780e-04
2.59000000e-01	1.74669425e-02	2.52041887e-04
2.59500000e-01	1.73878696e-02	2.50217746e-04
2.60000000e-01	1.70870498e-02	2.45791946e-04
2.60500000e-01	1.72136106e-02	2.47586448e-04
2.61000000e-01	1.71687267e-02	2.45729101e-04
2.61500000e-01	1.74874366e-02	2.50403133e-04
2.62000000e-01	1.74785715e-02	2.49652128e-04
2.62500000e-01	1.73392962e-02	2.48754555e-04
2.63000000e-01	1.72352432e-02	2.47249711e-04
2.63500000e-01	1.73058847e-02	2.46416922e-04
2.64000000e-01	1.74202337e-02	2.47981565e-04
2.64500000e-01	1.71877972e-02	2.44843745e-04
2.65000000e-01	1.71097397e-02	2.43092339e-04
2.65500000e-01	1.72088300e-02	2.44753075e-04
2.66000000e-01	1.72077072e-02	2.44395836e-04
2.66500000e-01	1.71474686e-02	2.42715292e-04
2.67000000e-01	1.71836234e-02	2.42727530e-04
2.67500000e-01	1.74231320e-02	2.45541125e-04
2.68000000e-01	1.71563771e-02	2.42295205e-04
2.68500000e-01	1.72514747e-02	2.43403203e-04
2.69000000e-01	1.71037632e-02	2.40702554e-04
2.69500000e-01	1.71723417e-02	2.41251861e-04
2.70000000e-01	1.72479016e-02	2.42080852e-04
2.70500000e-01	1.72819054e-02	2.42513052e-04
2.71000000e-01	1.72980257e-02	2.42259073e-04
2.71500000e-01	1.70808887e-02	2.40113091e-04
2.72000000e-01	1.71113947e-02	2.38915141e-04
2.72500000e-01	1.69683898e-02	2.38004570e-04
2.73000000e-01	1.69558794e-02	2.37619658e-04
2.73500000e-01	1.70697401e-02	2.38967393e-04
2.74000000e-01	1.68994656e-02	2.35712173e-04
2.74500000e-01	1.70515557e-02	2.38022373e-04
2.75000000e-01	1.69638995e-02	2.36231089e-04
2.75500000e-01	1.72951459e-02	2.41200979e-04
2.76000000e-01	1.69136161e-02	2.35620085e-04
2.76500000e-01	1.70431270e-02	2.36663713e-04
2.77000000e-01	1.69855494e-02	2.36241896e-04
2.77500000e-01	1.68419049e-02	2.34177698e-04
2.78000000e-01	1.72232765e-02	2.38555373e-04
2.78500000e-01	1.69163509e-02	2.35145654e-04
2.79000000e-01	1.70427844e-02	2.35220369e-04
2.79500000e-01	1.70847667e-02	2.36756226e-04
2.80000000e-01	1.70068923e-02	2.35678288e-04
2.80500000e-01	1.69644065e-02	2.34267805e-04
2.81000000e-01	1.71264190e-02	2.37355695e-04
2.81500000e-01	1.69636854e-02	2.33530121e-04
2.82000000e-01	1.68496542e-02	2.32327892e-04
2.82500000e-01	1.68856634e-02	2.33513711e-04
2.83000000e-01	1.70678909e-02	2.34474020e-04
2.83500000e-01	1.69737303e-02	2.33447598e-04
2.84000000e-01	1.67752700e-02	2.31222751e-04
2.84500000e-01	1.70291003e-02	2.32726437e-04
2.85000000e-01	1.72011747e-02	2.35240727e-04
2.85500000e-01	1.67932460e-02	2.29430620e-04
2.86000000e-01	1.70669273e-02	2.33051081e-04
2.86500000e-01	1.68649910e-02	2.30397143e-04
2.87000000e-01	1.68119760e-02	2.29965350e-04
2.87500000e-01	1.70218953e-02	2.31730766e-04
2.88000000e-01	1.72514839e-02	2.33169420e-04
2.88500000e-01	1.69319176e-02	2.30847516e-04
2.89000000e-01	1.69721249e-02	2.30045187e-04
2.89500000e-01	1.68260480e-02	2.28399641e-04
2.90000000e-01	1.66625231e-02	2.26311803e-04
2.90500000e-01	1.67287189e-02	2.27045854e-04
2.91000000e-01	1.70629013e-02	2.30496683e-04
2.91500000e-01	1.67027844e-02	2.25638840e-04
2.92000000e-01	1.67342188e-02	2.26566941e-04
2.92500000e-01	1.68575526e-02	2.27115018e-04
2.93000000e-01	1.68609626e-02	2.27359710e-04
2.93500000e-01	1.66425266e-02	2.24738240e-04
2.94000000e-01	1.67291549e-02	2.25361848e-04
2.94500000e-01	1.67917340e-02	2.27165328e-04
2.95000000e-01	1.67603380e-02	2.24901002e-04
2.95500000e-01	1.67840623e-02	2.25322577e-04
2.96000000e-01	1.69215785e-02	2.26450243e-04
2.96500000e-01	1.68728186e-02	2.25318154e-04
2.97000000e-01	1.68461367e-02	2.25961932e-04
2.97500000e-01	1.65788523e-02	2.22116784e-04
2.98000000e-01	1.67515537e-02	2.24639285e-04
2.98500000e-01	1.67826868e-02	2.24889384e-04
2.99000000e-01	1.68228783e-02	2.24773953e-04
2.99500000e-01	1.66466010e-02	2.21700154e-04
3.00000000e-01	1.66135640e-02	2.21718183e-04
3.00500000e-01	1.68147807e-02	2.24666761e-04
3.01000000e-01	1.67212869e-02	2.22458278e-04
3.01500000e-01	1.69435735e-02	2.24694320e-04
3.02000000e-01	1.70109764e-02	2.25487053e-04
3.02500000e-01	1.67213987e-02	2.22155469e-04
3.03000000e-01	1.66956111e-02	2.22410536e-04
3.03500000e-01	1.66887424e-02	2.21534396e-04
3.04000000e-01	1.65860160e-02	2.20531551e-04
3.04500000e-01	1.65674318e-02	2.18532246e-04
3.05000000e-01	1.66929601e-02	2.20721792e-04
3.05500000e-01	1.65511637e-02	2.18876095e-04
3.06000000e-01	1.67655892e-02	2.20362680e-04
3.06500000e-01	1.67272309e-02	2.20609482e-04
3.07000000e-01	1.68012967e-02	2.20254900e-04
3.07500000e-01	1.67652761e-02	2.20460517e-04
3.08000000e-01	1.67121252e-02	2.20208995e-04
3.08500000e-01	1.66279721e-02	2.18013614e-04
3.09000000e-01	1.66831326e-02	2.19729457e-04
3.09500000e-01	1.65174639e-02	2.15960576e-04
3.10000000e-01	1.65232298e-02	2.17111357e-04
3.10500000e-01	1.66301707e-02	2.18521475e-04
3.11000000e-01	1.65947123e-02	2.18026915e-04
3.11500000e-01	1.64696080e-02	2.15584949e-04
3.12000000e-01	1.66069123e-02	2.17338304e-04
3.12500000e-01	1.65003531e-02	2.16183530e-04
3.13000000e-01	1.63642435e-02	2.14253422e-04
3.13500000e-01	1.64880466e-02	2.15282451e-04
3.14000000e-01	1.66664082e-02	2.17873314e-04
3.14500000e-01	1.65779626e-02	2.15792679e-04
3.15000000e-01	1.65076117e-02	2.15062789e-04
3.15500000e-01	1.64403711e-02	2.14039061e-04
3.16000000e-01	1.63735352e-02	2.14283343e-04
3.16500000e-01	1.63232438e-02	2.13000889e-04
3.17000000e-01	1.63935535e-02	2.11963009e-04
3.17500000e-01	1.63767602e-02	2.12613443e-04
3.18000000e-01	1.62655379e-02	2.10217514e-04
3.18500000e-01	1.64509220e-02	2.12896611e-04
3.19000000e-01	1.64247616e-02	2.12599257e-04
3.19500000e-01	1.64238634e-02	2.12312244e-04
3.20000000e-01	1.65957188e-02	2.13966507e-04
3.20500000e-01	1.65090167e-02	2.12998071e-04
3.21000000e-01	1.64985218e-02	2.12238091e-04
3.21500000e-01	1.62762296e-02	2.10161404e-04
3.22000000e-01	1.63675331e-02	2.10799540e-04
3.22500000e-01	1.63103000e-02	2.09788665e-04
3.23000000e-01	1.62756103e-02	2.08741147e-04
3.23500000e-01	1.64669688e-02	2.11461336e-04
3.24000000e-01	1.64331506e-02	2.10904573e-04
3.24500000e-01	1.63348056e-02	2.10415983e-04
3.25000000e-01	1.61851372e-02	2.07285727e-04
3.25500000e-01	1.63483800e-02	2.09823045e-04
3.26000000e-01	1.63448718e-02	2.09265571e-04
3.26500000e-01	1.63305114e-02	2.08897636e-04
3.27000000e-01	1.59554482e-02	2.04400974e-04
3.27500000e-01	1.63649954e-02	2.09002698e-04
3.28000000e-01	1.63273263e-02	2.09145355e-04
3.28500000e-01	1.62105492e-02	2.06940533e-04
3.29000000e-01	1.59660706e-02	2.04119977e-04
3.29500000e-01	1.61087271e-02	2.05846405e-04
3.30000000e-01	1.61934787e-02	2.05503837e-04
3.30500000e-01	1.62045352e-02	2.06508393e-04
3.31000000e-01	1.61881953e-02	2.05556549e-04
3.31500000e-01	1.63813696e-02	2.07475625e-04
3.32000000e-01	1.60280080e-02	2.03842763e-04
3.32500000e-01	1.61915520e-02	2.05315671e-04
3.33000000e-01	1.61490656e-02	2.04232744e-04
3.33500000e-01	1.61240381e-02	2.03244097e-04
3.34000000e-01	1.60167320e-02	2.01932536e-04
3.34500000e-01	1.62686961e-02	2.05615314e-04
3.35000000e-01	1.60600887e-02	2.02813561e-04
3.35500000e-01	1.60740422e-02	2.02608214e-04
3.36000000e-01	1.61391976e-02	2.03995163e-04
3.36500000e-01	1.59164611e-02	2.01260677e-04
3.37000000e-01	1.61414833e-02	2.03521643e-04
3.37500000e-01	1.59793472e-02	2.00682707e-04
3.38000000e-01	1.62060735e-02	2.03879033e-04
3.38500000e-01	1.61517292e-02	2.03174936e-04
3.39000000e-01	1.59549143e-02	2.00954129e-04
3.39500000e-01	1.60592511e-02	2.01690425e-04
3.40000000e-01	1.59552790e-02	2.00907322e-04
3.40500000e-01	1.60806798e-02	2.01748017e-04
3.41000000e-01	1.60040139e-02	2.00460008e-04
3.41500000e-01	1.59964498e-02	2.00865549e-04
3.42000000e-01	1.58573838e-02	1.98926946e-04
3.42500000e-01	1.60253886e-02	2.01238322e-04
3.43000000e-01	1.59867781e-02	1.99764743e-04
3.43500000e-01	1.60595835e-02	2.00607229e-04
3.44000000e-01	1.60599352e-02	2.00810819e-04
3.44500000e-01	1.60166999e-02	1.99281730e-04
3.45000000e-01	1.57485841e-02	1.96792465e-04
3.45500000e-01	1.59650051e-02	1.98572299e-04
3.46000000e-01	1.57114851e-02	1.96699252e-04
3.46500000e-01	1.59511164e-02	1.98471208e-04
3.47000000e-01	1.58814720e-02	1.98244359e-04
3.47500000e-01	1.59156553e-02	1.97687217e-04
3.48000000e-01	1.59641471e-02	1.97733916e-04
3.48500000e-01	1.59531728e-02	1.98027990e-04
3.49000000e-01	1.59578659e-02	1.98424506e-04
3.49500000e-01	1.56933617e-02	1.95742124e-04
3.50000000e-01	1.58184633e-02	1.60077070e-04
3.51000000e-01	1.60544433e-02	1.40317816e-04
3.52000000e-01	1.59065028e-02	1.39085600e-04
3.53000000e-01	1.58531949e-02	1.38199438e-04
3.54000000e-01	1.58537562e-02	1.37637547e-04
3.55000000e-01	1.58391926e-02	1.37805660e-04
3.56000000e-01	1.57885065e-02	1.37697002e-04
3.57000000e-01	1.58171012e-02	1.40698261e-04
3.58000000e-01	1.57797581e-02	1.41666323e-04
3.59000000e-01	1.57161113e-02	1.42053040e-04
3.60000000e-01	1.56640336e-02	1.42401514e-04
3.61000000e-01	1.56485753e-02	1.42651926e-04
3.62000000e-01	1.56690330e-02	1.43679496e-04
3.63000000e-01	1.56016932e-02	1.43491497e-04
3.64000000e-01	1.56802660e-02	1.44787050e-04
3.65000000e-01	1.54404788e-02	1.43262356e-04
3.66000000e-01	1.55626847e-02	1.42789811e-04
3.67000000e-01	1.55441664e-02	1.40477106e-04
3.68000000e-01	1.56026596e-02	1.39779892e-04
3.69000000e-01	1.55373815e-02	1.39047632e-04
3.70000000e-01	1.55479562e-02	1.38068578e-04
3.71000000e-01	1.55670831e-02	1.39996970e-04
3.72000000e-01	1.54858540e-02	1.40168849e-04
3.73000000e-01	1.56624851e-02	1.41994440e-04
3.74000000e-01	1.53349705e-02	1.39204269e-04
3.75000000e-01	1.56577852e-02	1.42202575e-04
3.76000000e-01	1.55511255e-02	1.41457734e-04
3.77000000e-01	1.55497479e-02	1.41214211e-04
3.78000000e-01	1.53950263e-02	1.40229512e-04
3.79000000e-01	1.55310080e-02	1.41038470e-04
3.80000000e-01	1.54276925e-02	1.39642783e-04
3.81000000e-01	1.54764394e-02	1.40140427e-04
3.82000000e-01	1.53935016e-02	1.39569619e-04
3.83000000e-01	1.53914277e-02	1.39530508e-04
3.84000000e-01	1.52890302e-02	1.38725467e-04
3.85000000e-01	1.52609218e-02	1.38409486e-04
3.86000000e-01	1.53382214e-02	1.39239195e-04
3.87000000e-01	1.54403080e-02	1.39984042e-04
3.88000000e-01	1.53060499e-02	1.38804772e-04
3.89000000e-01	1.53060258e-02	1.38678605e-04
3.90000000e-01	1.52936901e-02	1.38332910e-04
3.91000000e-01	1.53331410e-02	1.38772633e-04
3.92000000e-01	1.52113362e-02	1.37965649e-04
3.93000000e-01	1.52611025e-02	1.37853659e-04
3.94000000e-01	1.52488294e-02	1.37587225e-04
3.95000000e-01	1.51953491e-02	1.37383830e-04
3.96000000e-01	1.51436859e-02	1.37261662e-04
3.97000000e-01	1.51075552e-02	1.36623965e-04
3.98000000e-01	1.52051772e-02	1.37689780e-04
3.99000000e-01	1.50966743e-02	1.36779222e-04
4.00000000e-01	1.51628881e-02	1.37192236e-04
4.01000000e-01	1.51529899e-02	1.37095182e-04
4.02000000e-01	1.51017647e-02	1.36130235e-04
4.03000000e-01	1.50723662e-02	1.36359854e-04
4.04000000e-01	1.50438186e-02	1.36022705e-04
4.05000000e-01	1.50178690e-02	1.35929337e-04
4.06000000e-01	1.51033378e-02	1.36533505e-04
4.07000000e-01	1.50705676e-02	1.36258297e-04
4.08000000e-01	1.50917188e-02	1.36418929e-04
4.09000000e-01	1.49547521e-02	1.35152627e-04
4.10000000e-01	1.49956212e-02	1.35217694e-04
4.11000000e-01	1.49776165e-02	1.35581208e-04
4.12000000e-01	1.50925904e-02	1.36065766e-04
4.13000000e-01	1.49803362e-02	1.35185587e-04
4.14000000e-01	1.51468044e-02	1.36247449e-04
4.15000000e-01	1.49749655e-02	1.34600086e-04
4.16000000e-01	1.50745141e-02	1.35364804e-04
4.17000000e-01	1.49441388e-02	1.34432984e-04
4.18000000e-01	1.48429067e-02	1.35392111e-04
4.19000000e-01	1.49185182e-02	1.37414341e-04
4.20000000e-01	1.49382279e-02	1.38232290e-04
4.21000000e-01	1.50684447e-02	1.39953532e-04
4.22000000e-01	1.50461719e-02	1.40017096e-04
4.23000000e-01	1.49387714e-02	1.40093939e-04
4.24000000e-01	1.50201194e-02	1.40858736e-04
4.25000000e-01	1.50752950e-02	1.41448980e-04
4.26000000e-01	1.49183039e-02	1.40346334e-04
4.27000000e-01	1.49138660e-02	1.40273074e-04
4.28000000e-01	1.47912355e-02	1.39121299e-04
4.29000000e-01	1.50851550e-02	1.42216046e-04
4.30000000e-01	1.49705202e-02	1.40962668e-04
4.31000000e-01	1.49228388e-02	1.40337988e-04
4.32000000e-01	1.48459201e-02	1.40118129e-04
4.33000000e-01	1.48083947e-02	1.39738312e-04
4.34000000e-01	1.47996001e-02	1.39802217e-04
4.35000000e-01	1.47470573e-02	1.39512634e-04
4.36000000e-01	1.47979430e-02	1.40245971e-04
4.37000000e-01	1.48401363e-02	1.40289943e-04
4.38000000e-01	1.48628729e-02	1.41112882e-04
4.39000000e-01	1.49296116e-02	1.41840208e-04
4.40000000e-01	1.47043615e-02	1.40200361e-04
4.41000000e-01	1.48707288e-02	1.41643671e-04
4.42000000e-01	1.46336264e-02	1.39798344e-04
4.43000000e-01	1.48015244e-02	1.41396658e-04
4.44000000e-01	1.48142113e-02	1.41784526e-04
4.45000000e-01	1.47634822e-02	1.41616130e-04
4.46000000e-01	1.48423922e-02	1.41804757e-04
4.47000000e-01	1.48059051e-02	1.41828390e-04
4.48000000e-01	1.46446462e-02	1.40827847e-04
4.49000000e-01	1.46001497e-02	1.40864217e-04
4.50000000e-01	1.47055745e-02	1.41552503e-04
4.51000000e-01	1.47224591e-02	1.41647515e-04
4.52000000e-01	1.47427225e-02	1.42213217e-04
4.53000000e-01	1.46810739e-02	1.41875724e-04
4.54000000e-01	1.45883358e-02	1.41200720e-04
4.55000000e-01	1.47345876e-02	1.42603944e-04
4.56000000e-01	1.46650870e-02	1.42109477e-04
4.57000000e-01	1.46746989e-02	1.42215206e-04
4.58000000e-01	1.46469331e-02	1.42023093e-04
4.59000000e-01	1.46145173e-02	1.42019045e-04
4.60000000e-01	1.46640409e-02	1.42360926e-04
4.61000000e-01	1.46241901e-02	1.41830319e-04
4.62000000e-01	1.45455326e-02	1.41176090e-04
4.63000000e-01	1.46673442e-02	1.43399494e-04
4.64000000e-01	1.46255958e-02	1.42627936e-04
4.65000000e-01	1.44838849e-02	1.41431905e-04
4.66000000e-01	1.45708371e-02	1.42085749e-04
4.67000000e-01	1.45492898e-02	1.41889881e-04
4.68000000e-01	1.45570340e-02	1.42348742e-04
4.69000000e-01	1.46646143e-02	1.43307105e-04
4.70000000e-01	1.45628236e-02	1.42526526e-04
4.71000000e-01	1.44981336e-02	1.42215669e-04
4.72000000e-01	1.45372622e-02	1.42108744e-04
4.73000000e-01	1.45622275e-02	1.42551465e-04
4.74000000e-01	1.44372827e-02	1.41101212e-04
4.75000000e-01	1.44396238e-02	1.41087233e-04
4.76000000e-01	1.44304853e-02	1.40829014e-04
4.77000000e-01	1.45093469e-02	1.41591063e-04
4.78000000e-01	1.44283714e-02	1.41215485e-04
4.79000000e-01	1.44153138e-02	1.41217026e-04
4.80000000e-01	1.42842783e-02	1.40247891e-04
4.81000000e-01	1.43599755e-02	1.40963508e-04
4.82000000e-01	1.43817289e-02	1.41209026e-04
4.83000000e-01	1.45198806e-02	1.42355895e-04
4.84000000e-01	1.43127719e-02	1.40736184e-04
4.85000000e-01	1.44089707e-02	1.42057491e-04
4.86000000e-01	1.44126558e-02	1.41482778e-04
4.87000000e-01	1.42564403e-02	1.40362064e-04
4.88000000e-01	1.44259905e-02	1.42101066e-04
4.89000000e-01	1.43667154e-02	1.41579674e-04
4.90000000e-01	1.41722144e-02	1.40051646e-04
4.91000000e-01	1.44125083e-02	1.42196765e-04
4.92000000e-01	1.42391431e-02	1.40859472e-04
4.93000000e-01	1.42610195e-02	1.41008405e-04
4.94000000e-01	1.43214196e-02	1.41228699e-04
4.95000000e-01	1.43468132e-02	1.42391504e-04
4.96000000e-01	1.42052813e-02	1.45920024e-04
4.97000000e-01	1.43584429e-02	1.49621513e-04
4.98000000e-01	1.42688755e-02	1.50440715e-04
4.99000000e-01	1.42112884e-02	1.52366491e-04
5.00000000e-01	1.43099044e-02	1.54681141e-04
5.01000000e-01	1.42799355e-02	1.56156035e-04
5.02000000e-01	1.42819763e-02	1.57646910e-04
5.03000000e-01	1.42280399e-02	1.58345062e-04
5.04000000e-01	1.42842275e-02	1.59793282e-04
5.05000000e-01	1.43676654e-02	1.58321316e-04
5.06000000e-01	1.43180854e-02	1.54598585e-04
5.07000000e-01	1.42955846e-02	1.52969114e-04
5.08000000e-01	1.43442352e-02	1.52128915e-04
5.09000000e-01	1.41784988e-02	1.49941268e-04
5.10000000e-01	1.42945044e-02	1.50837241e-04
5.11000000e-01	1.41336377e-02	1.48541517e-04
5.12000000e-01	1.41225021e-02	1.47905151e-04
5.13000000e-01	1.42137082e-02	1.49261579e-04
5.14000000e-01	1.41586507e-02	1.48330830e-04
5.15000000e-01	1.42916201e-02	1.48322837e-04
5.16000000e-01	1.40830717e-02	1.47230921e-04
5.17000000e-01	1.41324529e-02	1.46882122e-04
5.18000000e-01	1.40574433e-02	1.45842718e-04
5.19000000e-01	1.41157832e-02	1.45895003e-04
5.20000000e-01	1.42129813e-02	1.46382596e-04
5.21000000e-01	1.40249901e-02	1.44975513e-04
5.22000000e-01	1.40421021e-02	1.44537257e-04
5.23000000e-01	1.39879261e-02	1.44221926e-04
5.24000000e-01	1.40218980e-02	1.44818428e-04
5.25000000e-01	1.41033590e-02	1.45334442e-04
5.26000000e-01	1.40482714e-02	1.44583176e-04
5.27000000e-01	1.41138187e-02	1.45378601e-04
5.28000000e-01	1.40895802e-02	1.45014338e-04
5.29000000e-01	1.40008916e-02	1.44432453e-04
5.30000000e-01	1.41114309e-02	1.45470096e-04
5.31000000e-01	1.38947514e-02	1.43381648e-04
5.32000000e-01	1.39962079e-02	1.43984985e-04
5.33000000e-01	1.39488916e-02	1.43510145e-04
5.34000000e-01	1.38583312e-02	1.43192447e-04
5.35000000e-01	1.39498106e-02	1.43674312e-04
5.36000000e-01	1.38893638e-02	1.42908306e-04
5.37000000e-01	1.39121452e-02	1.43400544e-04
5.38000000e-01	1.39145886e-02	1.43771637e-04
5.39000000e-01	1.38641730e-02	1.43014032e-04
5.40000000e-01	1.39747180e-02	1.44399192e-04
5.41000000e-01	1.37822632e-02	1.42063930e-04
5.42000000e-01	1.38135929e-02	1.42530408e-04
5.43000000e-01	1.38959143e-02	1.43247770e-04
5.44000000e-01	1.37364640e-02	1.41803069e-04
5.45000000e-01	1.38432329e-02	1.42661393e-04
5.46000000e-01	1.38929872e-02	1.43198671e-04
5.47000000e-01	1.37001688e-02	1.41346574e-04
5.48000000e-01	1.36956927e-02	1.41447950e-04
5.49000000e-01	1.38193923e-02	1.42608698e-04
5.50000000e-01	1.38538003e-02	1.42405758e-04
5.51000000e-01	1.37644779e-02	1.41198303e-04
5.52000000e-01	1.37801203e-02	1.41506764e-04
5.53000000e-01	1.37357909e-02	1.40912385e-04
5.54000000e-01	1.36780249e-02	1.40459840e-04
5.55000000e-01	1.36661632e-02	1.40208690e-04
5.56000000e-01	1.37292903e-02	1.40739108e-04
5.57000000e-01	1.37895913e-02	1.41590041e-04
5.58000000e-01	1.37407352e-02	1.40872595e-04
5.59000000e-01	1.36796996e-02	1.39990062e-04
5.60000000e-01	1.36967092e-02	1.40231787e-04
5.61000000e-01	1.37781375e-02	1.40809949e-04
5.62000000e-01	1.35985809e-02	1.39318601e-04
5.63000000e-01	1.37017755e-02	1.40317379e-04
5.64000000e-01	1.35728476e-02	1.39035430e-04
5.65000000e-01	1.35861455e-02	1.39733761e-04
5.66000000e-01	1.35354197e-02	1.38840505e-04
5.67000000e-01	1.37881096e-02	1.41571138e-04
5.68000000e-01	1.36497792e-02	1.39735187e-04
5.69000000e-01	1.35109218e-02	1.38507547e-04
5.70000000e-01	1.35509586e-02	1.38819927e-04
5.71000000e-01	1.35298391e-02	1.38729896e-04
5.72000000e-01	1.36047354e-02	1.39397166e-04
5.73000000e-01	1.35531091e-02	1.38988600e-04
5.74000000e-01	1.34996826e-02	1.38556291e-04
5.75000000e-01	1.36511040e-02	1.40312538e-04
5.76000000e-01	1.33860790e-02	1.37648064e-04
5.77000000e-01	1.34509330e-02	1.38679777e-04
5.78000000e-01	1.35651764e-02	1.39473620e-04
5.79000000e-01	1.33841913e-02	1.37518946e-04
5.80000000e-01	1.35218451e-02	1.39678535e-04
5.81000000e-01	1.33366782e-02	1.37653089e-04
5.82000000e-01	1.32733876e-02	1.36884521e-04
5.83000000e-01	1.34908370e-02	1.38504250e-04
5.84000000e-01	1.33919655e-02	1.38082098e-04
5.85000000e-01	1.33595322e-02	1.37912231e-04
5.86000000e-01	1.33112979e-02	1.36811168e-04
5.87000000e-01	1.32942489e-02	1.36468033e-04
5.88000000e-01	1.34663488e-02	1.38780685e-04
5.89000000e-01	1.32306649e-02	1.36886103e-04
5.90000000e-01	1.33148606e-02	1.37220341e-04
5.91000000e-01	1.33855649e-02	1.38200972e-04
5.92000000e-01	1.33836724e-02	1.37894813e-04
5.93000000e-01	1.33931111e-02	1.38245438e-04
5.94000000e-01	1.33755523e-02	1.37902864e-04
5.95000000e-01	1.34165973e-02	1.38591642e-04
5.96000000e-01	1.32647412e-02	1.36886876e-04
5.97000000e-01	1.34164594e-02	1.38683733e-04
5.98000000e-01	1.32634023e-02	1.36784561e-04
5.99000000e-01	1.33369917e-02	1.37690918e-04
6.00000000e-01	1.32811199e-02	1.37350047e-04
6.01000000e-01	1.33419531e-02	1.37918321e-04
6.02000000e-01	1.31828299e-02	1.36029744e-04
6.03000000e-01	1.33283326e-02	1.37737408e-04
6.04000000e-01	1.31888779e-02	1.36264203e-04
6.05000000e-01	1.32071382e-02	1.36227518e-04
6.06000000e-01	1.31820777e-02	1.36548959e-04
6.07000000e-01	1.31835039e-02	1.36414028e-04
6.08000000e-01	1.31437825e-02	1.35918515e-04
6.09000000e-01	1.31934445e-02	1.36240844e-04
6.10000000e-01	1.31569293e-02	1.35983560e-04
6.11000000e-01	1.31897418e-02	1.36485385e-04
6.12000000e-01	1.30471495e-02	1.35219984e-04
6.13000000e-01	1.31162904e-02	1.35764053e-04
6.14000000e-01	1.31766694e-02	1.36500919e-04
6.15000000e-01	1.31536425e-02	1.36567165e-04
6.16000000e-01	1.30899938e-02	1.35782583e-04
6.17000000e-01	1.30744478e-02	1.35469297e-04
6.18000000e-01	1.32116660e-02	1.36805572e-04
6.19000000e-01	1.30609493e-02	1.35413778e-04
6.20000000e-01	1.30069288e-02	1.34466659e-04
6.21000000e-01	1.30948652e-02	1.35317485e-04
6.22000000e-01	1.30261856e-02	1.34233614e-04
6.23000000e-01	1.29719579e-02	1.33909273e-04
6.24000000e-01	1.30270704e-02	1.34083716e-04
6.25000000e-01	1.30073828e-02	1.33438839e-04
6.26000000e-01	1.29563171e-02	1.33544179e-04
6.27000000e-01	1.30626134e-02	1.34618140e-04
6.28000000e-01	1.31039053e-02	1.34591957e-04
6.29000000e-01	1.30122073e-02	1.33378045e-04
6.30000000e-01	1.29970064e-02	1.33460126e-04
6.31000000e-01	1.30982153e-02	1.34603269e-04
6.32000000e-01	1.29043742e-02	1.33445185e-04
6.33000000e-01	1.30229622e-02	1.34330662e-04
6.34000000e-01	1.29168513e-02	1.36663106e-04
6.35000000e-01	1.30203692e-02	1.41460400e-04
6.36000000e-01	1.30512404e-02	1.44540688e-04
6.37000000e-01	1.30209726e-02	1.46104180e-04
6.38000000e-01	1.30508263e-02	1.47926213e-04
6.39000000e-01	1.30542368e-02	1.50510765e-04
6.40000000e-01	1.30684681e-02	1.52462226e-04
6.41000000e-01	1.29299595e-02	1.51807057e-04
6.42000000e-01	1.29480344e-02	1.54256992e-04
6.43000000e-01	1.31281401e-02	1.56099087e-04
6.44000000e-01	1.31147029e-02	1.50596877e-04
6.45000000e-01	1.29781944e-02	1.46862211e-04
6.46000000e-01	1.31147365e-02	1.46976005e-04
6.47000000e-01	1.30350790e-02	1.44749166e-04
6.48000000e-01	1.29587284e-02	1.43026513e-04
6.49000000e-01	1.31663213e-02	1.44807500e-04
6.50000000e-01	1.31618648e-02	1.43595015e-04
6.51000000e-01	1.29923658e-02	1.41752129e-04
6.52000000e-01	1.30760974e-02	1.41709262e-04
6.53000000e-01	1.29063524e-02	1.40056142e-04
6.54000000e-01	1.29578924e-02	1.40230819e-04
6.55000000e-01	1.29631623e-02	1.39455100e-04
6.56000000e-01	1.28081487e-02	1.37938764e-04
6.57000000e-01	1.28931772e-02	1.38012119e-04
6.58000000e-01	1.29450158e-02	1.38559110e-04
6.59000000e-01	1.29158348e-02	1.38634770e-04
6.60000000e-01	1.28661698e-02	1.37674310e-04
6.61000000e-01	1.29701415e-02	1.38876657e-04
6.62000000e-01	1.29691951e-02	1.39520515e-04
6.63000000e-01	1.29170742e-02	1.38444718e-04
6.64000000e-01	1.28492420e-02	1.37413956e-04
6.65000000e-01	1.28551182e-02	1.37629870e-04
6.66000000e-01	1.27724467e-02	1.37160717e-04
6.67000000e-01	1.30350400e-02	1.39392101e-04
6.68000000e-01	1.29736231e-02	1.38474613e-04
6.69000000e-01	1.28401753e-02	1.36846075e-04
6.70000000e-01	1.27030345e-02	1.35821245e-04
6.71000000e-01	1.28549817e-02	1.37184754e-04
6.72000000e-01	1.29072908e-02	1.37521455e-04
6.73000000e-01	1.28417630e-02	1.36502397e-04
6.74000000e-01	1.28014328e-02	1.36385321e-04
6.75000000e-01	1.28267321e-02	1.36795043e-04
6.76000000e-01	1.28231327e-02	1.36639656e-04
6.77000000e-01	1.26910745e-02	1.35479352e-04
6.78000000e-01	1.28510650e-02	1.37025949e-04
6.79000000e-01	1.26116212e-02	1.34276272e-04
6.80000000e-01	1.28196100e-02	1.36835787e-04
6.81000000e-01	1.27819422e-02	1.36620498e-04
6.82000000e-01	1.27005606e-02	1.35273745e-04
6.83000000e-01	1.27849908e-02	1.35863233e-04
6.84000000e-01	1.27659586e-02	1.35344069e-04
6.85000000e-01	1.26805909e-02	1.34979809e-04
6.86000000e-01	1.28185080e-02	1.36024583e-04
6.87000000e-01	1.28122343e-02	1.36013801e-04
6.88000000e-01	1.27305619e-02	1.35629944e-04
6.89000000e-01	1.27301351e-02	1.35369972e-04
6.90000000e-01	1.27666900e-02	1.35911646e-04
6.91000000e-01	1.26217969e-02	1.34190280e-04
6.92000000e-01	1.27507958e-02	1.35360504e-04
6.93000000e-01	1.27289871e-02	1.35306588e-04
6.94000000e-01	1.26393736e-02	1.34557838e-04
6.95000000e-01	1.25578093e-02	1.33779822e-04
6.96000000e-01	1.25565214e-02	1.33407592e-04
6.97000000e-01	1.26310842e-02	1.34122905e-04
6.98000000e-01	1.26446574e-02	1.34447911e-04
6.99000000e-01	1.25221549e-02	1.33316124e-04
7.00000000e-01	1.25777032e-02	1.33874333e-04
7.01000000e-01	1.26657353e-02	1.34488703e-04
7.02000000e-01	1.24950165e-02	1.32969635e-04
7.03000000e-01	1.24152393e-02	1.32193562e-04
7.04000000e-01	1.25423364e-02	1.33141878e-04
7.05000000e-01	1.25990690e-02	1.33525059e-04
7.06000000e-01	1.25337215e-02	1.33314304e-04
7.07000000e-01	1.25441270e-02	1.33432363e-04
7.08000000e-01	1.24777218e-02	1.31569144e-04
7.09000000e-01	1.24408910e-02	1.32125714e-04
7.10000000e-01	1.25582529e-02	1.32914385e-04
7.11000000e-01	1.24144644e-02	1.31824885e-04
7.12000000e-01	1.24177143e-02	1.32103914e-04
7.13000000e-01	1.24673783e-02	1.32470822e-04
7.14000000e-01	1.24438138e-02	1.31677028e-04
7.15000000e-01	1.25043586e-02	1.32394622e-04
7.16000000e-01	1.23997736e-02	1.31722796e-04
7.17000000e-01	1.23504155e-02	1.31307655e-04
7.18000000e-01	1.23374664e-02	1.31025023e-04
7.19000000e-01	1.23653036e-02	1.31902685e-04
7.20000000e-01	1.24459512e-02	1.32166250e-04
7.21000000e-01	1.23391382e-02	1.31189458e-04
7.22000000e-01	1.24001160e-02	1.31793780e-04
7.23000000e-01	1.24491560e-02	1.32253842e-04
7.24000000e-01	1.21517219e-02	1.29377815e-04
7.25000000e-01	1.22002171e-02	1.29956825e-04
7.26000000e-01	1.23357140e-02	1.31393306e-04
7.27000000e-01	1.22247429e-02	1.29792524e-04
7.28000000e-01	1.23500655e-02	1.31600247e-04
7.29000000e-01	1.21331723e-02	1.29234279e-04
7.30000000e-01	1.21256162e-02	1.29403561e-04
7.31000000e-01	1.21653547e-02	1.28905786e-04
7.32000000e-01	1.22424356e-02	1.30410285e-04
7.33000000e-01	1.23353258e-02	1.31365898e-04
7.34000000e-01	1.20936096e-02	1.28626979e-04
7.35000000e-01	1.21515587e-02	1.28915493e-04
7.36000000e-01	1.21420341e-02	1.29038418e-04
7.37000000e-01	1.21594801e-02	1.28610152e-04
7.38000000e-01	1.22016617e-02	1.28983259e-04
7.39000000e-01	1.21642605e-02	1.28162001e-04
7.40000000e-01	1.21302654e-02	1.28075263e-04
7.41000000e-01	1.20869553e-02	1.26992503e-04
7.42000000e-01	1.21375498e-02	1.27944323e-04
7.43000000e-01	1.21081184e-02	1.27922380e-04
7.44000000e-01	1.21199389e-02	1.27678939e-04
7.45000000e-01	1.19799655e-02	1.26426054e-04
7.46000000e-01	1.20383779e-02	1.27382103e-04
7.47000000e-01	1.19309019e-02	1.25431898e-04
7.48000000e-01	1.20329599e-02	1.26955102e-04
7.49000000e-01	1.19062926e-02	1.25874905e-04
7.50000000e-01	1.19711636e-02	1.26451158e-04
7.51000000e-01	1.20262274e-02	1.26920485e-04
7.52000000e-01	1.20820426e-02	1.27398397e-04
7.53000000e-01	1.22090180e-02	1.28435554e-04
7.54000000e-01	1.19126186e-02	1.26059973e-04
7.55000000e-01	1.19891882e-02	1.26300306e-04
7.56000000e-01	1.20480525e-02	1.26911107e-04
7.57000000e-01	1.18987848e-02	1.25594968e-04
7.58000000e-01	1.19706877e-02	1.25914901e-04
7.59000000e-01	1.18263768e-02	1.25085903e-04
7.60000000e-01	1.20007501e-02	1.26106348e-04
7.61000000e-01	1.20440310e-02	1.26239554e-04
7.62000000e-01	1.19056350e-02	1.24860029e-04
7.63000000e-01	1.18283714e-02	1.24504482e-04
7.64000000e-01	1.17758439e-02	1.23237315e-04
7.65000000e-01	1.17126510e-02	1.22945939e-04
7.66000000e-01	1.18185351e-02	1.23363515e-04
7.67000000e-01	1.18698823e-02	1.24299628e-04
7.68000000e-01	1.17506869e-02	1.22988329e-04
7.69000000e-01	1.18153441e-02	1.23898648e-04
7.70000000e-01	1.16932264e-02	1.22914098e-04
7.71000000e-01	1.18817424e-02	1.23983932e-04
7.72000000e-01	1.18252650e-02	1.26900628e-04
7.73000000e-01	1.18882504e-02	1.32392763e-04
7.74000000e-01	1.18142169e-02	1.34123227e-04
7.75000000e-01	1.17515074e-02	1.35565942e-04
7.76000000e-01	1.18132990e-02	1.39118462e-04
7.77000000e-01	1.16880187e-02	1.39255356e-04
7.78000000e-01	1.17148832e-02	1.41987077e-04
7.79000000e-01	1.16912701e-02	1.42953935e-04
7.80000000e-01	1.16851342e-02	1.44726285e-04
7.81000000e-01	1.16077555e-02	1.45665938e-04
7.82000000e-01	1.17331202e-02	1.48059242e-04
7.83000000e-01	1.17613840e-02	1.50479034e-04
7.84000000e-01	1.16847179e-02	1.50753399e-04
7.85000000e-01	1.16647693e-02	1.52067702e-04
7.86000000e-01	1.17916404e-02	1.54943788e-04
7.87000000e-01	1.16289920e-02	1.54807562e-04
7.88000000e-01	1.15268679e-02	1.55249200e-04
7.89000000e-01	1.15937091e-02	1.57443534e-04
7.90000000e-01	1.16011781e-02	1.58927898e-04
7.91000000e-01	1.15270968e-02	1.59459750e-04
7.92000000e-01	1.16898592e-02	1.63088269e-04
7.93000000e-01	1.16373852e-02	1.64938242e-04
7.94000000e-01	1.15099730e-02	1.64645668e-04
7.95000000e-01	1.14957415e-02	1.65685353e-04
7.96000000e-01	1.15978662e-02	1.68881411e-04
7.97000000e-01	1.16043524e-02	1.70546173e-04
7.98000000e-01	1.15312925e-02	1.71988081e-04
7.99000000e-01	1.13378020e-02	1.71185516e-04
8.00000000e-01	1.15450657e-02	1.75074861e-04
8.01000000e-01	1.14241594e-02	1.74789387e-04
8.02000000e-01	1.15575184e-02	1.79005639e-04
8.03000000e-01	1.15122497e-02	1.80423636e-04
8.04000000e-01	1.13927379e-02	1.80837608e-04
8.05000000e-01	1.11961459e-02	1.80428120e-04
8.06000000e-01	1.14886985e-02	1.84032035e-04
8.07000000e-01	1.12482426e-02	1.84678506e-04
8.08000000e-01	1.12886147e-02	1.87273875e-04
8.09000000e-01	1.12856340e-02	1.89546762e-04
8.10000000e-01	1.13104848e-02	1.91566527e-04
8.11000000e-01	1.13393726e-02	1.95987230e-04
8.12000000e-01	1.13554157e-02	1.96602257e-04
8.13000000e-01	1.12870810e-02	1.98231817e-04
8.14000000e-01	1.13801714e-02	2.01209490e-04
8.15000000e-01	1.11866135e-02	2.01280473e-04
8.16000000e-01	1.12739541e-02	2.05111702e-04
8.17000000e-01	1.13253892e-02	2.08068026e-04
8.18000000e-01	1.11422087e-02	2.07871641e-04
8.19000000e-01	1.12751783e-02	2.13550051e-04
8.20000000e-01	1.12997082e-02	2.15962774e-04
8.21000000e-01	1.13729552e-02	2.18817699e-04
8.22000000e-01	1.13487919e-02	2.22251458e-04
8.23000000e-01	1.09628801e-02	2.18854431e-04
8.24000000e-01	1.10842162e-02	2.24201708e-04
8.25000000e-01	1.11475512e-02	2.26613044e-04
8.26000000e-01	1.13555486e-02	2.35365711e-04
8.27000000e-01	1.09896870e-02	2.31121339e-04
8.28000000e-01	1.13436135e-02	2.40826641e-04
8.29000000e-01	1.10944135e-02	2.39942998e-04
8.30000000e-01	1.10920929e-02	2.44154915e-04
8.31000000e-01	1.10234482e-02	2.44141888e-04
8.32000000e-01	1.11168913e-02	2.51265015e-04
8.33000000e-01	1.12185191e-02	2.60606785e-04
8.34000000e-01	1.11167708e-02	2.59680694e-04
8.35000000e-01	1.09062093e-02	2.60508968e-04
8.36000000e-01	1.09835234e-02	2.66756315e-04
8.37000000e-01	1.08271018e-02	2.67686015e-04
8.38000000e-01	1.06889887e-02	2.72494285e-04
8.39000000e-01	1.09201566e-02	2.85286298e-04
8.40000000e-01	1.11853544e-02	2.95874008e-04
8.41000000e-01	1.10504283e-02	3.00038451e-04
8.42000000e-01	1.06729629e-02	2.96691687e-04
8.43000000e-01	1.09227858e-02	3.09112957e-04
8.44000000e-01	1.09095001e-02	3.16768622e-04
8.45000000e-01	1.07001181e-02	3.20757188e-04
8.46000000e-01	1.06408120e-02	3.27490951e-04
8.47000000e-01	1.05830136e-02	3.32858473e-04
8.48000000e-01	1.06959831e-02	3.49248453e-04
8.49000000e-01	1.08746624e-02	3.68041799e-04
8.50000000e-01	1.04921921e-02	3.63485415e-04
8.51000000e-01	1.05926731e-02	3.87671264e-04
8.52000000e-01	1.06952682e-02	3.95406701e-04
8.53000000e-01	1.07725695e-02	4.19446397e-04
8.54000000e-01	1.05850954e-02	4.30958860e-04
8.55000000e-01	1.01510119e-02	4.37056034e-04
8.56000000e-01	1.03328446e-02	4.49662410e-04
8.57000000e-01	1.02349808e-02	4.65468231e-04
8.58000000e-01	1.12058451e-02	5.21357404e-04
8.59000000e-01	1.06487676e-02	5.10145147e-04
8.60000000e-01	1.13169495e-02	5.53283577e-04
8.61000000e-01	1.07288640e-02	5.34348902e-04
8.62000000e-01	1.03588412e-02	5.49986277e-04
8.63000000e-01	1.05504096e-02	5.78309105e-04
8.64000000e-01	1.04420325e-02	6.04308291e-04
8.65000000e-01	1.01134425e-02	5.99174322e-04
8.66000000e-01	1.04222658e-02	6.55487564e-04
8.67000000e-01	1.04415516e-02	7.11332847e-04
8.68000000e-01	9.68232613e-03	7.07393256e-04
8.69000000e-01	1.05094516e-02	8.11097433e-04
8.70000000e-01	1.03870593e-02	8.56674012e-04
8.71000000e-01	1.02081214e-02	9.40408826e-04
8.72000000e-01	1.03711193e-02	1.07532307e-03
8.73000000e-01	9.66265523e-03	1.26613393e-03
8.74000000e-01	1.28197261e-02	1.94418057e-03
8.75000000e-01	1.42137979e-02	4.34453092e-03
