% Filename : SDL5_p7_00023_00014.h5
% Date & Time : 30-Oct-2025 16:52:39
% X-ray Energy (keV) : 13.30001
% Exposure Time (s) : 0.500
% Beam Center : 1461.24000, 208.98300
% Sample to Detector Distance (SDD) (mm) : 1990.750
% Detector Pixel Size (mm) : 0.075
% Photodiode Value : 140334.000
% I0 of Sample : 0
% I0 of Standard : 1
% 
% q(A^-1)   I(q)    I(q)_SE
0.00000000e+00	1.15866750e-02	6.17419216e-03
2.50000000e-04	0.00000000e+00	0.00000000e+00
5.00000000e-04	0.00000000e+00	0.00000000e+00
7.50000000e-04	0.00000000e+00	0.00000000e+00
1.00000000e-03	0.00000000e+00	0.00000000e+00
1.25000000e-03	0.00000000e+00	0.00000000e+00
1.50000000e-03	0.00000000e+00	0.00000000e+00
1.75000000e-03	0.00000000e+00	0.00000000e+00
2.00000000e-03	0.00000000e+00	0.00000000e+00
2.25000000e-03	0.00000000e+00	0.00000000e+00
2.50000000e-03	0.00000000e+00	0.00000000e+00
2.75000000e-03	0.00000000e+00	0.00000000e+00
3.00000000e-03	0.00000000e+00	0.00000000e+00
3.25000000e-03	5.90730410e+01	3.42884263e+01
3.50000000e-03	4.62314044e+01	1.33003141e+01
3.75000000e-03	3.94704474e+01	9.72819641e+00
4.00000000e-03	3.00849323e+01	6.82656770e+00
4.25000000e-03	1.95806933e+01	3.74106869e+00
4.50000000e-03	2.53202742e+01	5.20321245e+00
4.75000000e-03	2.87839729e+01	5.90187511e+00
5.00000000e-03	2.19831976e+01	4.32040430e+00
5.25000000e-03	1.79170586e+01	3.37179899e+00
5.50000000e-03	1.46096630e+01	2.62579737e+00
5.75000000e-03	1.20321158e+01	2.14295505e+00
6.00000000e-03	9.35123946e+00	1.64058488e+00
6.25000000e-03	8.17381033e+00	1.39755319e+00
6.50000000e-03	6.84352929e+00	1.12620955e+00
6.75000000e-03	5.88152171e+00	9.29439568e-01
7.00000000e-03	4.98025827e+00	7.64929529e-01
7.25000000e-03	4.26669893e+00	6.37980380e-01
7.50000000e-03	3.57544801e+00	5.38659479e-01
7.75000000e-03	3.16292888e+00	4.65053037e-01
8.00000000e-03	2.89594713e+00	4.12136951e-01
8.25000000e-03	2.39811876e+00	3.31466476e-01
8.50000000e-03	2.15247816e+00	2.90290537e-01
8.75000000e-03	1.92394234e+00	2.58422020e-01
9.00000000e-03	1.69728906e+00	2.23569289e-01
9.25000000e-03	1.51074808e+00	1.93725946e-01
9.50000000e-03	1.35079814e+00	1.67282828e-01
9.75000000e-03	1.22233879e+00	1.51473998e-01
1.00000000e-02	1.04506617e+00	1.24070478e-01
1.02500000e-02	9.96340812e-01	1.24057069e-01
1.05000000e-02	9.02579790e-01	1.04720019e-01
1.07500000e-02	8.15033866e-01	9.36606798e-02
1.10000000e-02	7.39455478e-01	8.26845911e-02
1.12500000e-02	6.77198188e-01	7.73849743e-02
1.15000000e-02	6.21437025e-01	7.02250358e-02
1.17500000e-02	5.65393746e-01	6.23194392e-02
1.20000000e-02	5.36660088e-01	5.81313942e-02
1.22500000e-02	4.92795964e-01	5.14403634e-02
1.25000000e-02	4.59272402e-01	4.74269006e-02
1.27500000e-02	4.23958550e-01	4.30741917e-02
1.30000000e-02	3.93512297e-01	3.90758685e-02
1.32500000e-02	3.62528274e-01	3.53380007e-02
1.35000000e-02	3.38562699e-01	3.26794340e-02
1.37500000e-02	3.16374952e-01	3.01444398e-02
1.40000000e-02	2.87175149e-01	2.69579203e-02
1.42500000e-02	2.74643570e-01	2.54358597e-02
1.45000000e-02	2.51688737e-01	2.27010766e-02
1.47500000e-02	2.44904425e-01	2.20145528e-02
1.50000000e-02	2.25499004e-01	1.98329424e-02
1.52500000e-02	2.12197159e-01	1.84080294e-02
1.55000000e-02	2.03750732e-01	1.71025341e-02
1.57500000e-02	1.87785334e-01	1.60721950e-02
1.60000000e-02	1.77874901e-01	1.47441113e-02
1.62500000e-02	1.73154309e-01	1.43693255e-02
1.65000000e-02	1.62165309e-01	1.31488103e-02
1.67500000e-02	1.54193747e-01	1.19732510e-02
1.70000000e-02	1.49879605e-01	1.16193917e-02
1.72500000e-02	1.37392257e-01	1.07306724e-02
1.75000000e-02	1.34578629e-01	1.00707666e-02
1.77500000e-02	1.26330851e-01	9.29002504e-03
1.80000000e-02	1.22785577e-01	8.89697418e-03
1.82500000e-02	1.17794633e-01	8.36482877e-03
1.85000000e-02	1.11574902e-01	8.06005913e-03
1.87500000e-02	1.08276200e-01	7.55041816e-03
1.90000000e-02	1.04085585e-01	7.16112718e-03
1.92500000e-02	1.00665817e-01	6.79443092e-03
1.95000000e-02	9.63665420e-02	6.35130572e-03
1.97500000e-02	9.24539764e-02	6.19906604e-03
2.00000000e-02	8.94310773e-02	5.93514732e-03
2.02500000e-02	8.75871765e-02	5.75883738e-03
2.05000000e-02	8.34504871e-02	5.28115130e-03
2.07500000e-02	8.30295670e-02	5.15173311e-03
2.10000000e-02	8.04647727e-02	5.05007225e-03
2.12500000e-02	7.86104424e-02	4.97187140e-03
2.15000000e-02	7.65356274e-02	4.76053702e-03
2.17500000e-02	7.66399957e-02	4.71087329e-03
2.20000000e-02	7.45462635e-02	4.49656133e-03
2.22500000e-02	7.17631179e-02	4.34049519e-03
2.25000000e-02	7.16101145e-02	4.40254205e-03
2.27500000e-02	6.94722650e-02	4.10194251e-03
2.30000000e-02	6.67294910e-02	4.02631898e-03
2.32500000e-02	6.61184201e-02	3.91090915e-03
2.35000000e-02	6.44594453e-02	3.84531388e-03
2.37500000e-02	6.25274592e-02	3.66274050e-03
2.40000000e-02	6.16290127e-02	3.64697843e-03
2.42500000e-02	6.17129586e-02	3.55859594e-03
2.45000000e-02	5.89608072e-02	3.37935979e-03
2.47500000e-02	5.76808177e-02	3.25464489e-03
2.50000000e-02	5.61200112e-02	3.15482679e-03
2.52500000e-02	5.57173755e-02	3.14974868e-03
2.55000000e-02	5.53366133e-02	3.03347707e-03
2.57500000e-02	5.43984901e-02	3.00691011e-03
2.60000000e-02	5.17203985e-02	2.79825763e-03
2.62500000e-02	5.04521717e-02	2.78473652e-03
2.65000000e-02	5.08438252e-02	2.81449016e-03
2.67500000e-02	4.96254893e-02	2.68069010e-03
2.70000000e-02	4.85893464e-02	2.62208340e-03
2.72500000e-02	4.60694264e-02	2.43920548e-03
2.75000000e-02	4.77666272e-02	2.55774816e-03
2.77500000e-02	4.67991764e-02	2.46758588e-03
2.80000000e-02	4.61211828e-02	2.37713254e-03
2.82500000e-02	4.54153142e-02	2.35220003e-03
2.85000000e-02	4.44548451e-02	2.30810285e-03
2.87500000e-02	4.33601514e-02	2.21385852e-03
2.90000000e-02	4.42147507e-02	2.27677728e-03
2.92500000e-02	4.31190948e-02	2.12597261e-03
2.95000000e-02	4.18674924e-02	2.11616003e-03
2.97500000e-02	4.19510171e-02	2.10682517e-03
3.00000000e-02	4.14536110e-02	2.08516733e-03
3.02500000e-02	4.00520621e-02	2.02271899e-03
3.05000000e-02	4.02644819e-02	1.95261923e-03
3.07500000e-02	3.99711816e-02	1.94162910e-03
3.10000000e-02	3.94468170e-02	1.93483386e-03
3.12500000e-02	3.79975871e-02	1.87794295e-03
3.15000000e-02	3.87844977e-02	1.88454045e-03
3.17500000e-02	3.82330456e-02	1.84313752e-03
3.20000000e-02	3.74054418e-02	1.82593829e-03
3.22500000e-02	3.65741036e-02	1.75919299e-03
3.25000000e-02	3.62433693e-02	1.75696838e-03
3.27500000e-02	3.72027798e-02	1.78395853e-03
3.30000000e-02	3.46804564e-02	1.63581931e-03
3.32500000e-02	3.49792545e-02	1.65734744e-03
3.35000000e-02	3.45005195e-02	1.65077375e-03
3.37500000e-02	3.37328345e-02	1.61342294e-03
3.40000000e-02	3.35470326e-02	1.56951412e-03
3.42500000e-02	3.41715437e-02	1.58694272e-03
3.45000000e-02	3.33642647e-02	1.54673113e-03
3.47500000e-02	3.30079650e-02	1.55415176e-03
3.50000000e-02	3.25236465e-02	1.50708655e-03
3.52500000e-02	3.32772511e-02	1.55150141e-03
3.55000000e-02	3.23529962e-02	1.45983338e-03
3.57500000e-02	3.15770410e-02	1.45304452e-03
3.60000000e-02	3.08319811e-02	1.41674197e-03
3.62500000e-02	3.04286663e-02	1.39087694e-03
3.65000000e-02	3.00743571e-02	1.35196915e-03
3.67500000e-02	3.01573926e-02	1.36456323e-03
3.70000000e-02	3.04942104e-02	1.37434562e-03
3.72500000e-02	3.00590358e-02	1.34214161e-03
3.75000000e-02	2.98281650e-02	1.33373384e-03
3.77500000e-02	2.86807205e-02	1.29095927e-03
3.80000000e-02	2.96973821e-02	1.32066677e-03
3.82500000e-02	2.91965211e-02	1.29276682e-03
3.85000000e-02	2.86669076e-02	1.27681550e-03
3.87500000e-02	2.89404245e-02	1.29543160e-03
3.90000000e-02	2.93051967e-02	1.30202657e-03
3.92500000e-02	2.83342538e-02	1.24997805e-03
3.95000000e-02	2.79841078e-02	1.22911132e-03
3.97500000e-02	2.78774746e-02	1.22376298e-03
4.00000000e-02	2.68892250e-02	1.17779974e-03
4.02500000e-02	2.72134093e-02	1.20057831e-03
4.05000000e-02	2.74995073e-02	1.20604858e-03
4.07500000e-02	2.72546210e-02	1.17197980e-03
4.10000000e-02	2.64150666e-02	1.13823004e-03
4.12500000e-02	2.76601501e-02	1.19378363e-03
4.15000000e-02	2.69051708e-02	1.14565145e-03
4.17500000e-02	2.61594289e-02	1.12779152e-03
4.20000000e-02	2.61141252e-02	1.11843266e-03
4.22500000e-02	2.62164793e-02	1.11147448e-03
4.25000000e-02	2.63182897e-02	1.12157987e-03
4.27500000e-02	2.50304564e-02	1.05349777e-03
4.30000000e-02	2.66845852e-02	1.13040137e-03
4.32500000e-02	2.56360707e-02	1.08883254e-03
4.35000000e-02	2.53411001e-02	1.06585569e-03
4.37500000e-02	2.52975313e-02	1.05945156e-03
4.40000000e-02	2.55486801e-02	1.07726370e-03
4.42500000e-02	2.56315518e-02	1.08025725e-03
4.45000000e-02	2.56304656e-02	1.06271320e-03
4.47500000e-02	2.50261026e-02	1.03054244e-03
4.50000000e-02	2.53688704e-02	1.06260199e-03
4.52500000e-02	2.46317896e-02	1.01219132e-03
4.55000000e-02	2.50692145e-02	1.02752126e-03
4.57500000e-02	2.48052692e-02	1.02489823e-03
4.60000000e-02	2.46427866e-02	1.01841373e-03
4.62500000e-02	2.45037847e-02	1.01004569e-03
4.65000000e-02	2.50836906e-02	1.02679123e-03
4.67500000e-02	2.43968234e-02	9.95198215e-04
4.70000000e-02	2.49817652e-02	1.02154772e-03
4.72500000e-02	2.42219945e-02	9.82240351e-04
4.75000000e-02	2.44078518e-02	1.00198738e-03
4.77500000e-02	2.45019436e-02	9.93860071e-04
4.80000000e-02	2.50106219e-02	1.00986736e-03
4.82500000e-02	2.43690725e-02	9.83876555e-04
4.85000000e-02	2.43268162e-02	9.88018938e-04
4.87500000e-02	2.44092251e-02	9.82650750e-04
4.90000000e-02	2.38969069e-02	9.58126664e-04
4.92500000e-02	2.37590974e-02	9.56710180e-04
4.95000000e-02	2.33038960e-02	9.31725178e-04
4.97500000e-02	2.37183867e-02	9.61071985e-04
5.00000000e-02	2.38985616e-02	9.55193714e-04
5.02500000e-02	2.27868071e-02	9.00560247e-04
5.05000000e-02	2.31542346e-02	9.19874316e-04
5.07500000e-02	2.27918244e-02	9.08765146e-04
5.10000000e-02	2.37336131e-02	9.36438662e-04
5.12500000e-02	2.36507954e-02	9.38521310e-04
5.15000000e-02	2.29655066e-02	9.02314808e-04
5.17500000e-02	2.27446114e-02	8.96917920e-04
5.20000000e-02	2.39204350e-02	9.36854073e-04
5.22500000e-02	2.26996091e-02	8.93137469e-04
5.25000000e-02	2.27721215e-02	8.81922940e-04
5.27500000e-02	2.19621096e-02	8.58406968e-04
5.30000000e-02	2.26195677e-02	8.83229616e-04
5.32500000e-02	2.26471741e-02	8.89207043e-04
5.35000000e-02	2.19419598e-02	8.61296495e-04
5.37500000e-02	2.32251448e-02	8.98687113e-04
5.40000000e-02	2.23768421e-02	8.72965492e-04
5.42500000e-02	2.20329008e-02	8.53989906e-04
5.45000000e-02	2.23779400e-02	8.64213776e-04
5.47500000e-02	2.27876564e-02	8.80759788e-04
5.50000000e-02	2.29765947e-02	8.82498111e-04
5.52500000e-02	2.21296726e-02	8.46387505e-04
5.55000000e-02	2.28298697e-02	8.73198798e-04
5.57500000e-02	2.25403091e-02	8.73559258e-04
5.60000000e-02	2.21268826e-02	8.47079613e-04
5.62500000e-02	2.24600124e-02	8.62585077e-04
5.65000000e-02	2.25564248e-02	8.59404498e-04
5.67500000e-02	2.25887718e-02	8.58716767e-04
5.70000000e-02	2.20926230e-02	8.38948206e-04
5.72500000e-02	2.21406866e-02	8.34411509e-04
5.75000000e-02	2.21748810e-02	8.44509582e-04
5.77500000e-02	2.21315732e-02	8.29593743e-04
5.80000000e-02	2.23507343e-02	8.45197567e-04
5.82500000e-02	2.27499488e-02	8.57132209e-04
5.85000000e-02	2.19751490e-02	8.34194415e-04
5.87500000e-02	2.19345099e-02	8.23929099e-04
5.90000000e-02	2.11297027e-02	7.92401782e-04
5.92500000e-02	2.14316371e-02	8.01112537e-04
5.95000000e-02	2.19398974e-02	8.13296539e-04
5.97500000e-02	2.23128512e-02	8.33213012e-04
6.00000000e-02	2.17937493e-02	8.10338422e-04
6.02500000e-02	2.13999090e-02	8.02461326e-04
6.05000000e-02	2.12101870e-02	7.86657663e-04
6.07500000e-02	2.18458030e-02	8.14645970e-04
6.10000000e-02	2.19320692e-02	8.12940386e-04
6.12500000e-02	2.18391742e-02	8.00432235e-04
6.15000000e-02	2.12449731e-02	7.79800511e-04
6.17500000e-02	2.13220673e-02	7.83530528e-04
6.20000000e-02	2.11632959e-02	7.81519790e-04
6.22500000e-02	2.15473021e-02	7.92261653e-04
6.25000000e-02	2.21050836e-02	8.09102967e-04
6.27500000e-02	2.11414647e-02	7.72281998e-04
6.30000000e-02	2.18283665e-02	7.95152008e-04
6.32500000e-02	2.18230076e-02	7.89945255e-04
6.35000000e-02	2.14756165e-02	7.76906002e-04
6.37500000e-02	2.12848768e-02	7.75665121e-04
6.40000000e-02	2.07631596e-02	7.52648109e-04
6.42500000e-02	2.08350796e-02	7.52052830e-04
6.45000000e-02	2.18743345e-02	7.85345772e-04
6.47500000e-02	2.15837756e-02	7.78316601e-04
6.50000000e-02	2.13612509e-02	7.69445522e-04
6.52500000e-02	2.15448316e-02	7.69823415e-04
6.55000000e-02	2.15083559e-02	7.66515064e-04
6.57500000e-02	2.09850942e-02	7.53407836e-04
6.60000000e-02	2.14256585e-02	7.67192513e-04
6.62500000e-02	2.11371277e-02	7.60014299e-04
6.65000000e-02	2.15591081e-02	7.63840243e-04
6.67500000e-02	2.15459166e-02	7.57858543e-04
6.70000000e-02	2.09107203e-02	7.47662807e-04
6.72500000e-02	2.15929651e-02	7.74117790e-04
6.75000000e-02	2.14944598e-02	7.55561228e-04
6.77500000e-02	2.12233150e-02	7.45418612e-04
6.80000000e-02	2.10466366e-02	7.42710346e-04
6.82500000e-02	2.13265807e-02	7.50558069e-04
6.85000000e-02	2.13468420e-02	7.58896728e-04
6.87500000e-02	2.09354023e-02	7.34866433e-04
6.90000000e-02	2.14474201e-02	7.54666384e-04
6.92500000e-02	2.13765640e-02	7.43443216e-04
6.95000000e-02	2.13380742e-02	7.51459648e-04
6.97500000e-02	2.01002041e-02	7.10808055e-04
7.00000000e-02	2.09902181e-02	7.34519601e-04
7.02500000e-02	2.09417857e-02	7.22287885e-04
7.05000000e-02	2.06259538e-02	7.17563815e-04
7.07500000e-02	2.07631253e-02	7.26993220e-04
7.10000000e-02	2.07604083e-02	7.23937576e-04
7.12500000e-02	2.02263824e-02	7.01375241e-04
7.15000000e-02	2.07209317e-02	7.17934583e-04
7.17500000e-02	2.11100340e-02	7.25286820e-04
7.20000000e-02	2.07064870e-02	7.19341927e-04
7.22500000e-02	2.06626798e-02	7.13336143e-04
7.25000000e-02	2.08698264e-02	7.21536632e-04
7.27500000e-02	2.10639376e-02	7.30627615e-04
7.30000000e-02	2.07783532e-02	7.15113217e-04
7.32500000e-02	2.06178940e-02	7.03980673e-04
7.35000000e-02	2.12744112e-02	7.29287368e-04
7.37500000e-02	2.11884893e-02	7.16910188e-04
7.40000000e-02	2.07074692e-02	7.07363447e-04
7.42500000e-02	2.12550130e-02	7.28334511e-04
7.45000000e-02	2.04647933e-02	7.00049603e-04
7.47500000e-02	2.09459077e-02	7.07103231e-04
7.50000000e-02	2.02762312e-02	6.89101834e-04
7.52500000e-02	2.05131609e-02	6.96313885e-04
7.55000000e-02	2.11076100e-02	7.11488055e-04
7.57500000e-02	2.09858403e-02	7.11043261e-04
7.60000000e-02	2.13170380e-02	7.22587797e-04
7.62500000e-02	2.09427797e-02	7.05947547e-04
7.65000000e-02	2.02419900e-02	6.84482703e-04
7.67500000e-02	2.07433130e-02	6.97712034e-04
7.70000000e-02	2.12893297e-02	7.08184280e-04
7.72500000e-02	2.07172266e-02	7.08158736e-04
7.75000000e-02	2.08246296e-02	7.17941430e-04
7.77500000e-02	2.05421174e-02	7.10107925e-04
7.80000000e-02	2.04862430e-02	7.09364800e-04
7.82500000e-02	2.01356309e-02	7.06898938e-04
7.85000000e-02	2.07295345e-02	7.29734684e-04
7.87500000e-02	2.09869524e-02	7.36071162e-04
7.90000000e-02	2.08851845e-02	7.42906414e-04
7.92500000e-02	2.07963321e-02	7.32869306e-04
7.95000000e-02	2.06220769e-02	7.33958173e-04
7.97500000e-02	2.07888723e-02	7.44509594e-04
8.00000000e-02	2.02606882e-02	7.24011329e-04
8.02500000e-02	2.04849398e-02	7.36811191e-04
8.05000000e-02	2.08382965e-02	7.42293223e-04
8.07500000e-02	2.05922207e-02	7.47527824e-04
8.10000000e-02	2.07311351e-02	7.43350134e-04
8.12500000e-02	2.08391410e-02	7.58727333e-04
8.15000000e-02	2.05201619e-02	7.43716547e-04
8.17500000e-02	2.09216441e-02	7.61619761e-04
8.20000000e-02	2.09836060e-02	7.62268848e-04
8.22500000e-02	2.04863466e-02	7.43663909e-04
8.25000000e-02	2.07764362e-02	7.56320528e-04
8.27500000e-02	2.04532497e-02	7.40314041e-04
8.30000000e-02	2.08409431e-02	7.60153120e-04
8.32500000e-02	2.02704299e-02	7.41709403e-04
8.35000000e-02	2.03061986e-02	7.52178548e-04
8.37500000e-02	2.06192212e-02	7.50004660e-04
8.40000000e-02	2.06056532e-02	7.61308261e-04
8.42500000e-02	2.02832571e-02	7.53095138e-04
8.45000000e-02	2.06788616e-02	7.57536217e-04
8.47500000e-02	2.01253132e-02	7.38935979e-04
8.50000000e-02	2.04940054e-02	7.51090374e-04
8.52500000e-02	2.03913820e-02	7.58032206e-04
8.55000000e-02	2.03928991e-02	7.53721808e-04
8.57500000e-02	2.00482112e-02	7.41360725e-04
8.60000000e-02	2.10181365e-02	7.80092666e-04
8.62500000e-02	2.04111426e-02	7.51709125e-04
8.65000000e-02	1.97514937e-02	7.34508365e-04
8.67500000e-02	2.06147870e-02	7.62803829e-04
8.70000000e-02	2.01136947e-02	7.30926644e-04
8.72500000e-02	2.02770818e-02	7.21480983e-04
8.75000000e-02	2.09676990e-02	7.38379356e-04
8.77500000e-02	2.03504139e-02	7.18521908e-04
8.80000000e-02	2.07946198e-02	7.35810863e-04
8.82500000e-02	2.05397165e-02	7.20793145e-04
8.85000000e-02	2.06086056e-02	7.23440793e-04
8.87500000e-02	2.05941916e-02	7.11786508e-04
8.90000000e-02	2.02609668e-02	6.99136339e-04
8.92500000e-02	2.09314568e-02	7.13243374e-04
8.95000000e-02	2.07014054e-02	7.04437384e-04
8.97500000e-02	2.05736772e-02	7.04423618e-04
9.00000000e-02	2.02537373e-02	6.85463146e-04
9.02500000e-02	2.02545362e-02	6.86815020e-04
9.05000000e-02	1.97953491e-02	6.75746169e-04
9.07500000e-02	2.03399811e-02	6.85505532e-04
9.10000000e-02	2.03052913e-02	6.78564223e-04
9.12500000e-02	2.00785385e-02	6.71972424e-04
9.15000000e-02	2.02863096e-02	6.78948358e-04
9.17500000e-02	1.98018315e-02	6.68560975e-04
9.20000000e-02	2.00831855e-02	6.68253594e-04
9.22500000e-02	1.98743715e-02	6.61720293e-04
9.25000000e-02	2.13321733e-02	7.02698183e-04
9.27500000e-02	2.11796718e-02	6.94193891e-04
9.30000000e-02	2.00349682e-02	6.67875725e-04
9.32500000e-02	2.03925776e-02	6.74361397e-04
9.35000000e-02	2.05874357e-02	6.72097471e-04
9.37500000e-02	2.03385437e-02	6.68139091e-04
9.40000000e-02	2.03361763e-02	6.63378416e-04
9.42500000e-02	2.01823700e-02	6.63683713e-04
9.45000000e-02	2.05375099e-02	6.71513033e-04
9.47500000e-02	1.99293227e-02	6.49938110e-04
9.50000000e-02	1.98031273e-02	6.47682510e-04
9.52500000e-02	2.02663620e-02	6.59899489e-04
9.55000000e-02	2.01133969e-02	6.52668007e-04
9.57500000e-02	2.04815992e-02	6.55647007e-04
9.60000000e-02	2.04363889e-02	6.58616821e-04
9.62500000e-02	1.95859879e-02	6.29372158e-04
9.65000000e-02	2.08181743e-02	6.63290414e-04
9.67500000e-02	2.04694692e-02	6.60019824e-04
9.70000000e-02	1.99307013e-02	6.36676190e-04
9.72500000e-02	2.01543467e-02	6.49281913e-04
9.75000000e-02	2.00635324e-02	6.37149445e-04
9.77500000e-02	1.98490453e-02	6.28016780e-04
9.80000000e-02	2.03094403e-02	6.49588069e-04
9.82500000e-02	1.97689366e-02	6.33702602e-04
9.85000000e-02	2.00965968e-02	6.41590741e-04
9.87500000e-02	2.02625305e-02	6.42046269e-04
9.90000000e-02	1.98059530e-02	6.26048071e-04
9.92500000e-02	2.02547707e-02	6.47337321e-04
9.95000000e-02	2.00685421e-02	6.37776855e-04
9.97500000e-02	1.97682547e-02	6.25946384e-04
1.00000000e-01	2.00568532e-02	5.17455104e-04
1.00500000e-01	1.99567421e-02	4.46917053e-04
1.01000000e-01	2.02303397e-02	4.47069081e-04
1.01500000e-01	2.00357461e-02	4.43803221e-04
1.02000000e-01	2.00558689e-02	4.41519169e-04
1.02500000e-01	1.99791245e-02	4.38284796e-04
1.03000000e-01	1.96311094e-02	4.33281280e-04
1.03500000e-01	2.02386718e-02	4.40203960e-04
1.04000000e-01	1.98509722e-02	4.33307659e-04
1.04500000e-01	2.02525880e-02	4.39997205e-04
1.05000000e-01	2.01775375e-02	4.37551575e-04
1.05500000e-01	1.99544510e-02	4.29411719e-04
1.06000000e-01	2.02255429e-02	4.35414565e-04
1.06500000e-01	1.96466370e-02	4.23948011e-04
1.07000000e-01	2.00171298e-02	4.37617234e-04
1.07500000e-01	2.00522916e-02	4.44431660e-04
1.08000000e-01	2.00134743e-02	4.45344276e-04
1.08500000e-01	1.99311238e-02	4.48862279e-04
1.09000000e-01	2.01249071e-02	4.54187798e-04
1.09500000e-01	1.98195268e-02	4.51661410e-04
1.10000000e-01	1.98301137e-02	4.46317606e-04
1.10500000e-01	2.01077150e-02	4.44181187e-04
1.11000000e-01	1.98729984e-02	4.32002521e-04
1.11500000e-01	2.01238901e-02	4.31150268e-04
1.12000000e-01	2.01489199e-02	4.27255233e-04
1.12500000e-01	1.99171872e-02	4.20920220e-04
1.13000000e-01	2.01895658e-02	4.28050809e-04
1.13500000e-01	2.00208833e-02	4.22840844e-04
1.14000000e-01	1.98518306e-02	4.17272370e-04
1.14500000e-01	1.99619117e-02	4.17256534e-04
1.15000000e-01	1.99409408e-02	4.16339526e-04
1.15500000e-01	2.00123620e-02	4.18876657e-04
1.16000000e-01	2.01654741e-02	4.16752510e-04
1.16500000e-01	2.00220326e-02	4.14429544e-04
1.17000000e-01	1.99364222e-02	4.12548831e-04
1.17500000e-01	1.98336702e-02	4.08506861e-04
1.18000000e-01	1.98659228e-02	4.10912454e-04
1.18500000e-01	1.98440062e-02	4.04200383e-04
1.19000000e-01	1.97463722e-02	4.06956753e-04
1.19500000e-01	1.99311090e-02	4.06553171e-04
1.20000000e-01	2.00218607e-02	4.08710036e-04
1.20500000e-01	1.97737105e-02	4.02099110e-04
1.21000000e-01	1.97898886e-02	4.01638904e-04
1.21500000e-01	2.00358654e-02	4.06267340e-04
1.22000000e-01	2.00348046e-02	4.05817816e-04
1.22500000e-01	1.98464623e-02	3.98326350e-04
1.23000000e-01	1.97466197e-02	3.97550566e-04
1.23500000e-01	2.00052007e-02	4.00238714e-04
1.24000000e-01	1.98356895e-02	3.99558044e-04
1.24500000e-01	1.98356759e-02	3.95178622e-04
1.25000000e-01	1.98132632e-02	3.94941915e-04
1.25500000e-01	1.98070011e-02	3.94357706e-04
1.26000000e-01	1.98616666e-02	3.95240493e-04
1.26500000e-01	1.98426053e-02	3.91826632e-04
1.27000000e-01	1.98423702e-02	3.92376448e-04
1.27500000e-01	1.96919109e-02	3.90365480e-04
1.28000000e-01	1.95543240e-02	3.86945803e-04
1.28500000e-01	2.00744424e-02	3.93545899e-04
1.29000000e-01	2.00715009e-02	3.92787743e-04
1.29500000e-01	1.97953364e-02	3.89708164e-04
1.30000000e-01	1.96602401e-02	3.83542394e-04
1.30500000e-01	1.99275735e-02	3.88481744e-04
1.31000000e-01	1.97377556e-02	3.86758743e-04
1.31500000e-01	1.97716236e-02	3.85136375e-04
1.32000000e-01	1.97177155e-02	3.82898000e-04
1.32500000e-01	1.99563112e-02	3.85349518e-04
1.33000000e-01	1.97170978e-02	3.81130212e-04
1.33500000e-01	1.97417587e-02	3.77723693e-04
1.34000000e-01	1.94855424e-02	3.74412719e-04
1.34500000e-01	1.96409416e-02	3.75304326e-04
1.35000000e-01	1.98472453e-02	3.77292814e-04
1.35500000e-01	2.01058059e-02	3.81641260e-04
1.36000000e-01	1.99206952e-02	3.76159664e-04
1.36500000e-01	1.98367875e-02	3.76221836e-04
1.37000000e-01	1.96910691e-02	3.71258311e-04
1.37500000e-01	1.97017826e-02	3.71076349e-04
1.38000000e-01	1.99023401e-02	3.74936848e-04
1.38500000e-01	1.96723394e-02	3.70897315e-04
1.39000000e-01	2.01475666e-02	3.78882332e-04
1.39500000e-01	2.00115354e-02	3.77008754e-04
1.40000000e-01	1.96124062e-02	3.70726372e-04
1.40500000e-01	1.98329596e-02	3.73214605e-04
1.41000000e-01	1.97917853e-02	3.69814079e-04
1.41500000e-01	1.98291395e-02	3.72038775e-04
1.42000000e-01	1.96155713e-02	3.65377939e-04
1.42500000e-01	1.94373143e-02	3.63090389e-04
1.43000000e-01	1.94785945e-02	3.65765901e-04
1.43500000e-01	1.93122745e-02	3.58163621e-04
1.44000000e-01	1.98475033e-02	3.67073259e-04
1.44500000e-01	1.96219149e-02	3.63479563e-04
1.45000000e-01	1.96897946e-02	3.65475839e-04
1.45500000e-01	1.94527560e-02	3.61280222e-04
1.46000000e-01	1.92502483e-02	3.54752605e-04
1.46500000e-01	1.93847688e-02	3.59911556e-04
1.47000000e-01	1.97395465e-02	3.62757177e-04
1.47500000e-01	1.95869437e-02	3.59605708e-04
1.48000000e-01	1.96524039e-02	3.60462020e-04
1.48500000e-01	1.97357076e-02	3.61776330e-04
1.49000000e-01	1.94135926e-02	3.52779050e-04
1.49500000e-01	1.96374729e-02	3.57942222e-04
1.50000000e-01	1.95953430e-02	3.54761659e-04
1.50500000e-01	1.92736419e-02	3.53059509e-04
1.51000000e-01	1.96750863e-02	3.58132974e-04
1.51500000e-01	1.96937574e-02	3.55591408e-04
1.52000000e-01	1.96542046e-02	3.52226716e-04
1.52500000e-01	1.96810643e-02	3.54236646e-04
1.53000000e-01	1.94708292e-02	3.49742062e-04
1.53500000e-01	1.94856072e-02	3.51288581e-04
1.54000000e-01	1.94180726e-02	3.47058776e-04
1.54500000e-01	1.94569742e-02	3.55356907e-04
1.55000000e-01	1.92845371e-02	3.56624330e-04
1.55500000e-01	1.94942616e-02	3.63152586e-04
1.56000000e-01	1.91510925e-02	3.59490091e-04
1.56500000e-01	1.91000931e-02	3.59642866e-04
1.57000000e-01	1.90380749e-02	3.58038505e-04
1.57500000e-01	1.94190630e-02	3.56436623e-04
1.58000000e-01	1.95905000e-02	3.54454674e-04
1.58500000e-01	1.90065646e-02	3.43565570e-04
1.59000000e-01	1.92862286e-02	3.45060041e-04
1.59500000e-01	1.95052935e-02	3.49668857e-04
1.60000000e-01	1.94424034e-02	3.47739085e-04
1.60500000e-01	1.92159800e-02	3.43282638e-04
1.61000000e-01	1.92571203e-02	3.42695426e-04
1.61500000e-01	1.94510266e-02	3.44018611e-04
1.62000000e-01	1.89614247e-02	3.36601217e-04
1.62500000e-01	1.92422407e-02	3.41215769e-04
1.63000000e-01	1.88604518e-02	3.31352326e-04
1.63500000e-01	1.91375871e-02	3.37992364e-04
1.64000000e-01	1.90855653e-02	3.34444433e-04
1.64500000e-01	1.89755348e-02	3.34716906e-04
1.65000000e-01	1.91534739e-02	3.36456871e-04
1.65500000e-01	1.90235108e-02	3.33995974e-04
1.66000000e-01	1.92518297e-02	3.35990994e-04
1.66500000e-01	1.90646859e-02	3.31596114e-04
1.67000000e-01	1.91653892e-02	3.34729266e-04
1.67500000e-01	1.93334987e-02	3.35974250e-04
1.68000000e-01	1.91896193e-02	3.32851387e-04
1.68500000e-01	1.88699998e-02	3.27441168e-04
1.69000000e-01	1.92795976e-02	3.34155626e-04
1.69500000e-01	1.90410355e-02	3.28818796e-04
1.70000000e-01	1.90596235e-02	3.30669928e-04
1.70500000e-01	1.88917094e-02	3.25697128e-04
1.71000000e-01	1.88474666e-02	3.24601777e-04
1.71500000e-01	1.91280713e-02	3.28140279e-04
1.72000000e-01	1.91580967e-02	3.27925058e-04
1.72500000e-01	1.92458996e-02	3.29426448e-04
1.73000000e-01	1.91458917e-02	3.28367599e-04
1.73500000e-01	1.89634763e-02	3.22150024e-04
1.74000000e-01	1.87518563e-02	3.19857223e-04
1.74500000e-01	1.90921183e-02	3.22611286e-04
1.75000000e-01	1.90175700e-02	3.21381691e-04
1.75500000e-01	1.90547255e-02	3.20132737e-04
1.76000000e-01	1.90408133e-02	3.21053941e-04
1.76500000e-01	1.87978774e-02	3.16221326e-04
1.77000000e-01	1.89622658e-02	3.17411412e-04
1.77500000e-01	1.89918826e-02	3.18963446e-04
1.78000000e-01	1.89220555e-02	3.18042538e-04
1.78500000e-01	1.87288439e-02	3.14877918e-04
1.79000000e-01	1.89327429e-02	3.17426907e-04
1.79500000e-01	1.88035410e-02	3.16761172e-04
1.80000000e-01	1.87898625e-02	3.15630817e-04
1.80500000e-01	1.88907458e-02	3.16766179e-04
1.81000000e-01	1.87442179e-02	3.14249104e-04
1.81500000e-01	1.89211946e-02	3.14969278e-04
1.82000000e-01	1.88793889e-02	3.14910742e-04
1.82500000e-01	1.89044920e-02	3.15093560e-04
1.83000000e-01	1.88268116e-02	3.13633802e-04
1.83500000e-01	1.86245160e-02	3.10533688e-04
1.84000000e-01	1.87348456e-02	3.11214564e-04
1.84500000e-01	1.89191189e-02	3.13866428e-04
1.85000000e-01	1.85914508e-02	3.09066920e-04
1.85500000e-01	1.85699355e-02	3.07477223e-04
1.86000000e-01	1.87605618e-02	3.09354293e-04
1.86500000e-01	1.88504467e-02	3.08514135e-04
1.87000000e-01	1.89815980e-02	3.12085695e-04
1.87500000e-01	1.85223952e-02	3.05376967e-04
1.88000000e-01	1.87717773e-02	3.09020503e-04
1.88500000e-01	1.87075683e-02	3.07294107e-04
1.89000000e-01	1.86148248e-02	3.04085771e-04
1.89500000e-01	1.88176411e-02	3.07640308e-04
1.90000000e-01	1.85944584e-02	3.02285968e-04
1.90500000e-01	1.84070068e-02	3.00911269e-04
1.91000000e-01	1.85569530e-02	3.03081621e-04
1.91500000e-01	1.85397902e-02	3.02251431e-04
1.92000000e-01	1.85951839e-02	3.01695407e-04
1.92500000e-01	1.83844081e-02	2.98480271e-04
1.93000000e-01	1.86541485e-02	3.03187097e-04
1.93500000e-01	1.83942560e-02	2.98642528e-04
1.94000000e-01	1.85448512e-02	2.99792295e-04
1.94500000e-01	1.86273483e-02	3.01510569e-04
1.95000000e-01	1.85344616e-02	2.99356193e-04
1.95500000e-01	1.83914273e-02	2.96451853e-04
1.96000000e-01	1.86045008e-02	2.98893117e-04
1.96500000e-01	1.86891666e-02	3.00013224e-04
1.97000000e-01	1.84389623e-02	2.95891166e-04
1.97500000e-01	1.85144108e-02	2.97055236e-04
1.98000000e-01	1.86370667e-02	2.98272229e-04
1.98500000e-01	1.82774214e-02	2.93482275e-04
1.99000000e-01	1.81997594e-02	2.91676726e-04
1.99500000e-01	1.84290676e-02	2.94295481e-04
2.00000000e-01	1.83026870e-02	2.91931877e-04
2.00500000e-01	1.85547070e-02	2.95444469e-04
2.01000000e-01	1.81597780e-02	2.88766597e-04
2.01500000e-01	1.84702620e-02	2.94151985e-04
2.02000000e-01	1.85410957e-02	2.93864810e-04
2.02500000e-01	1.82013958e-02	2.87529871e-04
2.03000000e-01	1.83337560e-02	2.90827538e-04
2.03500000e-01	1.82012645e-02	2.88069700e-04
2.04000000e-01	1.83750224e-02	2.90186000e-04
2.04500000e-01	1.82568573e-02	2.87727631e-04
2.05000000e-01	1.82825637e-02	2.89009627e-04
2.05500000e-01	1.83151645e-02	2.88862446e-04
2.06000000e-01	1.81527285e-02	2.86181291e-04
2.06500000e-01	1.82541759e-02	2.87497313e-04
2.07000000e-01	1.80697454e-02	2.84143837e-04
2.07500000e-01	1.82408601e-02	2.86121607e-04
2.08000000e-01	1.82558969e-02	2.85490852e-04
2.08500000e-01	1.84016678e-02	2.87270308e-04
2.09000000e-01	1.84203068e-02	2.88170354e-04
2.09500000e-01	1.79573691e-02	2.79718786e-04
2.10000000e-01	1.82803142e-02	2.84419578e-04
2.10500000e-01	1.80487204e-02	2.80302338e-04
2.11000000e-01	1.83001108e-02	2.83872026e-04
2.11500000e-01	1.81500607e-02	2.82408452e-04
2.12000000e-01	1.82141921e-02	2.82724178e-04
2.12500000e-01	1.81709545e-02	2.81832115e-04
2.13000000e-01	1.84477917e-02	2.85790144e-04
2.13500000e-01	1.81847333e-02	2.81684962e-04
2.14000000e-01	1.84543290e-02	2.84769584e-04
2.14500000e-01	1.81568339e-02	2.79640186e-04
2.15000000e-01	1.80566909e-02	2.80510504e-04
2.15500000e-01	1.80759615e-02	2.78043210e-04
2.16000000e-01	1.81292832e-02	2.79278114e-04
2.16500000e-01	1.83050263e-02	2.82119751e-04
2.17000000e-01	1.82288789e-02	2.84323580e-04
2.17500000e-01	1.82180756e-02	2.87900818e-04
2.18000000e-01	1.79960092e-02	2.85853027e-04
2.18500000e-01	1.81108024e-02	2.89137183e-04
2.19000000e-01	1.80242615e-02	2.89466068e-04
2.19500000e-01	1.82052946e-02	2.92931088e-04
2.20000000e-01	1.81081181e-02	2.93131119e-04
2.20500000e-01	1.77428948e-02	2.86314276e-04
2.21000000e-01	1.78282622e-02	2.89883913e-04
2.21500000e-01	1.78858286e-02	2.91953016e-04
2.22000000e-01	1.79851010e-02	2.93150067e-04
2.22500000e-01	1.79028204e-02	2.91840169e-04
2.23000000e-01	1.79519897e-02	2.93548557e-04
2.23500000e-01	1.81007021e-02	2.96880361e-04
2.24000000e-01	1.77403590e-02	2.92225330e-04
2.24500000e-01	1.79250591e-02	2.96115774e-04
2.25000000e-01	1.79132815e-02	2.95785415e-04
2.25500000e-01	1.79694855e-02	2.97470970e-04
2.26000000e-01	1.78984044e-02	2.97980021e-04
2.26500000e-01	1.81194413e-02	2.95781902e-04
2.27000000e-01	1.81894829e-02	2.93872170e-04
2.27500000e-01	1.78950257e-02	2.88163396e-04
2.28000000e-01	1.80865487e-02	2.89400523e-04
2.28500000e-01	1.80910825e-02	2.87860686e-04
2.29000000e-01	1.78285191e-02	2.81761165e-04
2.29500000e-01	1.80588340e-02	2.84338224e-04
2.30000000e-01	1.78514997e-02	2.79937087e-04
2.30500000e-01	1.78649920e-02	2.78975241e-04
2.31000000e-01	1.78371842e-02	2.79674328e-04
2.31500000e-01	1.76877858e-02	2.75358323e-04
2.32000000e-01	1.79423949e-02	2.80498522e-04
2.32500000e-01	1.77868965e-02	2.77284051e-04
2.33000000e-01	1.79209176e-02	2.78007049e-04
2.33500000e-01	1.77511707e-02	2.73983662e-04
2.34000000e-01	1.80457365e-02	2.76901428e-04
2.34500000e-01	1.79105811e-02	2.75394319e-04
2.35000000e-01	1.79242825e-02	2.75902196e-04
2.35500000e-01	1.81030962e-02	2.77439256e-04
2.36000000e-01	1.76591298e-02	2.71578330e-04
2.36500000e-01	1.76812186e-02	2.71485787e-04
2.37000000e-01	1.78543570e-02	2.73022836e-04
2.37500000e-01	1.77961869e-02	2.70874577e-04
2.38000000e-01	1.78794027e-02	2.70602149e-04
2.38500000e-01	1.77076556e-02	2.69468547e-04
2.39000000e-01	1.77803987e-02	2.69303521e-04
2.39500000e-01	1.79148152e-02	2.72038635e-04
2.40000000e-01	1.77972659e-02	2.68605130e-04
2.40500000e-01	1.78977801e-02	2.69206428e-04
2.41000000e-01	1.77796514e-02	2.68416510e-04
2.41500000e-01	1.78780327e-02	2.67898586e-04
2.42000000e-01	1.78892153e-02	2.68662977e-04
2.42500000e-01	1.75525740e-02	2.63133946e-04
2.43000000e-01	1.77643943e-02	2.65499118e-04
2.43500000e-01	1.77045640e-02	2.66347588e-04
2.44000000e-01	1.77394947e-02	2.64919482e-04
2.44500000e-01	1.78177973e-02	2.64423360e-04
2.45000000e-01	1.77908762e-02	2.63628368e-04
2.45500000e-01	1.74240783e-02	2.59379873e-04
2.46000000e-01	1.77457246e-02	2.65393922e-04
2.46500000e-01	1.75045866e-02	2.59820003e-04
2.47000000e-01	1.75890921e-02	2.61581934e-04
2.47500000e-01	1.76022583e-02	2.59832179e-04
2.48000000e-01	1.76597861e-02	2.61314044e-04
2.48500000e-01	1.75301293e-02	2.58687360e-04
2.49000000e-01	1.77618359e-02	2.60699941e-04
2.49500000e-01	1.77373928e-02	2.61365960e-04
2.50000000e-01	1.77096020e-02	2.60265429e-04
2.50500000e-01	1.77201338e-02	2.61411071e-04
2.51000000e-01	1.74542835e-02	2.57004462e-04
2.51500000e-01	1.75401217e-02	2.58243751e-04
2.52000000e-01	1.75893122e-02	2.57452030e-04
2.52500000e-01	1.75058003e-02	2.57302244e-04
2.53000000e-01	1.73566274e-02	2.55183387e-04
2.53500000e-01	1.73438047e-02	2.53096767e-04
2.54000000e-01	1.76163870e-02	2.57735292e-04
2.54500000e-01	1.75001954e-02	2.56141308e-04
2.55000000e-01	1.75216830e-02	2.55395592e-04
2.55500000e-01	1.74241902e-02	2.53943045e-04
2.56000000e-01	1.73850641e-02	2.52406153e-04
2.56500000e-01	1.75349366e-02	2.55214825e-04
2.57000000e-01	1.75186659e-02	2.53929498e-04
2.57500000e-01	1.76664438e-02	2.55917770e-04
2.58000000e-01	1.73815389e-02	2.52125442e-04
2.58500000e-01	1.75456939e-02	2.53517719e-04
2.59000000e-01	1.74070713e-02	2.50694057e-04
2.59500000e-01	1.75918401e-02	2.52323756e-04
2.60000000e-01	1.76321809e-02	2.54015247e-04
2.60500000e-01	1.72523897e-02	2.48440584e-04
2.61000000e-01	1.74791293e-02	2.51084003e-04
2.61500000e-01	1.74551154e-02	2.51041340e-04
2.62000000e-01	1.73805495e-02	2.49062108e-04
2.62500000e-01	1.70605068e-02	2.45134767e-04
2.63000000e-01	1.74095675e-02	2.49026217e-04
2.63500000e-01	1.73222271e-02	2.48504720e-04
2.64000000e-01	1.71639126e-02	2.45882360e-04
2.64500000e-01	1.74014163e-02	2.48031890e-04
2.65000000e-01	1.72767775e-02	2.46443346e-04
2.65500000e-01	1.75814659e-02	2.50366457e-04
2.66000000e-01	1.74050755e-02	2.47370925e-04
2.66500000e-01	1.72482163e-02	2.45017538e-04
2.67000000e-01	1.70155150e-02	2.41278516e-04
2.67500000e-01	1.72327014e-02	2.44041393e-04
2.68000000e-01	1.73216193e-02	2.45519230e-04
2.68500000e-01	1.74581510e-02	2.46503442e-04
2.69000000e-01	1.73417620e-02	2.43880695e-04
2.69500000e-01	1.74689935e-02	2.46085407e-04
2.70000000e-01	1.71751575e-02	2.42816764e-04
2.70500000e-01	1.73786857e-02	2.44572844e-04
2.71000000e-01	1.72932836e-02	2.43223108e-04
2.71500000e-01	1.72935785e-02	2.43246741e-04
2.72000000e-01	1.73739089e-02	2.43487201e-04
2.72500000e-01	1.71150431e-02	2.41385413e-04
2.73000000e-01	1.71470267e-02	2.40111157e-04
2.73500000e-01	1.72984663e-02	2.42224033e-04
2.74000000e-01	1.72609340e-02	2.40815429e-04
2.74500000e-01	1.72002138e-02	2.40155233e-04
2.75000000e-01	1.73699037e-02	2.42339230e-04
2.75500000e-01	1.72343296e-02	2.41167464e-04
2.76000000e-01	1.71275911e-02	2.38920343e-04
2.76500000e-01	1.70669618e-02	2.37769318e-04
2.77000000e-01	1.71919218e-02	2.38913330e-04
2.77500000e-01	1.73008328e-02	2.41004834e-04
2.78000000e-01	1.71751552e-02	2.37949062e-04
2.78500000e-01	1.70099894e-02	2.36720545e-04
2.79000000e-01	1.70627555e-02	2.36083839e-04
2.79500000e-01	1.70399136e-02	2.36264070e-04
2.80000000e-01	1.71463070e-02	2.36963806e-04
2.80500000e-01	1.71824394e-02	2.36776740e-04
2.81000000e-01	1.71506987e-02	2.37681537e-04
2.81500000e-01	1.69528288e-02	2.33633655e-04
2.82000000e-01	1.71588190e-02	2.36785599e-04
2.82500000e-01	1.69711270e-02	2.34064248e-04
2.83000000e-01	1.70984538e-02	2.35456499e-04
2.83500000e-01	1.70395469e-02	2.35216986e-04
2.84000000e-01	1.69010664e-02	2.33275462e-04
2.84500000e-01	1.71770823e-02	2.36273936e-04
2.85000000e-01	1.70325713e-02	2.34038938e-04
2.85500000e-01	1.69407245e-02	2.31525519e-04
2.86000000e-01	1.68926444e-02	2.31799115e-04
2.86500000e-01	1.69667661e-02	2.32641645e-04
2.87000000e-01	1.69750832e-02	2.31816514e-04
2.87500000e-01	1.67880421e-02	2.29274692e-04
2.88000000e-01	1.68906642e-02	2.29622291e-04
2.88500000e-01	1.68304516e-02	2.31207704e-04
2.89000000e-01	1.71613251e-02	2.33457151e-04
2.89500000e-01	1.68724783e-02	2.30134348e-04
2.90000000e-01	1.70693576e-02	2.32730496e-04
2.90500000e-01	1.68961413e-02	2.29889146e-04
2.91000000e-01	1.69933077e-02	2.29949245e-04
2.91500000e-01	1.70929750e-02	2.31008199e-04
2.92000000e-01	1.68067651e-02	2.28041522e-04
2.92500000e-01	1.69812529e-02	2.28571132e-04
2.93000000e-01	1.69578801e-02	2.29776167e-04
2.93500000e-01	1.67981035e-02	2.27232194e-04
2.94000000e-01	1.69461289e-02	2.28267032e-04
2.94500000e-01	1.70383067e-02	2.29929851e-04
2.95000000e-01	1.70579783e-02	2.28925763e-04
2.95500000e-01	1.66334822e-02	2.24532312e-04
2.96000000e-01	1.68624769e-02	2.26597611e-04
2.96500000e-01	1.69804526e-02	2.28836315e-04
2.97000000e-01	1.67679433e-02	2.25583682e-04
2.97500000e-01	1.68681362e-02	2.25847849e-04
2.98000000e-01	1.69785435e-02	2.27418286e-04
2.98500000e-01	1.68779678e-02	2.26573291e-04
2.99000000e-01	1.67315149e-02	2.24423037e-04
2.99500000e-01	1.69997381e-02	2.27536026e-04
3.00000000e-01	1.67749345e-02	2.23923275e-04
3.00500000e-01	1.68079257e-02	2.23962963e-04
3.01000000e-01	1.68058754e-02	2.23737964e-04
3.01500000e-01	1.68586520e-02	2.25658071e-04
3.02000000e-01	1.68325147e-02	2.24099002e-04
3.02500000e-01	1.66785199e-02	2.22482695e-04
3.03000000e-01	1.66123064e-02	2.21187914e-04
3.03500000e-01	1.67587365e-02	2.22646397e-04
3.04000000e-01	1.67051318e-02	2.22321689e-04
3.04500000e-01	1.66270925e-02	2.20649691e-04
3.05000000e-01	1.67333450e-02	2.21797756e-04
3.05500000e-01	1.67887663e-02	2.22543789e-04
3.06000000e-01	1.67758506e-02	2.21287522e-04
3.06500000e-01	1.66845619e-02	2.20962425e-04
3.07000000e-01	1.68525211e-02	2.21932929e-04
3.07500000e-01	1.67459700e-02	2.21511296e-04
3.08000000e-01	1.66653917e-02	2.19644863e-04
3.08500000e-01	1.67915475e-02	2.21074039e-04
3.09000000e-01	1.69386326e-02	2.23337546e-04
3.09500000e-01	1.67224053e-02	2.19243063e-04
3.10000000e-01	1.68005528e-02	2.20638875e-04
3.10500000e-01	1.67219417e-02	2.19911583e-04
3.11000000e-01	1.66437434e-02	2.17749665e-04
3.11500000e-01	1.65673062e-02	2.17587690e-04
3.12000000e-01	1.65985090e-02	2.18059431e-04
3.12500000e-01	1.64573253e-02	2.15242728e-04
3.13000000e-01	1.65857714e-02	2.17925228e-04
3.13500000e-01	1.64427297e-02	2.15087010e-04
3.14000000e-01	1.65650879e-02	2.17046056e-04
3.14500000e-01	1.67417309e-02	2.18655777e-04
3.15000000e-01	1.67501760e-02	2.19156498e-04
3.15500000e-01	1.65570648e-02	2.16223328e-04
3.16000000e-01	1.66927980e-02	2.17073818e-04
3.16500000e-01	1.62946351e-02	2.12442721e-04
3.17000000e-01	1.67394404e-02	2.18067551e-04
3.17500000e-01	1.64100909e-02	2.13980726e-04
3.18000000e-01	1.66598775e-02	2.15563146e-04
3.18500000e-01	1.66923078e-02	2.16749392e-04
3.19000000e-01	1.64279478e-02	2.12852670e-04
3.19500000e-01	1.63083216e-02	2.11478714e-04
3.20000000e-01	1.64743337e-02	2.13402134e-04
3.20500000e-01	1.63946060e-02	2.12288574e-04
3.21000000e-01	1.64178216e-02	2.12777679e-04
3.21500000e-01	1.64899039e-02	2.13369538e-04
3.22000000e-01	1.65993410e-02	2.14203994e-04
3.22500000e-01	1.62051145e-02	2.08931956e-04
3.23000000e-01	1.63996077e-02	2.11202872e-04
3.23500000e-01	1.63574289e-02	2.11125630e-04
3.24000000e-01	1.64546400e-02	2.11244182e-04
3.24500000e-01	1.63918269e-02	2.11456644e-04
3.25000000e-01	1.63598580e-02	2.10190697e-04
3.25500000e-01	1.64447998e-02	2.11384842e-04
3.26000000e-01	1.63022082e-02	2.09781200e-04
3.26500000e-01	1.64445243e-02	2.11074585e-04
3.27000000e-01	1.63577546e-02	2.09818744e-04
3.27500000e-01	1.62741921e-02	2.08793674e-04
3.28000000e-01	1.64601304e-02	2.10424206e-04
3.28500000e-01	1.63233963e-02	2.08650849e-04
3.29000000e-01	1.61844774e-02	2.07243994e-04
3.29500000e-01	1.63332985e-02	2.08434496e-04
3.30000000e-01	1.61931080e-02	2.06059894e-04
3.30500000e-01	1.62720429e-02	2.07534066e-04
3.31000000e-01	1.62005618e-02	2.06653383e-04
3.31500000e-01	1.62797381e-02	2.07311269e-04
3.32000000e-01	1.65113624e-02	2.10181185e-04
3.32500000e-01	1.62925362e-02	2.07489605e-04
3.33000000e-01	1.63114641e-02	2.07003365e-04
3.33500000e-01	1.64555448e-02	2.08198688e-04
3.34000000e-01	1.62542403e-02	2.06069849e-04
3.34500000e-01	1.62553212e-02	2.06019199e-04
3.35000000e-01	1.63147026e-02	2.06256935e-04
3.35500000e-01	1.61970443e-02	2.05591347e-04
3.36000000e-01	1.61725955e-02	2.04445624e-04
3.36500000e-01	1.63442053e-02	2.07097244e-04
3.37000000e-01	1.59122688e-02	2.01644602e-04
3.37500000e-01	1.61920240e-02	2.04905822e-04
3.38000000e-01	1.63275321e-02	2.06109017e-04
3.38500000e-01	1.61836688e-02	2.03508201e-04
3.39000000e-01	1.60856777e-02	2.02985086e-04
3.39500000e-01	1.61762071e-02	2.03867303e-04
3.40000000e-01	1.62149772e-02	2.03957105e-04
3.40500000e-01	1.60697395e-02	2.02088350e-04
3.41000000e-01	1.59713927e-02	2.00947501e-04
3.41500000e-01	1.61991385e-02	2.03559633e-04
3.42000000e-01	1.61017731e-02	2.01900721e-04
3.42500000e-01	1.60627169e-02	2.01499974e-04
3.43000000e-01	1.61237464e-02	2.02081845e-04
3.43500000e-01	1.60439098e-02	2.00768023e-04
3.44000000e-01	1.59885374e-02	2.00679762e-04
3.44500000e-01	1.60880728e-02	2.00868531e-04
3.45000000e-01	1.59277879e-02	1.99480101e-04
3.45500000e-01	1.60418848e-02	2.00316377e-04
3.46000000e-01	1.60676560e-02	2.00563181e-04
3.46500000e-01	1.59271602e-02	1.98664124e-04
3.47000000e-01	1.59403424e-02	1.99058822e-04
3.47500000e-01	1.60095125e-02	1.99621579e-04
3.48000000e-01	1.61308845e-02	2.00597678e-04
3.48500000e-01	1.58385393e-02	1.97495938e-04
3.49000000e-01	1.59812301e-02	1.98262046e-04
3.49500000e-01	1.61979627e-02	2.01014148e-04
3.50000000e-01	1.58436914e-02	1.60695470e-04
3.51000000e-01	1.59119990e-02	1.39498491e-04
3.52000000e-01	1.59112272e-02	1.39472928e-04
3.53000000e-01	1.59167926e-02	1.38750634e-04
3.54000000e-01	1.59189276e-02	1.39030088e-04
3.55000000e-01	1.59546789e-02	1.39129971e-04
3.56000000e-01	1.59536895e-02	1.39384547e-04
3.57000000e-01	1.58008493e-02	1.40767073e-04
3.58000000e-01	1.57869955e-02	1.41873458e-04
3.59000000e-01	1.57882842e-02	1.43291407e-04
3.60000000e-01	1.58352552e-02	1.44279154e-04
3.61000000e-01	1.56577101e-02	1.43483395e-04
3.62000000e-01	1.56624902e-02	1.44671551e-04
3.63000000e-01	1.57853604e-02	1.45466268e-04
3.64000000e-01	1.56307925e-02	1.44874371e-04
3.65000000e-01	1.57766101e-02	1.46448862e-04
3.66000000e-01	1.55488807e-02	1.43107690e-04
3.67000000e-01	1.57179821e-02	1.42364067e-04
3.68000000e-01	1.56341297e-02	1.40454435e-04
3.69000000e-01	1.56285363e-02	1.39670522e-04
3.70000000e-01	1.55785585e-02	1.38582692e-04
3.71000000e-01	1.57188022e-02	1.41859343e-04
3.72000000e-01	1.55904723e-02	1.41391709e-04
3.73000000e-01	1.56189937e-02	1.42087706e-04
3.74000000e-01	1.55241624e-02	1.41330564e-04
3.75000000e-01	1.55392402e-02	1.41671912e-04
3.76000000e-01	1.56714770e-02	1.42743747e-04
3.77000000e-01	1.55573305e-02	1.41609147e-04
3.78000000e-01	1.56181140e-02	1.42232991e-04
3.79000000e-01	1.54663507e-02	1.40842341e-04
3.80000000e-01	1.54997488e-02	1.41229428e-04
3.81000000e-01	1.55339172e-02	1.41145606e-04
3.82000000e-01	1.54089033e-02	1.40134038e-04
3.83000000e-01	1.54224209e-02	1.40219735e-04
3.84000000e-01	1.54505995e-02	1.40615816e-04
3.85000000e-01	1.55614129e-02	1.41697589e-04
3.86000000e-01	1.53944162e-02	1.39847571e-04
3.87000000e-01	1.54998388e-02	1.40537924e-04
3.88000000e-01	1.54485280e-02	1.40143315e-04
3.89000000e-01	1.53239070e-02	1.39383857e-04
3.90000000e-01	1.53588408e-02	1.39196162e-04
3.91000000e-01	1.54986272e-02	1.40566403e-04
3.92000000e-01	1.52520591e-02	1.38278877e-04
3.93000000e-01	1.52515628e-02	1.38303621e-04
3.94000000e-01	1.53641643e-02	1.38912936e-04
3.95000000e-01	1.53517712e-02	1.39013615e-04
3.96000000e-01	1.53117151e-02	1.38675915e-04
3.97000000e-01	1.53864480e-02	1.39193597e-04
3.98000000e-01	1.51821351e-02	1.38039086e-04
3.99000000e-01	1.53126741e-02	1.39243439e-04
4.00000000e-01	1.51935364e-02	1.37992602e-04
4.01000000e-01	1.53440152e-02	1.39038665e-04
4.02000000e-01	1.51181999e-02	1.37418691e-04
4.03000000e-01	1.53315225e-02	1.39001341e-04
4.04000000e-01	1.52388190e-02	1.38087186e-04
4.05000000e-01	1.50855332e-02	1.36652371e-04
4.06000000e-01	1.52349455e-02	1.37868042e-04
4.07000000e-01	1.51100498e-02	1.36859217e-04
4.08000000e-01	1.51011933e-02	1.36271292e-04
4.09000000e-01	1.50271128e-02	1.36078996e-04
4.10000000e-01	1.52302721e-02	1.37667250e-04
4.11000000e-01	1.50941561e-02	1.36584109e-04
4.12000000e-01	1.51041690e-02	1.36388178e-04
4.13000000e-01	1.51225884e-02	1.36536984e-04
4.14000000e-01	1.50597566e-02	1.36106559e-04
4.15000000e-01	1.50776357e-02	1.36254740e-04
4.16000000e-01	1.50810924e-02	1.35948316e-04
4.17000000e-01	1.51015188e-02	1.36158966e-04
4.18000000e-01	1.51632572e-02	1.38217733e-04
4.19000000e-01	1.50322067e-02	1.38909768e-04
4.20000000e-01	1.50977414e-02	1.40329921e-04
4.21000000e-01	1.50291854e-02	1.39751994e-04
4.22000000e-01	1.50096071e-02	1.40407254e-04
4.23000000e-01	1.51262163e-02	1.41736777e-04
4.24000000e-01	1.50722366e-02	1.41801197e-04
4.25000000e-01	1.50420871e-02	1.41616442e-04
4.26000000e-01	1.50294190e-02	1.41456130e-04
4.27000000e-01	1.49519899e-02	1.40939177e-04
4.28000000e-01	1.49895148e-02	1.41397960e-04
4.29000000e-01	1.50257328e-02	1.42246921e-04
4.30000000e-01	1.51558938e-02	1.42953648e-04
4.31000000e-01	1.51174069e-02	1.42514311e-04
4.32000000e-01	1.49767504e-02	1.41683972e-04
4.33000000e-01	1.50062333e-02	1.42269350e-04
4.34000000e-01	1.48954650e-02	1.41207607e-04
4.35000000e-01	1.49821663e-02	1.42239782e-04
4.36000000e-01	1.48403263e-02	1.41036561e-04
4.37000000e-01	1.48616472e-02	1.41263936e-04
4.38000000e-01	1.48848169e-02	1.41618445e-04
4.39000000e-01	1.48855580e-02	1.41895323e-04
4.40000000e-01	1.48286801e-02	1.41423669e-04
4.41000000e-01	1.49533522e-02	1.42958150e-04
4.42000000e-01	1.48978865e-02	1.42549480e-04
4.43000000e-01	1.49051442e-02	1.42797655e-04
4.44000000e-01	1.47556376e-02	1.41434838e-04
4.45000000e-01	1.47845407e-02	1.41824495e-04
4.46000000e-01	1.49181866e-02	1.42970423e-04
4.47000000e-01	1.48567173e-02	1.42930103e-04
4.48000000e-01	1.46444182e-02	1.41199255e-04
4.49000000e-01	1.48406500e-02	1.42980132e-04
4.50000000e-01	1.48327165e-02	1.43045031e-04
4.51000000e-01	1.48953822e-02	1.43629046e-04
4.52000000e-01	1.48190915e-02	1.43256721e-04
4.53000000e-01	1.47330674e-02	1.42854161e-04
4.54000000e-01	1.47329149e-02	1.42442596e-04
4.55000000e-01	1.48611800e-02	1.44190055e-04
4.56000000e-01	1.47174540e-02	1.43110911e-04
4.57000000e-01	1.47260098e-02	1.43265519e-04
4.58000000e-01	1.49508105e-02	1.45740437e-04
4.59000000e-01	1.47101179e-02	1.43398814e-04
4.60000000e-01	1.47351879e-02	1.43596660e-04
4.61000000e-01	1.47862186e-02	1.44177378e-04
4.62000000e-01	1.47163240e-02	1.43595194e-04
4.63000000e-01	1.46897230e-02	1.43545897e-04
4.64000000e-01	1.47028720e-02	1.43728302e-04
4.65000000e-01	1.47716335e-02	1.44598665e-04
4.66000000e-01	1.48238347e-02	1.44794816e-04
4.67000000e-01	1.46055972e-02	1.43025374e-04
4.68000000e-01	1.47301165e-02	1.44304308e-04
4.69000000e-01	1.47372318e-02	1.44405083e-04
4.70000000e-01	1.46497339e-02	1.43757262e-04
4.71000000e-01	1.46794678e-02	1.44213129e-04
4.72000000e-01	1.47310394e-02	1.44135894e-04
4.73000000e-01	1.44963798e-02	1.42263839e-04
4.74000000e-01	1.44738280e-02	1.42279625e-04
4.75000000e-01	1.45806545e-02	1.42978373e-04
4.76000000e-01	1.44452154e-02	1.41521817e-04
4.77000000e-01	1.44461205e-02	1.41780358e-04
4.78000000e-01	1.45191649e-02	1.42559571e-04
4.79000000e-01	1.44961734e-02	1.42163882e-04
4.80000000e-01	1.44514123e-02	1.41986656e-04
4.81000000e-01	1.44877902e-02	1.42661187e-04
4.82000000e-01	1.45402767e-02	1.43043206e-04
4.83000000e-01	1.45791671e-02	1.43724087e-04
4.84000000e-01	1.45655359e-02	1.43261878e-04
4.85000000e-01	1.44553210e-02	1.42568440e-04
4.86000000e-01	1.44871778e-02	1.42906544e-04
4.87000000e-01	1.45049211e-02	1.42850044e-04
4.88000000e-01	1.44155014e-02	1.42435587e-04
4.89000000e-01	1.45037824e-02	1.42887696e-04
4.90000000e-01	1.45640634e-02	1.43433201e-04
4.91000000e-01	1.44335304e-02	1.42577083e-04
4.92000000e-01	1.43646991e-02	1.41864111e-04
4.93000000e-01	1.44618379e-02	1.43306572e-04
4.94000000e-01	1.44900489e-02	1.43065850e-04
4.95000000e-01	1.44258541e-02	1.44240154e-04
4.96000000e-01	1.45182263e-02	1.48729776e-04
4.97000000e-01	1.44649941e-02	1.51077337e-04
4.98000000e-01	1.44920457e-02	1.53317309e-04
4.99000000e-01	1.43090183e-02	1.53642271e-04
5.00000000e-01	1.43984633e-02	1.55079685e-04
5.01000000e-01	1.43768998e-02	1.57130567e-04
5.02000000e-01	1.42732715e-02	1.57627584e-04
5.03000000e-01	1.43294195e-02	1.60143459e-04
5.04000000e-01	1.44682849e-02	1.63053566e-04
5.05000000e-01	1.42783625e-02	1.57869841e-04
5.06000000e-01	1.43253762e-02	1.55236353e-04
5.07000000e-01	1.44175894e-02	1.54298723e-04
5.08000000e-01	1.43961692e-02	1.52877278e-04
5.09000000e-01	1.44017341e-02	1.52283224e-04
5.10000000e-01	1.43266064e-02	1.51782363e-04
5.11000000e-01	1.43521642e-02	1.51445467e-04
5.12000000e-01	1.42415900e-02	1.50071938e-04
5.13000000e-01	1.43431093e-02	1.50814535e-04
5.14000000e-01	1.41341189e-02	1.48523509e-04
5.15000000e-01	1.42801855e-02	1.49154551e-04
5.16000000e-01	1.41161173e-02	1.47306512e-04
5.17000000e-01	1.41527729e-02	1.47715106e-04
5.18000000e-01	1.42170059e-02	1.48460084e-04
5.19000000e-01	1.43565445e-02	1.48634528e-04
5.20000000e-01	1.41954652e-02	1.46801848e-04
5.21000000e-01	1.41779398e-02	1.46966548e-04
5.22000000e-01	1.42347450e-02	1.46990614e-04
5.23000000e-01	1.41063522e-02	1.45641268e-04
5.24000000e-01	1.41231549e-02	1.45672278e-04
5.25000000e-01	1.42155112e-02	1.46762418e-04
5.26000000e-01	1.41546616e-02	1.45861096e-04
5.27000000e-01	1.41893674e-02	1.46206408e-04
5.28000000e-01	1.40350354e-02	1.45099856e-04
5.29000000e-01	1.41395342e-02	1.46016547e-04
5.30000000e-01	1.42196469e-02	1.46896172e-04
5.31000000e-01	1.40842357e-02	1.45575538e-04
5.32000000e-01	1.41978383e-02	1.46741509e-04
5.33000000e-01	1.41075556e-02	1.46022379e-04
5.34000000e-01	1.40411875e-02	1.45281571e-04
5.35000000e-01	1.41307426e-02	1.45837592e-04
5.36000000e-01	1.39776786e-02	1.44416658e-04
5.37000000e-01	1.39832534e-02	1.44464785e-04
5.38000000e-01	1.40149831e-02	1.44419403e-04
5.39000000e-01	1.39975599e-02	1.44998222e-04
5.40000000e-01	1.39710195e-02	1.44224822e-04
5.41000000e-01	1.40745292e-02	1.45075828e-04
5.42000000e-01	1.40477495e-02	1.44873569e-04
5.43000000e-01	1.40965723e-02	1.45255328e-04
5.44000000e-01	1.40120593e-02	1.44925911e-04
5.45000000e-01	1.39803053e-02	1.44530658e-04
5.46000000e-01	1.40295808e-02	1.45134552e-04
5.47000000e-01	1.39710041e-02	1.44436253e-04
5.48000000e-01	1.38891906e-02	1.43586202e-04
5.49000000e-01	1.41362728e-02	1.45561477e-04
5.50000000e-01	1.40994393e-02	1.45348563e-04
5.51000000e-01	1.39392311e-02	1.43353702e-04
5.52000000e-01	1.39329673e-02	1.42778121e-04
5.53000000e-01	1.38589851e-02	1.42542192e-04
5.54000000e-01	1.38516843e-02	1.42252145e-04
5.55000000e-01	1.37373038e-02	1.41050008e-04
5.56000000e-01	1.38355880e-02	1.42064175e-04
5.57000000e-01	1.37357368e-02	1.41677996e-04
5.58000000e-01	1.37453878e-02	1.41371609e-04
5.59000000e-01	1.38958661e-02	1.42843190e-04
5.60000000e-01	1.37699181e-02	1.41969360e-04
5.61000000e-01	1.37387191e-02	1.40986445e-04
5.62000000e-01	1.38240263e-02	1.42207457e-04
5.63000000e-01	1.37869754e-02	1.41364222e-04
5.64000000e-01	1.36744156e-02	1.40587552e-04
5.65000000e-01	1.37325781e-02	1.41297507e-04
5.66000000e-01	1.38354549e-02	1.41947829e-04
5.67000000e-01	1.36866974e-02	1.41284057e-04
5.68000000e-01	1.36778653e-02	1.40952434e-04
5.69000000e-01	1.36679980e-02	1.40019159e-04
5.70000000e-01	1.37777713e-02	1.41150641e-04
5.71000000e-01	1.36236204e-02	1.40255338e-04
5.72000000e-01	1.37425293e-02	1.41007502e-04
5.73000000e-01	1.35632334e-02	1.39600865e-04
5.74000000e-01	1.36925959e-02	1.40584006e-04
5.75000000e-01	1.36491981e-02	1.40543952e-04
5.76000000e-01	1.36328953e-02	1.40524764e-04
5.77000000e-01	1.35985174e-02	1.40201923e-04
5.78000000e-01	1.35297172e-02	1.39638873e-04
5.79000000e-01	1.36773805e-02	1.40708668e-04
5.80000000e-01	1.36205299e-02	1.40511914e-04
5.81000000e-01	1.35926935e-02	1.40000687e-04
5.82000000e-01	1.35375783e-02	1.39656380e-04
5.83000000e-01	1.35384948e-02	1.39689092e-04
5.84000000e-01	1.34891386e-02	1.39121287e-04
5.85000000e-01	1.36436109e-02	1.40609637e-04
5.86000000e-01	1.35963788e-02	1.40577367e-04
5.87000000e-01	1.36361354e-02	1.40266235e-04
5.88000000e-01	1.35102229e-02	1.39688642e-04
5.89000000e-01	1.35574295e-02	1.40063484e-04
5.90000000e-01	1.34227417e-02	1.38836605e-04
5.91000000e-01	1.35413909e-02	1.40271057e-04
5.92000000e-01	1.35286400e-02	1.39905911e-04
5.93000000e-01	1.37063772e-02	1.41423075e-04
5.94000000e-01	1.34458150e-02	1.39263470e-04
5.95000000e-01	1.33998724e-02	1.38383127e-04
5.96000000e-01	1.33821755e-02	1.38615199e-04
5.97000000e-01	1.32744712e-02	1.37133641e-04
5.98000000e-01	1.34324494e-02	1.38603124e-04
5.99000000e-01	1.33181775e-02	1.37904240e-04
6.00000000e-01	1.34186640e-02	1.38498262e-04
6.01000000e-01	1.33013974e-02	1.38232942e-04
6.02000000e-01	1.33600894e-02	1.38120694e-04
6.03000000e-01	1.33805036e-02	1.39026210e-04
6.04000000e-01	1.34116155e-02	1.39082337e-04
6.05000000e-01	1.33946738e-02	1.38654434e-04
6.06000000e-01	1.33854913e-02	1.38719284e-04
6.07000000e-01	1.34189800e-02	1.39117821e-04
6.08000000e-01	1.33572594e-02	1.38446322e-04
6.09000000e-01	1.33705339e-02	1.38219376e-04
6.10000000e-01	1.34103358e-02	1.39052482e-04
6.11000000e-01	1.32952592e-02	1.37967489e-04
6.12000000e-01	1.33721162e-02	1.38705297e-04
6.13000000e-01	1.33978056e-02	1.39077058e-04
6.14000000e-01	1.31925926e-02	1.36864754e-04
6.15000000e-01	1.32656975e-02	1.37343402e-04
6.16000000e-01	1.32988839e-02	1.38078721e-04
6.17000000e-01	1.33516585e-02	1.38136004e-04
6.18000000e-01	1.31857624e-02	1.37153352e-04
6.19000000e-01	1.31710516e-02	1.36550994e-04
6.20000000e-01	1.33648676e-02	1.38335194e-04
6.21000000e-01	1.31956075e-02	1.36618592e-04
6.22000000e-01	1.33389552e-02	1.37916946e-04
6.23000000e-01	1.30687005e-02	1.35215278e-04
6.24000000e-01	1.32220575e-02	1.36151534e-04
6.25000000e-01	1.31465542e-02	1.35713356e-04
6.26000000e-01	1.33127447e-02	1.36791654e-04
6.27000000e-01	1.31985947e-02	1.36703233e-04
6.28000000e-01	1.30650333e-02	1.34578168e-04
6.29000000e-01	1.31469145e-02	1.35721076e-04
6.30000000e-01	1.31845611e-02	1.35851741e-04
6.31000000e-01	1.31736400e-02	1.35867917e-04
6.32000000e-01	1.31057911e-02	1.35709696e-04
6.33000000e-01	1.31923847e-02	1.36494735e-04
6.34000000e-01	1.32293520e-02	1.40037679e-04
6.35000000e-01	1.31880032e-02	1.43173391e-04
6.36000000e-01	1.31186436e-02	1.45551410e-04
6.37000000e-01	1.32889719e-02	1.49713917e-04
6.38000000e-01	1.32264340e-02	1.50883893e-04
6.39000000e-01	1.31562746e-02	1.51896921e-04
6.40000000e-01	1.31773982e-02	1.54636639e-04
6.41000000e-01	1.31211957e-02	1.54528016e-04
6.42000000e-01	1.32080237e-02	1.57931273e-04
6.43000000e-01	1.31970397e-02	1.57548313e-04
6.44000000e-01	1.34043731e-02	1.53731199e-04
6.45000000e-01	1.33010772e-02	1.50517674e-04
6.46000000e-01	1.31956367e-02	1.48261484e-04
6.47000000e-01	1.33129708e-02	1.48068429e-04
6.48000000e-01	1.31209894e-02	1.45744308e-04
6.49000000e-01	1.31589951e-02	1.45370225e-04
6.50000000e-01	1.32357233e-02	1.44963186e-04
6.51000000e-01	1.31221119e-02	1.44189608e-04
6.52000000e-01	1.30198350e-02	1.42236038e-04
6.53000000e-01	1.30604297e-02	1.41673815e-04
6.54000000e-01	1.31171982e-02	1.42242312e-04
6.55000000e-01	1.31273833e-02	1.41822532e-04
6.56000000e-01	1.31803400e-02	1.42300934e-04
6.57000000e-01	1.31988701e-02	1.42219401e-04
6.58000000e-01	1.32815131e-02	1.42716526e-04
6.59000000e-01	1.30957634e-02	1.40741672e-04
6.60000000e-01	1.30607349e-02	1.40413593e-04
6.61000000e-01	1.30893728e-02	1.40276845e-04
6.62000000e-01	1.31487010e-02	1.41260764e-04
6.63000000e-01	1.31164575e-02	1.40920491e-04
6.64000000e-01	1.31259248e-02	1.40436873e-04
6.65000000e-01	1.30367499e-02	1.40209881e-04
6.66000000e-01	1.30421265e-02	1.39496793e-04
6.67000000e-01	1.30002852e-02	1.39175865e-04
6.68000000e-01	1.31171768e-02	1.40139532e-04
6.69000000e-01	1.30017586e-02	1.39028379e-04
6.70000000e-01	1.30659031e-02	1.39021821e-04
6.71000000e-01	1.30344017e-02	1.39348908e-04
6.72000000e-01	1.28913482e-02	1.37920719e-04
6.73000000e-01	1.28605858e-02	1.36839351e-04
6.74000000e-01	1.29535230e-02	1.38213470e-04
6.75000000e-01	1.29839039e-02	1.38647717e-04
6.76000000e-01	1.30202743e-02	1.38795019e-04
6.77000000e-01	1.29976051e-02	1.38267867e-04
6.78000000e-01	1.29346582e-02	1.38419850e-04
6.79000000e-01	1.29581683e-02	1.38101119e-04
6.80000000e-01	1.30800529e-02	1.39200543e-04
6.81000000e-01	1.28416087e-02	1.37008205e-04
6.82000000e-01	1.29461602e-02	1.37861201e-04
6.83000000e-01	1.27989832e-02	1.36781641e-04
6.84000000e-01	1.28346987e-02	1.36936668e-04
6.85000000e-01	1.29965074e-02	1.37977794e-04
6.86000000e-01	1.29420806e-02	1.37863604e-04
6.87000000e-01	1.29080807e-02	1.37315525e-04
6.88000000e-01	1.30058086e-02	1.38752906e-04
6.89000000e-01	1.29197888e-02	1.37574358e-04
6.90000000e-01	1.28802175e-02	1.37086466e-04
6.91000000e-01	1.28648799e-02	1.36828948e-04
6.92000000e-01	1.28704282e-02	1.36890270e-04
6.93000000e-01	1.28152556e-02	1.35623668e-04
6.94000000e-01	1.27590273e-02	1.35991455e-04
6.95000000e-01	1.28328821e-02	1.36193492e-04
6.96000000e-01	1.28609190e-02	1.36949908e-04
6.97000000e-01	1.27890994e-02	1.35881377e-04
6.98000000e-01	1.27998844e-02	1.36170880e-04
6.99000000e-01	1.26903839e-02	1.35378694e-04
7.00000000e-01	1.28264620e-02	1.36224708e-04
7.01000000e-01	1.26495996e-02	1.35190191e-04
7.02000000e-01	1.27226021e-02	1.35906658e-04
7.03000000e-01	1.27279571e-02	1.35779933e-04
7.04000000e-01	1.27194382e-02	1.35186409e-04
7.05000000e-01	1.27570543e-02	1.35795452e-04
7.06000000e-01	1.25942375e-02	1.34390021e-04
7.07000000e-01	1.26644924e-02	1.34672340e-04
7.08000000e-01	1.26124137e-02	1.33632654e-04
7.09000000e-01	1.27737187e-02	1.36053413e-04
7.10000000e-01	1.25549457e-02	1.33271056e-04
7.11000000e-01	1.25840530e-02	1.33936007e-04
7.12000000e-01	1.26026568e-02	1.33672461e-04
7.13000000e-01	1.25873198e-02	1.33787388e-04
7.14000000e-01	1.26000029e-02	1.34018506e-04
7.15000000e-01	1.25138120e-02	1.33251398e-04
7.16000000e-01	1.25784522e-02	1.33879111e-04
7.17000000e-01	1.25176689e-02	1.33204435e-04
7.18000000e-01	1.26229946e-02	1.34258645e-04
7.19000000e-01	1.25565263e-02	1.33958789e-04
7.20000000e-01	1.24898416e-02	1.33098936e-04
7.21000000e-01	1.23971150e-02	1.32068932e-04
7.22000000e-01	1.25556811e-02	1.33402258e-04
7.23000000e-01	1.26331587e-02	1.33989476e-04
7.24000000e-01	1.23828173e-02	1.31749459e-04
7.25000000e-01	1.24020995e-02	1.32167758e-04
7.26000000e-01	1.24366139e-02	1.32260558e-04
7.27000000e-01	1.23821812e-02	1.31788141e-04
7.28000000e-01	1.22398779e-02	1.30767206e-04
7.29000000e-01	1.23687137e-02	1.31415441e-04
7.30000000e-01	1.24727912e-02	1.32753428e-04
7.31000000e-01	1.24385100e-02	1.32262887e-04
7.32000000e-01	1.23198478e-02	1.31432718e-04
7.33000000e-01	1.24766115e-02	1.32194890e-04
7.34000000e-01	1.22762522e-02	1.30564174e-04
7.35000000e-01	1.23906466e-02	1.31440212e-04
7.36000000e-01	1.23761944e-02	1.31299023e-04
7.37000000e-01	1.23385707e-02	1.30955986e-04
7.38000000e-01	1.24375144e-02	1.31312878e-04
7.39000000e-01	1.23455757e-02	1.30210604e-04
7.40000000e-01	1.23298924e-02	1.30477726e-04
7.41000000e-01	1.23087891e-02	1.29693158e-04
7.42000000e-01	1.23699144e-02	1.30535177e-04
7.43000000e-01	1.21473588e-02	1.28619396e-04
7.44000000e-01	1.22873270e-02	1.29762230e-04
7.45000000e-01	1.23101723e-02	1.29507781e-04
7.46000000e-01	1.22573509e-02	1.28574211e-04
7.47000000e-01	1.22823686e-02	1.29629994e-04
7.48000000e-01	1.22005026e-02	1.28741299e-04
7.49000000e-01	1.22591600e-02	1.29264949e-04
7.50000000e-01	1.20131975e-02	1.27163609e-04
7.51000000e-01	1.21699063e-02	1.28568963e-04
7.52000000e-01	1.22661581e-02	1.29549012e-04
7.53000000e-01	1.21953275e-02	1.28999169e-04
7.54000000e-01	1.21519888e-02	1.28309535e-04
7.55000000e-01	1.21230819e-02	1.28423903e-04
7.56000000e-01	1.22421703e-02	1.29138194e-04
7.57000000e-01	1.21239603e-02	1.28540216e-04
7.58000000e-01	1.21697339e-02	1.28666813e-04
7.59000000e-01	1.21299790e-02	1.27919217e-04
7.60000000e-01	1.19623224e-02	1.26398510e-04
7.61000000e-01	1.21066327e-02	1.27609779e-04
7.62000000e-01	1.19372428e-02	1.25804838e-04
7.63000000e-01	1.21189925e-02	1.27177207e-04
7.64000000e-01	1.21127175e-02	1.27131257e-04
7.65000000e-01	1.21083839e-02	1.27485886e-04
7.66000000e-01	1.20197717e-02	1.25636888e-04
7.67000000e-01	1.19623322e-02	1.25670550e-04
7.68000000e-01	1.21475419e-02	1.27175284e-04
7.69000000e-01	1.18972123e-02	1.24634820e-04
7.70000000e-01	1.20239152e-02	1.26140573e-04
7.71000000e-01	1.19591028e-02	1.25187654e-04
7.72000000e-01	1.18308269e-02	1.28504681e-04
7.73000000e-01	1.19052781e-02	1.32960241e-04
7.74000000e-01	1.18984037e-02	1.35369977e-04
7.75000000e-01	1.19166885e-02	1.37777686e-04
7.76000000e-01	1.20069051e-02	1.40959218e-04
7.77000000e-01	1.18609235e-02	1.41881240e-04
7.78000000e-01	1.18864932e-02	1.43750025e-04
7.79000000e-01	1.20723558e-02	1.47174981e-04
7.80000000e-01	1.18038912e-02	1.45935974e-04
7.81000000e-01	1.17598799e-02	1.47173538e-04
7.82000000e-01	1.18583573e-02	1.49707090e-04
7.83000000e-01	1.19423623e-02	1.52379978e-04
7.84000000e-01	1.17326684e-02	1.51654090e-04
7.85000000e-01	1.19252881e-02	1.56113562e-04
7.86000000e-01	1.18054114e-02	1.55958133e-04
7.87000000e-01	1.17731977e-02	1.56695109e-04
7.88000000e-01	1.16668414e-02	1.57446019e-04
7.89000000e-01	1.16609325e-02	1.59301734e-04
7.90000000e-01	1.18705051e-02	1.63123309e-04
7.91000000e-01	1.17875363e-02	1.63186089e-04
7.92000000e-01	1.16679863e-02	1.64152438e-04
7.93000000e-01	1.16678491e-02	1.65675825e-04
7.94000000e-01	1.18258407e-02	1.69145088e-04
7.95000000e-01	1.15778774e-02	1.67016137e-04
7.96000000e-01	1.18188053e-02	1.72436317e-04
7.97000000e-01	1.15615774e-02	1.71786631e-04
7.98000000e-01	1.16918520e-02	1.75033328e-04
7.99000000e-01	1.16876232e-02	1.76432679e-04
8.00000000e-01	1.18732023e-02	1.80083223e-04
8.01000000e-01	1.17047419e-02	1.79490718e-04
8.02000000e-01	1.16063883e-02	1.80538311e-04
8.03000000e-01	1.14665511e-02	1.80189886e-04
8.04000000e-01	1.16216536e-02	1.83597183e-04
8.05000000e-01	1.17341115e-02	1.87222841e-04
8.06000000e-01	1.15607660e-02	1.87711694e-04
8.07000000e-01	1.13881614e-02	1.87265420e-04
8.08000000e-01	1.14335194e-02	1.90084828e-04
8.09000000e-01	1.16245341e-02	1.94341145e-04
8.10000000e-01	1.17290079e-02	1.97435634e-04
8.11000000e-01	1.16909713e-02	2.00347569e-04
8.12000000e-01	1.14913763e-02	1.99750388e-04
8.13000000e-01	1.16013768e-02	2.02060964e-04
8.14000000e-01	1.13926897e-02	2.01996240e-04
8.15000000e-01	1.13817564e-02	2.03856381e-04
8.16000000e-01	1.14797596e-02	2.08664720e-04
8.17000000e-01	1.11552376e-02	2.06339843e-04
8.18000000e-01	1.13854486e-02	2.11025764e-04
8.19000000e-01	1.14205663e-02	2.15274082e-04
8.20000000e-01	1.14304359e-02	2.18143059e-04
8.21000000e-01	1.13958506e-02	2.20947388e-04
8.22000000e-01	1.15919580e-02	2.25790670e-04
8.23000000e-01	1.12532517e-02	2.23950072e-04
8.24000000e-01	1.13980622e-02	2.29164941e-04
8.25000000e-01	1.14265282e-02	2.32025573e-04
8.26000000e-01	1.13455035e-02	2.35651228e-04
8.27000000e-01	1.12258163e-02	2.37029854e-04
8.28000000e-01	1.11677432e-02	2.39503951e-04
8.29000000e-01	1.13681945e-02	2.48019780e-04
8.30000000e-01	1.13170785e-02	2.49165262e-04
8.31000000e-01	1.10807223e-02	2.48785284e-04
8.32000000e-01	1.10953314e-02	2.53444674e-04
8.33000000e-01	1.10892914e-02	2.58317815e-04
8.34000000e-01	1.10594065e-02	2.63109181e-04
8.35000000e-01	1.11726084e-02	2.68926289e-04
8.36000000e-01	1.14791292e-02	2.78361871e-04
8.37000000e-01	1.10191668e-02	2.74908376e-04
8.38000000e-01	1.10406543e-02	2.81405209e-04
8.39000000e-01	1.10398476e-02	2.86632959e-04
8.40000000e-01	1.07151877e-02	2.85339285e-04
8.41000000e-01	1.09441590e-02	2.98921885e-04
8.42000000e-01	1.13045003e-02	3.11375555e-04
8.43000000e-01	1.06849665e-02	3.03770609e-04
8.44000000e-01	1.09264857e-02	3.17528557e-04
8.45000000e-01	1.10559386e-02	3.33871124e-04
8.46000000e-01	1.08197630e-02	3.29863751e-04
8.47000000e-01	1.10392759e-02	3.50830749e-04
8.48000000e-01	1.09156673e-02	3.59181710e-04
8.49000000e-01	1.09638655e-02	3.68980516e-04
8.50000000e-01	1.11577854e-02	3.90766971e-04
8.51000000e-01	1.06204758e-02	3.91059697e-04
8.52000000e-01	1.09389505e-02	4.04125186e-04
8.53000000e-01	1.09715540e-02	4.33522371e-04
8.54000000e-01	1.12197683e-02	4.57181627e-04
8.55000000e-01	1.06218463e-02	4.57773264e-04
8.56000000e-01	1.00290723e-02	4.28149150e-04
8.57000000e-01	1.08429463e-02	4.82618070e-04
8.58000000e-01	1.06464634e-02	4.88319838e-04
8.59000000e-01	1.06458775e-02	5.05641389e-04
8.60000000e-01	1.06282227e-02	5.22989329e-04
8.61000000e-01	1.05707148e-02	5.43952058e-04
8.62000000e-01	1.08773148e-02	5.63115903e-04
8.63000000e-01	1.08193042e-02	5.94842520e-04
8.64000000e-01	1.05919749e-02	6.12682961e-04
8.65000000e-01	1.07588219e-02	6.44217467e-04
8.66000000e-01	1.05867354e-02	6.74583085e-04
8.67000000e-01	1.04199660e-02	6.85827850e-04
8.68000000e-01	1.05799936e-02	7.39550218e-04
8.69000000e-01	1.07057823e-02	8.17284411e-04
8.70000000e-01	1.03693973e-02	8.89461396e-04
8.71000000e-01	1.05693648e-02	9.79933562e-04
8.72000000e-01	1.12264861e-02	1.17674566e-03
8.73000000e-01	1.06773816e-02	1.25130189e-03
8.74000000e-01	1.16335765e-02	1.85395480e-03
8.75000000e-01	1.15863961e-02	4.00261649e-03
