% Filename : SDL5_00000_00003.h5
% Date & Time : 30-Oct-2025 14:14:51
% X-ray Energy (keV) : 13.30001
% Exposure Time (s) : 0.200
% Beam Center : 1461.24000, 208.98300
% Sample to Detector Distance (SDD) (mm) : 1990.750
% Detector Pixel Size (mm) : 0.075
% Photodiode Value : 56721.000
% I0 of Sample : 0
% I0 of Standard : 1
% 
% q(A^-1)   I(q)    I(q)_SE
0.00000000e+00	1.27407532e-02	7.80207263e-03
2.50000000e-04	0.00000000e+00	0.00000000e+00
5.00000000e-04	0.00000000e+00	0.00000000e+00
7.50000000e-04	0.00000000e+00	0.00000000e+00
1.00000000e-03	0.00000000e+00	0.00000000e+00
1.25000000e-03	0.00000000e+00	0.00000000e+00
1.50000000e-03	0.00000000e+00	0.00000000e+00
1.75000000e-03	0.00000000e+00	0.00000000e+00
2.00000000e-03	0.00000000e+00	0.00000000e+00
2.25000000e-03	0.00000000e+00	0.00000000e+00
2.50000000e-03	0.00000000e+00	0.00000000e+00
2.75000000e-03	0.00000000e+00	0.00000000e+00
3.00000000e-03	0.00000000e+00	0.00000000e+00
3.25000000e-03	1.34163337e+03	7.85292568e+02
3.50000000e-03	9.31051325e+02	2.17152057e+02
3.75000000e-03	6.71095188e+02	1.29681661e+02
4.00000000e-03	5.17307382e+02	9.15866407e+01
4.25000000e-03	3.63892732e+02	5.30659975e+01
4.50000000e-03	3.13486878e+02	4.05018847e+01
4.75000000e-03	2.68359773e+02	3.11979503e+01
5.00000000e-03	2.14943204e+02	2.38362322e+01
5.25000000e-03	1.77544786e+02	1.95499275e+01
5.50000000e-03	1.47215529e+02	1.55715960e+01
5.75000000e-03	1.24905221e+02	1.29323152e+01
6.00000000e-03	1.02556398e+02	1.02612898e+01
6.25000000e-03	8.84740185e+01	8.79377949e+00
6.50000000e-03	7.44004755e+01	7.21306527e+00
6.75000000e-03	6.44111271e+01	6.10346011e+00
7.00000000e-03	5.59272346e+01	5.15324455e+00
7.25000000e-03	4.80946662e+01	4.33899352e+00
7.50000000e-03	4.12914674e+01	3.68850403e+00
7.75000000e-03	3.65909565e+01	3.24391455e+00
8.00000000e-03	3.28151443e+01	2.84847389e+00
8.25000000e-03	2.86548072e+01	2.39049442e+00
8.50000000e-03	2.54030345e+01	2.10020497e+00
8.75000000e-03	2.27616116e+01	1.86150896e+00
9.00000000e-03	2.01104486e+01	1.62763691e+00
9.25000000e-03	1.80289169e+01	1.41671083e+00
9.50000000e-03	1.61558858e+01	1.24370104e+00
9.75000000e-03	1.45868298e+01	1.12040530e+00
1.00000000e-02	1.30101780e+01	9.84914100e-01
1.02500000e-02	1.18207019e+01	8.94756295e-01
1.05000000e-02	1.08497637e+01	7.88275920e-01
1.07500000e-02	9.91355864e+00	7.21497139e-01
1.10000000e-02	8.92909922e+00	6.32319877e-01
1.12500000e-02	8.22942434e+00	5.94041162e-01
1.15000000e-02	7.52478883e+00	5.33697479e-01
1.17500000e-02	6.88294398e+00	4.73196521e-01
1.20000000e-02	6.41537970e+00	4.39133693e-01
1.22500000e-02	5.90807512e+00	3.99534694e-01
1.25000000e-02	5.48566186e+00	3.71541280e-01
1.27500000e-02	5.02482819e+00	3.35236143e-01
1.30000000e-02	4.71773633e+00	3.09681762e-01
1.32500000e-02	4.35742519e+00	2.79240602e-01
1.35000000e-02	4.05806305e+00	2.60081634e-01
1.37500000e-02	3.78025247e+00	2.42046854e-01
1.40000000e-02	3.51245577e+00	2.22178445e-01
1.42500000e-02	3.27031374e+00	2.01891286e-01
1.45000000e-02	3.05328081e+00	1.88144445e-01
1.47500000e-02	2.86351718e+00	1.75033753e-01
1.50000000e-02	2.70179805e+00	1.64761540e-01
1.52500000e-02	2.55532941e+00	1.54055332e-01
1.55000000e-02	2.38470145e+00	1.40859790e-01
1.57500000e-02	2.21498981e+00	1.30603512e-01
1.60000000e-02	2.08937965e+00	1.20938312e-01
1.62500000e-02	2.00653254e+00	1.17796804e-01
1.65000000e-02	1.85977393e+00	1.06988404e-01
1.67500000e-02	1.77436592e+00	1.00226911e-01
1.70000000e-02	1.65223732e+00	9.33409309e-02
1.72500000e-02	1.58492984e+00	8.91933792e-02
1.75000000e-02	1.49329695e+00	8.33768491e-02
1.77500000e-02	1.41785560e+00	7.75289103e-02
1.80000000e-02	1.34781546e+00	7.38488360e-02
1.82500000e-02	1.28475568e+00	6.86183973e-02
1.85000000e-02	1.22118284e+00	6.71285592e-02
1.87500000e-02	1.15277268e+00	6.18772245e-02
1.90000000e-02	1.11047744e+00	5.91349512e-02
1.92500000e-02	1.05730084e+00	5.58292978e-02
1.95000000e-02	1.00472762e+00	5.22058504e-02
1.97500000e-02	9.59633173e-01	5.05336408e-02
2.00000000e-02	9.03801733e-01	4.70869146e-02
2.02500000e-02	8.67516375e-01	4.49547304e-02
2.05000000e-02	8.43288404e-01	4.25712820e-02
2.07500000e-02	8.12908149e-01	4.10745640e-02
2.10000000e-02	7.70054484e-01	3.93042140e-02
2.12500000e-02	7.44977909e-01	3.78580513e-02
2.15000000e-02	7.22129786e-01	3.63991806e-02
2.17500000e-02	6.96200093e-01	3.54388347e-02
2.20000000e-02	6.66908672e-01	3.40953989e-02
2.22500000e-02	6.43330333e-01	3.26721829e-02
2.25000000e-02	6.22815964e-01	3.21804412e-02
2.27500000e-02	5.92168751e-01	2.97059776e-02
2.30000000e-02	5.84676077e-01	2.98538956e-02
2.32500000e-02	5.54913508e-01	2.78752349e-02
2.35000000e-02	5.45205001e-01	2.78172237e-02
2.37500000e-02	5.22765313e-01	2.63949544e-02
2.40000000e-02	4.99992920e-01	2.52717610e-02
2.42500000e-02	4.93261191e-01	2.47941012e-02
2.45000000e-02	4.75046498e-01	2.39191346e-02
2.47500000e-02	4.66427974e-01	2.32873385e-02
2.50000000e-02	4.43492737e-01	2.21497621e-02
2.52500000e-02	4.32998580e-01	2.17250568e-02
2.55000000e-02	4.17270791e-01	2.04620831e-02
2.57500000e-02	4.02938792e-01	1.99677525e-02
2.60000000e-02	3.90540298e-01	1.92833384e-02
2.62500000e-02	3.74472686e-01	1.87329682e-02
2.65000000e-02	3.62690647e-01	1.77744369e-02
2.67500000e-02	3.51141393e-01	1.71192994e-02
2.70000000e-02	3.46471236e-01	1.70737499e-02
2.72500000e-02	3.27214371e-01	1.59090669e-02
2.75000000e-02	3.21939196e-01	1.58306667e-02
2.77500000e-02	3.17383433e-01	1.55838849e-02
2.80000000e-02	3.04849253e-01	1.47742593e-02
2.82500000e-02	3.00082847e-01	1.44090095e-02
2.85000000e-02	2.89814303e-01	1.40205045e-02
2.87500000e-02	2.84208054e-01	1.37704281e-02
2.90000000e-02	2.74934001e-01	1.33022264e-02
2.92500000e-02	2.68932129e-01	1.26121802e-02
2.95000000e-02	2.61327996e-01	1.25461842e-02
2.97500000e-02	2.52781994e-01	1.19650025e-02
3.00000000e-02	2.47308397e-01	1.17852087e-02
3.02500000e-02	2.42246012e-01	1.16465243e-02
3.05000000e-02	2.31417930e-01	1.07951104e-02
3.07500000e-02	2.25168826e-01	1.06350937e-02
3.10000000e-02	2.23339780e-01	1.05007285e-02
3.12500000e-02	2.15533915e-01	1.02532962e-02
3.15000000e-02	2.09653068e-01	9.82679747e-03
3.17500000e-02	2.06169876e-01	9.52137349e-03
3.20000000e-02	2.05441319e-01	9.62933432e-03
3.22500000e-02	1.95658977e-01	9.19484304e-03
3.25000000e-02	1.90863408e-01	9.00755307e-03
3.27500000e-02	1.89486395e-01	8.77812071e-03
3.30000000e-02	1.80429660e-01	8.33487406e-03
3.32500000e-02	1.77204074e-01	8.13867168e-03
3.35000000e-02	1.76783124e-01	8.20133717e-03
3.37500000e-02	1.66766535e-01	7.71182409e-03
3.40000000e-02	1.62757643e-01	7.48639629e-03
3.42500000e-02	1.62264794e-01	7.33029722e-03
3.45000000e-02	1.59935893e-01	7.32253000e-03
3.47500000e-02	1.55941305e-01	7.13178831e-03
3.50000000e-02	1.51448810e-01	6.89976880e-03
3.52500000e-02	1.51669022e-01	6.94638836e-03
3.55000000e-02	1.48836323e-01	6.64614225e-03
3.57500000e-02	1.42840468e-01	6.48196109e-03
3.60000000e-02	1.39912339e-01	6.32076355e-03
3.62500000e-02	1.37623098e-01	6.21493145e-03
3.65000000e-02	1.35340346e-01	6.07696650e-03
3.67500000e-02	1.31826666e-01	5.96325779e-03
3.70000000e-02	1.31069949e-01	5.90852002e-03
3.72500000e-02	1.25331396e-01	5.60480599e-03
3.75000000e-02	1.24850040e-01	5.61267451e-03
3.77500000e-02	1.24439586e-01	5.54220055e-03
3.80000000e-02	1.20649869e-01	5.34706521e-03
3.82500000e-02	1.17958989e-01	5.19891423e-03
3.85000000e-02	1.18869642e-01	5.29998041e-03
3.87500000e-02	1.14707407e-01	5.04259793e-03
3.90000000e-02	1.11757563e-01	4.95559471e-03
3.92500000e-02	1.12144043e-01	4.88282020e-03
3.95000000e-02	1.08643297e-01	4.79605734e-03
3.97500000e-02	1.08006795e-01	4.76410701e-03
4.00000000e-02	1.02558292e-01	4.53228204e-03
4.02500000e-02	1.04344499e-01	4.57315795e-03
4.05000000e-02	1.01629155e-01	4.39293252e-03
4.07500000e-02	9.67715401e-02	4.18778326e-03
4.10000000e-02	9.92995888e-02	4.34419337e-03
4.12500000e-02	9.81111268e-02	4.31102172e-03
4.15000000e-02	9.57924207e-02	4.09731060e-03
4.17500000e-02	9.24936492e-02	3.96386461e-03
4.20000000e-02	9.27976590e-02	3.98834737e-03
4.22500000e-02	9.12845041e-02	3.89479956e-03
4.25000000e-02	8.89631903e-02	3.79320138e-03
4.27500000e-02	8.71364873e-02	3.69617095e-03
4.30000000e-02	8.72090325e-02	3.69313621e-03
4.32500000e-02	8.30962371e-02	3.52269912e-03
4.35000000e-02	8.52506185e-02	3.62874987e-03
4.37500000e-02	8.23295376e-02	3.47358360e-03
4.40000000e-02	8.15999954e-02	3.49682126e-03
4.42500000e-02	8.02342727e-02	3.38329432e-03
4.45000000e-02	7.98287842e-02	3.34986085e-03
4.47500000e-02	7.73966668e-02	3.26847955e-03
4.50000000e-02	7.76294665e-02	3.27124618e-03
4.52500000e-02	7.83711381e-02	3.29186037e-03
4.55000000e-02	7.55044578e-02	3.19906574e-03
4.57500000e-02	7.41372297e-02	3.09593316e-03
4.60000000e-02	7.37198558e-02	3.09872726e-03
4.62500000e-02	7.24943747e-02	3.03436806e-03
4.65000000e-02	7.32210368e-02	3.04883350e-03
4.67500000e-02	7.12508900e-02	2.94160024e-03
4.70000000e-02	6.92407354e-02	2.84337033e-03
4.72500000e-02	6.85591216e-02	2.83349400e-03
4.75000000e-02	6.95849375e-02	2.90871305e-03
4.77500000e-02	6.77094621e-02	2.77517659e-03
4.80000000e-02	6.71696823e-02	2.73840154e-03
4.82500000e-02	6.62630528e-02	2.70018056e-03
4.85000000e-02	6.44236193e-02	2.68541817e-03
4.87500000e-02	6.31203724e-02	2.59487831e-03
4.90000000e-02	6.29233367e-02	2.55818634e-03
4.92500000e-02	6.58787583e-02	2.67232198e-03
4.95000000e-02	6.19977080e-02	2.54953865e-03
4.97500000e-02	6.18490164e-02	2.54597262e-03
5.00000000e-02	5.99060959e-02	2.44325009e-03
5.02500000e-02	5.95223675e-02	2.39299871e-03
5.05000000e-02	6.09969034e-02	2.48508163e-03
5.07500000e-02	5.92907048e-02	2.42226586e-03
5.10000000e-02	5.87036456e-02	2.37165409e-03
5.12500000e-02	5.83388086e-02	2.38000774e-03
5.15000000e-02	5.83136148e-02	2.33679888e-03
5.17500000e-02	5.63359721e-02	2.29932566e-03
5.20000000e-02	5.68594072e-02	2.29983489e-03
5.22500000e-02	5.61771170e-02	2.27401239e-03
5.25000000e-02	5.69888634e-02	2.26476663e-03
5.27500000e-02	5.42599954e-02	2.19186389e-03
5.30000000e-02	5.45000048e-02	2.19880523e-03
5.32500000e-02	5.41736074e-02	2.16221379e-03
5.35000000e-02	5.25187748e-02	2.10679069e-03
5.37500000e-02	5.28864558e-02	2.13670592e-03
5.40000000e-02	5.34212819e-02	2.12101020e-03
5.42500000e-02	5.22736685e-02	2.07585818e-03
5.45000000e-02	5.11843965e-02	2.02695349e-03
5.47500000e-02	5.11384170e-02	2.00847302e-03
5.50000000e-02	5.00502356e-02	2.00794644e-03
5.52500000e-02	4.92746379e-02	1.93785855e-03
5.55000000e-02	4.72735267e-02	1.88737642e-03
5.57500000e-02	4.87347158e-02	1.92488060e-03
5.60000000e-02	4.98075385e-02	1.96158128e-03
5.62500000e-02	4.95423262e-02	1.95590689e-03
5.65000000e-02	4.79428246e-02	1.88043205e-03
5.67500000e-02	4.82074038e-02	1.90195403e-03
5.70000000e-02	4.66426510e-02	1.83074777e-03
5.72500000e-02	4.81250622e-02	1.88920366e-03
5.75000000e-02	4.80778573e-02	1.87598414e-03
5.77500000e-02	4.78937695e-02	1.85371196e-03
5.80000000e-02	4.63262422e-02	1.81209713e-03
5.82500000e-02	4.63505686e-02	1.80680595e-03
5.85000000e-02	4.49413759e-02	1.75927585e-03
5.87500000e-02	4.46485353e-02	1.74195485e-03
5.90000000e-02	4.47444314e-02	1.74194949e-03
5.92500000e-02	4.37106769e-02	1.68896545e-03
5.95000000e-02	4.41821500e-02	1.70184195e-03
5.97500000e-02	4.34303213e-02	1.67935180e-03
6.00000000e-02	4.33475601e-02	1.67594889e-03
6.02500000e-02	4.41514496e-02	1.69199226e-03
6.05000000e-02	4.25077641e-02	1.64225283e-03
6.07500000e-02	4.22071310e-02	1.61524848e-03
6.10000000e-02	4.29102251e-02	1.63666775e-03
6.12500000e-02	4.11045790e-02	1.57572514e-03
6.15000000e-02	4.25343179e-02	1.63664597e-03
6.17500000e-02	4.22268984e-02	1.61167190e-03
6.20000000e-02	4.24572461e-02	1.61854834e-03
6.22500000e-02	4.16706913e-02	1.57611209e-03
6.25000000e-02	3.97074753e-02	1.52242732e-03
6.27500000e-02	4.08655499e-02	1.55025307e-03
6.30000000e-02	3.93059837e-02	1.50854118e-03
6.32500000e-02	3.96655313e-02	1.51587026e-03
6.35000000e-02	4.05639335e-02	1.54061336e-03
6.37500000e-02	4.03313680e-02	1.53239123e-03
6.40000000e-02	4.01632292e-02	1.52602574e-03
6.42500000e-02	3.95017426e-02	1.49136800e-03
6.45000000e-02	3.97171586e-02	1.50380363e-03
6.47500000e-02	4.10693495e-02	1.53439635e-03
6.50000000e-02	3.78041240e-02	1.43573101e-03
6.52500000e-02	3.73852418e-02	1.40133774e-03
6.55000000e-02	3.85334157e-02	1.45305401e-03
6.57500000e-02	3.74108299e-02	1.42077524e-03
6.60000000e-02	3.59629145e-02	1.35938556e-03
6.62500000e-02	3.67538190e-02	1.38665916e-03
6.65000000e-02	3.71553679e-02	1.40390396e-03
6.67500000e-02	3.68902434e-02	1.38528558e-03
6.70000000e-02	3.63884401e-02	1.38223658e-03
6.72500000e-02	3.66476727e-02	1.37071581e-03
6.75000000e-02	3.68820635e-02	1.35401837e-03
6.77500000e-02	3.71449426e-02	1.37298232e-03
6.80000000e-02	3.59983202e-02	1.37236804e-03
6.82500000e-02	3.47225616e-02	1.28140617e-03
6.85000000e-02	3.53564715e-02	1.31561222e-03
6.87500000e-02	3.53517850e-02	1.31796342e-03
6.90000000e-02	3.55231221e-02	1.32626130e-03
6.92500000e-02	3.49965023e-02	1.28960643e-03
6.95000000e-02	3.56084460e-02	1.32263409e-03
6.97500000e-02	3.55092004e-02	1.30952963e-03
7.00000000e-02	3.47877005e-02	1.28351401e-03
7.02500000e-02	3.49209225e-02	1.28840389e-03
7.05000000e-02	3.42455170e-02	1.26252872e-03
7.07500000e-02	3.36103714e-02	1.24533132e-03
7.10000000e-02	3.36416138e-02	1.24619085e-03
7.12500000e-02	3.36862471e-02	1.23252634e-03
7.15000000e-02	3.30774428e-02	1.21803453e-03
7.17500000e-02	3.52614443e-02	1.28698458e-03
7.20000000e-02	3.32011562e-02	1.22880133e-03
7.22500000e-02	3.43905593e-02	1.24908724e-03
7.25000000e-02	3.31765426e-02	1.20545719e-03
7.27500000e-02	3.41734438e-02	1.23244268e-03
7.30000000e-02	3.18684271e-02	1.16107262e-03
7.32500000e-02	3.23290720e-02	1.18404636e-03
7.35000000e-02	3.26117285e-02	1.17482107e-03
7.37500000e-02	3.27191680e-02	1.18145000e-03
7.40000000e-02	3.17930895e-02	1.15947688e-03
7.42500000e-02	3.15546788e-02	1.14302237e-03
7.45000000e-02	3.22804577e-02	1.17496075e-03
7.47500000e-02	3.17721854e-02	1.14537545e-03
7.50000000e-02	3.26622491e-02	1.18692370e-03
7.52500000e-02	3.17083942e-02	1.14863899e-03
7.55000000e-02	3.08484283e-02	1.10914542e-03
7.57500000e-02	3.18470309e-02	1.15510622e-03
7.60000000e-02	3.13957180e-02	1.11299916e-03
7.62500000e-02	3.13441587e-02	1.13281356e-03
7.65000000e-02	3.17065546e-02	1.15599359e-03
7.67500000e-02	3.08446987e-02	1.10586012e-03
7.70000000e-02	3.03206205e-02	1.08486943e-03
7.72500000e-02	3.20616603e-02	1.16189469e-03
7.75000000e-02	3.16111801e-02	1.15923558e-03
7.77500000e-02	2.94449569e-02	1.10544440e-03
7.80000000e-02	3.07395360e-02	1.14502600e-03
7.82500000e-02	3.21009718e-02	1.20919507e-03
7.85000000e-02	3.08792427e-02	1.16682379e-03
7.87500000e-02	3.08687568e-02	1.14802050e-03
7.90000000e-02	3.01775928e-02	1.15227576e-03
7.92500000e-02	3.06079122e-02	1.15201570e-03
7.95000000e-02	2.96456294e-02	1.13056520e-03
7.97500000e-02	3.01650452e-02	1.15149749e-03
8.00000000e-02	3.17514408e-02	1.20939142e-03
8.02500000e-02	3.01376639e-02	1.14795943e-03
8.05000000e-02	2.89255227e-02	1.10940460e-03
8.07500000e-02	3.01799593e-02	1.17178103e-03
8.10000000e-02	3.02040450e-02	1.17056216e-03
8.12500000e-02	3.05260736e-02	1.18545700e-03
8.15000000e-02	2.95022106e-02	1.16123969e-03
8.17500000e-02	3.16918338e-02	1.23208897e-03
8.20000000e-02	2.92871554e-02	1.15840955e-03
8.22500000e-02	3.00182529e-02	1.17122825e-03
8.25000000e-02	2.95717199e-02	1.15642457e-03
8.27500000e-02	3.04357794e-02	1.19219851e-03
8.30000000e-02	2.96606007e-02	1.15822955e-03
8.32500000e-02	2.95691922e-02	1.15981444e-03
8.35000000e-02	2.93970552e-02	1.15925746e-03
8.37500000e-02	2.92752075e-02	1.14979229e-03
8.40000000e-02	2.96094354e-02	1.16865270e-03
8.42500000e-02	2.89133011e-02	1.16476496e-03
8.45000000e-02	3.08164277e-02	1.21740111e-03
8.47500000e-02	2.95569135e-02	1.16950992e-03
8.50000000e-02	2.91332188e-02	1.13646248e-03
8.52500000e-02	2.82594176e-02	1.12650644e-03
8.55000000e-02	2.95533361e-02	1.16062012e-03
8.57500000e-02	2.90493640e-02	1.14260590e-03
8.60000000e-02	2.70702367e-02	1.09466892e-03
8.62500000e-02	2.95112326e-02	1.15479763e-03
8.65000000e-02	2.93802983e-02	1.15028294e-03
8.67500000e-02	2.90081842e-02	1.14702131e-03
8.70000000e-02	2.72072067e-02	1.06133576e-03
8.72500000e-02	2.87743527e-02	1.10917564e-03
8.75000000e-02	2.86210304e-02	1.08523681e-03
8.77500000e-02	2.87814853e-02	1.07290379e-03
8.80000000e-02	2.76469252e-02	1.04013104e-03
8.82500000e-02	2.73801296e-02	1.04836728e-03
8.85000000e-02	2.68690724e-02	1.01024390e-03
8.87500000e-02	2.80958497e-02	1.04437637e-03
8.90000000e-02	2.73912972e-02	1.02385702e-03
8.92500000e-02	2.75157557e-02	1.02252248e-03
8.95000000e-02	2.72398731e-02	1.00972395e-03
8.97500000e-02	2.70125227e-02	9.97245039e-04
9.00000000e-02	2.82668729e-02	1.03485883e-03
9.02500000e-02	2.69162278e-02	9.79361971e-04
9.05000000e-02	2.73617846e-02	9.95329770e-04
9.07500000e-02	2.69049925e-02	9.85585108e-04
9.10000000e-02	2.70268016e-02	9.87690423e-04
9.12500000e-02	2.67488927e-02	9.75986767e-04
9.15000000e-02	2.75422393e-02	9.99684578e-04
9.17500000e-02	2.77227997e-02	1.00476570e-03
9.20000000e-02	2.65106088e-02	9.66023907e-04
9.22500000e-02	2.69936821e-02	9.76982301e-04
9.25000000e-02	2.63890731e-02	9.48117061e-04
9.27500000e-02	2.59762042e-02	9.37235730e-04
9.30000000e-02	2.70602511e-02	9.66096221e-04
9.32500000e-02	2.60954987e-02	9.38007016e-04
9.35000000e-02	2.67414500e-02	9.46205432e-04
9.37500000e-02	2.57907666e-02	9.22178589e-04
9.40000000e-02	2.68973211e-02	9.54771124e-04
9.42500000e-02	2.68463742e-02	9.52218469e-04
9.45000000e-02	2.64176112e-02	9.26583538e-04
9.47500000e-02	2.62081188e-02	9.28288835e-04
9.50000000e-02	2.63755125e-02	9.31011811e-04
9.52500000e-02	2.56587720e-02	9.13879684e-04
9.55000000e-02	2.57577051e-02	8.98705289e-04
9.57500000e-02	2.54991137e-02	8.98387418e-04
9.60000000e-02	2.56805754e-02	9.17575393e-04
9.62500000e-02	2.64240463e-02	9.30270452e-04
9.65000000e-02	2.49843983e-02	8.90443682e-04
9.67500000e-02	2.55268959e-02	8.98068687e-04
9.70000000e-02	2.61841517e-02	9.20682148e-04
9.72500000e-02	2.53404235e-02	8.85833083e-04
9.75000000e-02	2.62730539e-02	9.14580943e-04
9.77500000e-02	2.61652244e-02	9.02115695e-04
9.80000000e-02	2.54378176e-02	8.91823898e-04
9.82500000e-02	2.46478242e-02	8.62470564e-04
9.85000000e-02	2.51215477e-02	8.68671238e-04
9.87500000e-02	2.53712415e-02	8.80402008e-04
9.90000000e-02	2.56796617e-02	8.83094696e-04
9.92500000e-02	2.51314803e-02	8.74151376e-04
9.95000000e-02	2.47216015e-02	8.63200025e-04
9.97500000e-02	2.61289725e-02	8.93148939e-04
1.00000000e-01	2.51593167e-02	6.96482063e-04
1.00500000e-01	2.54100561e-02	6.27316383e-04
1.01000000e-01	2.54151002e-02	6.14844307e-04
1.01500000e-01	2.48413140e-02	6.02922989e-04
1.02000000e-01	2.52796031e-02	6.05237009e-04
1.02500000e-01	2.46604229e-02	5.93887024e-04
1.03000000e-01	2.42393444e-02	5.88696095e-04
1.03500000e-01	2.47138522e-02	5.90814617e-04
1.04000000e-01	2.47618769e-02	5.86051128e-04
1.04500000e-01	2.48609550e-02	5.97641721e-04
1.05000000e-01	2.40671983e-02	5.73752038e-04
1.05500000e-01	2.45595218e-02	5.82003055e-04
1.06000000e-01	2.49071473e-02	5.90353133e-04
1.06500000e-01	2.46730824e-02	5.75641779e-04
1.07000000e-01	2.40257965e-02	5.75609298e-04
1.07500000e-01	2.46571626e-02	5.94540697e-04
1.08000000e-01	2.42261451e-02	5.93100173e-04
1.08500000e-01	2.44444322e-02	6.02528231e-04
1.09000000e-01	2.37273232e-02	5.88202047e-04
1.09500000e-01	2.36479078e-02	5.95428733e-04
1.10000000e-01	2.31642044e-02	5.76208075e-04
1.10500000e-01	2.37466623e-02	5.79439643e-04
1.11000000e-01	2.36890531e-02	5.66012045e-04
1.11500000e-01	2.43217576e-02	5.75444420e-04
1.12000000e-01	2.40244627e-02	5.68036097e-04
1.12500000e-01	2.41519572e-02	5.63050791e-04
1.13000000e-01	2.38505774e-02	5.55838098e-04
1.13500000e-01	2.32965295e-02	5.45644572e-04
1.14000000e-01	2.36845735e-02	5.44366115e-04
1.14500000e-01	2.34735847e-02	5.39807200e-04
1.15000000e-01	2.32235758e-02	5.38410681e-04
1.15500000e-01	2.31264052e-02	5.36039821e-04
1.16000000e-01	2.36105300e-02	5.45020829e-04
1.16500000e-01	2.35944001e-02	5.39593965e-04
1.17000000e-01	2.34503811e-02	5.36335231e-04
1.17500000e-01	2.37314925e-02	5.43995428e-04
1.18000000e-01	2.33164883e-02	5.33195505e-04
1.18500000e-01	2.30098372e-02	5.22257940e-04
1.19000000e-01	2.32300321e-02	5.27308952e-04
1.19500000e-01	2.37959820e-02	5.34725386e-04
1.20000000e-01	2.35726675e-02	5.26647265e-04
1.20500000e-01	2.33917605e-02	5.25851169e-04
1.21000000e-01	2.23895578e-02	5.05807562e-04
1.21500000e-01	2.29280862e-02	5.15176247e-04
1.22000000e-01	2.30137153e-02	5.14396365e-04
1.22500000e-01	2.30887575e-02	5.17891387e-04
1.23000000e-01	2.27643681e-02	5.06005264e-04
1.23500000e-01	2.31019485e-02	5.16384652e-04
1.24000000e-01	2.29349851e-02	5.10575837e-04
1.24500000e-01	2.27965311e-02	5.03015435e-04
1.25000000e-01	2.30044854e-02	5.11456232e-04
1.25500000e-01	2.37057497e-02	5.20256163e-04
1.26000000e-01	2.31691064e-02	5.11441880e-04
1.26500000e-01	2.29491391e-02	5.04841782e-04
1.27000000e-01	2.26064204e-02	4.97786237e-04
1.27500000e-01	2.29878840e-02	4.99667739e-04
1.28000000e-01	2.27339985e-02	4.96603755e-04
1.28500000e-01	2.30577511e-02	4.97193553e-04
1.29000000e-01	2.26323143e-02	4.89242712e-04
1.29500000e-01	2.27900619e-02	4.95796618e-04
1.30000000e-01	2.32286446e-02	4.99445374e-04
1.30500000e-01	2.27720235e-02	4.91435761e-04
1.31000000e-01	2.28458290e-02	4.94188425e-04
1.31500000e-01	2.24862709e-02	4.83675278e-04
1.32000000e-01	2.27439498e-02	4.90106322e-04
1.32500000e-01	2.24259848e-02	4.81853464e-04
1.33000000e-01	2.24627567e-02	4.82484813e-04
1.33500000e-01	2.22146919e-02	4.75579827e-04
1.34000000e-01	2.26668271e-02	4.83519711e-04
1.34500000e-01	2.28352538e-02	4.81874177e-04
1.35000000e-01	2.23926402e-02	4.77148191e-04
1.35500000e-01	2.24657154e-02	4.77062095e-04
1.36000000e-01	2.25892655e-02	4.77709001e-04
1.36500000e-01	2.27989305e-02	4.82717378e-04
1.37000000e-01	2.27982580e-02	4.78679848e-04
1.37500000e-01	2.27341844e-02	4.74779981e-04
1.38000000e-01	2.25035341e-02	4.76330318e-04
1.38500000e-01	2.22542675e-02	4.66372729e-04
1.39000000e-01	2.20110445e-02	4.62171220e-04
1.39500000e-01	2.22838569e-02	4.65858779e-04
1.40000000e-01	2.22597253e-02	4.66726979e-04
1.40500000e-01	2.19816229e-02	4.59832628e-04
1.41000000e-01	2.23181055e-02	4.64549336e-04
1.41500000e-01	2.21236317e-02	4.60954120e-04
1.42000000e-01	2.21784609e-02	4.60541088e-04
1.42500000e-01	2.13257221e-02	4.48407001e-04
1.43000000e-01	2.17752192e-02	4.54831709e-04
1.43500000e-01	2.14854164e-02	4.46886068e-04
1.44000000e-01	2.18835607e-02	4.56462770e-04
1.44500000e-01	2.13348975e-02	4.41347457e-04
1.45000000e-01	2.16853166e-02	4.52075499e-04
1.45500000e-01	2.19733565e-02	4.53660131e-04
1.46000000e-01	2.17693789e-02	4.48033188e-04
1.46500000e-01	2.08288267e-02	4.30670132e-04
1.47000000e-01	2.15195376e-02	4.44720258e-04
1.47500000e-01	2.17637077e-02	4.47069400e-04
1.48000000e-01	2.09495498e-02	4.32219694e-04
1.48500000e-01	2.18209178e-02	4.44132292e-04
1.49000000e-01	2.24076222e-02	4.55426132e-04
1.49500000e-01	2.16317789e-02	4.41451813e-04
1.50000000e-01	2.15362411e-02	4.38647004e-04
1.50500000e-01	2.15818513e-02	4.40360873e-04
1.51000000e-01	2.13380457e-02	4.36189921e-04
1.51500000e-01	2.17691525e-02	4.41804673e-04
1.52000000e-01	2.16975959e-02	4.34544745e-04
1.52500000e-01	2.17903090e-02	4.36836472e-04
1.53000000e-01	2.10688404e-02	4.27270228e-04
1.53500000e-01	2.14403058e-02	4.30706034e-04
1.54000000e-01	2.13044246e-02	4.27845582e-04
1.54500000e-01	2.12118153e-02	4.35148429e-04
1.55000000e-01	2.13759015e-02	4.44391783e-04
1.55500000e-01	2.07232730e-02	4.35309691e-04
1.56000000e-01	2.09537119e-02	4.40915974e-04
1.56500000e-01	2.12861795e-02	4.47258245e-04
1.57000000e-01	2.09486562e-02	4.43507389e-04
1.57500000e-01	2.09808484e-02	4.33928017e-04
1.58000000e-01	2.06629350e-02	4.19116341e-04
1.58500000e-01	2.11917067e-02	4.28064438e-04
1.59000000e-01	2.09347109e-02	4.25088486e-04
1.59500000e-01	2.06762131e-02	4.17475103e-04
1.60000000e-01	2.05959282e-02	4.16702915e-04
1.60500000e-01	2.10032026e-02	4.18934493e-04
1.61000000e-01	2.14384917e-02	4.26392353e-04
1.61500000e-01	2.09702797e-02	4.15871890e-04
1.62000000e-01	2.09624868e-02	4.15289197e-04
1.62500000e-01	2.05724103e-02	4.12801787e-04
1.63000000e-01	2.08957701e-02	4.12990150e-04
1.63500000e-01	2.11218576e-02	4.18787928e-04
1.64000000e-01	2.05686512e-02	4.07912320e-04
1.64500000e-01	2.09065519e-02	4.14066080e-04
1.65000000e-01	2.10423692e-02	4.14220710e-04
1.65500000e-01	2.10728691e-02	4.12363832e-04
1.66000000e-01	2.05397806e-02	4.04213131e-04
1.66500000e-01	2.08897710e-02	4.06609350e-04
1.67000000e-01	2.07392478e-02	4.08067789e-04
1.67500000e-01	2.11381703e-02	4.10855522e-04
1.68000000e-01	2.02827212e-02	3.98965598e-04
1.68500000e-01	2.10777155e-02	4.11724725e-04
1.69000000e-01	2.05501302e-02	4.02229567e-04
1.69500000e-01	2.03599923e-02	3.97234303e-04
1.70000000e-01	2.12531903e-02	4.10045566e-04
1.70500000e-01	2.04490078e-02	3.99344877e-04
1.71000000e-01	2.05248594e-02	3.95410566e-04
1.71500000e-01	2.04666573e-02	3.95068620e-04
1.72000000e-01	2.03858677e-02	3.93649978e-04
1.72500000e-01	2.07244488e-02	3.97597264e-04
1.73000000e-01	2.06948228e-02	3.98590456e-04
1.73500000e-01	2.01629910e-02	3.86258522e-04
1.74000000e-01	2.07143247e-02	3.98382356e-04
1.74500000e-01	2.04311881e-02	3.88750669e-04
1.75000000e-01	2.03588763e-02	3.86179444e-04
1.75500000e-01	2.06708657e-02	3.91142341e-04
1.76000000e-01	2.03906603e-02	3.88590957e-04
1.76500000e-01	2.02526785e-02	3.82427608e-04
1.77000000e-01	2.03070841e-02	3.85825758e-04
1.77500000e-01	2.01847149e-02	3.82994934e-04
1.78000000e-01	2.04065758e-02	3.86119396e-04
1.78500000e-01	2.03489289e-02	3.85403300e-04
1.79000000e-01	2.02090967e-02	3.83878787e-04
1.79500000e-01	2.04663664e-02	3.90022443e-04
1.80000000e-01	2.04282678e-02	3.86334396e-04
1.80500000e-01	2.03320698e-02	3.84023607e-04
1.81000000e-01	2.00169071e-02	3.79326089e-04
1.81500000e-01	1.98377358e-02	3.73288223e-04
1.82000000e-01	2.01974500e-02	3.81480754e-04
1.82500000e-01	2.01487285e-02	3.77473081e-04
1.83000000e-01	2.03869293e-02	3.79648619e-04
1.83500000e-01	1.98609343e-02	3.72431958e-04
1.84000000e-01	2.01835287e-02	3.77165781e-04
1.84500000e-01	1.98964341e-02	3.75751728e-04
1.85000000e-01	2.01986721e-02	3.75578816e-04
1.85500000e-01	2.04702073e-02	3.79224430e-04
1.86000000e-01	2.01237266e-02	3.74643853e-04
1.86500000e-01	2.01414168e-02	3.75013415e-04
1.87000000e-01	1.99130225e-02	3.70418120e-04
1.87500000e-01	1.99877925e-02	3.71479756e-04
1.88000000e-01	1.94991968e-02	3.63282666e-04
1.88500000e-01	2.03714390e-02	3.76875678e-04
1.89000000e-01	1.98765065e-02	3.67387935e-04
1.89500000e-01	2.01332884e-02	3.71994338e-04
1.90000000e-01	2.02008405e-02	3.74180124e-04
1.90500000e-01	2.00956784e-02	3.68448939e-04
1.91000000e-01	2.01207935e-02	3.69944363e-04
1.91500000e-01	1.97656630e-02	3.65831456e-04
1.92000000e-01	1.98166891e-02	3.64133966e-04
1.92500000e-01	1.97510400e-02	3.65222527e-04
1.93000000e-01	1.98442458e-02	3.67705799e-04
1.93500000e-01	1.93556424e-02	3.55638001e-04
1.94000000e-01	1.98869921e-02	3.62152752e-04
1.94500000e-01	1.99869375e-02	3.65085210e-04
1.95000000e-01	1.94669109e-02	3.56413575e-04
1.95500000e-01	1.99326989e-02	3.62723245e-04
1.96000000e-01	1.93899564e-02	3.57385072e-04
1.96500000e-01	1.99162118e-02	3.62623914e-04
1.97000000e-01	1.96868063e-02	3.59215008e-04
1.97500000e-01	1.92416819e-02	3.50920721e-04
1.98000000e-01	1.98771914e-02	3.59243372e-04
1.98500000e-01	1.95671244e-02	3.55787905e-04
1.99000000e-01	1.95017867e-02	3.55619551e-04
1.99500000e-01	1.98215519e-02	3.56305787e-04
2.00000000e-01	1.94958891e-02	3.52566539e-04
2.00500000e-01	1.99134237e-02	3.57538881e-04
2.01000000e-01	1.96032141e-02	3.52061037e-04
2.01500000e-01	1.97571846e-02	3.54328029e-04
2.02000000e-01	1.96985147e-02	3.51148948e-04
2.02500000e-01	1.96935068e-02	3.51143280e-04
2.03000000e-01	1.98721858e-02	3.56189913e-04
2.03500000e-01	1.99497410e-02	3.56742398e-04
2.04000000e-01	1.95310436e-02	3.50023612e-04
2.04500000e-01	1.97060507e-02	3.52199086e-04
2.05000000e-01	1.93883688e-02	3.47269152e-04
2.05500000e-01	1.97056361e-02	3.53255014e-04
2.06000000e-01	1.94732810e-02	3.45433747e-04
2.06500000e-01	1.95097672e-02	3.46980756e-04
2.07000000e-01	1.92573518e-02	3.42819888e-04
2.07500000e-01	1.93324906e-02	3.42760872e-04
2.08000000e-01	1.94804024e-02	3.46406814e-04
2.08500000e-01	1.96243596e-02	3.47160002e-04
2.09000000e-01	1.94596060e-02	3.46580116e-04
2.09500000e-01	1.97823839e-02	3.48144013e-04
2.10000000e-01	1.92523627e-02	3.38112526e-04
2.10500000e-01	1.92678059e-02	3.41348061e-04
2.11000000e-01	1.93702994e-02	3.39438328e-04
2.11500000e-01	1.92812431e-02	3.40571825e-04
2.12000000e-01	1.93077503e-02	3.37531741e-04
2.12500000e-01	1.93644076e-02	3.41378204e-04
2.13000000e-01	1.90429429e-02	3.35308891e-04
2.13500000e-01	1.91483441e-02	3.35576767e-04
2.14000000e-01	1.90043496e-02	3.34340176e-04
2.14500000e-01	1.90822003e-02	3.34015650e-04
2.15000000e-01	1.91067146e-02	3.36322133e-04
2.15500000e-01	1.92210073e-02	3.36111273e-04
2.16000000e-01	1.93300566e-02	3.36817552e-04
2.16500000e-01	1.91254616e-02	3.32471351e-04
2.17000000e-01	1.93784050e-02	3.40327112e-04
2.17500000e-01	1.90673159e-02	3.42421176e-04
2.18000000e-01	1.92166986e-02	3.45381249e-04
2.18500000e-01	1.95684492e-02	3.54765831e-04
2.19000000e-01	1.89097044e-02	3.48463115e-04
2.19500000e-01	1.90307964e-02	3.48248225e-04
2.20000000e-01	1.90494281e-02	3.47809091e-04
2.20500000e-01	1.91199850e-02	3.51424334e-04
2.21000000e-01	1.91212046e-02	3.52361771e-04
2.21500000e-01	1.94204746e-02	3.59985349e-04
2.22000000e-01	1.90765001e-02	3.49988289e-04
2.22500000e-01	1.93998377e-02	3.58258448e-04
2.23000000e-01	1.92061471e-02	3.55250400e-04
2.23500000e-01	1.89237871e-02	3.53272203e-04
2.24000000e-01	1.92774138e-02	3.59339784e-04
2.24500000e-01	1.92914824e-02	3.62650989e-04
2.25000000e-01	1.86137865e-02	3.51685012e-04
2.25500000e-01	1.90879800e-02	3.60119069e-04
2.26000000e-01	1.92201419e-02	3.63287149e-04
2.26500000e-01	1.92338442e-02	3.53812063e-04
2.27000000e-01	1.92704493e-02	3.53851224e-04
2.27500000e-01	1.92609392e-02	3.50370706e-04
2.28000000e-01	1.92490491e-02	3.49115079e-04
2.28500000e-01	1.90747557e-02	3.44830738e-04
2.29000000e-01	1.92509442e-02	3.46723335e-04
2.29500000e-01	1.85903974e-02	3.35551113e-04
2.30000000e-01	1.90032739e-02	3.36604717e-04
2.30500000e-01	1.88499454e-02	3.35461177e-04
2.31000000e-01	1.88986932e-02	3.36140873e-04
2.31500000e-01	1.90291244e-02	3.39636424e-04
2.32000000e-01	1.90960984e-02	3.36860761e-04
2.32500000e-01	1.90702934e-02	3.35444459e-04
2.33000000e-01	1.85824928e-02	3.26793137e-04
2.33500000e-01	1.87516553e-02	3.27894974e-04
2.34000000e-01	1.89539093e-02	3.30446759e-04
2.34500000e-01	1.93397408e-02	3.37187265e-04
2.35000000e-01	1.86659658e-02	3.27360311e-04
2.35500000e-01	1.89670842e-02	3.30908205e-04
2.36000000e-01	1.89920500e-02	3.31241083e-04
2.36500000e-01	1.86470257e-02	3.25398640e-04
2.37000000e-01	1.87095849e-02	3.22756436e-04
2.37500000e-01	1.90978037e-02	3.32389819e-04
2.38000000e-01	1.87049725e-02	3.22433223e-04
2.38500000e-01	1.85026493e-02	3.20027536e-04
2.39000000e-01	1.88021368e-02	3.23813014e-04
2.39500000e-01	1.88200828e-02	3.23661082e-04
2.40000000e-01	1.85439380e-02	3.19872329e-04
2.40500000e-01	1.89367752e-02	3.22056298e-04
2.41000000e-01	1.86201076e-02	3.18728346e-04
2.41500000e-01	1.86130023e-02	3.18499323e-04
2.42000000e-01	1.87437381e-02	3.18906667e-04
2.42500000e-01	1.90316489e-02	3.21328262e-04
2.43000000e-01	1.84725032e-02	3.14957187e-04
2.43500000e-01	1.84382411e-02	3.15451156e-04
2.44000000e-01	1.86459495e-02	3.16894463e-04
2.44500000e-01	1.87054951e-02	3.16421644e-04
2.45000000e-01	1.87364869e-02	3.15926027e-04
2.45500000e-01	1.80387211e-02	3.06056100e-04
2.46000000e-01	1.84439115e-02	3.13468709e-04
2.46500000e-01	1.85564260e-02	3.13446976e-04
2.47000000e-01	1.83681013e-02	3.10800273e-04
2.47500000e-01	1.86760225e-02	3.13018134e-04
2.48000000e-01	1.86910352e-02	3.15236273e-04
2.48500000e-01	1.86425850e-02	3.11318171e-04
2.49000000e-01	1.86111960e-02	3.10592792e-04
2.49500000e-01	1.89589278e-02	3.15813523e-04
2.50000000e-01	1.87353243e-02	3.12853579e-04
2.50500000e-01	1.83853744e-02	3.10162432e-04
2.51000000e-01	1.86457585e-02	3.11357726e-04
2.51500000e-01	1.83616161e-02	3.09244576e-04
2.52000000e-01	1.86564822e-02	3.11355577e-04
2.52500000e-01	1.84473973e-02	3.06528135e-04
2.53000000e-01	1.81903918e-02	3.05650107e-04
2.53500000e-01	1.84403391e-02	3.08962142e-04
2.54000000e-01	1.86789403e-02	3.11740558e-04
2.54500000e-01	1.85336346e-02	3.06792082e-04
2.55000000e-01	1.86371363e-02	3.09356346e-04
2.55500000e-01	1.84924603e-02	3.06822259e-04
2.56000000e-01	1.87008491e-02	3.07437621e-04
2.56500000e-01	1.85050906e-02	3.05477718e-04
2.57000000e-01	1.84827995e-02	3.05284444e-04
2.57500000e-01	1.86069189e-02	3.06939438e-04
2.58000000e-01	1.86993515e-02	3.08890559e-04
2.58500000e-01	1.86034102e-02	3.04664535e-04
2.59000000e-01	1.81975850e-02	3.02160786e-04
2.59500000e-01	1.86603821e-02	3.05526432e-04
2.60000000e-01	1.85410344e-02	3.05532562e-04
2.60500000e-01	1.83370790e-02	2.99805169e-04
2.61000000e-01	1.82170486e-02	2.98295692e-04
2.61500000e-01	1.84170953e-02	3.01786433e-04
2.62000000e-01	1.83704530e-02	3.01021191e-04
2.62500000e-01	1.82602151e-02	2.98056997e-04
2.63000000e-01	1.83125998e-02	2.98188041e-04
2.63500000e-01	1.83298870e-02	2.99235500e-04
2.64000000e-01	1.84118933e-02	3.00641583e-04
2.64500000e-01	1.84203917e-02	2.99950699e-04
2.65000000e-01	1.80921406e-02	2.95124726e-04
2.65500000e-01	1.83020523e-02	2.96427129e-04
2.66000000e-01	1.85543277e-02	3.00113196e-04
2.66500000e-01	1.81761736e-02	2.94526095e-04
2.67000000e-01	1.82276702e-02	2.97500953e-04
2.67500000e-01	1.82447728e-02	2.96895733e-04
2.68000000e-01	1.84335327e-02	2.94595376e-04
2.68500000e-01	1.80678101e-02	2.91017940e-04
2.69000000e-01	1.82799402e-02	2.94504752e-04
2.69500000e-01	1.80531869e-02	2.90323359e-04
2.70000000e-01	1.80217421e-02	2.90637810e-04
2.70500000e-01	1.85062480e-02	2.95674714e-04
2.71000000e-01	1.78730228e-02	2.88634099e-04
2.71500000e-01	1.82759233e-02	2.93467171e-04
2.72000000e-01	1.82521236e-02	2.91649427e-04
2.72500000e-01	1.84276819e-02	2.95361549e-04
2.73000000e-01	1.78171305e-02	2.88943728e-04
2.73500000e-01	1.78508638e-02	2.84869165e-04
2.74000000e-01	1.79067908e-02	2.85956664e-04
2.74500000e-01	1.81410645e-02	2.88053640e-04
2.75000000e-01	1.79405851e-02	2.87819623e-04
2.75500000e-01	1.80358609e-02	2.86832983e-04
2.76000000e-01	1.81074150e-02	2.88646773e-04
2.76500000e-01	1.82579701e-02	2.90083867e-04
2.77000000e-01	1.76570427e-02	2.82038611e-04
2.77500000e-01	1.79020316e-02	2.85829875e-04
2.78000000e-01	1.82844316e-02	2.88425856e-04
2.78500000e-01	1.82822683e-02	2.90168495e-04
2.79000000e-01	1.83519097e-02	2.91371793e-04
2.79500000e-01	1.79502565e-02	2.83286871e-04
2.80000000e-01	1.81326960e-02	2.85651986e-04
2.80500000e-01	1.78947266e-02	2.81411134e-04
2.81000000e-01	1.78000172e-02	2.81320456e-04
2.81500000e-01	1.77424312e-02	2.80757397e-04
2.82000000e-01	1.79024714e-02	2.83513101e-04
2.82500000e-01	1.79091854e-02	2.83357609e-04
2.83000000e-01	1.77596852e-02	2.78959855e-04
2.83500000e-01	1.84117665e-02	2.88452947e-04
2.84000000e-01	1.81037996e-02	2.83369350e-04
2.84500000e-01	1.82751541e-02	2.86463249e-04
2.85000000e-01	1.80640842e-02	2.80812645e-04
2.85500000e-01	1.77807092e-02	2.77748191e-04
2.86000000e-01	1.81658235e-02	2.84237096e-04
2.86500000e-01	1.77517415e-02	2.76345050e-04
2.87000000e-01	1.79683124e-02	2.80028605e-04
2.87500000e-01	1.76808078e-02	2.74098112e-04
2.88000000e-01	1.80589622e-02	2.79583160e-04
2.88500000e-01	1.78817814e-02	2.77848235e-04
2.89000000e-01	1.79153221e-02	2.80757748e-04
2.89500000e-01	1.77635998e-02	2.74939823e-04
2.90000000e-01	1.79617578e-02	2.79564112e-04
2.90500000e-01	1.81413567e-02	2.80268040e-04
2.91000000e-01	1.77274839e-02	2.76049207e-04
2.91500000e-01	1.77260843e-02	2.75177091e-04
2.92000000e-01	1.78283393e-02	2.73981335e-04
2.92500000e-01	1.78710822e-02	2.76229478e-04
2.93000000e-01	1.77071880e-02	2.73239014e-04
2.93500000e-01	1.77195459e-02	2.72463098e-04
2.94000000e-01	1.81266365e-02	2.79305569e-04
2.94500000e-01	1.80369019e-02	2.77173490e-04
2.95000000e-01	1.78164331e-02	2.71253478e-04
2.95500000e-01	1.80884151e-02	2.77416741e-04
2.96000000e-01	1.77072413e-02	2.73938497e-04
2.96500000e-01	1.77053957e-02	2.74199321e-04
2.97000000e-01	1.74210889e-02	2.69624704e-04
2.97500000e-01	1.80080154e-02	2.74117014e-04
2.98000000e-01	1.78245203e-02	2.72849216e-04
2.98500000e-01	1.77718418e-02	2.72054593e-04
2.99000000e-01	1.77564431e-02	2.71971523e-04
2.99500000e-01	1.77168578e-02	2.72388396e-04
3.00000000e-01	1.77955905e-02	2.72550848e-04
3.00500000e-01	1.74863903e-02	2.67327103e-04
3.01000000e-01	1.79803154e-02	2.72834058e-04
3.01500000e-01	1.79029053e-02	2.69567998e-04
3.02000000e-01	1.78419959e-02	2.71754261e-04
3.02500000e-01	1.79650314e-02	2.73094115e-04
3.03000000e-01	1.77091469e-02	2.70680464e-04
3.03500000e-01	1.75951579e-02	2.67030844e-04
3.04000000e-01	1.75864717e-02	2.69646580e-04
3.04500000e-01	1.76735600e-02	2.68188695e-04
3.05000000e-01	1.76792696e-02	2.67748891e-04
3.05500000e-01	1.75185399e-02	2.66025728e-04
3.06000000e-01	1.77459529e-02	2.66590066e-04
3.06500000e-01	1.75175918e-02	2.66204913e-04
3.07000000e-01	1.75520040e-02	2.65122340e-04
3.07500000e-01	1.73566573e-02	2.62132358e-04
3.08000000e-01	1.73685825e-02	2.62947645e-04
3.08500000e-01	1.73631187e-02	2.62411338e-04
3.09000000e-01	1.79108848e-02	2.69948992e-04
3.09500000e-01	1.74366479e-02	2.62954997e-04
3.10000000e-01	1.75393850e-02	2.64393192e-04
3.10500000e-01	1.77185250e-02	2.65920992e-04
3.11000000e-01	1.76238434e-02	2.64843166e-04
3.11500000e-01	1.75524928e-02	2.63850029e-04
3.12000000e-01	1.76298004e-02	2.64694149e-04
3.12500000e-01	1.75792646e-02	2.64166369e-04
3.13000000e-01	1.75176271e-02	2.61803673e-04
3.13500000e-01	1.74516177e-02	2.61459130e-04
3.14000000e-01	1.71756972e-02	2.57375860e-04
3.14500000e-01	1.73443945e-02	2.59626752e-04
3.15000000e-01	1.72408773e-02	2.57328994e-04
3.15500000e-01	1.72477439e-02	2.58084801e-04
3.16000000e-01	1.73578010e-02	2.58334996e-04
3.16500000e-01	1.71004665e-02	2.56099703e-04
3.17000000e-01	1.74580083e-02	2.60535168e-04
3.17500000e-01	1.75493360e-02	2.61210168e-04
3.18000000e-01	1.71968867e-02	2.56386384e-04
3.18500000e-01	1.72536045e-02	2.57303040e-04
3.19000000e-01	1.73394469e-02	2.57833157e-04
3.19500000e-01	1.72066577e-02	2.56937303e-04
3.20000000e-01	1.72911477e-02	2.57017104e-04
3.20500000e-01	1.73551662e-02	2.57359741e-04
3.21000000e-01	1.71477469e-02	2.56291368e-04
3.21500000e-01	1.75080477e-02	2.59689526e-04
3.22000000e-01	1.73684916e-02	2.56302277e-04
3.22500000e-01	1.68678084e-02	2.49583856e-04
3.23000000e-01	1.73274098e-02	2.56362909e-04
3.23500000e-01	1.72907057e-02	2.56749055e-04
3.24000000e-01	1.68795387e-02	2.50167625e-04
3.24500000e-01	1.73703548e-02	2.56172799e-04
3.25000000e-01	1.70569040e-02	2.51286626e-04
3.25500000e-01	1.75577335e-02	2.57499549e-04
3.26000000e-01	1.71590239e-02	2.50715630e-04
3.26500000e-01	1.69977541e-02	2.50695920e-04
3.27000000e-01	1.70849857e-02	2.51725822e-04
3.27500000e-01	1.71483258e-02	2.52055736e-04
3.28000000e-01	1.73354395e-02	2.54508254e-04
3.28500000e-01	1.74107455e-02	2.54120771e-04
3.29000000e-01	1.71607103e-02	2.51824457e-04
3.29500000e-01	1.73254308e-02	2.55445233e-04
3.30000000e-01	1.72199230e-02	2.51296845e-04
3.30500000e-01	1.70322811e-02	2.50025844e-04
3.31000000e-01	1.70491261e-02	2.49458809e-04
3.31500000e-01	1.70821501e-02	2.48729529e-04
3.32000000e-01	1.73049410e-02	2.51386705e-04
3.32500000e-01	1.72431871e-02	2.51730114e-04
3.33000000e-01	1.69759296e-02	2.49484260e-04
3.33500000e-01	1.70684668e-02	2.48370757e-04
3.34000000e-01	1.70270513e-02	2.47507330e-04
3.34500000e-01	1.66706620e-02	2.44143980e-04
3.35000000e-01	1.72872492e-02	2.49107468e-04
3.35500000e-01	1.69449644e-02	2.46357642e-04
3.36000000e-01	1.70151450e-02	2.46555108e-04
3.36500000e-01	1.68338957e-02	2.44478342e-04
3.37000000e-01	1.71469069e-02	2.48174580e-04
3.37500000e-01	1.71826049e-02	2.48639712e-04
3.38000000e-01	1.70676882e-02	2.47772959e-04
3.38500000e-01	1.71014355e-02	2.46805832e-04
3.39000000e-01	1.69675456e-02	2.47000710e-04
3.39500000e-01	1.70618663e-02	2.47406563e-04
3.40000000e-01	1.67634849e-02	2.42811436e-04
3.40500000e-01	1.70588437e-02	2.45776586e-04
3.41000000e-01	1.70828650e-02	2.46205610e-04
3.41500000e-01	1.69475212e-02	2.45168260e-04
3.42000000e-01	1.67980710e-02	2.43628021e-04
3.42500000e-01	1.70727262e-02	2.43712057e-04
3.43000000e-01	1.71146575e-02	2.46114467e-04
3.43500000e-01	1.69252375e-02	2.43747754e-04
3.44000000e-01	1.67769518e-02	2.42153346e-04
3.44500000e-01	1.70727116e-02	2.47020688e-04
3.45000000e-01	1.70456894e-02	2.45146253e-04
3.45500000e-01	1.68346523e-02	2.40808405e-04
3.46000000e-01	1.66357799e-02	2.38996841e-04
3.46500000e-01	1.67811385e-02	2.41636782e-04
3.47000000e-01	1.65575805e-02	2.37632449e-04
3.47500000e-01	1.68844394e-02	2.41573961e-04
3.48000000e-01	1.65874626e-02	2.38446543e-04
3.48500000e-01	1.72201613e-02	2.45296647e-04
3.49000000e-01	1.67026741e-02	2.38419606e-04
3.49500000e-01	1.70981163e-02	2.44042847e-04
3.50000000e-01	1.67567657e-02	1.95414590e-04
3.51000000e-01	1.68247208e-02	1.70305300e-04
3.52000000e-01	1.66233718e-02	1.67146986e-04
3.53000000e-01	1.66940459e-02	1.67578164e-04
3.54000000e-01	1.66910290e-02	1.66722475e-04
3.55000000e-01	1.67040960e-02	1.67394676e-04
3.56000000e-01	1.67664556e-02	1.68077662e-04
3.57000000e-01	1.65789548e-02	1.70360965e-04
3.58000000e-01	1.67995913e-02	1.73392870e-04
3.59000000e-01	1.64585754e-02	1.72182820e-04
3.60000000e-01	1.64572667e-02	1.72393998e-04
3.61000000e-01	1.65109459e-02	1.73778908e-04
3.62000000e-01	1.65584735e-02	1.75809084e-04
3.63000000e-01	1.63128131e-02	1.73815263e-04
3.64000000e-01	1.64912992e-02	1.75624793e-04
3.65000000e-01	1.63812026e-02	1.75143219e-04
3.66000000e-01	1.64386612e-02	1.74246201e-04
3.67000000e-01	1.65068765e-02	1.72418436e-04
3.68000000e-01	1.64006240e-02	1.70273301e-04
3.69000000e-01	1.63421668e-02	1.68676023e-04
3.70000000e-01	1.64308088e-02	1.68415783e-04
3.71000000e-01	1.64778952e-02	1.70818569e-04
3.72000000e-01	1.63212222e-02	1.70031297e-04
3.73000000e-01	1.64686013e-02	1.71843138e-04
3.74000000e-01	1.63525607e-02	1.71402248e-04
3.75000000e-01	1.63228710e-02	1.71889696e-04
3.76000000e-01	1.63672538e-02	1.72150216e-04
3.77000000e-01	1.62492813e-02	1.70971698e-04
3.78000000e-01	1.62027949e-02	1.70543267e-04
3.79000000e-01	1.64413758e-02	1.72071240e-04
3.80000000e-01	1.62844407e-02	1.70370954e-04
3.81000000e-01	1.61363454e-02	1.69525024e-04
3.82000000e-01	1.61271202e-02	1.69438389e-04
3.83000000e-01	1.61868686e-02	1.69521359e-04
3.84000000e-01	1.63427169e-02	1.70028134e-04
3.85000000e-01	1.62481154e-02	1.70494896e-04
3.86000000e-01	1.61804682e-02	1.69446195e-04
3.87000000e-01	1.60483670e-02	1.68650088e-04
3.88000000e-01	1.63467607e-02	1.71800332e-04
3.89000000e-01	1.61402847e-02	1.68326389e-04
3.90000000e-01	1.59710240e-02	1.67997721e-04
3.91000000e-01	1.60014695e-02	1.68013494e-04
3.92000000e-01	1.58761134e-02	1.67064373e-04
3.93000000e-01	1.60878060e-02	1.68426230e-04
3.94000000e-01	1.60710354e-02	1.68674127e-04
3.95000000e-01	1.58765523e-02	1.66345812e-04
3.96000000e-01	1.60878504e-02	1.68041365e-04
3.97000000e-01	1.61440969e-02	1.68634413e-04
3.98000000e-01	1.59265416e-02	1.66920337e-04
3.99000000e-01	1.58981491e-02	1.67282899e-04
4.00000000e-01	1.58146393e-02	1.65706393e-04
4.01000000e-01	1.57986187e-02	1.65957264e-04
4.02000000e-01	1.59291170e-02	1.66830086e-04
4.03000000e-01	1.57101037e-02	1.65800286e-04
4.04000000e-01	1.58798072e-02	1.67224734e-04
4.05000000e-01	1.58311762e-02	1.65953762e-04
4.06000000e-01	1.59275335e-02	1.67015267e-04
4.07000000e-01	1.59177186e-02	1.66503471e-04
4.08000000e-01	1.56995847e-02	1.64802080e-04
4.09000000e-01	1.56534757e-02	1.63655794e-04
4.10000000e-01	1.59219980e-02	1.66604528e-04
4.11000000e-01	1.58142232e-02	1.65963784e-04
4.12000000e-01	1.59521008e-02	1.67212014e-04
4.13000000e-01	1.57288442e-02	1.64496562e-04
4.14000000e-01	1.58156423e-02	1.64757670e-04
4.15000000e-01	1.56314380e-02	1.64090088e-04
4.16000000e-01	1.56998888e-02	1.64389712e-04
4.17000000e-01	1.56795671e-02	1.64160909e-04
4.18000000e-01	1.58361982e-02	1.67118412e-04
4.19000000e-01	1.57035228e-02	1.68363671e-04
4.20000000e-01	1.58647569e-02	1.69943338e-04
4.21000000e-01	1.59803921e-02	1.72241690e-04
4.22000000e-01	1.57755376e-02	1.70336085e-04
4.23000000e-01	1.57716294e-02	1.70868099e-04
4.24000000e-01	1.59796952e-02	1.73154455e-04
4.25000000e-01	1.57672478e-02	1.72205911e-04
4.26000000e-01	1.59506459e-02	1.73408518e-04
4.27000000e-01	1.56930912e-02	1.71571198e-04
4.28000000e-01	1.58919684e-02	1.73903562e-04
4.29000000e-01	1.57747251e-02	1.73254755e-04
4.30000000e-01	1.55849673e-02	1.70468686e-04
4.31000000e-01	1.55615439e-02	1.70156829e-04
4.32000000e-01	1.57264914e-02	1.71613309e-04
4.33000000e-01	1.54160366e-02	1.69983147e-04
4.34000000e-01	1.59588329e-02	1.73847118e-04
4.35000000e-01	1.56383508e-02	1.71781319e-04
4.36000000e-01	1.57877592e-02	1.73145397e-04
4.37000000e-01	1.58486227e-02	1.73812821e-04
4.38000000e-01	1.56050130e-02	1.71312480e-04
4.39000000e-01	1.54272365e-02	1.71362611e-04
4.40000000e-01	1.56857283e-02	1.72753756e-04
4.41000000e-01	1.55185463e-02	1.72783998e-04
4.42000000e-01	1.56132869e-02	1.73238833e-04
4.43000000e-01	1.58803516e-02	1.75480080e-04
4.44000000e-01	1.55657651e-02	1.73324062e-04
4.45000000e-01	1.56855311e-02	1.73732972e-04
4.46000000e-01	1.55712447e-02	1.73603066e-04
4.47000000e-01	1.56498469e-02	1.74254647e-04
4.48000000e-01	1.55901110e-02	1.74777134e-04
4.49000000e-01	1.54991351e-02	1.72945171e-04
4.50000000e-01	1.56047650e-02	1.74523098e-04
4.51000000e-01	1.56021712e-02	1.74607871e-04
4.52000000e-01	1.54524067e-02	1.73387694e-04
4.53000000e-01	1.56425931e-02	1.74858442e-04
4.54000000e-01	1.55878815e-02	1.74322386e-04
4.55000000e-01	1.57017305e-02	1.76019479e-04
4.56000000e-01	1.55269303e-02	1.74915326e-04
4.57000000e-01	1.53786276e-02	1.73427365e-04
4.58000000e-01	1.55114893e-02	1.74440703e-04
4.59000000e-01	1.55058172e-02	1.74809273e-04
4.60000000e-01	1.55145997e-02	1.75782922e-04
4.61000000e-01	1.55310664e-02	1.75656737e-04
4.62000000e-01	1.54467703e-02	1.74483259e-04
4.63000000e-01	1.56883806e-02	1.76785954e-04
4.64000000e-01	1.53173201e-02	1.74352699e-04
4.65000000e-01	1.55916337e-02	1.76861028e-04
4.66000000e-01	1.55101367e-02	1.74722332e-04
4.67000000e-01	1.54807950e-02	1.74875848e-04
4.68000000e-01	1.53555896e-02	1.74997362e-04
4.69000000e-01	1.52286695e-02	1.73141987e-04
4.70000000e-01	1.52855850e-02	1.74728280e-04
4.71000000e-01	1.54013869e-02	1.74895513e-04
4.72000000e-01	1.52307982e-02	1.73517201e-04
4.73000000e-01	1.53699636e-02	1.74521059e-04
4.74000000e-01	1.53976806e-02	1.73701613e-04
4.75000000e-01	1.54419801e-02	1.75398328e-04
4.76000000e-01	1.53315250e-02	1.73892547e-04
4.77000000e-01	1.53610104e-02	1.74477866e-04
4.78000000e-01	1.53067495e-02	1.74539444e-04
4.79000000e-01	1.52723247e-02	1.74225890e-04
4.80000000e-01	1.52868160e-02	1.74023206e-04
4.81000000e-01	1.50437101e-02	1.72508560e-04
4.82000000e-01	1.51127554e-02	1.73097011e-04
4.83000000e-01	1.52376861e-02	1.74037945e-04
4.84000000e-01	1.53660806e-02	1.74768529e-04
4.85000000e-01	1.52864878e-02	1.75284636e-04
4.86000000e-01	1.55626894e-02	1.77377830e-04
4.87000000e-01	1.52662061e-02	1.74015588e-04
4.88000000e-01	1.53439601e-02	1.75077560e-04
4.89000000e-01	1.51104623e-02	1.73695378e-04
4.90000000e-01	1.51547636e-02	1.73847344e-04
4.91000000e-01	1.53131492e-02	1.75102183e-04
4.92000000e-01	1.52877520e-02	1.74696082e-04
4.93000000e-01	1.51504144e-02	1.73882611e-04
4.94000000e-01	1.52621236e-02	1.75571769e-04
4.95000000e-01	1.53342649e-02	1.77397907e-04
4.96000000e-01	1.51903906e-02	1.80963111e-04
4.97000000e-01	1.51594003e-02	1.84338986e-04
4.98000000e-01	1.53516764e-02	1.87938017e-04
4.99000000e-01	1.50780939e-02	1.86757412e-04
5.00000000e-01	1.49507639e-02	1.88968377e-04
5.01000000e-01	1.53039153e-02	1.93247049e-04
5.02000000e-01	1.50708913e-02	1.93435990e-04
5.03000000e-01	1.54147587e-02	1.98341874e-04
5.04000000e-01	1.50784115e-02	1.97157309e-04
5.05000000e-01	1.51098903e-02	1.93880522e-04
5.06000000e-01	1.53912254e-02	1.92795881e-04
5.07000000e-01	1.53456768e-02	1.90043321e-04
5.08000000e-01	1.49654233e-02	1.86204126e-04
5.09000000e-01	1.54143859e-02	1.89912938e-04
5.10000000e-01	1.52811205e-02	1.87045296e-04
5.11000000e-01	1.53009802e-02	1.86139980e-04
5.12000000e-01	1.52168826e-02	1.85676335e-04
5.13000000e-01	1.53344145e-02	1.86017858e-04
5.14000000e-01	1.51558679e-02	1.84639831e-04
5.15000000e-01	1.49043701e-02	1.81574491e-04
5.16000000e-01	1.51523454e-02	1.83543662e-04
5.17000000e-01	1.49788930e-02	1.82126154e-04
5.18000000e-01	1.50297805e-02	1.82293962e-04
5.19000000e-01	1.51513565e-02	1.81813382e-04
5.20000000e-01	1.49241333e-02	1.79177939e-04
5.21000000e-01	1.50128226e-02	1.80788855e-04
5.22000000e-01	1.50628015e-02	1.80675775e-04
5.23000000e-01	1.48432422e-02	1.78447415e-04
5.24000000e-01	1.50231269e-02	1.80345617e-04
5.25000000e-01	1.50924386e-02	1.79981867e-04
5.26000000e-01	1.49534039e-02	1.79810494e-04
5.27000000e-01	1.50089940e-02	1.80943122e-04
5.28000000e-01	1.50710320e-02	1.80856984e-04
5.29000000e-01	1.50320965e-02	1.80558367e-04
5.30000000e-01	1.48288248e-02	1.78931938e-04
5.31000000e-01	1.48807550e-02	1.79199505e-04
5.32000000e-01	1.48833241e-02	1.78656459e-04
5.33000000e-01	1.47171970e-02	1.77813434e-04
5.34000000e-01	1.49094696e-02	1.79287550e-04
5.35000000e-01	1.49467393e-02	1.79242376e-04
5.36000000e-01	1.47438269e-02	1.77182266e-04
5.37000000e-01	1.49408860e-02	1.80086725e-04
5.38000000e-01	1.46657915e-02	1.77273123e-04
5.39000000e-01	1.47892745e-02	1.77548104e-04
5.40000000e-01	1.49179508e-02	1.78928174e-04
5.41000000e-01	1.47128285e-02	1.77230022e-04
5.42000000e-01	1.47460544e-02	1.76547563e-04
5.43000000e-01	1.47791164e-02	1.77854982e-04
5.44000000e-01	1.49380861e-02	1.79337934e-04
5.45000000e-01	1.47618979e-02	1.78843192e-04
5.46000000e-01	1.49533129e-02	1.79438368e-04
5.47000000e-01	1.46829504e-02	1.77986994e-04
5.48000000e-01	1.46617234e-02	1.75916388e-04
5.49000000e-01	1.47375440e-02	1.76510129e-04
5.50000000e-01	1.45754401e-02	1.75949041e-04
5.51000000e-01	1.46341830e-02	1.75989306e-04
5.52000000e-01	1.46047024e-02	1.74981993e-04
5.53000000e-01	1.48744041e-02	1.76717842e-04
5.54000000e-01	1.46165726e-02	1.73899374e-04
5.55000000e-01	1.47566033e-02	1.75903757e-04
5.56000000e-01	1.47342902e-02	1.74880047e-04
5.57000000e-01	1.47231127e-02	1.76018743e-04
5.58000000e-01	1.47746599e-02	1.76130009e-04
5.59000000e-01	1.49033530e-02	1.77846818e-04
5.60000000e-01	1.46272202e-02	1.75024265e-04
5.61000000e-01	1.45724611e-02	1.74320644e-04
5.62000000e-01	1.45392268e-02	1.74634622e-04
5.63000000e-01	1.46562165e-02	1.74702918e-04
5.64000000e-01	1.45777116e-02	1.74024009e-04
5.65000000e-01	1.44924667e-02	1.73775175e-04
5.66000000e-01	1.45829397e-02	1.74474244e-04
5.67000000e-01	1.47667150e-02	1.76584585e-04
5.68000000e-01	1.47325629e-02	1.76463004e-04
5.69000000e-01	1.45857690e-02	1.74415739e-04
5.70000000e-01	1.45915144e-02	1.73812665e-04
5.71000000e-01	1.45401975e-02	1.73120533e-04
5.72000000e-01	1.44064292e-02	1.72532820e-04
5.73000000e-01	1.45685810e-02	1.74874839e-04
5.74000000e-01	1.46659960e-02	1.74613253e-04
5.75000000e-01	1.42960669e-02	1.72524622e-04
5.76000000e-01	1.44262231e-02	1.72889044e-04
5.77000000e-01	1.45618911e-02	1.74264805e-04
5.78000000e-01	1.45360774e-02	1.74432263e-04
5.79000000e-01	1.44113063e-02	1.73554997e-04
5.80000000e-01	1.43478066e-02	1.71597164e-04
5.81000000e-01	1.43333340e-02	1.72132389e-04
5.82000000e-01	1.43725656e-02	1.73484371e-04
5.83000000e-01	1.44869016e-02	1.74076074e-04
5.84000000e-01	1.41327582e-02	1.70850374e-04
5.85000000e-01	1.42802109e-02	1.71795243e-04
5.86000000e-01	1.44694199e-02	1.75204229e-04
5.87000000e-01	1.43355527e-02	1.71739649e-04
5.88000000e-01	1.44789731e-02	1.74269324e-04
5.89000000e-01	1.43753892e-02	1.73555431e-04
5.90000000e-01	1.43518353e-02	1.71882802e-04
5.91000000e-01	1.42272677e-02	1.72363653e-04
5.92000000e-01	1.41818304e-02	1.70992458e-04
5.93000000e-01	1.45065171e-02	1.74413687e-04
5.94000000e-01	1.43047868e-02	1.73588959e-04
5.95000000e-01	1.43599431e-02	1.73898409e-04
5.96000000e-01	1.43512710e-02	1.72340595e-04
5.97000000e-01	1.44622256e-02	1.72396725e-04
5.98000000e-01	1.42886984e-02	1.72047338e-04
5.99000000e-01	1.44126628e-02	1.73195712e-04
6.00000000e-01	1.44985747e-02	1.74535293e-04
6.01000000e-01	1.43367633e-02	1.72568503e-04
6.02000000e-01	1.44103033e-02	1.73183164e-04
6.03000000e-01	1.42483684e-02	1.73185614e-04
6.04000000e-01	1.40618020e-02	1.69855953e-04
6.05000000e-01	1.39710147e-02	1.68872351e-04
6.06000000e-01	1.43231137e-02	1.73675570e-04
6.07000000e-01	1.43126080e-02	1.73337745e-04
6.08000000e-01	1.42644916e-02	1.72427266e-04
6.09000000e-01	1.41441663e-02	1.72147304e-04
6.10000000e-01	1.43903885e-02	1.72977029e-04
6.11000000e-01	1.42315110e-02	1.71499495e-04
6.12000000e-01	1.40942775e-02	1.71475359e-04
6.13000000e-01	1.42442990e-02	1.72043223e-04
6.14000000e-01	1.43843279e-02	1.74402856e-04
6.15000000e-01	1.42593322e-02	1.71645147e-04
6.16000000e-01	1.41406902e-02	1.70798946e-04
6.17000000e-01	1.42154438e-02	1.72920560e-04
6.18000000e-01	1.40305328e-02	1.70951332e-04
6.19000000e-01	1.42286137e-02	1.71739976e-04
6.20000000e-01	1.42284295e-02	1.72415924e-04
6.21000000e-01	1.41638940e-02	1.71001958e-04
6.22000000e-01	1.42891443e-02	1.71571174e-04
6.23000000e-01	1.41590715e-02	1.71230352e-04
6.24000000e-01	1.43980891e-02	1.71672209e-04
6.25000000e-01	1.38202273e-02	1.67395117e-04
6.26000000e-01	1.41073976e-02	1.69978543e-04
6.27000000e-01	1.39781802e-02	1.69005646e-04
6.28000000e-01	1.41756281e-02	1.70422903e-04
6.29000000e-01	1.39115551e-02	1.67762504e-04
6.30000000e-01	1.41004589e-02	1.69125403e-04
6.31000000e-01	1.41653388e-02	1.70409552e-04
6.32000000e-01	1.39400375e-02	1.68839350e-04
6.33000000e-01	1.40406835e-02	1.69149686e-04
6.34000000e-01	1.39843236e-02	1.72511920e-04
6.35000000e-01	1.41051117e-02	1.78787343e-04
6.36000000e-01	1.40629376e-02	1.82914435e-04
6.37000000e-01	1.40614174e-02	1.83919814e-04
6.38000000e-01	1.40553230e-02	1.86891978e-04
6.39000000e-01	1.42379281e-02	1.91941166e-04
6.40000000e-01	1.43129461e-02	1.95974946e-04
6.41000000e-01	1.39764407e-02	1.93774018e-04
6.42000000e-01	1.40585377e-02	1.97048012e-04
6.43000000e-01	1.42618053e-02	1.98456148e-04
6.44000000e-01	1.41909742e-02	1.90445895e-04
6.45000000e-01	1.42973565e-02	1.88257923e-04
6.46000000e-01	1.43482403e-02	1.87286840e-04
6.47000000e-01	1.39676492e-02	1.81543833e-04
6.48000000e-01	1.40693280e-02	1.81119730e-04
6.49000000e-01	1.42289872e-02	1.84359697e-04
6.50000000e-01	1.39623374e-02	1.79313221e-04
6.51000000e-01	1.38938903e-02	1.79347817e-04
6.52000000e-01	1.40898046e-02	1.79469060e-04
6.53000000e-01	1.41060670e-02	1.79257088e-04
6.54000000e-01	1.39847069e-02	1.77085585e-04
6.55000000e-01	1.40005812e-02	1.76718313e-04
6.56000000e-01	1.40136571e-02	1.76416418e-04
6.57000000e-01	1.40301502e-02	1.76846804e-04
6.58000000e-01	1.41619803e-02	1.77234039e-04
6.59000000e-01	1.39487410e-02	1.74738489e-04
6.60000000e-01	1.41745313e-02	1.77223317e-04
6.61000000e-01	1.40403400e-02	1.75476844e-04
6.62000000e-01	1.39396052e-02	1.75592223e-04
6.63000000e-01	1.40789376e-02	1.75690653e-04
6.64000000e-01	1.38950514e-02	1.73926764e-04
6.65000000e-01	1.39476868e-02	1.74261218e-04
6.66000000e-01	1.41558985e-02	1.76406055e-04
6.67000000e-01	1.39622231e-02	1.74440376e-04
6.68000000e-01	1.39642845e-02	1.74994051e-04
6.69000000e-01	1.41738159e-02	1.76663011e-04
6.70000000e-01	1.39667994e-02	1.74203517e-04
6.71000000e-01	1.39880341e-02	1.74384655e-04
6.72000000e-01	1.40668892e-02	1.74927361e-04
6.73000000e-01	1.40427753e-02	1.74814710e-04
6.74000000e-01	1.39383351e-02	1.73008588e-04
6.75000000e-01	1.39434203e-02	1.74309979e-04
6.76000000e-01	1.38833725e-02	1.72864466e-04
6.77000000e-01	1.39982148e-02	1.74290962e-04
6.78000000e-01	1.38019739e-02	1.71575846e-04
6.79000000e-01	1.38531373e-02	1.73197381e-04
6.80000000e-01	1.39376381e-02	1.72465767e-04
6.81000000e-01	1.36968531e-02	1.70232015e-04
6.82000000e-01	1.39247987e-02	1.73465904e-04
6.83000000e-01	1.38908747e-02	1.72814437e-04
6.84000000e-01	1.39018949e-02	1.73419884e-04
6.85000000e-01	1.39391265e-02	1.74707841e-04
6.86000000e-01	1.39058043e-02	1.72871993e-04
6.87000000e-01	1.38753007e-02	1.72360174e-04
6.88000000e-01	1.39484455e-02	1.73651803e-04
6.89000000e-01	1.38996455e-02	1.73495686e-04
6.90000000e-01	1.37218881e-02	1.72123457e-04
6.91000000e-01	1.39549999e-02	1.73831538e-04
6.92000000e-01	1.38241129e-02	1.72638726e-04
6.93000000e-01	1.37037854e-02	1.71009911e-04
6.94000000e-01	1.36690211e-02	1.71168009e-04
6.95000000e-01	1.39376585e-02	1.72550804e-04
6.96000000e-01	1.38362315e-02	1.72056730e-04
6.97000000e-01	1.37223227e-02	1.71418895e-04
6.98000000e-01	1.37511101e-02	1.71556333e-04
6.99000000e-01	1.37673970e-02	1.72093670e-04
7.00000000e-01	1.36979842e-02	1.69829207e-04
7.01000000e-01	1.37313705e-02	1.70692204e-04
7.02000000e-01	1.37631829e-02	1.71336314e-04
7.03000000e-01	1.34485346e-02	1.68709115e-04
7.04000000e-01	1.37309749e-02	1.70536418e-04
7.05000000e-01	1.35807957e-02	1.70032803e-04
7.06000000e-01	1.36257177e-02	1.70735955e-04
7.07000000e-01	1.37056610e-02	1.70034302e-04
7.08000000e-01	1.35193608e-02	1.67643430e-04
7.09000000e-01	1.35987732e-02	1.69560637e-04
7.10000000e-01	1.35156095e-02	1.67753478e-04
7.11000000e-01	1.36715997e-02	1.70508008e-04
7.12000000e-01	1.35653776e-02	1.68501767e-04
7.13000000e-01	1.37043392e-02	1.70050181e-04
7.14000000e-01	1.36358534e-02	1.69625570e-04
7.15000000e-01	1.36327396e-02	1.69306583e-04
7.16000000e-01	1.36627988e-02	1.69112555e-04
7.17000000e-01	1.36535393e-02	1.69872280e-04
7.18000000e-01	1.36986335e-02	1.70041180e-04
7.19000000e-01	1.36524638e-02	1.69562722e-04
7.20000000e-01	1.35015045e-02	1.68418653e-04
7.21000000e-01	1.35309988e-02	1.69317451e-04
7.22000000e-01	1.32316840e-02	1.65244483e-04
7.23000000e-01	1.34931202e-02	1.68347419e-04
7.24000000e-01	1.34012793e-02	1.67994518e-04
7.25000000e-01	1.33578004e-02	1.67137270e-04
7.26000000e-01	1.34546673e-02	1.68761818e-04
7.27000000e-01	1.33596098e-02	1.66984687e-04
7.28000000e-01	1.34230721e-02	1.67725524e-04
7.29000000e-01	1.33411546e-02	1.66535475e-04
7.30000000e-01	1.34788814e-02	1.67608573e-04
7.31000000e-01	1.34091561e-02	1.67099627e-04
7.32000000e-01	1.35189297e-02	1.68959321e-04
7.33000000e-01	1.32050401e-02	1.65366224e-04
7.34000000e-01	1.34390285e-02	1.67851859e-04
7.35000000e-01	1.33804970e-02	1.66665671e-04
7.36000000e-01	1.34084106e-02	1.66919247e-04
7.37000000e-01	1.33129129e-02	1.65314511e-04
7.38000000e-01	1.34302459e-02	1.66859181e-04
7.39000000e-01	1.32249164e-02	1.64790256e-04
7.40000000e-01	1.34706667e-02	1.67071115e-04
7.41000000e-01	1.33071802e-02	1.65001869e-04
7.42000000e-01	1.34450431e-02	1.65528493e-04
7.43000000e-01	1.34276829e-02	1.66527741e-04
7.44000000e-01	1.33355026e-02	1.64738145e-04
7.45000000e-01	1.32310832e-02	1.64213955e-04
7.46000000e-01	1.30150926e-02	1.62372046e-04
7.47000000e-01	1.33507940e-02	1.65401768e-04
7.48000000e-01	1.31213944e-02	1.62457993e-04
7.49000000e-01	1.31601502e-02	1.63046979e-04
7.50000000e-01	1.32385909e-02	1.64304367e-04
7.51000000e-01	1.33273691e-02	1.64035305e-04
7.52000000e-01	1.33874850e-02	1.65994695e-04
7.53000000e-01	1.31675260e-02	1.63401801e-04
7.54000000e-01	1.31050536e-02	1.62755212e-04
7.55000000e-01	1.33641093e-02	1.64788487e-04
7.56000000e-01	1.32173522e-02	1.63568707e-04
7.57000000e-01	1.32244037e-02	1.64503924e-04
7.58000000e-01	1.32817971e-02	1.64805008e-04
7.59000000e-01	1.32232056e-02	1.64058476e-04
7.60000000e-01	1.31778414e-02	1.63068749e-04
7.61000000e-01	1.32073255e-02	1.62918380e-04
7.62000000e-01	1.31545078e-02	1.62821664e-04
7.63000000e-01	1.30371720e-02	1.61288420e-04
7.64000000e-01	1.30520758e-02	1.60732039e-04
7.65000000e-01	1.31071328e-02	1.61075629e-04
7.66000000e-01	1.30081591e-02	1.60331617e-04
7.67000000e-01	1.30533435e-02	1.60320987e-04
7.68000000e-01	1.31866662e-02	1.62529419e-04
7.69000000e-01	1.29431027e-02	1.60017665e-04
7.70000000e-01	1.30925431e-02	1.61352418e-04
7.71000000e-01	1.30901456e-02	1.61093901e-04
7.72000000e-01	1.29324116e-02	1.64518619e-04
7.73000000e-01	1.30264511e-02	1.70185060e-04
7.74000000e-01	1.29399792e-02	1.73679982e-04
7.75000000e-01	1.29154504e-02	1.75083276e-04
7.76000000e-01	1.30737198e-02	1.79593224e-04
7.77000000e-01	1.30433102e-02	1.82348804e-04
7.78000000e-01	1.29874056e-02	1.85340345e-04
7.79000000e-01	1.26297066e-02	1.82217420e-04
7.80000000e-01	1.31352582e-02	1.89928879e-04
7.81000000e-01	1.29032112e-02	1.91324682e-04
7.82000000e-01	1.30620840e-02	1.92605578e-04
7.83000000e-01	1.30471691e-02	1.96798848e-04
7.84000000e-01	1.30026125e-02	1.96597800e-04
7.85000000e-01	1.30795527e-02	2.00065677e-04
7.86000000e-01	1.25664354e-02	1.96153266e-04
7.87000000e-01	1.27182468e-02	2.01228783e-04
7.88000000e-01	1.28775799e-02	2.03905139e-04
7.89000000e-01	1.28408059e-02	2.05151050e-04
7.90000000e-01	1.26472838e-02	2.05987491e-04
7.91000000e-01	1.23620578e-02	2.04988025e-04
7.92000000e-01	1.26525535e-02	2.08902355e-04
7.93000000e-01	1.26455288e-02	2.10648553e-04
7.94000000e-01	1.24838389e-02	2.09619332e-04
7.95000000e-01	1.26915739e-02	2.15163494e-04
7.96000000e-01	1.29020128e-02	2.20101764e-04
7.97000000e-01	1.29189578e-02	2.22938589e-04
7.98000000e-01	1.26349760e-02	2.21962917e-04
7.99000000e-01	1.25663460e-02	2.22838132e-04
8.00000000e-01	1.30192069e-02	2.32617338e-04
8.01000000e-01	1.28242973e-02	2.30532728e-04
8.02000000e-01	1.24164127e-02	2.26688718e-04
8.03000000e-01	1.24280069e-02	2.29551044e-04
8.04000000e-01	1.27414009e-02	2.36279065e-04
8.05000000e-01	1.29066719e-02	2.42349068e-04
8.06000000e-01	1.26264568e-02	2.42011201e-04
8.07000000e-01	1.25003613e-02	2.43587705e-04
8.08000000e-01	1.25788279e-02	2.46162846e-04
8.09000000e-01	1.25551528e-02	2.48245080e-04
8.10000000e-01	1.23061870e-02	2.49088257e-04
8.11000000e-01	1.27467581e-02	2.54722438e-04
8.12000000e-01	1.25871371e-02	2.58635147e-04
8.13000000e-01	1.23954369e-02	2.54791637e-04
8.14000000e-01	1.24006283e-02	2.58709238e-04
8.15000000e-01	1.27660074e-02	2.66548516e-04
8.16000000e-01	1.22304974e-02	2.62389933e-04
8.17000000e-01	1.27259704e-02	2.76593928e-04
8.18000000e-01	1.23177632e-02	2.74304357e-04
8.19000000e-01	1.25438292e-02	2.74954940e-04
8.20000000e-01	1.26081674e-02	2.80234577e-04
8.21000000e-01	1.22373149e-02	2.79893227e-04
8.22000000e-01	1.23101876e-02	2.85945875e-04
8.23000000e-01	1.27414445e-02	2.97501486e-04
8.24000000e-01	1.19665886e-02	2.87194251e-04
8.25000000e-01	1.24738845e-02	3.01135097e-04
8.26000000e-01	1.26144734e-02	3.07095695e-04
8.27000000e-01	1.21078708e-02	3.02065484e-04
8.28000000e-01	1.22738636e-02	3.09819491e-04
8.29000000e-01	1.22024905e-02	3.13709854e-04
8.30000000e-01	1.20059530e-02	3.12947667e-04
8.31000000e-01	1.23789540e-02	3.26776365e-04
8.32000000e-01	1.20413850e-02	3.27443604e-04
8.33000000e-01	1.24983776e-02	3.37756244e-04
8.34000000e-01	1.22587559e-02	3.41322364e-04
8.35000000e-01	1.21809974e-02	3.45771105e-04
8.36000000e-01	1.20337125e-02	3.47598330e-04
8.37000000e-01	1.22553823e-02	3.63470087e-04
8.38000000e-01	1.24933506e-02	3.77955337e-04
8.39000000e-01	1.21532476e-02	3.75487064e-04
8.40000000e-01	1.24575002e-02	3.90247777e-04
8.41000000e-01	1.23482244e-02	3.94863416e-04
8.42000000e-01	1.22446801e-02	4.03321989e-04
8.43000000e-01	1.15612538e-02	3.96031412e-04
8.44000000e-01	1.19860571e-02	4.13614701e-04
8.45000000e-01	1.25318716e-02	4.39004015e-04
8.46000000e-01	1.19558525e-02	4.34818694e-04
8.47000000e-01	1.21978419e-02	4.57651729e-04
8.48000000e-01	1.14803335e-02	4.49958761e-04
8.49000000e-01	1.15902111e-02	4.63368932e-04
8.50000000e-01	1.14364445e-02	4.74556377e-04
8.51000000e-01	1.18817360e-02	5.17432839e-04
8.52000000e-01	1.17441392e-02	5.26018412e-04
8.53000000e-01	1.19100862e-02	5.59515907e-04
8.54000000e-01	1.22285301e-02	5.93997733e-04
8.55000000e-01	1.12738505e-02	5.82160688e-04
8.56000000e-01	1.13801580e-02	5.90948928e-04
8.57000000e-01	1.12862881e-02	6.14384054e-04
8.58000000e-01	1.17887647e-02	6.36488351e-04
8.59000000e-01	1.29443357e-02	7.28791276e-04
8.60000000e-01	1.12455695e-02	6.82460247e-04
8.61000000e-01	1.14349986e-02	6.88379230e-04
8.62000000e-01	1.16681498e-02	7.36313495e-04
8.63000000e-01	1.14273362e-02	7.47098513e-04
8.64000000e-01	1.15931866e-02	7.61660935e-04
8.65000000e-01	1.17370533e-02	8.40583960e-04
8.66000000e-01	1.18022573e-02	8.89248234e-04
8.67000000e-01	1.11817547e-02	9.18780518e-04
8.68000000e-01	1.25151849e-02	1.06858334e-03
8.69000000e-01	1.10617641e-02	1.02744988e-03
8.70000000e-01	1.04430971e-02	1.09158234e-03
8.71000000e-01	1.11642265e-02	1.26047914e-03
8.72000000e-01	1.11102051e-02	1.40763952e-03
8.73000000e-01	1.22028028e-02	1.77393671e-03
8.74000000e-01	1.50991707e-02	2.83109614e-03
8.75000000e-01	1.16787579e-02	4.37752079e-03
