% Filename : SDL7_00010_00001.h5
% Date & Time : 30-Oct-2025 14:41:58
% X-ray Energy (keV) : 13.30001
% Exposure Time (s) : 0.500
% Beam Center : 1461.24000, 208.98300
% Sample to Detector Distance (SDD) (mm) : 1990.750
% Detector Pixel Size (mm) : 0.075
% Photodiode Value : 135514.000
% I0 of Sample : 0
% I0 of Standard : 1
% 
% q(A^-1)   I(q)    I(q)_SE
0.00000000e+00	9.33240712e-03	5.16347443e-03
2.50000000e-04	0.00000000e+00	0.00000000e+00
5.00000000e-04	0.00000000e+00	0.00000000e+00
7.50000000e-04	0.00000000e+00	0.00000000e+00
1.00000000e-03	0.00000000e+00	0.00000000e+00
1.25000000e-03	0.00000000e+00	0.00000000e+00
1.50000000e-03	0.00000000e+00	0.00000000e+00
1.75000000e-03	0.00000000e+00	0.00000000e+00
2.00000000e-03	0.00000000e+00	0.00000000e+00
2.25000000e-03	0.00000000e+00	0.00000000e+00
2.50000000e-03	0.00000000e+00	0.00000000e+00
2.75000000e-03	0.00000000e+00	0.00000000e+00
3.00000000e-03	0.00000000e+00	0.00000000e+00
3.25000000e-03	9.02907766e-01	5.21710617e-01
3.50000000e-03	1.09606169e+00	2.36569826e-01
3.75000000e-03	9.23270932e-01	1.56228898e-01
4.00000000e-03	7.95691201e-01	1.21608126e-01
4.25000000e-03	6.65089160e-01	8.37648781e-02
4.50000000e-03	6.97178719e-01	8.87537452e-02
4.75000000e-03	6.11256654e-01	7.02917521e-02
5.00000000e-03	4.96938225e-01	5.42494377e-02
5.25000000e-03	4.24793328e-01	4.45863551e-02
5.50000000e-03	3.60686749e-01	3.63882277e-02
5.75000000e-03	3.08842644e-01	3.02530018e-02
6.00000000e-03	2.71749412e-01	2.55889889e-02
6.25000000e-03	2.37934815e-01	2.22082183e-02
6.50000000e-03	2.04255172e-01	1.85780340e-02
6.75000000e-03	1.81119350e-01	1.61939327e-02
7.00000000e-03	1.68599110e-01	1.45360098e-02
7.25000000e-03	1.46537374e-01	1.24353442e-02
7.50000000e-03	1.33443380e-01	1.12036867e-02
7.75000000e-03	1.20404886e-01	9.86776191e-03
8.00000000e-03	1.12647038e-01	9.11310959e-03
8.25000000e-03	1.00450959e-01	7.84808164e-03
8.50000000e-03	9.05666267e-02	7.12608905e-03
8.75000000e-03	8.39054143e-02	6.46668334e-03
9.00000000e-03	7.96241702e-02	6.01709847e-03
9.25000000e-03	7.09305480e-02	5.23932065e-03
9.50000000e-03	6.47740905e-02	4.70824495e-03
9.75000000e-03	6.16093280e-02	4.42643206e-03
1.00000000e-02	5.89536742e-02	4.15255504e-03
1.02500000e-02	5.56419355e-02	3.94394543e-03
1.05000000e-02	5.28896302e-02	3.61817771e-03
1.07500000e-02	4.88161672e-02	3.33649107e-03
1.10000000e-02	4.85045807e-02	3.22430766e-03
1.12500000e-02	4.56035765e-02	3.08418405e-03
1.15000000e-02	4.41722474e-02	2.94295764e-03
1.17500000e-02	4.04033905e-02	2.65196055e-03
1.20000000e-02	4.10173152e-02	2.67641381e-03
1.22500000e-02	3.79239959e-02	2.43606842e-03
1.25000000e-02	3.53797583e-02	2.23751789e-03
1.27500000e-02	3.62682809e-02	2.28671225e-03
1.30000000e-02	3.51859100e-02	2.17546764e-03
1.32500000e-02	3.36855727e-02	2.05474531e-03
1.35000000e-02	3.29724479e-02	2.01395752e-03
1.37500000e-02	3.09773669e-02	1.90834966e-03
1.40000000e-02	3.06585415e-02	1.86489722e-03
1.42500000e-02	2.89171484e-02	1.73883484e-03
1.45000000e-02	2.97470561e-02	1.75857012e-03
1.47500000e-02	2.81400466e-02	1.67658249e-03
1.50000000e-02	2.75310216e-02	1.64232049e-03
1.52500000e-02	2.81346828e-02	1.63535996e-03
1.55000000e-02	2.71654246e-02	1.57126170e-03
1.57500000e-02	2.71589686e-02	1.56073189e-03
1.60000000e-02	2.61758716e-02	1.47445141e-03
1.62500000e-02	2.51717365e-02	1.43761251e-03
1.65000000e-02	2.66879613e-02	1.48567577e-03
1.67500000e-02	2.58236748e-02	1.41905887e-03
1.70000000e-02	2.49689993e-02	1.37463204e-03
1.72500000e-02	2.50705117e-02	1.38159235e-03
1.75000000e-02	2.50880986e-02	1.36728390e-03
1.77500000e-02	2.47767494e-02	1.34619385e-03
1.80000000e-02	2.39612479e-02	1.30425127e-03
1.82500000e-02	2.34612685e-02	1.23685751e-03
1.85000000e-02	2.47459156e-02	1.32901914e-03
1.87500000e-02	2.35273166e-02	1.24205311e-03
1.90000000e-02	2.42232895e-02	1.26737079e-03
1.92500000e-02	2.31900267e-02	1.21016470e-03
1.95000000e-02	2.37367233e-02	1.23974494e-03
1.97500000e-02	2.35625939e-02	1.22418774e-03
2.00000000e-02	2.34576783e-02	1.19850419e-03
2.02500000e-02	2.32465347e-02	1.19955370e-03
2.05000000e-02	2.24446148e-02	1.12876919e-03
2.07500000e-02	2.29868660e-02	1.14916575e-03
2.10000000e-02	2.27921629e-02	1.15275790e-03
2.12500000e-02	2.26092933e-02	1.13014037e-03
2.15000000e-02	2.21738406e-02	1.12289948e-03
2.17500000e-02	2.31086029e-02	1.17391127e-03
2.20000000e-02	2.24748765e-02	1.15077346e-03
2.22500000e-02	2.32121191e-02	1.16695098e-03
2.25000000e-02	2.24635051e-02	1.15198543e-03
2.27500000e-02	2.27116091e-02	1.13684845e-03
2.30000000e-02	2.23981289e-02	1.14590332e-03
2.32500000e-02	2.29451234e-02	1.16560437e-03
2.35000000e-02	2.28785858e-02	1.15722605e-03
2.37500000e-02	2.21831677e-02	1.11969875e-03
2.40000000e-02	2.23040537e-02	1.13322177e-03
2.42500000e-02	2.21853380e-02	1.12223253e-03
2.45000000e-02	2.21940257e-02	1.12466621e-03
2.47500000e-02	2.18874177e-02	1.09128141e-03
2.50000000e-02	2.31039687e-02	1.17114579e-03
2.52500000e-02	2.18668742e-02	1.11134490e-03
2.55000000e-02	2.17373886e-02	1.07919834e-03
2.57500000e-02	2.16755251e-02	1.09377927e-03
2.60000000e-02	2.19418583e-02	1.08070754e-03
2.62500000e-02	2.29825922e-02	1.16678175e-03
2.65000000e-02	2.12713450e-02	1.06917517e-03
2.67500000e-02	2.22648347e-02	1.09114720e-03
2.70000000e-02	2.11482705e-02	1.05147133e-03
2.72500000e-02	2.17019274e-02	1.06788479e-03
2.75000000e-02	2.12353395e-02	1.06356759e-03
2.77500000e-02	2.13053670e-02	1.06162146e-03
2.80000000e-02	2.22301149e-02	1.06683333e-03
2.82500000e-02	2.26388897e-02	1.10251535e-03
2.85000000e-02	2.17530689e-02	1.05775222e-03
2.87500000e-02	2.24260574e-02	1.10722327e-03
2.90000000e-02	2.24864071e-02	1.09620820e-03
2.92500000e-02	2.22742966e-02	1.06447905e-03
2.95000000e-02	2.19259062e-02	1.06873080e-03
2.97500000e-02	2.31593486e-02	1.10179311e-03
3.00000000e-02	2.24646304e-02	1.08894112e-03
3.02500000e-02	2.24681450e-02	1.08268873e-03
3.05000000e-02	2.24958260e-02	1.05944044e-03
3.07500000e-02	2.20225865e-02	1.06683280e-03
3.10000000e-02	2.23233772e-02	1.07729140e-03
3.12500000e-02	2.29641673e-02	1.10416323e-03
3.15000000e-02	2.24543349e-02	1.05954344e-03
3.17500000e-02	2.20945543e-02	1.03468186e-03
3.20000000e-02	2.22731362e-02	1.06341433e-03
3.22500000e-02	2.21460443e-02	1.04570146e-03
3.25000000e-02	2.22073462e-02	1.04289343e-03
3.27500000e-02	2.19820608e-02	1.02385617e-03
3.30000000e-02	2.26481292e-02	1.05630528e-03
3.32500000e-02	2.19434592e-02	1.01109062e-03
3.35000000e-02	2.14829255e-02	1.00101591e-03
3.37500000e-02	2.20788811e-02	1.02322743e-03
3.40000000e-02	2.19907004e-02	1.02588459e-03
3.42500000e-02	2.15752622e-02	9.96871156e-04
3.45000000e-02	2.12918916e-02	9.96532250e-04
3.47500000e-02	2.10371289e-02	9.72175253e-04
3.50000000e-02	2.09563357e-02	9.76667908e-04
3.52500000e-02	2.17021827e-02	1.00239839e-03
3.55000000e-02	2.14235161e-02	9.80904252e-04
3.57500000e-02	2.15801846e-02	1.00125061e-03
3.60000000e-02	2.23151405e-02	1.01988587e-03
3.62500000e-02	2.14624661e-02	9.80731714e-04
3.65000000e-02	2.09613448e-02	9.50550564e-04
3.67500000e-02	2.17363807e-02	9.89388454e-04
3.70000000e-02	2.08653485e-02	9.45055143e-04
3.72500000e-02	2.17795672e-02	9.78405562e-04
3.75000000e-02	2.05074994e-02	9.25965670e-04
3.77500000e-02	2.17212623e-02	9.79404547e-04
3.80000000e-02	2.09642364e-02	9.36795259e-04
3.82500000e-02	2.07562682e-02	9.22472086e-04
3.85000000e-02	2.14850046e-02	9.59018518e-04
3.87500000e-02	2.13450929e-02	9.47073352e-04
3.90000000e-02	2.02899207e-02	9.07757248e-04
3.92500000e-02	2.13777823e-02	9.52972953e-04
3.95000000e-02	2.05692191e-02	9.26962205e-04
3.97500000e-02	2.06916401e-02	9.18583154e-04
4.00000000e-02	2.09750486e-02	9.30385352e-04
4.02500000e-02	2.12569231e-02	9.40103549e-04
4.05000000e-02	2.08608655e-02	9.16114311e-04
4.07500000e-02	2.14954269e-02	9.34273737e-04
4.10000000e-02	2.12527312e-02	9.32467562e-04
4.12500000e-02	2.16745989e-02	9.40511713e-04
4.15000000e-02	2.21653633e-02	9.48295118e-04
4.17500000e-02	2.08677911e-02	9.05900927e-04
4.20000000e-02	2.08667661e-02	8.89446388e-04
4.22500000e-02	2.15194823e-02	9.26711122e-04
4.25000000e-02	2.09055721e-02	8.98766111e-04
4.27500000e-02	2.06222411e-02	8.84059083e-04
4.30000000e-02	2.11021057e-02	8.98608389e-04
4.32500000e-02	2.09560894e-02	8.90304116e-04
4.35000000e-02	2.13421125e-02	9.12000272e-04
4.37500000e-02	2.11462520e-02	8.86370908e-04
4.40000000e-02	2.02694191e-02	8.62792403e-04
4.42500000e-02	2.01542954e-02	8.56194674e-04
4.45000000e-02	2.07755984e-02	8.82618523e-04
4.47500000e-02	2.08418325e-02	8.71466181e-04
4.50000000e-02	2.10199206e-02	8.88359411e-04
4.52500000e-02	2.01989269e-02	8.45460512e-04
4.55000000e-02	2.07251360e-02	8.67167878e-04
4.57500000e-02	2.05169134e-02	8.54729775e-04
4.60000000e-02	2.10439987e-02	8.76140036e-04
4.62500000e-02	2.09641257e-02	8.65275789e-04
4.65000000e-02	2.06908324e-02	8.56322899e-04
4.67500000e-02	2.06639719e-02	8.48458622e-04
4.70000000e-02	2.08895631e-02	8.61998100e-04
4.72500000e-02	2.05428509e-02	8.40610649e-04
4.75000000e-02	2.08835872e-02	8.69581779e-04
4.77500000e-02	2.08949551e-02	8.63495521e-04
4.80000000e-02	2.05480064e-02	8.45658324e-04
4.82500000e-02	2.08740888e-02	8.51072996e-04
4.85000000e-02	2.06990445e-02	8.54836148e-04
4.87500000e-02	2.08187346e-02	8.53380409e-04
4.90000000e-02	2.07300139e-02	8.34919059e-04
4.92500000e-02	2.09543229e-02	8.46213530e-04
4.95000000e-02	1.94845279e-02	7.91123757e-04
4.97500000e-02	2.04958150e-02	8.27085438e-04
5.00000000e-02	2.11035034e-02	8.49623968e-04
5.02500000e-02	2.08512585e-02	8.28914372e-04
5.05000000e-02	2.10313956e-02	8.43011882e-04
5.07500000e-02	2.06706290e-02	8.32924394e-04
5.10000000e-02	2.05181439e-02	8.28632195e-04
5.12500000e-02	2.08182116e-02	8.38294072e-04
5.15000000e-02	2.09414996e-02	8.23148808e-04
5.17500000e-02	1.97317684e-02	7.90434248e-04
5.20000000e-02	2.06481396e-02	8.18300816e-04
5.22500000e-02	2.05933964e-02	8.24315827e-04
5.25000000e-02	2.01975309e-02	8.11199269e-04
5.27500000e-02	2.04130904e-02	7.98514732e-04
5.30000000e-02	2.10002495e-02	8.34600687e-04
5.32500000e-02	2.10232300e-02	8.18068763e-04
5.35000000e-02	2.05344580e-02	7.96993835e-04
5.37500000e-02	1.96062174e-02	7.75101705e-04
5.40000000e-02	1.96174769e-02	7.72456819e-04
5.42500000e-02	2.04148286e-02	7.93718924e-04
5.45000000e-02	2.06151542e-02	8.00773844e-04
5.47500000e-02	2.08296382e-02	8.04878514e-04
5.50000000e-02	2.02960327e-02	7.86093675e-04
5.52500000e-02	2.11960090e-02	8.15005882e-04
5.55000000e-02	2.08724634e-02	8.02596905e-04
5.57500000e-02	2.07609694e-02	8.01014440e-04
5.60000000e-02	1.97806356e-02	7.62494653e-04
5.62500000e-02	2.02159486e-02	7.83034734e-04
5.65000000e-02	2.08655771e-02	8.01694480e-04
5.67500000e-02	2.10382433e-02	8.06222947e-04
5.70000000e-02	2.06776415e-02	7.92061390e-04
5.72500000e-02	2.10898116e-02	8.04547650e-04
5.75000000e-02	2.01174786e-02	7.68914319e-04
5.77500000e-02	1.99932087e-02	7.63660048e-04
5.80000000e-02	2.00644310e-02	7.61477228e-04
5.82500000e-02	1.97575392e-02	7.56072920e-04
5.85000000e-02	2.00464912e-02	7.62963828e-04
5.87500000e-02	2.05393079e-02	7.78450647e-04
5.90000000e-02	1.99705594e-02	7.49746830e-04
5.92500000e-02	1.99663242e-02	7.56279499e-04
5.95000000e-02	2.01699096e-02	7.54261685e-04
5.97500000e-02	2.00787354e-02	7.58773585e-04
6.00000000e-02	2.01291900e-02	7.60374097e-04
6.02500000e-02	2.04973928e-02	7.63239465e-04
6.05000000e-02	2.06314857e-02	7.70839666e-04
6.07500000e-02	2.01329788e-02	7.51963085e-04
6.10000000e-02	2.02128415e-02	7.53039636e-04
6.12500000e-02	1.99818084e-02	7.42884083e-04
6.15000000e-02	1.96883623e-02	7.33268755e-04
6.17500000e-02	2.03453204e-02	7.56607936e-04
6.20000000e-02	2.00845035e-02	7.41672480e-04
6.22500000e-02	2.03581451e-02	7.56426158e-04
6.25000000e-02	1.97782387e-02	7.31481868e-04
6.27500000e-02	1.99768520e-02	7.28909305e-04
6.30000000e-02	2.07321799e-02	7.53924003e-04
6.32500000e-02	2.00076893e-02	7.32951648e-04
6.35000000e-02	1.95422574e-02	7.21850317e-04
6.37500000e-02	1.98851211e-02	7.32274832e-04
6.40000000e-02	2.03344834e-02	7.46060404e-04
6.42500000e-02	2.05763967e-02	7.41319701e-04
6.45000000e-02	2.02541375e-02	7.44589903e-04
6.47500000e-02	1.97406020e-02	7.22629820e-04
6.50000000e-02	1.99635504e-02	7.29271986e-04
6.52500000e-02	2.04536820e-02	7.39804219e-04
6.55000000e-02	2.00811314e-02	7.27865970e-04
6.57500000e-02	2.02065751e-02	7.29290353e-04
6.60000000e-02	1.98397675e-02	7.13369462e-04
6.62500000e-02	1.92458684e-02	7.05524804e-04
6.65000000e-02	1.95537394e-02	7.03257731e-04
6.67500000e-02	2.04132388e-02	7.29202621e-04
6.70000000e-02	2.05215198e-02	7.47378359e-04
6.72500000e-02	2.02682982e-02	7.26982868e-04
6.75000000e-02	2.00723173e-02	7.16414305e-04
6.77500000e-02	1.99754331e-02	7.17091026e-04
6.80000000e-02	1.97985186e-02	7.11131812e-04
6.82500000e-02	2.00260816e-02	7.12043069e-04
6.85000000e-02	1.98670517e-02	7.08180471e-04
6.87500000e-02	2.04370358e-02	7.18320416e-04
6.90000000e-02	1.98265512e-02	6.98725636e-04
6.92500000e-02	2.01258496e-02	7.15773395e-04
6.95000000e-02	1.99070497e-02	7.02525582e-04
6.97500000e-02	2.01915559e-02	7.11449396e-04
7.00000000e-02	2.00306585e-02	7.01629667e-04
7.02500000e-02	1.93857053e-02	6.85289218e-04
7.05000000e-02	2.03105180e-02	7.14962680e-04
7.07500000e-02	1.96675658e-02	6.97588124e-04
7.10000000e-02	1.96934221e-02	6.83088055e-04
7.12500000e-02	1.98081526e-02	6.92056623e-04
7.15000000e-02	1.96780874e-02	6.81166091e-04
7.17500000e-02	1.97088259e-02	6.85636676e-04
7.20000000e-02	1.98804770e-02	6.92145523e-04
7.22500000e-02	2.03416815e-02	7.10461648e-04
7.25000000e-02	1.97450877e-02	6.82762436e-04
7.27500000e-02	2.06857360e-02	7.16993544e-04
7.30000000e-02	2.03398588e-02	7.04256552e-04
7.32500000e-02	2.01902604e-02	6.92082057e-04
7.35000000e-02	2.05587539e-02	7.01615254e-04
7.37500000e-02	1.98669803e-02	6.85046267e-04
7.40000000e-02	1.96635026e-02	6.75907686e-04
7.42500000e-02	1.95257450e-02	6.72123929e-04
7.45000000e-02	2.00150499e-02	6.81722413e-04
7.47500000e-02	1.95916409e-02	6.75573940e-04
7.50000000e-02	1.93955569e-02	6.65576648e-04
7.52500000e-02	1.94581160e-02	6.66046646e-04
7.55000000e-02	1.96849267e-02	6.72068878e-04
7.57500000e-02	1.98826138e-02	6.76865383e-04
7.60000000e-02	2.05615445e-02	6.96050486e-04
7.62500000e-02	1.98080161e-02	6.77072118e-04
7.65000000e-02	2.00778528e-02	6.82058352e-04
7.67500000e-02	1.96469020e-02	6.68783403e-04
7.70000000e-02	2.00321010e-02	6.72913856e-04
7.72500000e-02	2.00345609e-02	6.89028930e-04
7.75000000e-02	2.01051217e-02	6.91992430e-04
7.77500000e-02	2.01121583e-02	7.03667098e-04
7.80000000e-02	2.01031170e-02	7.03808822e-04
7.82500000e-02	2.00774418e-02	7.06352885e-04
7.85000000e-02	2.00093514e-02	7.04166203e-04
7.87500000e-02	1.99192975e-02	7.02028915e-04
7.90000000e-02	1.93919158e-02	6.87779083e-04
7.92500000e-02	1.99969843e-02	7.11482403e-04
7.95000000e-02	1.98229991e-02	7.06632993e-04
7.97500000e-02	2.02015030e-02	7.26415412e-04
8.00000000e-02	1.95949651e-02	7.07577218e-04
8.02500000e-02	2.05327043e-02	7.34244411e-04
8.05000000e-02	1.99474172e-02	7.11262306e-04
8.07500000e-02	1.96221708e-02	7.19535438e-04
8.10000000e-02	1.95957794e-02	7.09662384e-04
8.12500000e-02	1.96398112e-02	7.12075732e-04
8.15000000e-02	1.97943993e-02	7.26561526e-04
8.17500000e-02	1.99525797e-02	7.26273972e-04
8.20000000e-02	1.98004817e-02	7.21856805e-04
8.22500000e-02	2.02378947e-02	7.41136943e-04
8.25000000e-02	1.97266203e-02	7.21949097e-04
8.27500000e-02	2.01461879e-02	7.39830630e-04
8.30000000e-02	1.99920098e-02	7.37679888e-04
8.32500000e-02	2.02637120e-02	7.51011667e-04
8.35000000e-02	1.93632287e-02	7.23128790e-04
8.37500000e-02	1.97754301e-02	7.24705954e-04
8.40000000e-02	2.01574390e-02	7.41884520e-04
8.42500000e-02	1.98572393e-02	7.34194499e-04
8.45000000e-02	1.99155941e-02	7.42302530e-04
8.47500000e-02	2.00323247e-02	7.47981031e-04
8.50000000e-02	1.98230711e-02	7.36285099e-04
8.52500000e-02	2.04114421e-02	7.56828758e-04
8.55000000e-02	1.98676684e-02	7.28522288e-04
8.57500000e-02	1.97246587e-02	7.32506459e-04
8.60000000e-02	1.97739689e-02	7.37058197e-04
8.62500000e-02	1.93107470e-02	7.18432346e-04
8.65000000e-02	1.99869556e-02	7.46294917e-04
8.67500000e-02	1.98155145e-02	7.32988768e-04
8.70000000e-02	1.94173356e-02	7.10415190e-04
8.72500000e-02	1.98497504e-02	7.10879160e-04
8.75000000e-02	1.98792754e-02	7.03151739e-04
8.77500000e-02	2.03129574e-02	7.14436103e-04
8.80000000e-02	1.92745457e-02	6.89203908e-04
8.82500000e-02	1.99510736e-02	7.03321483e-04
8.85000000e-02	2.02567102e-02	7.09236419e-04
8.87500000e-02	1.97861850e-02	6.80672068e-04
8.90000000e-02	1.95478710e-02	6.79459754e-04
8.92500000e-02	1.99029595e-02	6.88129423e-04
8.95000000e-02	2.03187576e-02	7.05154735e-04
8.97500000e-02	1.97075388e-02	6.78971937e-04
9.00000000e-02	2.00220632e-02	6.75798876e-04
9.02500000e-02	1.99127498e-02	6.76639230e-04
9.05000000e-02	1.99424120e-02	6.78806664e-04
9.07500000e-02	1.97894600e-02	6.70366291e-04
9.10000000e-02	1.99235240e-02	6.62328289e-04
9.12500000e-02	1.99041208e-02	6.65870353e-04
9.15000000e-02	2.03063492e-02	6.81936740e-04
9.17500000e-02	1.94585268e-02	6.56423724e-04
9.20000000e-02	2.00049150e-02	6.77321548e-04
9.22500000e-02	1.92788316e-02	6.51360872e-04
9.25000000e-02	1.93718285e-02	6.50357096e-04
9.27500000e-02	1.96943745e-02	6.53702877e-04
9.30000000e-02	1.93574171e-02	6.45148692e-04
9.32500000e-02	1.94575642e-02	6.46885923e-04
9.35000000e-02	1.93087429e-02	6.38001814e-04
9.37500000e-02	1.99520137e-02	6.56763530e-04
9.40000000e-02	1.95800565e-02	6.49777387e-04
9.42500000e-02	2.01090186e-02	6.63030162e-04
9.45000000e-02	1.98093386e-02	6.50698287e-04
9.47500000e-02	1.99808793e-02	6.57189942e-04
9.50000000e-02	1.93449444e-02	6.32201925e-04
9.52500000e-02	1.92331391e-02	6.33273957e-04
9.55000000e-02	1.95930416e-02	6.40734181e-04
9.57500000e-02	1.98431146e-02	6.51083304e-04
9.60000000e-02	1.92950338e-02	6.24541727e-04
9.62500000e-02	1.92641624e-02	6.26768696e-04
9.65000000e-02	1.92909020e-02	6.25418742e-04
9.67500000e-02	2.01290746e-02	6.49643591e-04
9.70000000e-02	1.94671903e-02	6.30158294e-04
9.72500000e-02	1.89780936e-02	6.18932801e-04
9.75000000e-02	2.00703062e-02	6.44289576e-04
9.77500000e-02	1.96308419e-02	6.29505711e-04
9.80000000e-02	1.99255438e-02	6.37803526e-04
9.82500000e-02	1.98697139e-02	6.34663575e-04
9.85000000e-02	1.97611663e-02	6.31314401e-04
9.87500000e-02	2.00109727e-02	6.33279355e-04
9.90000000e-02	1.92227673e-02	6.17779494e-04
9.92500000e-02	1.94976573e-02	6.19690940e-04
9.95000000e-02	1.92441447e-02	6.15378808e-04
9.97500000e-02	1.98285363e-02	6.28390307e-04
1.00000000e-01	1.98718453e-02	5.11168930e-04
1.00500000e-01	1.99499295e-02	4.48052862e-04
1.01000000e-01	1.93011012e-02	4.31133499e-04
1.01500000e-01	1.93197791e-02	4.31882239e-04
1.02000000e-01	1.98926710e-02	4.40141856e-04
1.02500000e-01	1.96316017e-02	4.32937155e-04
1.03000000e-01	2.00712099e-02	4.43119930e-04
1.03500000e-01	1.95729373e-02	4.29522104e-04
1.04000000e-01	1.95326395e-02	4.27989708e-04
1.04500000e-01	1.93939698e-02	4.26468270e-04
1.05000000e-01	1.98985423e-02	4.31388691e-04
1.05500000e-01	1.94780052e-02	4.22372544e-04
1.06000000e-01	1.99047284e-02	4.30141338e-04
1.06500000e-01	1.99999783e-02	4.33003908e-04
1.07000000e-01	1.93636319e-02	4.23264685e-04
1.07500000e-01	1.97579374e-02	4.41970442e-04
1.08000000e-01	1.95711393e-02	4.39869114e-04
1.08500000e-01	1.94662087e-02	4.42883552e-04
1.09000000e-01	1.98137013e-02	4.51177703e-04
1.09500000e-01	2.00289214e-02	4.55477182e-04
1.10000000e-01	1.96184514e-02	4.44721618e-04
1.10500000e-01	1.96282377e-02	4.36313962e-04
1.11000000e-01	1.94903141e-02	4.24751751e-04
1.11500000e-01	1.95350093e-02	4.22695798e-04
1.12000000e-01	1.96623817e-02	4.20736110e-04
1.12500000e-01	1.95565747e-02	4.17765288e-04
1.13000000e-01	1.97812588e-02	4.20196182e-04
1.13500000e-01	1.96612659e-02	4.18267476e-04
1.14000000e-01	1.98287525e-02	4.17729466e-04
1.14500000e-01	2.00779545e-02	4.22336519e-04
1.15000000e-01	1.96810429e-02	4.09540197e-04
1.15500000e-01	1.98114872e-02	4.14787281e-04
1.16000000e-01	1.96070476e-02	4.08590041e-04
1.16500000e-01	1.94709053e-02	4.07122987e-04
1.17000000e-01	1.99441693e-02	4.12974053e-04
1.17500000e-01	1.96065672e-02	4.08732788e-04
1.18000000e-01	1.95064117e-02	4.06775915e-04
1.18500000e-01	1.99050821e-02	4.08525351e-04
1.19000000e-01	1.97898115e-02	4.07494852e-04
1.19500000e-01	1.96087151e-02	4.01799558e-04
1.20000000e-01	1.93171170e-02	3.97808503e-04
1.20500000e-01	1.98904991e-02	4.05899589e-04
1.21000000e-01	1.97079897e-02	4.02264735e-04
1.21500000e-01	1.94169879e-02	3.94920308e-04
1.22000000e-01	1.99565159e-02	4.04673005e-04
1.22500000e-01	1.98148054e-02	4.00962812e-04
1.23000000e-01	1.98997478e-02	4.01600479e-04
1.23500000e-01	1.96143704e-02	3.95410779e-04
1.24000000e-01	1.97508425e-02	3.99420785e-04
1.24500000e-01	2.00112830e-02	4.00704910e-04
1.25000000e-01	1.94921701e-02	3.90577659e-04
1.25500000e-01	1.94898696e-02	3.90078355e-04
1.26000000e-01	1.94199799e-02	3.88059714e-04
1.26500000e-01	1.94506794e-02	3.87978898e-04
1.27000000e-01	1.95320664e-02	3.88650023e-04
1.27500000e-01	1.94407951e-02	3.86267446e-04
1.28000000e-01	1.95341134e-02	3.87435044e-04
1.28500000e-01	1.95648519e-02	3.86812927e-04
1.29000000e-01	1.96693399e-02	3.87260035e-04
1.29500000e-01	1.96059314e-02	3.85634192e-04
1.30000000e-01	1.95022953e-02	3.83146440e-04
1.30500000e-01	1.95087098e-02	3.81169866e-04
1.31000000e-01	1.96514170e-02	3.84086763e-04
1.31500000e-01	1.96798473e-02	3.84266716e-04
1.32000000e-01	1.93150985e-02	3.76079487e-04
1.32500000e-01	1.96656006e-02	3.82130419e-04
1.33000000e-01	1.98679695e-02	3.84913387e-04
1.33500000e-01	1.95065201e-02	3.75437523e-04
1.34000000e-01	1.91839428e-02	3.70567149e-04
1.34500000e-01	1.97375420e-02	3.77031976e-04
1.35000000e-01	1.95244659e-02	3.73201425e-04
1.35500000e-01	1.96443993e-02	3.74743859e-04
1.36000000e-01	1.95935433e-02	3.73363250e-04
1.36500000e-01	1.93118456e-02	3.68185940e-04
1.37000000e-01	1.97655166e-02	3.75626681e-04
1.37500000e-01	1.97442995e-02	3.75628252e-04
1.38000000e-01	1.94874328e-02	3.68732664e-04
1.38500000e-01	1.93513120e-02	3.68832150e-04
1.39000000e-01	1.96207378e-02	3.71892707e-04
1.39500000e-01	1.96295276e-02	3.70870681e-04
1.40000000e-01	1.95632084e-02	3.70553477e-04
1.40500000e-01	1.95895603e-02	3.68470933e-04
1.41000000e-01	1.92067598e-02	3.61777952e-04
1.41500000e-01	1.96476510e-02	3.70115155e-04
1.42000000e-01	1.96319781e-02	3.68645334e-04
1.42500000e-01	1.96178156e-02	3.69314439e-04
1.43000000e-01	1.94906202e-02	3.65953374e-04
1.43500000e-01	1.94497277e-02	3.62115905e-04
1.44000000e-01	1.95106308e-02	3.64587201e-04
1.44500000e-01	1.94711094e-02	3.61765037e-04
1.45000000e-01	1.95843564e-02	3.64772304e-04
1.45500000e-01	1.95292516e-02	3.63800855e-04
1.46000000e-01	1.94695122e-02	3.61962035e-04
1.46500000e-01	1.89690156e-02	3.52409207e-04
1.47000000e-01	1.91385005e-02	3.53921243e-04
1.47500000e-01	1.91698220e-02	3.53391726e-04
1.48000000e-01	1.95732031e-02	3.58655941e-04
1.48500000e-01	1.92982469e-02	3.54991216e-04
1.49000000e-01	1.95604121e-02	3.58106673e-04
1.49500000e-01	1.92675855e-02	3.53679861e-04
1.50000000e-01	1.91139288e-02	3.49063521e-04
1.50500000e-01	1.91779699e-02	3.52585165e-04
1.51000000e-01	1.93972056e-02	3.53642520e-04
1.51500000e-01	1.94038242e-02	3.52371563e-04
1.52000000e-01	1.94973108e-02	3.51477874e-04
1.52500000e-01	1.93199230e-02	3.51441955e-04
1.53000000e-01	1.95412629e-02	3.51985447e-04
1.53500000e-01	1.91610508e-02	3.45352894e-04
1.54000000e-01	1.94248511e-02	3.49375922e-04
1.54500000e-01	1.88700075e-02	3.47740156e-04
1.55000000e-01	1.92074875e-02	3.56541132e-04
1.55500000e-01	1.94734129e-02	3.64599956e-04
1.56000000e-01	1.89081434e-02	3.56078731e-04
1.56500000e-01	1.91438797e-02	3.60500873e-04
1.57000000e-01	1.89448501e-02	3.57259819e-04
1.57500000e-01	1.89441046e-02	3.49003996e-04
1.58000000e-01	1.93192318e-02	3.51465601e-04
1.58500000e-01	1.92552692e-02	3.48830101e-04
1.59000000e-01	1.95354810e-02	3.52377250e-04
1.59500000e-01	1.91116364e-02	3.43879615e-04
1.60000000e-01	1.89081034e-02	3.40989793e-04
1.60500000e-01	1.87990947e-02	3.37257768e-04
1.61000000e-01	1.92909631e-02	3.44351200e-04
1.61500000e-01	1.90974788e-02	3.40391571e-04
1.62000000e-01	1.92926564e-02	3.43432907e-04
1.62500000e-01	1.91829089e-02	3.41083481e-04
1.63000000e-01	1.90510086e-02	3.36951500e-04
1.63500000e-01	1.91781849e-02	3.41403625e-04
1.64000000e-01	1.92150415e-02	3.37691938e-04
1.64500000e-01	1.89642839e-02	3.34489597e-04
1.65000000e-01	1.87998191e-02	3.32799396e-04
1.65500000e-01	1.88124324e-02	3.30830566e-04
1.66000000e-01	1.89340022e-02	3.34872124e-04
1.66500000e-01	1.87353452e-02	3.29077973e-04
1.67000000e-01	1.88208653e-02	3.31367729e-04
1.67500000e-01	1.88232365e-02	3.29523504e-04
1.68000000e-01	1.86705834e-02	3.26058232e-04
1.68500000e-01	1.89948879e-02	3.31590055e-04
1.69000000e-01	1.89562391e-02	3.30929554e-04
1.69500000e-01	1.91067777e-02	3.32130511e-04
1.70000000e-01	1.90409655e-02	3.29948576e-04
1.70500000e-01	1.87995744e-02	3.24734306e-04
1.71000000e-01	1.89014991e-02	3.26547255e-04
1.71500000e-01	1.88161716e-02	3.24820231e-04
1.72000000e-01	1.87207065e-02	3.22711718e-04
1.72500000e-01	1.88031499e-02	3.23494020e-04
1.73000000e-01	1.87344849e-02	3.21810017e-04
1.73500000e-01	1.89267308e-02	3.23425489e-04
1.74000000e-01	1.87697832e-02	3.20820774e-04
1.74500000e-01	1.87913205e-02	3.18967261e-04
1.75000000e-01	1.87356387e-02	3.18486314e-04
1.75500000e-01	1.87155492e-02	3.16896863e-04
1.76000000e-01	1.87475906e-02	3.18492469e-04
1.76500000e-01	1.85926285e-02	3.15234628e-04
1.77000000e-01	1.88865698e-02	3.19388926e-04
1.77500000e-01	1.87770256e-02	3.16921182e-04
1.78000000e-01	1.86833305e-02	3.16067978e-04
1.78500000e-01	1.87531475e-02	3.15580026e-04
1.79000000e-01	1.88679335e-02	3.18391960e-04
1.79500000e-01	1.86983304e-02	3.14332028e-04
1.80000000e-01	1.85706060e-02	3.14457319e-04
1.80500000e-01	1.85853341e-02	3.13048783e-04
1.81000000e-01	1.83549726e-02	3.09654402e-04
1.81500000e-01	1.88822143e-02	3.15430626e-04
1.82000000e-01	1.88473628e-02	3.16912064e-04
1.82500000e-01	1.87463986e-02	3.11785882e-04
1.83000000e-01	1.86575117e-02	3.13632785e-04
1.83500000e-01	1.85536228e-02	3.09860344e-04
1.84000000e-01	1.87876717e-02	3.13761970e-04
1.84500000e-01	1.83654858e-02	3.06817805e-04
1.85000000e-01	1.85775403e-02	3.09296299e-04
1.85500000e-01	1.88714708e-02	3.12868184e-04
1.86000000e-01	1.83077595e-02	3.03133080e-04
1.86500000e-01	1.85243777e-02	3.07125755e-04
1.87000000e-01	1.84830877e-02	3.06347466e-04
1.87500000e-01	1.84347639e-02	3.04989155e-04
1.88000000e-01	1.85996656e-02	3.05433029e-04
1.88500000e-01	1.83743012e-02	3.03914323e-04
1.89000000e-01	1.86782665e-02	3.06656007e-04
1.89500000e-01	1.83202001e-02	3.01481761e-04
1.90000000e-01	1.84835819e-02	3.03202991e-04
1.90500000e-01	1.87211879e-02	3.06409516e-04
1.91000000e-01	1.88020018e-02	3.06876092e-04
1.91500000e-01	1.85190694e-02	3.02126175e-04
1.92000000e-01	1.83108311e-02	2.99635851e-04
1.92500000e-01	1.81519762e-02	2.95844533e-04
1.93000000e-01	1.85752405e-02	3.03048921e-04
1.93500000e-01	1.83758908e-02	2.98887530e-04
1.94000000e-01	1.84514491e-02	2.99361427e-04
1.94500000e-01	1.83967718e-02	2.97951163e-04
1.95000000e-01	1.85711265e-02	2.99336265e-04
1.95500000e-01	1.83972634e-02	2.98186283e-04
1.96000000e-01	1.81949413e-02	2.94487288e-04
1.96500000e-01	1.84316847e-02	2.97587201e-04
1.97000000e-01	1.83481038e-02	2.96651360e-04
1.97500000e-01	1.82165569e-02	2.93396756e-04
1.98000000e-01	1.81756244e-02	2.93224630e-04
1.98500000e-01	1.84435935e-02	2.95898259e-04
1.99000000e-01	1.83238838e-02	2.94500789e-04
1.99500000e-01	1.83530616e-02	2.93185036e-04
2.00000000e-01	1.83647027e-02	2.94262414e-04
2.00500000e-01	1.83813746e-02	2.93618976e-04
2.01000000e-01	1.81025090e-02	2.89041704e-04
2.01500000e-01	1.80549245e-02	2.90231295e-04
2.02000000e-01	1.83473497e-02	2.92856909e-04
2.02500000e-01	1.83612575e-02	2.91839049e-04
2.03000000e-01	1.81722649e-02	2.89257726e-04
2.03500000e-01	1.81561317e-02	2.88948095e-04
2.04000000e-01	1.81288862e-02	2.88865699e-04
2.04500000e-01	1.81871640e-02	2.88816768e-04
2.05000000e-01	1.82200390e-02	2.88677760e-04
2.05500000e-01	1.81352969e-02	2.87319918e-04
2.06000000e-01	1.82470080e-02	2.87341380e-04
2.06500000e-01	1.82825992e-02	2.88801439e-04
2.07000000e-01	1.78904377e-02	2.83083742e-04
2.07500000e-01	1.81460163e-02	2.86235841e-04
2.08000000e-01	1.80117903e-02	2.84439432e-04
2.08500000e-01	1.82766943e-02	2.86364723e-04
2.09000000e-01	1.83031013e-02	2.86987607e-04
2.09500000e-01	1.82077949e-02	2.85112630e-04
2.10000000e-01	1.79581136e-02	2.81332472e-04
2.10500000e-01	1.78972141e-02	2.80557564e-04
2.11000000e-01	1.82388142e-02	2.84150216e-04
2.11500000e-01	1.83097811e-02	2.85214111e-04
2.12000000e-01	1.80742005e-02	2.80902154e-04
2.12500000e-01	1.79299907e-02	2.78993920e-04
2.13000000e-01	1.81429340e-02	2.82500744e-04
2.13500000e-01	1.81446925e-02	2.81927224e-04
2.14000000e-01	1.80011511e-02	2.80105587e-04
2.14500000e-01	1.79888379e-02	2.78915059e-04
2.15000000e-01	1.79321614e-02	2.79690642e-04
2.15500000e-01	1.78488056e-02	2.73904141e-04
2.16000000e-01	1.79678245e-02	2.77602677e-04
2.16500000e-01	1.78538712e-02	2.75473501e-04
2.17000000e-01	1.79119294e-02	2.80092350e-04
2.17500000e-01	1.81369079e-02	2.88165698e-04
2.18000000e-01	1.81086109e-02	2.86978109e-04
2.18500000e-01	1.80986003e-02	2.89610009e-04
2.19000000e-01	1.80367386e-02	2.90751924e-04
2.19500000e-01	1.77959545e-02	2.87697018e-04
2.20000000e-01	1.82109561e-02	2.95207619e-04
2.20500000e-01	1.78014281e-02	2.88915961e-04
2.21000000e-01	1.79996157e-02	2.95044703e-04
2.21500000e-01	1.78926252e-02	2.92269491e-04
2.22000000e-01	1.79291547e-02	2.92908940e-04
2.22500000e-01	1.80897568e-02	2.95715344e-04
2.23000000e-01	1.77782611e-02	2.93230221e-04
2.23500000e-01	1.79299182e-02	2.96575916e-04
2.24000000e-01	1.76522100e-02	2.92064087e-04
2.24500000e-01	1.80119747e-02	2.98788069e-04
2.25000000e-01	1.76718566e-02	2.93730078e-04
2.25500000e-01	1.74894729e-02	2.91134681e-04
2.26000000e-01	1.79651459e-02	3.00345290e-04
2.26500000e-01	1.78003811e-02	2.91989222e-04
2.27000000e-01	1.78773764e-02	2.91159768e-04
2.27500000e-01	1.78769723e-02	2.88906118e-04
2.28000000e-01	1.78004121e-02	2.85458362e-04
2.28500000e-01	1.78550144e-02	2.84291382e-04
2.29000000e-01	1.80011849e-02	2.86633438e-04
2.29500000e-01	1.78827201e-02	2.83060737e-04
2.30000000e-01	1.77921585e-02	2.81401896e-04
2.30500000e-01	1.78740316e-02	2.80667425e-04
2.31000000e-01	1.79951477e-02	2.82776362e-04
2.31500000e-01	1.78005492e-02	2.80008889e-04
2.32000000e-01	1.79607946e-02	2.80688319e-04
2.32500000e-01	1.78488329e-02	2.78054798e-04
2.33000000e-01	1.77559114e-02	2.76070739e-04
2.33500000e-01	1.79947891e-02	2.79536044e-04
2.34000000e-01	1.79472600e-02	2.77247063e-04
2.34500000e-01	1.79477946e-02	2.78344176e-04
2.35000000e-01	1.76078770e-02	2.73805067e-04
2.35500000e-01	1.77315183e-02	2.73565699e-04
2.36000000e-01	1.77590000e-02	2.73425384e-04
2.36500000e-01	1.77881900e-02	2.73044879e-04
2.37000000e-01	1.76124337e-02	2.70800176e-04
2.37500000e-01	1.76041352e-02	2.70074787e-04
2.38000000e-01	1.76337494e-02	2.69262614e-04
2.38500000e-01	1.77504538e-02	2.70708343e-04
2.39000000e-01	1.75993051e-02	2.69779656e-04
2.39500000e-01	1.76958386e-02	2.69254805e-04
2.40000000e-01	1.76824182e-02	2.68251740e-04
2.40500000e-01	1.76932500e-02	2.67559661e-04
2.41000000e-01	1.72022490e-02	2.60596981e-04
2.41500000e-01	1.78212134e-02	2.69429219e-04
2.42000000e-01	1.75931659e-02	2.65081952e-04
2.42500000e-01	1.76286493e-02	2.64400587e-04
2.43000000e-01	1.75565730e-02	2.64129597e-04
2.43500000e-01	1.77733555e-02	2.66061036e-04
2.44000000e-01	1.74312804e-02	2.61288924e-04
2.44500000e-01	1.75158143e-02	2.62920430e-04
2.45000000e-01	1.75080046e-02	2.61837050e-04
2.45500000e-01	1.76473833e-02	2.63608466e-04
2.46000000e-01	1.74805193e-02	2.61519051e-04
2.46500000e-01	1.77293441e-02	2.62810609e-04
2.47000000e-01	1.73923769e-02	2.59236454e-04
2.47500000e-01	1.74644051e-02	2.58786665e-04
2.48000000e-01	1.73155400e-02	2.58246175e-04
2.48500000e-01	1.74636076e-02	2.58793473e-04
2.49000000e-01	1.74736068e-02	2.58784731e-04
2.49500000e-01	1.77210259e-02	2.62767134e-04
2.50000000e-01	1.73681333e-02	2.56610486e-04
2.50500000e-01	1.73768060e-02	2.57371042e-04
2.51000000e-01	1.72902138e-02	2.55430921e-04
2.51500000e-01	1.73058727e-02	2.55283483e-04
2.52000000e-01	1.74158112e-02	2.57084152e-04
2.52500000e-01	1.74448839e-02	2.55264186e-04
2.53000000e-01	1.74600086e-02	2.56606369e-04
2.53500000e-01	1.73774701e-02	2.54736484e-04
2.54000000e-01	1.75517467e-02	2.58125203e-04
2.54500000e-01	1.72444908e-02	2.53737261e-04
2.55000000e-01	1.74296473e-02	2.54502612e-04
2.55500000e-01	1.72341537e-02	2.52305306e-04
2.56000000e-01	1.75344039e-02	2.55064375e-04
2.56500000e-01	1.72956367e-02	2.52308229e-04
2.57000000e-01	1.72502810e-02	2.52347169e-04
2.57500000e-01	1.74174863e-02	2.52711569e-04
2.58000000e-01	1.73301854e-02	2.51480483e-04
2.58500000e-01	1.74652662e-02	2.54282184e-04
2.59000000e-01	1.72686723e-02	2.50818999e-04
2.59500000e-01	1.72800199e-02	2.50098885e-04
2.60000000e-01	1.73370707e-02	2.50939581e-04
2.60500000e-01	1.72889198e-02	2.50169556e-04
2.61000000e-01	1.73776667e-02	2.50173583e-04
2.61500000e-01	1.71610327e-02	2.47718505e-04
2.62000000e-01	1.70529742e-02	2.46007331e-04
2.62500000e-01	1.72564138e-02	2.49120546e-04
2.63000000e-01	1.73804332e-02	2.50273794e-04
2.63500000e-01	1.72644961e-02	2.47659478e-04
2.64000000e-01	1.74160184e-02	2.50172696e-04
2.64500000e-01	1.71042330e-02	2.44614769e-04
2.65000000e-01	1.71504770e-02	2.45791222e-04
2.65500000e-01	1.72150969e-02	2.46302295e-04
2.66000000e-01	1.73031788e-02	2.47382558e-04
2.66500000e-01	1.72144717e-02	2.46705696e-04
2.67000000e-01	1.72845911e-02	2.45677652e-04
2.67500000e-01	1.72862932e-02	2.45096571e-04
2.68000000e-01	1.71801640e-02	2.44313753e-04
2.68500000e-01	1.73072760e-02	2.46187781e-04
2.69000000e-01	1.68998749e-02	2.40017097e-04
2.69500000e-01	1.70544454e-02	2.41727707e-04
2.70000000e-01	1.71686725e-02	2.42756266e-04
2.70500000e-01	1.72284441e-02	2.43037486e-04
2.71000000e-01	1.71833315e-02	2.42336317e-04
2.71500000e-01	1.71327856e-02	2.40995406e-04
2.72000000e-01	1.70480173e-02	2.39810246e-04
2.72500000e-01	1.70927077e-02	2.40054076e-04
2.73000000e-01	1.71362453e-02	2.41077641e-04
2.73500000e-01	1.70428476e-02	2.39424358e-04
2.74000000e-01	1.70427887e-02	2.38974653e-04
2.74500000e-01	1.70059704e-02	2.38522079e-04
2.75000000e-01	1.72180666e-02	2.41006219e-04
2.75500000e-01	1.70972195e-02	2.40844048e-04
2.76000000e-01	1.69658641e-02	2.38245547e-04
2.76500000e-01	1.69744864e-02	2.38439474e-04
2.77000000e-01	1.70718482e-02	2.38842717e-04
2.77500000e-01	1.72192883e-02	2.40675848e-04
2.78000000e-01	1.70754440e-02	2.38485802e-04
2.78500000e-01	1.70212151e-02	2.38689290e-04
2.79000000e-01	1.71119462e-02	2.37977528e-04
2.79500000e-01	1.70922607e-02	2.37970753e-04
2.80000000e-01	1.71282168e-02	2.37888088e-04
2.80500000e-01	1.71720491e-02	2.38665462e-04
2.81000000e-01	1.69772378e-02	2.35788300e-04
2.81500000e-01	1.70808109e-02	2.36845272e-04
2.82000000e-01	1.69846438e-02	2.35099408e-04
2.82500000e-01	1.67977636e-02	2.33877416e-04
2.83000000e-01	1.70968856e-02	2.36563976e-04
2.83500000e-01	1.71940429e-02	2.37220242e-04
2.84000000e-01	1.67107049e-02	2.30962963e-04
2.84500000e-01	1.70121707e-02	2.34564578e-04
2.85000000e-01	1.66645992e-02	2.30653473e-04
2.85500000e-01	1.67878752e-02	2.30435605e-04
2.86000000e-01	1.69617035e-02	2.33743438e-04
2.86500000e-01	1.68558599e-02	2.32248836e-04
2.87000000e-01	1.70449978e-02	2.33840237e-04
2.87500000e-01	1.69934911e-02	2.33284097e-04
2.88000000e-01	1.71961998e-02	2.34509527e-04
2.88500000e-01	1.68701003e-02	2.31362108e-04
2.89000000e-01	1.68658486e-02	2.30831674e-04
2.89500000e-01	1.68345361e-02	2.31134195e-04
2.90000000e-01	1.71048107e-02	2.32817977e-04
2.90500000e-01	1.67202356e-02	2.27953392e-04
2.91000000e-01	1.69699834e-02	2.30866356e-04
2.91500000e-01	1.68187842e-02	2.28209797e-04
2.92000000e-01	1.68705296e-02	2.29059133e-04
2.92500000e-01	1.67237670e-02	2.26819966e-04
2.93000000e-01	1.67705743e-02	2.28099330e-04
2.93500000e-01	1.64227529e-02	2.24106010e-04
2.94000000e-01	1.65229149e-02	2.24189521e-04
2.94500000e-01	1.69388804e-02	2.30001223e-04
2.95000000e-01	1.67419178e-02	2.26606207e-04
2.95500000e-01	1.69962768e-02	2.29083068e-04
2.96000000e-01	1.67848282e-02	2.26839010e-04
2.96500000e-01	1.66908253e-02	2.25500801e-04
2.97000000e-01	1.68154817e-02	2.27432950e-04
2.97500000e-01	1.68575457e-02	2.26421685e-04
2.98000000e-01	1.68621463e-02	2.27655941e-04
2.98500000e-01	1.68251311e-02	2.26659938e-04
2.99000000e-01	1.70036454e-02	2.27839713e-04
2.99500000e-01	1.68129785e-02	2.26494108e-04
3.00000000e-01	1.67025408e-02	2.23855031e-04
3.00500000e-01	1.67858902e-02	2.25638623e-04
3.01000000e-01	1.68734594e-02	2.25990083e-04
3.01500000e-01	1.64660276e-02	2.21774011e-04
3.02000000e-01	1.65327827e-02	2.20997470e-04
3.02500000e-01	1.66932698e-02	2.23136715e-04
3.03000000e-01	1.67301986e-02	2.24178635e-04
3.03500000e-01	1.67157634e-02	2.22816886e-04
3.04000000e-01	1.66155010e-02	2.22254485e-04
3.04500000e-01	1.65530410e-02	2.20117173e-04
3.05000000e-01	1.66843171e-02	2.23454536e-04
3.05500000e-01	1.68363935e-02	2.24604165e-04
3.06000000e-01	1.68554284e-02	2.22573533e-04
3.06500000e-01	1.65756397e-02	2.21007142e-04
3.07000000e-01	1.66503359e-02	2.20538145e-04
3.07500000e-01	1.65791580e-02	2.20265120e-04
3.08000000e-01	1.65821965e-02	2.19826535e-04
3.08500000e-01	1.65468063e-02	2.19095827e-04
3.09000000e-01	1.66979889e-02	2.21106922e-04
3.09500000e-01	1.65038003e-02	2.18661523e-04
3.10000000e-01	1.65610373e-02	2.18819125e-04
3.10500000e-01	1.67046953e-02	2.20698263e-04
3.11000000e-01	1.65589679e-02	2.17862419e-04
3.11500000e-01	1.65223742e-02	2.17343152e-04
3.12000000e-01	1.65290766e-02	2.17595040e-04
3.12500000e-01	1.65958049e-02	2.17834952e-04
3.13000000e-01	1.66346299e-02	2.18606719e-04
3.13500000e-01	1.65997030e-02	2.18184115e-04
3.14000000e-01	1.65367612e-02	2.17103515e-04
3.14500000e-01	1.64211307e-02	2.15276956e-04
3.15000000e-01	1.64042681e-02	2.16010488e-04
3.15500000e-01	1.66668208e-02	2.18220732e-04
3.16000000e-01	1.62861814e-02	2.14001526e-04
3.16500000e-01	1.64219415e-02	2.14454718e-04
3.17000000e-01	1.63483365e-02	2.13431208e-04
3.17500000e-01	1.64542089e-02	2.15456650e-04
3.18000000e-01	1.64799526e-02	2.13984666e-04
3.18500000e-01	1.64911171e-02	2.15195361e-04
3.19000000e-01	1.65374762e-02	2.15650690e-04
3.19500000e-01	1.62429385e-02	2.11770546e-04
3.20000000e-01	1.65265105e-02	2.15487609e-04
3.20500000e-01	1.65202884e-02	2.14201623e-04
3.21000000e-01	1.65341063e-02	2.14501435e-04
3.21500000e-01	1.64931320e-02	2.13690135e-04
3.22000000e-01	1.62721015e-02	2.11754664e-04
3.22500000e-01	1.62291940e-02	2.10487676e-04
3.23000000e-01	1.62373384e-02	2.10452273e-04
3.23500000e-01	1.62649663e-02	2.10921169e-04
3.24000000e-01	1.62106527e-02	2.08807393e-04
3.24500000e-01	1.64049942e-02	2.12593949e-04
3.25000000e-01	1.62397441e-02	2.09690847e-04
3.25500000e-01	1.63332346e-02	2.11343709e-04
3.26000000e-01	1.61986037e-02	2.09112299e-04
3.26500000e-01	1.64031525e-02	2.11363312e-04
3.27000000e-01	1.61498197e-02	2.08377219e-04
3.27500000e-01	1.60900858e-02	2.07413247e-04
3.28000000e-01	1.61868143e-02	2.08146946e-04
3.28500000e-01	1.62961030e-02	2.09428239e-04
3.29000000e-01	1.61378881e-02	2.06960952e-04
3.29500000e-01	1.62046352e-02	2.08679299e-04
3.30000000e-01	1.61609717e-02	2.07579180e-04
3.30500000e-01	1.61237936e-02	2.07334595e-04
3.31000000e-01	1.61296378e-02	2.06965239e-04
3.31500000e-01	1.61717082e-02	2.06618183e-04
3.32000000e-01	1.61421300e-02	2.06060693e-04
3.32500000e-01	1.60499187e-02	2.05014993e-04
3.33000000e-01	1.59621689e-02	2.04392203e-04
3.33500000e-01	1.61867742e-02	2.05704503e-04
3.34000000e-01	1.62208040e-02	2.07333660e-04
3.34500000e-01	1.62057005e-02	2.06641044e-04
3.35000000e-01	1.61014400e-02	2.05240916e-04
3.35500000e-01	1.60066291e-02	2.03790650e-04
3.36000000e-01	1.64143373e-02	2.08336331e-04
3.36500000e-01	1.59073767e-02	2.02514299e-04
3.37000000e-01	1.61746994e-02	2.05415339e-04
3.37500000e-01	1.60012590e-02	2.03009174e-04
3.38000000e-01	1.59221645e-02	2.02434429e-04
3.38500000e-01	1.59735040e-02	2.02392682e-04
3.39000000e-01	1.59391138e-02	2.03271494e-04
3.39500000e-01	1.61455806e-02	2.04482864e-04
3.40000000e-01	1.60196100e-02	2.03208234e-04
3.40500000e-01	1.60748610e-02	2.02779423e-04
3.41000000e-01	1.59507214e-02	2.01562652e-04
3.41500000e-01	1.60193626e-02	2.02529989e-04
3.42000000e-01	1.60782529e-02	2.02782873e-04
3.42500000e-01	1.60725244e-02	2.03011436e-04
3.43000000e-01	1.61819904e-02	2.03272263e-04
3.43500000e-01	1.59804958e-02	2.00403459e-04
3.44000000e-01	1.60127744e-02	2.01785957e-04
3.44500000e-01	1.58437195e-02	1.98732947e-04
3.45000000e-01	1.61017089e-02	2.02539531e-04
3.45500000e-01	1.59961359e-02	2.01097674e-04
3.46000000e-01	1.59845199e-02	2.00557188e-04
3.46500000e-01	1.59033891e-02	1.99497706e-04
3.47000000e-01	1.60913793e-02	2.01456039e-04
3.47500000e-01	1.59637887e-02	1.99691688e-04
3.48000000e-01	1.59477636e-02	1.99742962e-04
3.48500000e-01	1.58708856e-02	1.98661189e-04
3.49000000e-01	1.58978377e-02	1.98586714e-04
3.49500000e-01	1.58119809e-02	1.97647229e-04
3.50000000e-01	1.57367275e-02	1.61028319e-04
3.51000000e-01	1.59511413e-02	1.40486488e-04
3.52000000e-01	1.58938349e-02	1.39847513e-04
3.53000000e-01	1.57319385e-02	1.37916279e-04
3.54000000e-01	1.58337247e-02	1.38401071e-04
3.55000000e-01	1.57886981e-02	1.38368435e-04
3.56000000e-01	1.56742631e-02	1.37755819e-04
3.57000000e-01	1.57512516e-02	1.41071321e-04
3.58000000e-01	1.56378182e-02	1.41295294e-04
3.59000000e-01	1.56712830e-02	1.42180422e-04
3.60000000e-01	1.54993606e-02	1.41990201e-04
3.61000000e-01	1.57222497e-02	1.44657530e-04
3.62000000e-01	1.55555414e-02	1.43632061e-04
3.63000000e-01	1.56949822e-02	1.45327785e-04
3.64000000e-01	1.54625545e-02	1.43937984e-04
3.65000000e-01	1.55790279e-02	1.45020779e-04
3.66000000e-01	1.55545652e-02	1.43460227e-04
3.67000000e-01	1.54081255e-02	1.40618312e-04
3.68000000e-01	1.54679146e-02	1.39970031e-04
3.69000000e-01	1.55731520e-02	1.39805895e-04
3.70000000e-01	1.54719903e-02	1.38525038e-04
3.71000000e-01	1.54946524e-02	1.40735794e-04
3.72000000e-01	1.55457546e-02	1.41770935e-04
3.73000000e-01	1.55100335e-02	1.41797637e-04
3.74000000e-01	1.55709133e-02	1.42206153e-04
3.75000000e-01	1.56295602e-02	1.43114739e-04
3.76000000e-01	1.54745787e-02	1.41786995e-04
3.77000000e-01	1.53892711e-02	1.41344989e-04
3.78000000e-01	1.53446681e-02	1.41192766e-04
3.79000000e-01	1.54737538e-02	1.41201143e-04
3.80000000e-01	1.53474350e-02	1.40622243e-04
3.81000000e-01	1.53698366e-02	1.40324517e-04
3.82000000e-01	1.53165788e-02	1.39650262e-04
3.83000000e-01	1.53038023e-02	1.39650771e-04
3.84000000e-01	1.54533461e-02	1.41297807e-04
3.85000000e-01	1.53973085e-02	1.40783904e-04
3.86000000e-01	1.53296308e-02	1.39964814e-04
3.87000000e-01	1.54748298e-02	1.41190771e-04
3.88000000e-01	1.53462209e-02	1.39977254e-04
3.89000000e-01	1.53286772e-02	1.39942761e-04
3.90000000e-01	1.52869034e-02	1.39704885e-04
3.91000000e-01	1.52867327e-02	1.39360639e-04
3.92000000e-01	1.52539845e-02	1.39293266e-04
3.93000000e-01	1.52227385e-02	1.38626175e-04
3.94000000e-01	1.52793643e-02	1.39191376e-04
3.95000000e-01	1.51482433e-02	1.37694467e-04
3.96000000e-01	1.51390065e-02	1.37927109e-04
3.97000000e-01	1.51602742e-02	1.38041119e-04
3.98000000e-01	1.50004224e-02	1.36985148e-04
3.99000000e-01	1.50481956e-02	1.37593325e-04
4.00000000e-01	1.52453302e-02	1.39126632e-04
4.01000000e-01	1.51476092e-02	1.37879922e-04
4.02000000e-01	1.52274221e-02	1.38657085e-04
4.03000000e-01	1.51467844e-02	1.38277541e-04
4.04000000e-01	1.51265118e-02	1.37759106e-04
4.05000000e-01	1.50795184e-02	1.37256420e-04
4.06000000e-01	1.51223044e-02	1.37838695e-04
4.07000000e-01	1.51965204e-02	1.38279529e-04
4.08000000e-01	1.49710726e-02	1.36362323e-04
4.09000000e-01	1.49542262e-02	1.35917248e-04
4.10000000e-01	1.49669562e-02	1.36387916e-04
4.11000000e-01	1.50122905e-02	1.36863602e-04
4.12000000e-01	1.48861601e-02	1.35574474e-04
4.13000000e-01	1.48463716e-02	1.35092572e-04
4.14000000e-01	1.49418281e-02	1.35860189e-04
4.15000000e-01	1.50152755e-02	1.36048110e-04
4.16000000e-01	1.50252068e-02	1.36310995e-04
4.17000000e-01	1.48985306e-02	1.35041761e-04
4.18000000e-01	1.48992017e-02	1.36950740e-04
4.19000000e-01	1.49320744e-02	1.38947214e-04
4.20000000e-01	1.49720216e-02	1.39700200e-04
4.21000000e-01	1.50883582e-02	1.41336907e-04
4.22000000e-01	1.50066290e-02	1.41036392e-04
4.23000000e-01	1.49641703e-02	1.41111861e-04
4.24000000e-01	1.49901308e-02	1.41598508e-04
4.25000000e-01	1.49972851e-02	1.41759074e-04
4.26000000e-01	1.49222609e-02	1.41493703e-04
4.27000000e-01	1.49575608e-02	1.41480289e-04
4.28000000e-01	1.47675992e-02	1.40468420e-04
4.29000000e-01	1.49922616e-02	1.42652498e-04
4.30000000e-01	1.50211211e-02	1.42471340e-04
4.31000000e-01	1.50494964e-02	1.42577216e-04
4.32000000e-01	1.47837905e-02	1.40450136e-04
4.33000000e-01	1.48795114e-02	1.41649306e-04
4.34000000e-01	1.47314122e-02	1.40624774e-04
4.35000000e-01	1.48899860e-02	1.41679574e-04
4.36000000e-01	1.48306476e-02	1.41426204e-04
4.37000000e-01	1.49487869e-02	1.42772570e-04
4.38000000e-01	1.48060771e-02	1.41851205e-04
4.39000000e-01	1.47032804e-02	1.41115933e-04
4.40000000e-01	1.47488108e-02	1.41178952e-04
4.41000000e-01	1.50178098e-02	1.44561245e-04
4.42000000e-01	1.49376883e-02	1.43535533e-04
4.43000000e-01	1.47678360e-02	1.42383105e-04
4.44000000e-01	1.47086997e-02	1.41824641e-04
4.45000000e-01	1.47795675e-02	1.42382348e-04
4.46000000e-01	1.45763296e-02	1.40924606e-04
4.47000000e-01	1.47484295e-02	1.42570663e-04
4.48000000e-01	1.46596292e-02	1.41966050e-04
4.49000000e-01	1.47191909e-02	1.42695045e-04
4.50000000e-01	1.46210690e-02	1.41965287e-04
4.51000000e-01	1.46378362e-02	1.42309803e-04
4.52000000e-01	1.47559706e-02	1.43303784e-04
4.53000000e-01	1.46447902e-02	1.42656141e-04
4.54000000e-01	1.46395044e-02	1.42583961e-04
4.55000000e-01	1.47278857e-02	1.43392681e-04
4.56000000e-01	1.47987378e-02	1.44214404e-04
4.57000000e-01	1.46033697e-02	1.42702769e-04
4.58000000e-01	1.46624886e-02	1.43524620e-04
4.59000000e-01	1.45812137e-02	1.42663578e-04
4.60000000e-01	1.46081321e-02	1.43641424e-04
4.61000000e-01	1.47386336e-02	1.43991484e-04
4.62000000e-01	1.44306980e-02	1.41399602e-04
4.63000000e-01	1.46023994e-02	1.43282356e-04
4.64000000e-01	1.47422553e-02	1.44923690e-04
4.65000000e-01	1.46904557e-02	1.44576236e-04
4.66000000e-01	1.46075457e-02	1.43859672e-04
4.67000000e-01	1.45187580e-02	1.42726008e-04
4.68000000e-01	1.44442265e-02	1.42409113e-04
4.69000000e-01	1.44085756e-02	1.42288655e-04
4.70000000e-01	1.45894742e-02	1.44427627e-04
4.71000000e-01	1.44782412e-02	1.42737469e-04
4.72000000e-01	1.44091611e-02	1.42306272e-04
4.73000000e-01	1.44867628e-02	1.42905105e-04
4.74000000e-01	1.44250797e-02	1.42088040e-04
4.75000000e-01	1.45824127e-02	1.43697706e-04
4.76000000e-01	1.44201037e-02	1.42256076e-04
4.77000000e-01	1.44665444e-02	1.42754176e-04
4.78000000e-01	1.44845999e-02	1.42788775e-04
4.79000000e-01	1.43435050e-02	1.41578470e-04
4.80000000e-01	1.45186008e-02	1.43635211e-04
4.81000000e-01	1.44026553e-02	1.42624049e-04
4.82000000e-01	1.42535045e-02	1.41144553e-04
4.83000000e-01	1.43603777e-02	1.42072343e-04
4.84000000e-01	1.43944064e-02	1.43076073e-04
4.85000000e-01	1.44139136e-02	1.42242960e-04
4.86000000e-01	1.43914493e-02	1.42630284e-04
4.87000000e-01	1.43144614e-02	1.42211503e-04
4.88000000e-01	1.43651114e-02	1.42438055e-04
4.89000000e-01	1.43785451e-02	1.42626356e-04
4.90000000e-01	1.42413234e-02	1.41539577e-04
4.91000000e-01	1.43564329e-02	1.42616682e-04
4.92000000e-01	1.43139032e-02	1.42585450e-04
4.93000000e-01	1.43312111e-02	1.43055984e-04
4.94000000e-01	1.42453790e-02	1.42209903e-04
4.95000000e-01	1.43129197e-02	1.43348056e-04
4.96000000e-01	1.40831695e-02	1.45857834e-04
4.97000000e-01	1.42440102e-02	1.49645860e-04
4.98000000e-01	1.44043111e-02	1.52992598e-04
4.99000000e-01	1.42599852e-02	1.53585506e-04
5.00000000e-01	1.42994168e-02	1.55494747e-04
5.01000000e-01	1.42392880e-02	1.56707254e-04
5.02000000e-01	1.41726925e-02	1.57270912e-04
5.03000000e-01	1.44372915e-02	1.61591893e-04
5.04000000e-01	1.43655607e-02	1.62293650e-04
5.05000000e-01	1.41156985e-02	1.57393165e-04
5.06000000e-01	1.43479530e-02	1.55955193e-04
5.07000000e-01	1.42492242e-02	1.54271994e-04
5.08000000e-01	1.42143279e-02	1.52328241e-04
5.09000000e-01	1.42337084e-02	1.51687023e-04
5.10000000e-01	1.42457906e-02	1.51286059e-04
5.11000000e-01	1.42719548e-02	1.51127135e-04
5.12000000e-01	1.43196618e-02	1.51513231e-04
5.13000000e-01	1.41499702e-02	1.49637359e-04
5.14000000e-01	1.41506379e-02	1.49047467e-04
5.15000000e-01	1.42504985e-02	1.49263053e-04
5.16000000e-01	1.40242552e-02	1.47387085e-04
5.17000000e-01	1.41564170e-02	1.48780772e-04
5.18000000e-01	1.41397147e-02	1.47930023e-04
5.19000000e-01	1.40837792e-02	1.47000117e-04
5.20000000e-01	1.40780278e-02	1.46950105e-04
5.21000000e-01	1.38217828e-02	1.44458495e-04
5.22000000e-01	1.38780648e-02	1.44368434e-04
5.23000000e-01	1.39455887e-02	1.44806202e-04
5.24000000e-01	1.40059934e-02	1.45616152e-04
5.25000000e-01	1.40157512e-02	1.45656039e-04
5.26000000e-01	1.41102848e-02	1.46277446e-04
5.27000000e-01	1.39884303e-02	1.45049439e-04
5.28000000e-01	1.41288592e-02	1.46472789e-04
5.29000000e-01	1.40541287e-02	1.46044338e-04
5.30000000e-01	1.39549354e-02	1.44929503e-04
5.31000000e-01	1.39684571e-02	1.45430242e-04
5.32000000e-01	1.39285197e-02	1.44995208e-04
5.33000000e-01	1.41192001e-02	1.46327669e-04
5.34000000e-01	1.39431451e-02	1.44990637e-04
5.35000000e-01	1.40644621e-02	1.45816372e-04
5.36000000e-01	1.40226562e-02	1.45300273e-04
5.37000000e-01	1.39943217e-02	1.45535942e-04
5.38000000e-01	1.37593701e-02	1.43376727e-04
5.39000000e-01	1.38770663e-02	1.44104823e-04
5.40000000e-01	1.39037085e-02	1.44308714e-04
5.41000000e-01	1.38556067e-02	1.44126867e-04
5.42000000e-01	1.38274511e-02	1.43912961e-04
5.43000000e-01	1.39576665e-02	1.44677961e-04
5.44000000e-01	1.37563545e-02	1.43110186e-04
5.45000000e-01	1.40296561e-02	1.45648548e-04
5.46000000e-01	1.39402496e-02	1.44443831e-04
5.47000000e-01	1.37079148e-02	1.42461655e-04
5.48000000e-01	1.37693151e-02	1.43052997e-04
5.49000000e-01	1.37971988e-02	1.43369977e-04
5.50000000e-01	1.38443464e-02	1.43569038e-04
5.51000000e-01	1.37316842e-02	1.42356010e-04
5.52000000e-01	1.37246385e-02	1.41978597e-04
5.53000000e-01	1.37399668e-02	1.41957629e-04
5.54000000e-01	1.37705442e-02	1.42189981e-04
5.55000000e-01	1.37989138e-02	1.42043494e-04
5.56000000e-01	1.37577851e-02	1.42010811e-04
5.57000000e-01	1.35807977e-02	1.40325483e-04
5.58000000e-01	1.36232204e-02	1.41109984e-04
5.59000000e-01	1.36442543e-02	1.41192578e-04
5.60000000e-01	1.35761235e-02	1.40879766e-04
5.61000000e-01	1.36525796e-02	1.40819847e-04
5.62000000e-01	1.35989635e-02	1.41056773e-04
5.63000000e-01	1.35222158e-02	1.40068304e-04
5.64000000e-01	1.37520091e-02	1.42024833e-04
5.65000000e-01	1.35478359e-02	1.40128487e-04
5.66000000e-01	1.35655408e-02	1.40369027e-04
5.67000000e-01	1.34195863e-02	1.39013122e-04
5.68000000e-01	1.36106433e-02	1.41178681e-04
5.69000000e-01	1.36534107e-02	1.40748527e-04
5.70000000e-01	1.35520290e-02	1.40171909e-04
5.71000000e-01	1.35699585e-02	1.40380415e-04
5.72000000e-01	1.35338238e-02	1.40158470e-04
5.73000000e-01	1.35127276e-02	1.39989606e-04
5.74000000e-01	1.35296646e-02	1.39733477e-04
5.75000000e-01	1.36130882e-02	1.40872649e-04
5.76000000e-01	1.33453484e-02	1.38707702e-04
5.77000000e-01	1.34314191e-02	1.38836021e-04
5.78000000e-01	1.34246750e-02	1.39317031e-04
5.79000000e-01	1.33559290e-02	1.38482275e-04
5.80000000e-01	1.34244889e-02	1.39004612e-04
5.81000000e-01	1.34728389e-02	1.39753283e-04
5.82000000e-01	1.33176023e-02	1.38172494e-04
5.83000000e-01	1.32978792e-02	1.38862645e-04
5.84000000e-01	1.33266521e-02	1.38717730e-04
5.85000000e-01	1.33300047e-02	1.38449667e-04
5.86000000e-01	1.33924718e-02	1.39065836e-04
5.87000000e-01	1.34896024e-02	1.39874794e-04
5.88000000e-01	1.34156057e-02	1.39168421e-04
5.89000000e-01	1.33736777e-02	1.38751637e-04
5.90000000e-01	1.34180781e-02	1.39722156e-04
5.91000000e-01	1.33034129e-02	1.38691050e-04
5.92000000e-01	1.34680048e-02	1.40253763e-04
5.93000000e-01	1.33954306e-02	1.39045472e-04
5.94000000e-01	1.32981936e-02	1.38176354e-04
5.95000000e-01	1.34486227e-02	1.39695150e-04
5.96000000e-01	1.34683799e-02	1.40346071e-04
5.97000000e-01	1.32806336e-02	1.38242099e-04
5.98000000e-01	1.31888340e-02	1.37078219e-04
5.99000000e-01	1.33517117e-02	1.39238497e-04
6.00000000e-01	1.31743160e-02	1.37406608e-04
6.01000000e-01	1.32324811e-02	1.37533104e-04
6.02000000e-01	1.32414548e-02	1.38221087e-04
6.03000000e-01	1.32886553e-02	1.38269968e-04
6.04000000e-01	1.31180559e-02	1.36777774e-04
6.05000000e-01	1.32070979e-02	1.38009132e-04
6.06000000e-01	1.33026004e-02	1.38361343e-04
6.07000000e-01	1.31573305e-02	1.37226246e-04
6.08000000e-01	1.31453508e-02	1.37119428e-04
6.09000000e-01	1.33381144e-02	1.39387067e-04
6.10000000e-01	1.32842529e-02	1.38704603e-04
6.11000000e-01	1.31346170e-02	1.37314787e-04
6.12000000e-01	1.31663529e-02	1.37337650e-04
6.13000000e-01	1.31590851e-02	1.37356751e-04
6.14000000e-01	1.32031510e-02	1.37600762e-04
6.15000000e-01	1.31047207e-02	1.37188431e-04
6.16000000e-01	1.30911836e-02	1.36598368e-04
6.17000000e-01	1.32311373e-02	1.37637341e-04
6.18000000e-01	1.31517029e-02	1.37488527e-04
6.19000000e-01	1.31375676e-02	1.36882564e-04
6.20000000e-01	1.30571550e-02	1.35760104e-04
6.21000000e-01	1.30174261e-02	1.35410477e-04
6.22000000e-01	1.29633504e-02	1.35034918e-04
6.23000000e-01	1.31326451e-02	1.36373307e-04
6.24000000e-01	1.30606366e-02	1.35472871e-04
6.25000000e-01	1.31443652e-02	1.36205248e-04
6.26000000e-01	1.30115139e-02	1.35005192e-04
6.27000000e-01	1.29998300e-02	1.34874456e-04
6.28000000e-01	1.28491873e-02	1.33654584e-04
6.29000000e-01	1.31085809e-02	1.35382907e-04
6.30000000e-01	1.29324142e-02	1.34383091e-04
6.31000000e-01	1.30058476e-02	1.34839897e-04
6.32000000e-01	1.30973522e-02	1.35776037e-04
6.33000000e-01	1.29645481e-02	1.34207722e-04
6.34000000e-01	1.30028003e-02	1.38342083e-04
6.35000000e-01	1.30203345e-02	1.42558597e-04
6.36000000e-01	1.31773040e-02	1.47057991e-04
6.37000000e-01	1.28457714e-02	1.45440839e-04
6.38000000e-01	1.30784964e-02	1.50294874e-04
6.39000000e-01	1.29406748e-02	1.50831553e-04
6.40000000e-01	1.29695138e-02	1.52988101e-04
6.41000000e-01	1.30484978e-02	1.54937757e-04
6.42000000e-01	1.30574052e-02	1.56799410e-04
6.43000000e-01	1.30421955e-02	1.57084023e-04
6.44000000e-01	1.31712605e-02	1.52362722e-04
6.45000000e-01	1.30860522e-02	1.49330471e-04
6.46000000e-01	1.30556899e-02	1.47246727e-04
6.47000000e-01	1.30651291e-02	1.46511649e-04
6.48000000e-01	1.31617929e-02	1.46103085e-04
6.49000000e-01	1.31409714e-02	1.45497901e-04
6.50000000e-01	1.30907000e-02	1.44392585e-04
6.51000000e-01	1.30846567e-02	1.43906429e-04
6.52000000e-01	1.31089197e-02	1.43737918e-04
6.53000000e-01	1.29577489e-02	1.41462022e-04
6.54000000e-01	1.29664738e-02	1.41431671e-04
6.55000000e-01	1.29539290e-02	1.41363164e-04
6.56000000e-01	1.29827909e-02	1.40658773e-04
6.57000000e-01	1.29567299e-02	1.40223326e-04
6.58000000e-01	1.28983653e-02	1.39924574e-04
6.59000000e-01	1.30392642e-02	1.41202285e-04
6.60000000e-01	1.29367314e-02	1.39728498e-04
6.61000000e-01	1.29521254e-02	1.40064397e-04
6.62000000e-01	1.28483811e-02	1.39323404e-04
6.63000000e-01	1.29364091e-02	1.40048152e-04
6.64000000e-01	1.29480295e-02	1.39635545e-04
6.65000000e-01	1.26761360e-02	1.37026016e-04
6.66000000e-01	1.29549608e-02	1.39702955e-04
6.67000000e-01	1.28708688e-02	1.39219681e-04
6.68000000e-01	1.27614896e-02	1.37909740e-04
6.69000000e-01	1.28069619e-02	1.37714011e-04
6.70000000e-01	1.27927269e-02	1.38104595e-04
6.71000000e-01	1.28538445e-02	1.38684141e-04
6.72000000e-01	1.27840823e-02	1.37801691e-04
6.73000000e-01	1.27334373e-02	1.36935073e-04
6.74000000e-01	1.28285989e-02	1.37612620e-04
6.75000000e-01	1.28266254e-02	1.37800756e-04
6.76000000e-01	1.28009265e-02	1.37802764e-04
6.77000000e-01	1.27799990e-02	1.37011332e-04
6.78000000e-01	1.28693446e-02	1.38340800e-04
6.79000000e-01	1.27468865e-02	1.37219584e-04
6.80000000e-01	1.26799232e-02	1.35893926e-04
6.81000000e-01	1.29250715e-02	1.38508375e-04
6.82000000e-01	1.26794322e-02	1.36396523e-04
6.83000000e-01	1.26537328e-02	1.35974207e-04
6.84000000e-01	1.28357239e-02	1.37562651e-04
6.85000000e-01	1.25769004e-02	1.34994807e-04
6.86000000e-01	1.28820338e-02	1.37753703e-04
6.87000000e-01	1.27522658e-02	1.36921980e-04
6.88000000e-01	1.27838745e-02	1.37194917e-04
6.89000000e-01	1.26248948e-02	1.35433897e-04
6.90000000e-01	1.26422312e-02	1.36113997e-04
6.91000000e-01	1.25812747e-02	1.34629827e-04
6.92000000e-01	1.27425402e-02	1.36275433e-04
6.93000000e-01	1.26179082e-02	1.35190983e-04
6.94000000e-01	1.26423841e-02	1.35364248e-04
6.95000000e-01	1.26900004e-02	1.36585072e-04
6.96000000e-01	1.26878517e-02	1.36011918e-04
6.97000000e-01	1.26501419e-02	1.35604197e-04
6.98000000e-01	1.27685116e-02	1.36840039e-04
6.99000000e-01	1.27038251e-02	1.35698805e-04
7.00000000e-01	1.25373513e-02	1.34462734e-04
7.01000000e-01	1.24715373e-02	1.33745856e-04
7.02000000e-01	1.25773811e-02	1.35107120e-04
7.03000000e-01	1.25744823e-02	1.35007985e-04
7.04000000e-01	1.25846129e-02	1.34725014e-04
7.05000000e-01	1.24829095e-02	1.33421955e-04
7.06000000e-01	1.25022097e-02	1.33831910e-04
7.07000000e-01	1.24156143e-02	1.33233153e-04
7.08000000e-01	1.25579449e-02	1.33466374e-04
7.09000000e-01	1.24258762e-02	1.33000011e-04
7.10000000e-01	1.25903721e-02	1.34185186e-04
7.11000000e-01	1.24440308e-02	1.33475409e-04
7.12000000e-01	1.23456537e-02	1.31896101e-04
7.13000000e-01	1.23530954e-02	1.32785397e-04
7.14000000e-01	1.25218445e-02	1.33965775e-04
7.15000000e-01	1.25277727e-02	1.34103498e-04
7.16000000e-01	1.23380273e-02	1.32168270e-04
7.17000000e-01	1.24200360e-02	1.33292897e-04
7.18000000e-01	1.22966246e-02	1.31473500e-04
7.19000000e-01	1.23530487e-02	1.32643358e-04
7.20000000e-01	1.23981712e-02	1.32650817e-04
7.21000000e-01	1.23984203e-02	1.32795851e-04
7.22000000e-01	1.23019689e-02	1.31898570e-04
7.23000000e-01	1.22406872e-02	1.31166159e-04
7.24000000e-01	1.23755042e-02	1.32816757e-04
7.25000000e-01	1.22636101e-02	1.31465665e-04
7.26000000e-01	1.22528952e-02	1.31082657e-04
7.27000000e-01	1.22916678e-02	1.31926291e-04
7.28000000e-01	1.21642741e-02	1.30916008e-04
7.29000000e-01	1.22437425e-02	1.30932299e-04
7.30000000e-01	1.21756219e-02	1.30754757e-04
7.31000000e-01	1.21294541e-02	1.30275110e-04
7.32000000e-01	1.20270583e-02	1.29825603e-04
7.33000000e-01	1.21846834e-02	1.30740358e-04
7.34000000e-01	1.21928195e-02	1.31156591e-04
7.35000000e-01	1.21804584e-02	1.30096060e-04
7.36000000e-01	1.21600887e-02	1.29365896e-04
7.37000000e-01	1.21641027e-02	1.30108222e-04
7.38000000e-01	1.21076070e-02	1.29186837e-04
7.39000000e-01	1.21294367e-02	1.29338200e-04
7.40000000e-01	1.20024378e-02	1.28365020e-04
7.41000000e-01	1.21269742e-02	1.29237295e-04
7.42000000e-01	1.21396414e-02	1.28926963e-04
7.43000000e-01	1.21388682e-02	1.29246737e-04
7.44000000e-01	1.21631437e-02	1.29596539e-04
7.45000000e-01	1.21474369e-02	1.29550970e-04
7.46000000e-01	1.20284802e-02	1.28079475e-04
7.47000000e-01	1.22093613e-02	1.29836966e-04
7.48000000e-01	1.22215856e-02	1.29769243e-04
7.49000000e-01	1.19613916e-02	1.27438961e-04
7.50000000e-01	1.20859145e-02	1.28447448e-04
7.51000000e-01	1.20478566e-02	1.28260598e-04
7.52000000e-01	1.19945934e-02	1.27754518e-04
7.53000000e-01	1.19489338e-02	1.27732074e-04
7.54000000e-01	1.21085043e-02	1.28683075e-04
7.55000000e-01	1.20342866e-02	1.28306962e-04
7.56000000e-01	1.20504248e-02	1.28069110e-04
7.57000000e-01	1.20737904e-02	1.28426388e-04
7.58000000e-01	1.20486675e-02	1.28447157e-04
7.59000000e-01	1.18150245e-02	1.25908971e-04
7.60000000e-01	1.20383477e-02	1.27508000e-04
7.61000000e-01	1.20157028e-02	1.27404101e-04
7.62000000e-01	1.19854644e-02	1.26492301e-04
7.63000000e-01	1.18072756e-02	1.25458173e-04
7.64000000e-01	1.19218048e-02	1.26095691e-04
7.65000000e-01	1.20668141e-02	1.27145596e-04
7.66000000e-01	1.18131868e-02	1.24980060e-04
7.67000000e-01	1.18769286e-02	1.24843392e-04
7.68000000e-01	1.18351847e-02	1.25284622e-04
7.69000000e-01	1.17868611e-02	1.24752097e-04
7.70000000e-01	1.20123279e-02	1.27012950e-04
7.71000000e-01	1.19645795e-02	1.25777849e-04
7.72000000e-01	1.19055811e-02	1.29302181e-04
7.73000000e-01	1.18806634e-02	1.33189256e-04
7.74000000e-01	1.18840507e-02	1.35949657e-04
7.75000000e-01	1.18198230e-02	1.37778546e-04
7.76000000e-01	1.18693033e-02	1.40073546e-04
7.77000000e-01	1.18126042e-02	1.41682816e-04
7.78000000e-01	1.17473395e-02	1.43113356e-04
7.79000000e-01	1.17615735e-02	1.44571730e-04
7.80000000e-01	1.17825545e-02	1.46467070e-04
7.81000000e-01	1.18162392e-02	1.48773518e-04
7.82000000e-01	1.16912310e-02	1.48808258e-04
7.83000000e-01	1.17697544e-02	1.50938159e-04
7.84000000e-01	1.17776481e-02	1.53374095e-04
7.85000000e-01	1.15054921e-02	1.50985208e-04
7.86000000e-01	1.18174069e-02	1.56533507e-04
7.87000000e-01	1.17635736e-02	1.57385023e-04
7.88000000e-01	1.14690587e-02	1.56465693e-04
7.89000000e-01	1.18561206e-02	1.62126454e-04
7.90000000e-01	1.16800474e-02	1.61750681e-04
7.91000000e-01	1.15933493e-02	1.61804507e-04
7.92000000e-01	1.15786273e-02	1.63657278e-04
7.93000000e-01	1.18182441e-02	1.68160077e-04
7.94000000e-01	1.15194250e-02	1.66521290e-04
7.95000000e-01	1.14950543e-02	1.67505015e-04
7.96000000e-01	1.15514977e-02	1.70877816e-04
7.97000000e-01	1.15997129e-02	1.72170185e-04
7.98000000e-01	1.14928047e-02	1.72256766e-04
7.99000000e-01	1.15787781e-02	1.75765133e-04
8.00000000e-01	1.16742228e-02	1.78564514e-04
8.01000000e-01	1.16057610e-02	1.80129670e-04
8.02000000e-01	1.12788105e-02	1.77272041e-04
8.03000000e-01	1.13370583e-02	1.79772558e-04
8.04000000e-01	1.14911902e-02	1.82997315e-04
8.05000000e-01	1.13567753e-02	1.83489708e-04
8.06000000e-01	1.14014067e-02	1.86574768e-04
8.07000000e-01	1.12815047e-02	1.86612339e-04
8.08000000e-01	1.13584078e-02	1.90611859e-04
8.09000000e-01	1.11985443e-02	1.90187512e-04
8.10000000e-01	1.13307075e-02	1.93172903e-04
8.11000000e-01	1.15565823e-02	1.99123835e-04
8.12000000e-01	1.13714831e-02	1.98526767e-04
8.13000000e-01	1.12026442e-02	1.98526563e-04
8.14000000e-01	1.12482522e-02	2.02112423e-04
8.15000000e-01	1.12116600e-02	2.02729293e-04
8.16000000e-01	1.11386822e-02	2.04321489e-04
8.17000000e-01	1.13048436e-02	2.10327294e-04
8.18000000e-01	1.09805845e-02	2.06861994e-04
8.19000000e-01	1.13152463e-02	2.15706688e-04
8.20000000e-01	1.10836696e-02	2.15513848e-04
8.21000000e-01	1.11116172e-02	2.18533791e-04
8.22000000e-01	1.13656812e-02	2.24276595e-04
8.23000000e-01	1.09768919e-02	2.19088746e-04
8.24000000e-01	1.13375035e-02	2.30944569e-04
8.25000000e-01	1.11245385e-02	2.28686958e-04
8.26000000e-01	1.14097321e-02	2.36807317e-04
8.27000000e-01	1.09682393e-02	2.34838104e-04
8.28000000e-01	1.10767276e-02	2.37772205e-04
8.29000000e-01	1.11124459e-02	2.42504695e-04
8.30000000e-01	1.11905429e-02	2.48384006e-04
8.31000000e-01	1.12318011e-02	2.54895784e-04
8.32000000e-01	1.12102857e-02	2.55944148e-04
8.33000000e-01	1.11230096e-02	2.60999957e-04
8.34000000e-01	1.07322673e-02	2.57474643e-04
8.35000000e-01	1.10326510e-02	2.65846258e-04
8.36000000e-01	1.10002315e-02	2.72334306e-04
8.37000000e-01	1.08249255e-02	2.76199903e-04
8.38000000e-01	1.10784212e-02	2.84492293e-04
8.39000000e-01	1.10689871e-02	2.89537392e-04
8.40000000e-01	1.10192496e-02	2.94840119e-04
8.41000000e-01	1.09229695e-02	2.98301562e-04
8.42000000e-01	1.09220023e-02	3.07428025e-04
8.43000000e-01	1.04542232e-02	2.98397158e-04
8.44000000e-01	1.10025297e-02	3.24703653e-04
8.45000000e-01	1.07841344e-02	3.26685504e-04
8.46000000e-01	1.06134418e-02	3.27435741e-04
8.47000000e-01	1.08779966e-02	3.46277504e-04
8.48000000e-01	1.05443809e-02	3.48874153e-04
8.49000000e-01	1.08719965e-02	3.66957269e-04
8.50000000e-01	1.09237559e-02	3.80086064e-04
8.51000000e-01	1.07888377e-02	3.91259161e-04
8.52000000e-01	1.03490056e-02	3.94554058e-04
8.53000000e-01	1.06576175e-02	4.20193114e-04
8.54000000e-01	1.03407585e-02	4.30631359e-04
8.55000000e-01	1.09800342e-02	4.67385219e-04
8.56000000e-01	1.06332330e-02	4.67040914e-04
8.57000000e-01	1.11632068e-02	5.07596838e-04
8.58000000e-01	1.06319432e-02	4.93132224e-04
8.59000000e-01	1.05819034e-02	5.11685171e-04
8.60000000e-01	1.08487676e-02	5.39892367e-04
8.61000000e-01	1.05634155e-02	5.38797891e-04
8.62000000e-01	1.05058416e-02	5.60345127e-04
8.63000000e-01	1.03742017e-02	5.73908911e-04
8.64000000e-01	1.10164070e-02	6.37381252e-04
8.65000000e-01	1.05160054e-02	6.39315325e-04
8.66000000e-01	9.85107228e-03	6.29615952e-04
8.67000000e-01	1.03680601e-02	7.00109838e-04
8.68000000e-01	1.03845016e-02	7.35719194e-04
8.69000000e-01	1.16387812e-02	8.62194893e-04
8.70000000e-01	1.07382094e-02	8.85764891e-04
8.71000000e-01	1.11961947e-02	1.04816360e-03
8.72000000e-01	1.05834889e-02	1.05762048e-03
8.73000000e-01	1.12255561e-02	1.41549097e-03
8.74000000e-01	9.28238477e-03	1.63458426e-03
8.75000000e-01	9.77655313e-03	3.14229930e-03
