% Filename : SDL7_00012_00115.h5
% Date & Time : 30-Oct-2025 14:53:01
% X-ray Energy (keV) : 13.30001
% Exposure Time (s) : 0.500
% Beam Center : 1461.24000, 208.98300
% Sample to Detector Distance (SDD) (mm) : 1990.750
% Detector Pixel Size (mm) : 0.075
% Photodiode Value : 135486.000
% I0 of Sample : 0
% I0 of Standard : 1
% 
% q(A^-1)   I(q)    I(q)_SE
0.00000000e+00	1.06678305e-02	7.30378457e-03
2.50000000e-04	0.00000000e+00	0.00000000e+00
5.00000000e-04	0.00000000e+00	0.00000000e+00
7.50000000e-04	0.00000000e+00	0.00000000e+00
1.00000000e-03	0.00000000e+00	0.00000000e+00
1.25000000e-03	0.00000000e+00	0.00000000e+00
1.50000000e-03	0.00000000e+00	0.00000000e+00
1.75000000e-03	0.00000000e+00	0.00000000e+00
2.00000000e-03	0.00000000e+00	0.00000000e+00
2.25000000e-03	0.00000000e+00	0.00000000e+00
2.50000000e-03	0.00000000e+00	0.00000000e+00
2.75000000e-03	0.00000000e+00	0.00000000e+00
3.00000000e-03	0.00000000e+00	0.00000000e+00
3.25000000e-03	3.00049202e+00	1.77700862e+00
3.50000000e-03	1.75647211e+00	4.50799330e-01
3.75000000e-03	1.35868623e+00	2.74732745e-01
4.00000000e-03	1.12023008e+00	2.00754491e-01
4.25000000e-03	8.00667155e-01	1.17424636e-01
4.50000000e-03	1.09059281e+00	2.18127177e-01
4.75000000e-03	1.10867442e+00	2.02142604e-01
5.00000000e-03	8.83176580e-01	1.53783936e-01
5.25000000e-03	7.31272823e-01	1.22952324e-01
5.50000000e-03	6.09849087e-01	9.59745600e-02
5.75000000e-03	5.13893550e-01	7.77494712e-02
6.00000000e-03	4.27111956e-01	6.11362701e-02
6.25000000e-03	3.74603010e-01	5.37252249e-02
6.50000000e-03	3.22592043e-01	4.42401987e-02
6.75000000e-03	2.80242926e-01	3.70996079e-02
7.00000000e-03	2.43259712e-01	3.06352343e-02
7.25000000e-03	2.15967412e-01	2.72309575e-02
7.50000000e-03	1.85183732e-01	2.22882885e-02
7.75000000e-03	1.69892542e-01	2.05423427e-02
8.00000000e-03	1.61294882e-01	1.84204383e-02
8.25000000e-03	1.41071970e-01	1.56852394e-02
8.50000000e-03	1.28333727e-01	1.36693159e-02
8.75000000e-03	1.16830501e-01	1.26312693e-02
9.00000000e-03	1.08475576e-01	1.13478179e-02
9.25000000e-03	9.76394243e-02	9.64631310e-03
9.50000000e-03	8.99057441e-02	8.55800449e-03
9.75000000e-03	8.58028691e-02	8.17838705e-03
1.00000000e-02	7.51390885e-02	6.69571997e-03
1.02500000e-02	7.11846257e-02	6.56475363e-03
1.05000000e-02	6.59117016e-02	6.04690228e-03
1.07500000e-02	6.28283725e-02	5.65460563e-03
1.10000000e-02	5.87314258e-02	4.82755374e-03
1.12500000e-02	5.19381170e-02	4.36770498e-03
1.15000000e-02	5.08730809e-02	3.96981045e-03
1.17500000e-02	4.90851052e-02	3.88762707e-03
1.20000000e-02	4.99102360e-02	3.84347723e-03
1.22500000e-02	4.61562365e-02	3.39888509e-03
1.25000000e-02	4.44781723e-02	3.31721697e-03
1.27500000e-02	4.40581225e-02	3.26390940e-03
1.30000000e-02	4.12863293e-02	2.88702868e-03
1.32500000e-02	3.75884946e-02	2.67596462e-03
1.35000000e-02	3.84646225e-02	2.60647181e-03
1.37500000e-02	3.52141483e-02	2.40919799e-03
1.40000000e-02	3.62225816e-02	2.42101177e-03
1.42500000e-02	3.46103439e-02	2.21975129e-03
1.45000000e-02	3.29605088e-02	2.11543974e-03
1.47500000e-02	3.25745146e-02	2.07112758e-03
1.50000000e-02	3.19462343e-02	1.99188799e-03
1.52500000e-02	3.07703113e-02	1.90775503e-03
1.55000000e-02	3.07533978e-02	1.84879028e-03
1.57500000e-02	2.93049952e-02	1.75972157e-03
1.60000000e-02	2.74015952e-02	1.62973575e-03
1.62500000e-02	2.89847374e-02	1.74628025e-03
1.65000000e-02	2.81734305e-02	1.62426401e-03
1.67500000e-02	2.78667513e-02	1.60561301e-03
1.70000000e-02	2.64618138e-02	1.52100853e-03
1.72500000e-02	2.70697579e-02	1.53054377e-03
1.75000000e-02	2.57676248e-02	1.45271721e-03
1.77500000e-02	2.62996351e-02	1.45028872e-03
1.80000000e-02	2.61769186e-02	1.45587297e-03
1.82500000e-02	2.51008089e-02	1.35584170e-03
1.85000000e-02	2.49260370e-02	1.35040336e-03
1.87500000e-02	2.47964521e-02	1.33151590e-03
1.90000000e-02	2.40510154e-02	1.29892625e-03
1.92500000e-02	2.49587709e-02	1.30553121e-03
1.95000000e-02	2.38551708e-02	1.24487796e-03
1.97500000e-02	2.54271465e-02	1.32800783e-03
2.00000000e-02	2.31605774e-02	1.19189867e-03
2.02500000e-02	2.37392069e-02	1.21385988e-03
2.05000000e-02	2.38210930e-02	1.21083001e-03
2.07500000e-02	2.44378975e-02	1.22955237e-03
2.10000000e-02	2.40915371e-02	1.22038239e-03
2.12500000e-02	2.40687289e-02	1.21529113e-03
2.15000000e-02	2.29258904e-02	1.16410930e-03
2.17500000e-02	2.32545124e-02	1.18479619e-03
2.20000000e-02	2.34339958e-02	1.19306481e-03
2.22500000e-02	2.27727288e-02	1.16643769e-03
2.25000000e-02	2.25785561e-02	1.17620129e-03
2.27500000e-02	2.33369083e-02	1.19300067e-03
2.30000000e-02	2.30061622e-02	1.18135691e-03
2.32500000e-02	2.24233937e-02	1.13111708e-03
2.35000000e-02	2.33350307e-02	1.18067132e-03
2.37500000e-02	2.23610939e-02	1.13523174e-03
2.40000000e-02	2.28112090e-02	1.16860781e-03
2.42500000e-02	2.16085274e-02	1.09411982e-03
2.45000000e-02	2.34011727e-02	1.18837302e-03
2.47500000e-02	2.26121402e-02	1.13097590e-03
2.50000000e-02	2.22367153e-02	1.11286758e-03
2.52500000e-02	2.17200340e-02	1.10260032e-03
2.55000000e-02	2.25276073e-02	1.10380209e-03
2.57500000e-02	2.24752172e-02	1.12128552e-03
2.60000000e-02	2.20598910e-02	1.09817684e-03
2.62500000e-02	2.06206857e-02	1.04819948e-03
2.65000000e-02	2.15646455e-02	1.06899785e-03
2.67500000e-02	2.29118237e-02	1.11656572e-03
2.70000000e-02	2.26000359e-02	1.11684885e-03
2.72500000e-02	2.19880525e-02	1.07264258e-03
2.75000000e-02	2.23361742e-02	1.11234250e-03
2.77500000e-02	2.20674970e-02	1.09996710e-03
2.80000000e-02	2.26598279e-02	1.09984666e-03
2.82500000e-02	2.26930948e-02	1.08927030e-03
2.85000000e-02	2.18870737e-02	1.05171406e-03
2.87500000e-02	2.21088165e-02	1.08521127e-03
2.90000000e-02	2.31348054e-02	1.12889706e-03
2.92500000e-02	2.31977149e-02	1.10152141e-03
2.95000000e-02	2.27228651e-02	1.10381300e-03
2.97500000e-02	2.34256029e-02	1.11500685e-03
3.00000000e-02	2.21454800e-02	1.06335934e-03
3.02500000e-02	2.32938906e-02	1.12540245e-03
3.05000000e-02	2.26498559e-02	1.06850643e-03
3.07500000e-02	2.32051109e-02	1.12378035e-03
3.10000000e-02	2.33489714e-02	1.10878902e-03
3.12500000e-02	2.29008716e-02	1.10759499e-03
3.15000000e-02	2.27431463e-02	1.08163449e-03
3.17500000e-02	2.24829761e-02	1.04429636e-03
3.20000000e-02	2.16288732e-02	1.02195320e-03
3.22500000e-02	2.26940795e-02	1.07505918e-03
3.25000000e-02	2.21273010e-02	1.04357514e-03
3.27500000e-02	2.18579734e-02	1.01828109e-03
3.30000000e-02	2.15637323e-02	1.00849977e-03
3.32500000e-02	2.17583980e-02	1.01069488e-03
3.35000000e-02	2.19786640e-02	1.04797797e-03
3.37500000e-02	2.22730403e-02	1.02975121e-03
3.40000000e-02	2.18957600e-02	1.02030087e-03
3.42500000e-02	2.24199151e-02	1.02473872e-03
3.45000000e-02	2.23759519e-02	1.03365653e-03
3.47500000e-02	2.18326431e-02	1.00941973e-03
3.50000000e-02	2.14382515e-02	9.87620225e-04
3.52500000e-02	2.19285266e-02	1.00750294e-03
3.55000000e-02	2.17712025e-02	9.87764698e-04
3.57500000e-02	2.18574224e-02	1.00419845e-03
3.60000000e-02	2.12028921e-02	9.65732559e-04
3.62500000e-02	2.16419988e-02	9.96362384e-04
3.65000000e-02	2.12334709e-02	9.63881821e-04
3.67500000e-02	2.15786272e-02	9.72834997e-04
3.70000000e-02	2.18739917e-02	9.80313345e-04
3.72500000e-02	2.15469167e-02	9.69253457e-04
3.75000000e-02	2.13131106e-02	9.59686557e-04
3.77500000e-02	2.18685736e-02	9.71322088e-04
3.80000000e-02	2.16947894e-02	9.81764550e-04
3.82500000e-02	2.11466860e-02	9.39085427e-04
3.85000000e-02	2.04829134e-02	9.23568332e-04
3.87500000e-02	2.06463032e-02	9.23828439e-04
3.90000000e-02	2.18833620e-02	9.64695482e-04
3.92500000e-02	2.08581271e-02	9.07077246e-04
3.95000000e-02	2.09076667e-02	9.17174991e-04
3.97500000e-02	2.12900186e-02	9.32972909e-04
4.00000000e-02	2.25540487e-02	9.92002095e-04
4.02500000e-02	2.16483253e-02	9.58104194e-04
4.05000000e-02	2.13408265e-02	9.25448473e-04
4.07500000e-02	2.10135534e-02	9.23206175e-04
4.10000000e-02	2.11772393e-02	9.21578487e-04
4.12500000e-02	2.11890662e-02	9.20434490e-04
4.15000000e-02	2.15558398e-02	9.22623125e-04
4.17500000e-02	2.07003168e-02	8.95324762e-04
4.20000000e-02	2.06787539e-02	8.86130794e-04
4.22500000e-02	2.04638645e-02	8.72397917e-04
4.25000000e-02	2.15040111e-02	9.23484950e-04
4.27500000e-02	2.14042860e-02	9.12206838e-04
4.30000000e-02	2.03222078e-02	8.68448905e-04
4.32500000e-02	2.13453612e-02	9.09008610e-04
4.35000000e-02	2.15076001e-02	9.13896343e-04
4.37500000e-02	2.03048940e-02	8.55272988e-04
4.40000000e-02	2.14057902e-02	9.11263998e-04
4.42500000e-02	2.09216985e-02	8.93238030e-04
4.45000000e-02	2.07283287e-02	8.73377425e-04
4.47500000e-02	2.09049858e-02	8.85380640e-04
4.50000000e-02	2.15724662e-02	9.05732543e-04
4.52500000e-02	2.09919426e-02	8.76733734e-04
4.55000000e-02	2.15065908e-02	8.97567050e-04
4.57500000e-02	2.10541704e-02	8.74170108e-04
4.60000000e-02	2.00343186e-02	8.46230599e-04
4.62500000e-02	2.08671962e-02	8.73696924e-04
4.65000000e-02	2.14084868e-02	8.88177637e-04
4.67500000e-02	2.05977744e-02	8.47052597e-04
4.70000000e-02	2.03152588e-02	8.44555138e-04
4.72500000e-02	2.09580382e-02	8.65497812e-04
4.75000000e-02	2.06521643e-02	8.53025504e-04
4.77500000e-02	2.06565809e-02	8.44277636e-04
4.80000000e-02	2.04481032e-02	8.41117732e-04
4.82500000e-02	2.10445990e-02	8.67044590e-04
4.85000000e-02	2.10424893e-02	8.64363205e-04
4.87500000e-02	2.08992104e-02	8.56221208e-04
4.90000000e-02	2.07139037e-02	8.39919966e-04
4.92500000e-02	2.14685138e-02	8.63657642e-04
4.95000000e-02	2.11767005e-02	8.59710522e-04
4.97500000e-02	2.09397302e-02	8.50936415e-04
5.00000000e-02	2.07684010e-02	8.35798437e-04
5.02500000e-02	2.06161541e-02	8.21637278e-04
5.05000000e-02	2.11157514e-02	8.46396067e-04
5.07500000e-02	2.06681904e-02	8.20103919e-04
5.10000000e-02	2.04290402e-02	8.16046881e-04
5.12500000e-02	2.04410021e-02	8.22309530e-04
5.15000000e-02	2.00725413e-02	7.89667476e-04
5.17500000e-02	2.10807194e-02	8.37583260e-04
5.20000000e-02	2.03130939e-02	8.10786553e-04
5.22500000e-02	1.99037949e-02	7.96770513e-04
5.25000000e-02	2.05118047e-02	8.16699174e-04
5.27500000e-02	2.01925904e-02	7.93527520e-04
5.30000000e-02	2.07960425e-02	8.26489653e-04
5.32500000e-02	2.03525837e-02	8.00185016e-04
5.35000000e-02	2.05322653e-02	8.04169570e-04
5.37500000e-02	1.94961087e-02	7.62233113e-04
5.40000000e-02	2.05295825e-02	7.99672780e-04
5.42500000e-02	1.99222492e-02	7.71525530e-04
5.45000000e-02	2.10301601e-02	8.20323187e-04
5.47500000e-02	2.00650938e-02	7.76812243e-04
5.50000000e-02	2.00427055e-02	7.76028986e-04
5.52500000e-02	2.09767043e-02	8.15600451e-04
5.55000000e-02	2.14505183e-02	8.21485149e-04
5.57500000e-02	2.01464277e-02	7.81403858e-04
5.60000000e-02	2.05574683e-02	7.83235923e-04
5.62500000e-02	2.01023514e-02	7.83956622e-04
5.65000000e-02	2.10832827e-02	8.14988001e-04
5.67500000e-02	2.02557225e-02	7.81882178e-04
5.70000000e-02	2.04218790e-02	7.85479853e-04
5.72500000e-02	2.06936478e-02	7.94443001e-04
5.75000000e-02	2.04501029e-02	7.85872281e-04
5.77500000e-02	2.04830580e-02	7.76076189e-04
5.80000000e-02	2.04116815e-02	7.78223216e-04
5.82500000e-02	2.05411384e-02	7.79811170e-04
5.85000000e-02	2.03073872e-02	7.70999847e-04
5.87500000e-02	2.06202080e-02	7.78008465e-04
5.90000000e-02	1.97143534e-02	7.46861293e-04
5.92500000e-02	2.07385449e-02	7.81758223e-04
5.95000000e-02	2.03837393e-02	7.63800667e-04
5.97500000e-02	2.06968237e-02	7.84267368e-04
6.00000000e-02	1.97314984e-02	7.39571203e-04
6.02500000e-02	2.04146594e-02	7.65002806e-04
6.05000000e-02	2.08666387e-02	7.79423081e-04
6.07500000e-02	1.99518104e-02	7.47421181e-04
6.10000000e-02	2.03032198e-02	7.53655506e-04
6.12500000e-02	2.06260364e-02	7.68833302e-04
6.15000000e-02	1.99259835e-02	7.41757022e-04
6.17500000e-02	2.03778828e-02	7.60855004e-04
6.20000000e-02	2.03438742e-02	7.53207506e-04
6.22500000e-02	2.04471484e-02	7.53259432e-04
6.25000000e-02	2.01320565e-02	7.44095534e-04
6.27500000e-02	2.00143193e-02	7.37439016e-04
6.30000000e-02	1.99170400e-02	7.35028393e-04
6.32500000e-02	1.96773647e-02	7.19714132e-04
6.35000000e-02	1.96797939e-02	7.22727647e-04
6.37500000e-02	2.02348393e-02	7.38972782e-04
6.40000000e-02	2.03331530e-02	7.44592405e-04
6.42500000e-02	1.99611101e-02	7.29060924e-04
6.45000000e-02	2.05745188e-02	7.43105789e-04
6.47500000e-02	1.99257250e-02	7.24505242e-04
6.50000000e-02	1.97436886e-02	7.22784445e-04
6.52500000e-02	2.00906604e-02	7.21071324e-04
6.55000000e-02	2.02473031e-02	7.36738329e-04
6.57500000e-02	2.04640593e-02	7.34065564e-04
6.60000000e-02	2.00261674e-02	7.25543182e-04
6.62500000e-02	2.00806968e-02	7.22827452e-04
6.65000000e-02	2.00561353e-02	7.21550236e-04
6.67500000e-02	1.96502816e-02	7.11892058e-04
6.70000000e-02	2.02691888e-02	7.26757493e-04
6.72500000e-02	2.03202995e-02	7.31177876e-04
6.75000000e-02	1.98881016e-02	7.05201397e-04
6.77500000e-02	2.02508243e-02	7.14159381e-04
6.80000000e-02	2.02610529e-02	7.29186664e-04
6.82500000e-02	2.01086264e-02	7.19879058e-04
6.85000000e-02	2.02663677e-02	7.21666840e-04
6.87500000e-02	2.04308989e-02	7.26196153e-04
6.90000000e-02	2.05258285e-02	7.20043937e-04
6.92500000e-02	1.99962549e-02	7.06806630e-04
6.95000000e-02	2.01239788e-02	7.18688072e-04
6.97500000e-02	2.02318111e-02	7.18156434e-04
7.00000000e-02	2.00398918e-02	7.10136958e-04
7.02500000e-02	2.00791236e-02	7.02757200e-04
7.05000000e-02	2.03802956e-02	7.07364008e-04
7.07500000e-02	1.97946100e-02	7.05999943e-04
7.10000000e-02	1.98333021e-02	6.95251234e-04
7.12500000e-02	1.98172809e-02	6.91118431e-04
7.15000000e-02	1.95574890e-02	6.82674168e-04
7.17500000e-02	2.05839108e-02	7.13921174e-04
7.20000000e-02	2.01308187e-02	7.02553560e-04
7.22500000e-02	2.00519560e-02	6.95874017e-04
7.25000000e-02	1.94668253e-02	6.72749968e-04
7.27500000e-02	1.99001640e-02	6.93721705e-04
7.30000000e-02	1.98293985e-02	6.90178086e-04
7.32500000e-02	1.98919312e-02	6.81166526e-04
7.35000000e-02	2.02034579e-02	6.97756255e-04
7.37500000e-02	2.01675971e-02	6.93670021e-04
7.40000000e-02	1.99310366e-02	6.85315199e-04
7.42500000e-02	2.00962854e-02	6.89669777e-04
7.45000000e-02	1.98737685e-02	6.80103657e-04
7.47500000e-02	1.96920070e-02	6.75438934e-04
7.50000000e-02	1.94476792e-02	6.64077805e-04
7.52500000e-02	1.99913924e-02	6.87256782e-04
7.55000000e-02	2.00131719e-02	6.84304284e-04
7.57500000e-02	2.03599887e-02	6.89762887e-04
7.60000000e-02	1.96296824e-02	6.72935721e-04
7.62500000e-02	1.98073380e-02	6.72911605e-04
7.65000000e-02	1.99298657e-02	6.75506831e-04
7.67500000e-02	1.98542807e-02	6.77440294e-04
7.70000000e-02	2.01861846e-02	6.82512018e-04
7.72500000e-02	2.00874929e-02	6.95772011e-04
7.75000000e-02	1.95032168e-02	6.84174252e-04
7.77500000e-02	2.00208338e-02	7.01350329e-04
7.80000000e-02	2.03145111e-02	7.09395470e-04
7.82500000e-02	1.96148158e-02	6.91651272e-04
7.85000000e-02	2.04404134e-02	7.25805880e-04
7.87500000e-02	2.00110464e-02	7.10805889e-04
7.90000000e-02	1.99982812e-02	7.14660746e-04
7.92500000e-02	1.97699508e-02	7.03240731e-04
7.95000000e-02	1.96103770e-02	7.10268910e-04
7.97500000e-02	2.02538375e-02	7.27805877e-04
8.00000000e-02	1.97052715e-02	7.08201898e-04
8.02500000e-02	1.90355520e-02	6.90695294e-04
8.05000000e-02	2.01169134e-02	7.20017821e-04
8.07500000e-02	1.92714693e-02	7.00875059e-04
8.10000000e-02	2.03056398e-02	7.33419932e-04
8.12500000e-02	1.96820348e-02	7.16322098e-04
8.15000000e-02	2.00095730e-02	7.28583707e-04
8.17500000e-02	2.08658293e-02	7.56818552e-04
8.20000000e-02	1.97001076e-02	7.18290931e-04
8.22500000e-02	1.97506575e-02	7.22102367e-04
8.25000000e-02	1.92654026e-02	7.11956615e-04
8.27500000e-02	2.00457742e-02	7.26618867e-04
8.30000000e-02	1.99849795e-02	7.31685908e-04
8.32500000e-02	1.97024142e-02	7.21428776e-04
8.35000000e-02	1.97935710e-02	7.40431890e-04
8.37500000e-02	1.96416227e-02	7.19738038e-04
8.40000000e-02	1.98424681e-02	7.31078767e-04
8.42500000e-02	1.94995083e-02	7.21036910e-04
8.45000000e-02	1.98061425e-02	7.34904367e-04
8.47500000e-02	1.99851913e-02	7.42845905e-04
8.50000000e-02	1.95066493e-02	7.23201397e-04
8.52500000e-02	2.00887804e-02	7.45361274e-04
8.55000000e-02	1.94699244e-02	7.21626832e-04
8.57500000e-02	1.92991024e-02	7.21350965e-04
8.60000000e-02	1.98469482e-02	7.37255209e-04
8.62500000e-02	1.98838227e-02	7.39284739e-04
8.65000000e-02	2.01790902e-02	7.46775192e-04
8.67500000e-02	1.93744149e-02	7.20887435e-04
8.70000000e-02	1.97136891e-02	7.20068206e-04
8.72500000e-02	2.00825471e-02	7.19901787e-04
8.75000000e-02	1.99407148e-02	7.12944731e-04
8.77500000e-02	2.01422291e-02	7.17393432e-04
8.80000000e-02	1.97945491e-02	7.04741285e-04
8.82500000e-02	2.00723704e-02	7.03411480e-04
8.85000000e-02	1.95018134e-02	6.85510841e-04
8.87500000e-02	1.99914647e-02	6.85553339e-04
8.90000000e-02	2.02014763e-02	7.03251463e-04
8.92500000e-02	2.01589986e-02	6.88183000e-04
8.95000000e-02	1.97411739e-02	6.83135565e-04
8.97500000e-02	2.04962018e-02	6.99528961e-04
9.00000000e-02	1.96625235e-02	6.67655809e-04
9.02500000e-02	1.95947721e-02	6.71998524e-04
9.05000000e-02	2.05565045e-02	6.96969960e-04
9.07500000e-02	1.97792858e-02	6.63403780e-04
9.10000000e-02	2.03975222e-02	6.85784433e-04
9.12500000e-02	2.02029282e-02	6.80004346e-04
9.15000000e-02	2.02357029e-02	6.78152663e-04
9.17500000e-02	1.99324307e-02	6.71817464e-04
9.20000000e-02	1.97772486e-02	6.65490514e-04
9.22500000e-02	1.99502802e-02	6.62541433e-04
9.25000000e-02	2.03174268e-02	6.75604986e-04
9.27500000e-02	1.99686002e-02	6.66462575e-04
9.30000000e-02	1.92793582e-02	6.39978147e-04
9.32500000e-02	1.97635281e-02	6.56970878e-04
9.35000000e-02	1.99426921e-02	6.61380092e-04
9.37500000e-02	1.95263951e-02	6.45824012e-04
9.40000000e-02	1.95525231e-02	6.46158517e-04
9.42500000e-02	1.94285084e-02	6.35963314e-04
9.45000000e-02	1.98710811e-02	6.49486794e-04
9.47500000e-02	1.92565044e-02	6.38566390e-04
9.50000000e-02	2.00448523e-02	6.54849173e-04
9.52500000e-02	1.97603636e-02	6.45064552e-04
9.55000000e-02	1.96320308e-02	6.42145204e-04
9.57500000e-02	2.00093584e-02	6.51380015e-04
9.60000000e-02	2.01073119e-02	6.48550615e-04
9.62500000e-02	1.95108919e-02	6.35915385e-04
9.65000000e-02	1.95065880e-02	6.34157019e-04
9.67500000e-02	1.97598407e-02	6.37630335e-04
9.70000000e-02	2.02315055e-02	6.53838231e-04
9.72500000e-02	1.99650969e-02	6.44422690e-04
9.75000000e-02	1.92646200e-02	6.21227256e-04
9.77500000e-02	1.92357301e-02	6.21522053e-04
9.80000000e-02	1.99127040e-02	6.40044883e-04
9.82500000e-02	1.96956177e-02	6.35644950e-04
9.85000000e-02	2.00677794e-02	6.40687835e-04
9.87500000e-02	1.94366614e-02	6.17112196e-04
9.90000000e-02	1.95947157e-02	6.25193288e-04
9.92500000e-02	2.00306886e-02	6.40903106e-04
9.95000000e-02	1.96972030e-02	6.27276019e-04
9.97500000e-02	1.99487843e-02	6.34840134e-04
1.00000000e-01	1.94225398e-02	5.00384264e-04
1.00500000e-01	1.95480107e-02	4.37582503e-04
1.01000000e-01	1.95758744e-02	4.36206784e-04
1.01500000e-01	1.99332456e-02	4.44538178e-04
1.02000000e-01	1.97879463e-02	4.39577182e-04
1.02500000e-01	1.99491742e-02	4.41087593e-04
1.03000000e-01	1.95409493e-02	4.32057304e-04
1.03500000e-01	1.94955766e-02	4.27748642e-04
1.04000000e-01	1.97360700e-02	4.33151193e-04
1.04500000e-01	1.93960113e-02	4.22899877e-04
1.05000000e-01	1.92030887e-02	4.20530581e-04
1.05500000e-01	1.97364061e-02	4.30036399e-04
1.06000000e-01	1.98490034e-02	4.28916173e-04
1.06500000e-01	2.00828151e-02	4.33412339e-04
1.07000000e-01	1.92431143e-02	4.23541265e-04
1.07500000e-01	1.94498920e-02	4.31441652e-04
1.08000000e-01	1.97748673e-02	4.43417819e-04
1.08500000e-01	1.99170960e-02	4.49358302e-04
1.09000000e-01	1.97133686e-02	4.50308750e-04
1.09500000e-01	1.98778992e-02	4.56029813e-04
1.10000000e-01	1.99717054e-02	4.50821579e-04
1.10500000e-01	1.94644794e-02	4.29144974e-04
1.11000000e-01	1.98171606e-02	4.32133575e-04
1.11500000e-01	1.96975705e-02	4.24960987e-04
1.12000000e-01	1.96588643e-02	4.21760871e-04
1.12500000e-01	1.96466053e-02	4.19828915e-04
1.13000000e-01	1.96454486e-02	4.18943883e-04
1.13500000e-01	1.96801397e-02	4.19719907e-04
1.14000000e-01	1.97192370e-02	4.15260268e-04
1.14500000e-01	1.97878002e-02	4.17118282e-04
1.15000000e-01	1.97194078e-02	4.13082574e-04
1.15500000e-01	1.97721974e-02	4.13650371e-04
1.16000000e-01	1.97977353e-02	4.16356526e-04
1.16500000e-01	1.98520247e-02	4.13376540e-04
1.17000000e-01	1.96456126e-02	4.09095659e-04
1.17500000e-01	1.97784425e-02	4.08393365e-04
1.18000000e-01	1.93760466e-02	4.05204110e-04
1.18500000e-01	1.97680204e-02	4.07698067e-04
1.19000000e-01	1.94887897e-02	4.03286691e-04
1.19500000e-01	1.97166121e-02	4.04475536e-04
1.20000000e-01	1.94776177e-02	4.00074066e-04
1.20500000e-01	1.93285455e-02	3.95602632e-04
1.21000000e-01	1.96385931e-02	3.98370247e-04
1.21500000e-01	1.98814161e-02	4.05886995e-04
1.22000000e-01	1.98186556e-02	4.02022708e-04
1.22500000e-01	1.94719393e-02	3.92891948e-04
1.23000000e-01	1.93830805e-02	3.92565780e-04
1.23500000e-01	1.94432746e-02	3.93025865e-04
1.24000000e-01	1.94891853e-02	3.94815724e-04
1.24500000e-01	1.99444182e-02	4.01898366e-04
1.25000000e-01	1.95837658e-02	3.92377070e-04
1.25500000e-01	1.98750349e-02	3.95476826e-04
1.26000000e-01	1.97778417e-02	3.94279519e-04
1.26500000e-01	1.97316225e-02	3.92221554e-04
1.27000000e-01	1.94080560e-02	3.84090118e-04
1.27500000e-01	1.95433781e-02	3.89030964e-04
1.28000000e-01	1.91737650e-02	3.79372837e-04
1.28500000e-01	1.96217586e-02	3.88392252e-04
1.29000000e-01	1.94290641e-02	3.86657978e-04
1.29500000e-01	1.97006233e-02	3.86882331e-04
1.30000000e-01	1.95617951e-02	3.83530258e-04
1.30500000e-01	1.93441889e-02	3.77221250e-04
1.31000000e-01	1.98655465e-02	3.86284188e-04
1.31500000e-01	1.96854800e-02	3.83947490e-04
1.32000000e-01	1.94265484e-02	3.79357819e-04
1.32500000e-01	1.94407498e-02	3.76908588e-04
1.33000000e-01	1.97008974e-02	3.81570959e-04
1.33500000e-01	1.99436462e-02	3.83477487e-04
1.34000000e-01	1.96838174e-02	3.79750364e-04
1.34500000e-01	1.95378973e-02	3.74847634e-04
1.35000000e-01	1.96879539e-02	3.76321435e-04
1.35500000e-01	1.94820608e-02	3.72732033e-04
1.36000000e-01	1.97239230e-02	3.74241035e-04
1.36500000e-01	1.95451983e-02	3.74857653e-04
1.37000000e-01	1.99113506e-02	3.75901563e-04
1.37500000e-01	1.95545654e-02	3.71225066e-04
1.38000000e-01	1.96021399e-02	3.72408058e-04
1.38500000e-01	1.94157138e-02	3.67396205e-04
1.39000000e-01	1.92426834e-02	3.64160679e-04
1.39500000e-01	1.98854847e-02	3.74829944e-04
1.40000000e-01	1.93966923e-02	3.66459316e-04
1.40500000e-01	1.91658199e-02	3.61896174e-04
1.41000000e-01	1.92820309e-02	3.66218029e-04
1.41500000e-01	1.94883243e-02	3.66563655e-04
1.42000000e-01	1.93637530e-02	3.63394780e-04
1.42500000e-01	1.96146325e-02	3.67802042e-04
1.43000000e-01	1.93474971e-02	3.64804455e-04
1.43500000e-01	1.98673515e-02	3.69571737e-04
1.44000000e-01	1.95303796e-02	3.63847077e-04
1.44500000e-01	1.94935264e-02	3.62952820e-04
1.45000000e-01	1.92700078e-02	3.58603135e-04
1.45500000e-01	1.95629343e-02	3.63072692e-04
1.46000000e-01	1.90825460e-02	3.54092846e-04
1.46500000e-01	1.95031649e-02	3.60387494e-04
1.47000000e-01	1.92656574e-02	3.57580777e-04
1.47500000e-01	1.91821389e-02	3.54078668e-04
1.48000000e-01	1.92937015e-02	3.54368262e-04
1.48500000e-01	1.91111376e-02	3.53185586e-04
1.49000000e-01	1.95369201e-02	3.58989372e-04
1.49500000e-01	1.94641042e-02	3.56866967e-04
1.50000000e-01	1.91547962e-02	3.50884978e-04
1.50500000e-01	1.91819332e-02	3.52223112e-04
1.51000000e-01	1.92745517e-02	3.50351197e-04
1.51500000e-01	1.92056415e-02	3.50187892e-04
1.52000000e-01	1.95713387e-02	3.53139650e-04
1.52500000e-01	1.95551214e-02	3.53612012e-04
1.53000000e-01	1.91870428e-02	3.47901369e-04
1.53500000e-01	1.91449485e-02	3.46197644e-04
1.54000000e-01	1.94408659e-02	3.51226882e-04
1.54500000e-01	1.91422114e-02	3.50430833e-04
1.55000000e-01	1.91391162e-02	3.53552201e-04
1.55500000e-01	1.91288584e-02	3.59134446e-04
1.56000000e-01	1.93872871e-02	3.65538118e-04
1.56500000e-01	1.91420437e-02	3.59194463e-04
1.57000000e-01	1.90609223e-02	3.60434386e-04
1.57500000e-01	1.92149127e-02	3.55506071e-04
1.58000000e-01	1.89370043e-02	3.44749244e-04
1.58500000e-01	1.91527323e-02	3.47730482e-04
1.59000000e-01	1.92065793e-02	3.46747833e-04
1.59500000e-01	1.91275379e-02	3.45156116e-04
1.60000000e-01	1.88389505e-02	3.38440028e-04
1.60500000e-01	1.91838031e-02	3.42584388e-04
1.61000000e-01	1.89278904e-02	3.40268933e-04
1.61500000e-01	1.90014117e-02	3.38780398e-04
1.62000000e-01	1.90958661e-02	3.40380592e-04
1.62500000e-01	1.90388728e-02	3.39191918e-04
1.63000000e-01	1.90946565e-02	3.37791986e-04
1.63500000e-01	1.88231556e-02	3.34067383e-04
1.64000000e-01	1.88908522e-02	3.32815918e-04
1.64500000e-01	1.90230575e-02	3.37196902e-04
1.65000000e-01	1.90399415e-02	3.35219950e-04
1.65500000e-01	1.90487136e-02	3.33869654e-04
1.66000000e-01	1.88759526e-02	3.32836454e-04
1.66500000e-01	1.89447576e-02	3.32568935e-04
1.67000000e-01	1.88498808e-02	3.30563570e-04
1.67500000e-01	1.89558146e-02	3.32230910e-04
1.68000000e-01	1.89935991e-02	3.31682951e-04
1.68500000e-01	1.89133224e-02	3.29165964e-04
1.69000000e-01	1.89242424e-02	3.29192907e-04
1.69500000e-01	1.87140190e-02	3.23948130e-04
1.70000000e-01	1.89171080e-02	3.28310381e-04
1.70500000e-01	1.90582057e-02	3.29801361e-04
1.71000000e-01	1.85562773e-02	3.20856306e-04
1.71500000e-01	1.87578032e-02	3.26883378e-04
1.72000000e-01	1.89534697e-02	3.27293157e-04
1.72500000e-01	1.88433686e-02	3.24719282e-04
1.73000000e-01	1.88359334e-02	3.24764794e-04
1.73500000e-01	1.87157915e-02	3.19280959e-04
1.74000000e-01	1.87390556e-02	3.19702198e-04
1.74500000e-01	1.90080060e-02	3.22189395e-04
1.75000000e-01	1.87630914e-02	3.16797405e-04
1.75500000e-01	1.88004590e-02	3.18622740e-04
1.76000000e-01	1.88207154e-02	3.19208485e-04
1.76500000e-01	1.88017818e-02	3.18567799e-04
1.77000000e-01	1.89324156e-02	3.20345999e-04
1.77500000e-01	1.85568099e-02	3.13134112e-04
1.78000000e-01	1.88428604e-02	3.17827806e-04
1.78500000e-01	1.89686911e-02	3.20172202e-04
1.79000000e-01	1.86029132e-02	3.13478303e-04
1.79500000e-01	1.89459399e-02	3.20331465e-04
1.80000000e-01	1.88149765e-02	3.17400442e-04
1.80500000e-01	1.90137331e-02	3.19349205e-04
1.81000000e-01	1.88181687e-02	3.16640140e-04
1.81500000e-01	1.85941691e-02	3.11020666e-04
1.82000000e-01	1.86067495e-02	3.12246710e-04
1.82500000e-01	1.90757113e-02	3.16372302e-04
1.83000000e-01	1.85061034e-02	3.09923082e-04
1.83500000e-01	1.87130111e-02	3.12453577e-04
1.84000000e-01	1.85028367e-02	3.09717094e-04
1.84500000e-01	1.87020128e-02	3.12001390e-04
1.85000000e-01	1.89111322e-02	3.13711685e-04
1.85500000e-01	1.85645776e-02	3.07337335e-04
1.86000000e-01	1.86734052e-02	3.09839429e-04
1.86500000e-01	1.84142282e-02	3.05648888e-04
1.87000000e-01	1.81892530e-02	3.02111670e-04
1.87500000e-01	1.87347714e-02	3.09861474e-04
1.88000000e-01	1.84936594e-02	3.05917021e-04
1.88500000e-01	1.85668352e-02	3.05187006e-04
1.89000000e-01	1.84190603e-02	3.03285412e-04
1.89500000e-01	1.88403252e-02	3.09684242e-04
1.90000000e-01	1.84786376e-02	3.02936976e-04
1.90500000e-01	1.83767960e-02	3.03503781e-04
1.91000000e-01	1.85030238e-02	3.01933723e-04
1.91500000e-01	1.86790468e-02	3.05623636e-04
1.92000000e-01	1.84983994e-02	3.02905682e-04
1.92500000e-01	1.82011906e-02	2.98939050e-04
1.93000000e-01	1.83236223e-02	2.99381553e-04
1.93500000e-01	1.82182273e-02	2.97274153e-04
1.94000000e-01	1.83746806e-02	2.98479166e-04
1.94500000e-01	1.84112850e-02	3.00019406e-04
1.95000000e-01	1.84849360e-02	3.01123537e-04
1.95500000e-01	1.82277910e-02	2.94217686e-04
1.96000000e-01	1.82581710e-02	2.95202134e-04
1.96500000e-01	1.81663244e-02	2.93869424e-04
1.97000000e-01	1.82291833e-02	2.94938489e-04
1.97500000e-01	1.84185973e-02	2.97496627e-04
1.98000000e-01	1.81646388e-02	2.91799544e-04
1.98500000e-01	1.82483476e-02	2.93359334e-04
1.99000000e-01	1.82867699e-02	2.93336274e-04
1.99500000e-01	1.81286052e-02	2.90156690e-04
2.00000000e-01	1.81745634e-02	2.91614364e-04
2.00500000e-01	1.81986856e-02	2.91429468e-04
2.01000000e-01	1.85412974e-02	2.96260917e-04
2.01500000e-01	1.83436237e-02	2.94009081e-04
2.02000000e-01	1.83428756e-02	2.92764324e-04
2.02500000e-01	1.82687552e-02	2.90526322e-04
2.03000000e-01	1.82458880e-02	2.90504602e-04
2.03500000e-01	1.84539583e-02	2.93071582e-04
2.04000000e-01	1.78578647e-02	2.85011511e-04
2.04500000e-01	1.81786461e-02	2.89448346e-04
2.05000000e-01	1.82946949e-02	2.89439880e-04
2.05500000e-01	1.81603906e-02	2.87948587e-04
2.06000000e-01	1.81681052e-02	2.86575486e-04
2.06500000e-01	1.84219001e-02	2.90393849e-04
2.07000000e-01	1.81484297e-02	2.86118398e-04
2.07500000e-01	1.82500078e-02	2.87223572e-04
2.08000000e-01	1.81162592e-02	2.86482047e-04
2.08500000e-01	1.81261338e-02	2.84898487e-04
2.09000000e-01	1.82138187e-02	2.85207751e-04
2.09500000e-01	1.82473155e-02	2.86238574e-04
2.10000000e-01	1.82012491e-02	2.85151774e-04
2.10500000e-01	1.81353277e-02	2.82930002e-04
2.11000000e-01	1.80930301e-02	2.81388244e-04
2.11500000e-01	1.81156234e-02	2.85104759e-04
2.12000000e-01	1.82261158e-02	2.83632968e-04
2.12500000e-01	1.82154443e-02	2.84322098e-04
2.13000000e-01	1.83246493e-02	2.84094634e-04
2.13500000e-01	1.80967235e-02	2.81280518e-04
2.14000000e-01	1.80410175e-02	2.80124285e-04
2.14500000e-01	1.77593010e-02	2.74867725e-04
2.15000000e-01	1.81461867e-02	2.80955048e-04
2.15500000e-01	1.80342409e-02	2.78113045e-04
2.16000000e-01	1.79811846e-02	2.78883992e-04
2.16500000e-01	1.78807298e-02	2.77048323e-04
2.17000000e-01	1.78769705e-02	2.78988551e-04
2.17500000e-01	1.79731416e-02	2.85786033e-04
2.18000000e-01	1.80570327e-02	2.86470121e-04
2.18500000e-01	1.80544816e-02	2.89007675e-04
2.19000000e-01	1.79250035e-02	2.88850446e-04
2.19500000e-01	1.78692605e-02	2.87609450e-04
2.20000000e-01	1.76925911e-02	2.87737889e-04
2.20500000e-01	1.78243379e-02	2.89378295e-04
2.21000000e-01	1.78025108e-02	2.91307894e-04
2.21500000e-01	1.78550798e-02	2.92595738e-04
2.22000000e-01	1.78600201e-02	2.93019906e-04
2.22500000e-01	1.77431857e-02	2.91322483e-04
2.23000000e-01	1.77412593e-02	2.92281567e-04
2.23500000e-01	1.79413516e-02	2.95795736e-04
2.24000000e-01	1.77698377e-02	2.93906861e-04
2.24500000e-01	1.77380868e-02	2.95236425e-04
2.25000000e-01	1.79903852e-02	2.98225916e-04
2.25500000e-01	1.77871917e-02	2.96588121e-04
2.26000000e-01	1.77927814e-02	2.98480095e-04
2.26500000e-01	1.78956362e-02	2.95504589e-04
2.27000000e-01	1.79046510e-02	2.91176542e-04
2.27500000e-01	1.79859209e-02	2.89448465e-04
2.28000000e-01	1.79492815e-02	2.87305865e-04
2.28500000e-01	1.77286044e-02	2.84222609e-04
2.29000000e-01	1.79588513e-02	2.84582427e-04
2.29500000e-01	1.76253962e-02	2.78585115e-04
2.30000000e-01	1.77988638e-02	2.79864706e-04
2.30500000e-01	1.82210085e-02	2.85668304e-04
2.31000000e-01	1.80168504e-02	2.83342563e-04
2.31500000e-01	1.77297369e-02	2.77638201e-04
2.32000000e-01	1.77885186e-02	2.79112049e-04
2.32500000e-01	1.78663235e-02	2.79026423e-04
2.33000000e-01	1.78817770e-02	2.78733649e-04
2.33500000e-01	1.77354009e-02	2.75615576e-04
2.34000000e-01	1.79005691e-02	2.77080674e-04
2.34500000e-01	1.80566414e-02	2.79194272e-04
2.35000000e-01	1.76134454e-02	2.72136533e-04
2.35500000e-01	1.79996438e-02	2.77136334e-04
2.36000000e-01	1.77195985e-02	2.72926926e-04
2.36500000e-01	1.78414929e-02	2.75425899e-04
2.37000000e-01	1.76540051e-02	2.71181316e-04
2.37500000e-01	1.78929470e-02	2.73461178e-04
2.38000000e-01	1.76608697e-02	2.70629692e-04
2.38500000e-01	1.76824944e-02	2.70090942e-04
2.39000000e-01	1.77094402e-02	2.69579790e-04
2.39500000e-01	1.76434647e-02	2.67565882e-04
2.40000000e-01	1.75994399e-02	2.66849458e-04
2.40500000e-01	1.77163864e-02	2.68460785e-04
2.41000000e-01	1.75219918e-02	2.66462403e-04
2.41500000e-01	1.74959285e-02	2.64746378e-04
2.42000000e-01	1.75572956e-02	2.64274150e-04
2.42500000e-01	1.75308474e-02	2.63406147e-04
2.43000000e-01	1.75438046e-02	2.64381964e-04
2.43500000e-01	1.77897597e-02	2.66324138e-04
2.44000000e-01	1.75035950e-02	2.61752326e-04
2.44500000e-01	1.76650225e-02	2.64313094e-04
2.45000000e-01	1.74433832e-02	2.60557892e-04
2.45500000e-01	1.74738993e-02	2.61367057e-04
2.46000000e-01	1.73062534e-02	2.59721425e-04
2.46500000e-01	1.76268331e-02	2.61995842e-04
2.47000000e-01	1.76474639e-02	2.63869557e-04
2.47500000e-01	1.76811469e-02	2.61585796e-04
2.48000000e-01	1.72853981e-02	2.58031132e-04
2.48500000e-01	1.72430407e-02	2.56783366e-04
2.49000000e-01	1.72101535e-02	2.55462174e-04
2.49500000e-01	1.75412319e-02	2.60800938e-04
2.50000000e-01	1.73577058e-02	2.56911607e-04
2.50500000e-01	1.75786836e-02	2.59902815e-04
2.51000000e-01	1.72431949e-02	2.54095090e-04
2.51500000e-01	1.73540700e-02	2.55193800e-04
2.52000000e-01	1.73949783e-02	2.56312787e-04
2.52500000e-01	1.76020631e-02	2.59146416e-04
2.53000000e-01	1.73748946e-02	2.55598928e-04
2.53500000e-01	1.76178555e-02	2.58268277e-04
2.54000000e-01	1.73907627e-02	2.55269384e-04
2.54500000e-01	1.74795143e-02	2.56427017e-04
2.55000000e-01	1.75852609e-02	2.57821482e-04
2.55500000e-01	1.74698670e-02	2.55119541e-04
2.56000000e-01	1.71704130e-02	2.50514400e-04
2.56500000e-01	1.75060288e-02	2.54805675e-04
2.57000000e-01	1.71705432e-02	2.50894768e-04
2.57500000e-01	1.73311289e-02	2.51054110e-04
2.58000000e-01	1.73303675e-02	2.53041338e-04
2.58500000e-01	1.75044039e-02	2.54250314e-04
2.59000000e-01	1.75115581e-02	2.54587455e-04
2.59500000e-01	1.74147884e-02	2.52124836e-04
2.60000000e-01	1.73044955e-02	2.50010559e-04
2.60500000e-01	1.73529002e-02	2.50516457e-04
2.61000000e-01	1.72534671e-02	2.49411271e-04
2.61500000e-01	1.73856146e-02	2.50904448e-04
2.62000000e-01	1.72917434e-02	2.49126662e-04
2.62500000e-01	1.74425501e-02	2.51076703e-04
2.63000000e-01	1.71266190e-02	2.46058570e-04
2.63500000e-01	1.72268152e-02	2.46802335e-04
2.64000000e-01	1.70951008e-02	2.46201511e-04
2.64500000e-01	1.73012385e-02	2.48162733e-04
2.65000000e-01	1.73096228e-02	2.48446059e-04
2.65500000e-01	1.70439010e-02	2.44354583e-04
2.66000000e-01	1.71823392e-02	2.45667373e-04
2.66500000e-01	1.73762019e-02	2.47898959e-04
2.67000000e-01	1.71831495e-02	2.44003128e-04
2.67500000e-01	1.70874556e-02	2.42574731e-04
2.68000000e-01	1.72614290e-02	2.44833108e-04
2.68500000e-01	1.71897244e-02	2.44364537e-04
2.69000000e-01	1.71606607e-02	2.43186385e-04
2.69500000e-01	1.71447135e-02	2.43733513e-04
2.70000000e-01	1.69388520e-02	2.40412093e-04
2.70500000e-01	1.72479822e-02	2.44297666e-04
2.71000000e-01	1.72211879e-02	2.43689271e-04
2.71500000e-01	1.71786414e-02	2.41991413e-04
2.72000000e-01	1.71451519e-02	2.41408117e-04
2.72500000e-01	1.69991298e-02	2.40486019e-04
2.73000000e-01	1.72602995e-02	2.42878188e-04
2.73500000e-01	1.72232697e-02	2.42066769e-04
2.74000000e-01	1.70289394e-02	2.39157037e-04
2.74500000e-01	1.72202740e-02	2.40670272e-04
2.75000000e-01	1.71767582e-02	2.41486153e-04
2.75500000e-01	1.73553055e-02	2.43487751e-04
2.76000000e-01	1.68846533e-02	2.36433530e-04
2.76500000e-01	1.71955100e-02	2.40611096e-04
2.77000000e-01	1.70160265e-02	2.37902116e-04
2.77500000e-01	1.69725033e-02	2.37613868e-04
2.78000000e-01	1.70283721e-02	2.37686290e-04
2.78500000e-01	1.72273805e-02	2.40654623e-04
2.79000000e-01	1.71372050e-02	2.39426018e-04
2.79500000e-01	1.72744788e-02	2.40867452e-04
2.80000000e-01	1.71278846e-02	2.37764524e-04
2.80500000e-01	1.70577355e-02	2.37262314e-04
2.81000000e-01	1.69583558e-02	2.37206739e-04
2.81500000e-01	1.69544194e-02	2.35258228e-04
2.82000000e-01	1.70334515e-02	2.36354391e-04
2.82500000e-01	1.71582668e-02	2.38070325e-04
2.83000000e-01	1.70111161e-02	2.34909052e-04
2.83500000e-01	1.69755786e-02	2.35178446e-04
2.84000000e-01	1.69031217e-02	2.33701691e-04
2.84500000e-01	1.69358788e-02	2.34153356e-04
2.85000000e-01	1.68503822e-02	2.32473257e-04
2.85500000e-01	1.72366787e-02	2.36158029e-04
2.86000000e-01	1.71382069e-02	2.35279311e-04
2.86500000e-01	1.68344712e-02	2.32305408e-04
2.87000000e-01	1.69027543e-02	2.32375223e-04
2.87500000e-01	1.67741085e-02	2.29554210e-04
2.88000000e-01	1.70173417e-02	2.31644878e-04
2.88500000e-01	1.69397169e-02	2.32092209e-04
2.89000000e-01	1.70247026e-02	2.31764601e-04
2.89500000e-01	1.68365218e-02	2.31242194e-04
2.90000000e-01	1.69162595e-02	2.30235189e-04
2.90500000e-01	1.69698134e-02	2.31892141e-04
2.91000000e-01	1.67424015e-02	2.27560186e-04
2.91500000e-01	1.69259778e-02	2.30012713e-04
2.92000000e-01	1.67608275e-02	2.27592925e-04
2.92500000e-01	1.68759876e-02	2.28880433e-04
2.93000000e-01	1.68034866e-02	2.27516135e-04
2.93500000e-01	1.66921867e-02	2.26751599e-04
2.94000000e-01	1.67729912e-02	2.27564270e-04
2.94500000e-01	1.67650626e-02	2.27836733e-04
2.95000000e-01	1.67286234e-02	2.26373086e-04
2.95500000e-01	1.68915659e-02	2.28866552e-04
2.96000000e-01	1.68319636e-02	2.27750333e-04
2.96500000e-01	1.68997483e-02	2.27577501e-04
2.97000000e-01	1.68568174e-02	2.27568486e-04
2.97500000e-01	1.68574205e-02	2.26188756e-04
2.98000000e-01	1.67295072e-02	2.25470208e-04
2.98500000e-01	1.68647822e-02	2.26946767e-04
2.99000000e-01	1.67481449e-02	2.25438526e-04
2.99500000e-01	1.67529535e-02	2.25801920e-04
3.00000000e-01	1.67562539e-02	2.24395805e-04
3.00500000e-01	1.67764281e-02	2.25445005e-04
3.01000000e-01	1.67777414e-02	2.25254580e-04
3.01500000e-01	1.66556063e-02	2.23248387e-04
3.02000000e-01	1.68174634e-02	2.25101475e-04
3.02500000e-01	1.68668111e-02	2.25702372e-04
3.03000000e-01	1.68497879e-02	2.25442983e-04
3.03500000e-01	1.67298239e-02	2.22702484e-04
3.04000000e-01	1.67413466e-02	2.23989213e-04
3.04500000e-01	1.65783188e-02	2.21474031e-04
3.05000000e-01	1.65252680e-02	2.20161476e-04
3.05500000e-01	1.66623208e-02	2.22154287e-04
3.06000000e-01	1.66160510e-02	2.19737104e-04
3.06500000e-01	1.66791216e-02	2.20630148e-04
3.07000000e-01	1.66159984e-02	2.20763406e-04
3.07500000e-01	1.67141149e-02	2.20652539e-04
3.08000000e-01	1.65136096e-02	2.19423521e-04
3.08500000e-01	1.66281777e-02	2.18988514e-04
3.09000000e-01	1.66958645e-02	2.20600656e-04
3.09500000e-01	1.65856521e-02	2.18998460e-04
3.10000000e-01	1.65401414e-02	2.19048455e-04
3.10500000e-01	1.64031145e-02	2.16190090e-04
3.11000000e-01	1.65713781e-02	2.18384084e-04
3.11500000e-01	1.65402841e-02	2.17934206e-04
3.12000000e-01	1.62734730e-02	2.15056082e-04
3.12500000e-01	1.66584642e-02	2.19195258e-04
3.13000000e-01	1.61010017e-02	2.12130806e-04
3.13500000e-01	1.65345504e-02	2.17843045e-04
3.14000000e-01	1.63751531e-02	2.15256144e-04
3.14500000e-01	1.66571729e-02	2.18146690e-04
3.15000000e-01	1.66140784e-02	2.18555467e-04
3.15500000e-01	1.65402408e-02	2.16253286e-04
3.16000000e-01	1.65408782e-02	2.17055658e-04
3.16500000e-01	1.63364909e-02	2.13888104e-04
3.17000000e-01	1.63673020e-02	2.14088642e-04
3.17500000e-01	1.66483615e-02	2.17257084e-04
3.18000000e-01	1.63706664e-02	2.13341647e-04
3.18500000e-01	1.63526690e-02	2.14630535e-04
3.19000000e-01	1.63586084e-02	2.12960463e-04
3.19500000e-01	1.63787729e-02	2.12837699e-04
3.20000000e-01	1.65238667e-02	2.15103746e-04
3.20500000e-01	1.64031204e-02	2.13681683e-04
3.21000000e-01	1.63080037e-02	2.12612030e-04
3.21500000e-01	1.64003075e-02	2.12058197e-04
3.22000000e-01	1.62407526e-02	2.11153666e-04
3.22500000e-01	1.64488593e-02	2.12921592e-04
3.23000000e-01	1.63954179e-02	2.12149472e-04
3.23500000e-01	1.62004212e-02	2.10304038e-04
3.24000000e-01	1.63830568e-02	2.11930638e-04
3.24500000e-01	1.60824908e-02	2.08166143e-04
3.25000000e-01	1.63143042e-02	2.10677113e-04
3.25500000e-01	1.63940574e-02	2.11326552e-04
3.26000000e-01	1.62822955e-02	2.09594641e-04
3.26500000e-01	1.63862086e-02	2.10914938e-04
3.27000000e-01	1.63141634e-02	2.09883240e-04
3.27500000e-01	1.62833698e-02	2.10009132e-04
3.28000000e-01	1.62019715e-02	2.08452473e-04
3.28500000e-01	1.62289384e-02	2.08330216e-04
3.29000000e-01	1.61783702e-02	2.08156652e-04
3.29500000e-01	1.62374203e-02	2.09274196e-04
3.30000000e-01	1.62850473e-02	2.08446412e-04
3.30500000e-01	1.61648492e-02	2.07658739e-04
3.31000000e-01	1.61549559e-02	2.07417629e-04
3.31500000e-01	1.62513359e-02	2.08292558e-04
3.32000000e-01	1.61474102e-02	2.07214300e-04
3.32500000e-01	1.63322713e-02	2.08450857e-04
3.33000000e-01	1.62951382e-02	2.07585206e-04
3.33500000e-01	1.60172137e-02	2.05136655e-04
3.34000000e-01	1.60821542e-02	2.05529713e-04
3.34500000e-01	1.61332108e-02	2.05890810e-04
3.35000000e-01	1.60594309e-02	2.04284819e-04
3.35500000e-01	1.61347302e-02	2.05125652e-04
3.36000000e-01	1.60133767e-02	2.03946002e-04
3.36500000e-01	1.61036060e-02	2.05639939e-04
3.37000000e-01	1.58877759e-02	2.02232905e-04
3.37500000e-01	1.60910429e-02	2.04596400e-04
3.38000000e-01	1.60482674e-02	2.04043080e-04
3.38500000e-01	1.59502692e-02	2.02582331e-04
3.39000000e-01	1.61932445e-02	2.05217622e-04
3.39500000e-01	1.60903220e-02	2.03668340e-04
3.40000000e-01	1.58257469e-02	2.00822741e-04
3.40500000e-01	1.60120101e-02	2.02188814e-04
3.41000000e-01	1.58881701e-02	2.00819549e-04
3.41500000e-01	1.58360111e-02	2.00081024e-04
3.42000000e-01	1.58396584e-02	1.99643096e-04
3.42500000e-01	1.61793868e-02	2.03575360e-04
3.43000000e-01	1.58817426e-02	2.00007315e-04
3.43500000e-01	1.59987363e-02	2.01206761e-04
3.44000000e-01	1.60085804e-02	2.01261311e-04
3.44500000e-01	1.61894807e-02	2.03608444e-04
3.45000000e-01	1.57857859e-02	1.98794195e-04
3.45500000e-01	1.59078397e-02	1.99233283e-04
3.46000000e-01	1.60002476e-02	2.00640949e-04
3.46500000e-01	1.59307866e-02	1.99493924e-04
3.47000000e-01	1.61359984e-02	2.00574651e-04
3.47500000e-01	1.58128041e-02	1.98368722e-04
3.48000000e-01	1.58335052e-02	1.97843699e-04
3.48500000e-01	1.60542880e-02	2.00829898e-04
3.49000000e-01	1.60095779e-02	1.98934684e-04
3.49500000e-01	1.58545523e-02	1.98434501e-04
3.50000000e-01	1.59322881e-02	1.61945547e-04
3.51000000e-01	1.57630207e-02	1.39224471e-04
3.52000000e-01	1.58082016e-02	1.39173925e-04
3.53000000e-01	1.58607344e-02	1.38904733e-04
3.54000000e-01	1.58222012e-02	1.38481332e-04
3.55000000e-01	1.59261965e-02	1.39385320e-04
3.56000000e-01	1.58153798e-02	1.39194030e-04
3.57000000e-01	1.56656770e-02	1.40294391e-04
3.58000000e-01	1.56718034e-02	1.41062847e-04
3.59000000e-01	1.56020700e-02	1.41848233e-04
3.60000000e-01	1.57134896e-02	1.43780113e-04
3.61000000e-01	1.55885341e-02	1.43674047e-04
3.62000000e-01	1.55925503e-02	1.44475748e-04
3.63000000e-01	1.56085085e-02	1.45180062e-04
3.64000000e-01	1.56563502e-02	1.45826686e-04
3.65000000e-01	1.56109243e-02	1.45796056e-04
3.66000000e-01	1.57234593e-02	1.44697074e-04
3.67000000e-01	1.57372627e-02	1.42953097e-04
3.68000000e-01	1.55670954e-02	1.40893279e-04
3.69000000e-01	1.55132981e-02	1.39303977e-04
3.70000000e-01	1.55071774e-02	1.38637399e-04
3.71000000e-01	1.54901316e-02	1.40420310e-04
3.72000000e-01	1.56563126e-02	1.42779962e-04
3.73000000e-01	1.55083279e-02	1.42139136e-04
3.74000000e-01	1.55315411e-02	1.42127603e-04
3.75000000e-01	1.55320937e-02	1.42326131e-04
3.76000000e-01	1.54771222e-02	1.42008733e-04
3.77000000e-01	1.54482844e-02	1.41496221e-04
3.78000000e-01	1.54764579e-02	1.41901064e-04
3.79000000e-01	1.54458492e-02	1.41436986e-04
3.80000000e-01	1.54719219e-02	1.41094466e-04
3.81000000e-01	1.53834427e-02	1.40553950e-04
3.82000000e-01	1.53784491e-02	1.40378709e-04
3.83000000e-01	1.52701635e-02	1.40015979e-04
3.84000000e-01	1.53668539e-02	1.39948699e-04
3.85000000e-01	1.54373906e-02	1.41107656e-04
3.86000000e-01	1.53187908e-02	1.40077488e-04
3.87000000e-01	1.53305837e-02	1.40035331e-04
3.88000000e-01	1.54010645e-02	1.40752888e-04
3.89000000e-01	1.51714170e-02	1.38757852e-04
3.90000000e-01	1.52660927e-02	1.39304355e-04
3.91000000e-01	1.54963574e-02	1.41307545e-04
3.92000000e-01	1.51819806e-02	1.38533436e-04
3.93000000e-01	1.52271765e-02	1.38876873e-04
3.94000000e-01	1.50612701e-02	1.37783273e-04
3.95000000e-01	1.52279281e-02	1.39048027e-04
3.96000000e-01	1.52665603e-02	1.39363088e-04
3.97000000e-01	1.52718916e-02	1.38689631e-04
3.98000000e-01	1.51303588e-02	1.37827108e-04
3.99000000e-01	1.51761099e-02	1.38232660e-04
4.00000000e-01	1.49910237e-02	1.36573161e-04
4.01000000e-01	1.50548845e-02	1.37231890e-04
4.02000000e-01	1.52583243e-02	1.38751811e-04
4.03000000e-01	1.50664166e-02	1.36923645e-04
4.04000000e-01	1.50174984e-02	1.36818038e-04
4.05000000e-01	1.50897243e-02	1.37274185e-04
4.06000000e-01	1.49769074e-02	1.36722963e-04
4.07000000e-01	1.51147252e-02	1.37732899e-04
4.08000000e-01	1.49741678e-02	1.36683173e-04
4.09000000e-01	1.50711235e-02	1.37094493e-04
4.10000000e-01	1.50909420e-02	1.36810153e-04
4.11000000e-01	1.49323422e-02	1.35847987e-04
4.12000000e-01	1.50354405e-02	1.36466242e-04
4.13000000e-01	1.49639808e-02	1.35735008e-04
4.14000000e-01	1.50187586e-02	1.36363820e-04
4.15000000e-01	1.48972200e-02	1.35405944e-04
4.16000000e-01	1.49409022e-02	1.35031817e-04
4.17000000e-01	1.50123322e-02	1.35898934e-04
4.18000000e-01	1.50997414e-02	1.38774962e-04
4.19000000e-01	1.49739857e-02	1.39495683e-04
4.20000000e-01	1.51214045e-02	1.40790664e-04
4.21000000e-01	1.50067857e-02	1.40885344e-04
4.22000000e-01	1.49823352e-02	1.40494112e-04
4.23000000e-01	1.49807215e-02	1.41237596e-04
4.24000000e-01	1.51167552e-02	1.42430538e-04
4.25000000e-01	1.50566421e-02	1.42491726e-04
4.26000000e-01	1.48287878e-02	1.40506626e-04
4.27000000e-01	1.49908786e-02	1.41776692e-04
4.28000000e-01	1.50813995e-02	1.42691220e-04
4.29000000e-01	1.49915020e-02	1.42615980e-04
4.30000000e-01	1.49124206e-02	1.41955361e-04
4.31000000e-01	1.48678718e-02	1.41366095e-04
4.32000000e-01	1.48202040e-02	1.40521720e-04
4.33000000e-01	1.49349417e-02	1.41850575e-04
4.34000000e-01	1.47661141e-02	1.40717160e-04
4.35000000e-01	1.49254864e-02	1.42149041e-04
4.36000000e-01	1.49220235e-02	1.42184817e-04
4.37000000e-01	1.48129601e-02	1.41617858e-04
4.38000000e-01	1.47949167e-02	1.41752191e-04
4.39000000e-01	1.46150629e-02	1.40574965e-04
4.40000000e-01	1.46883707e-02	1.40886145e-04
4.41000000e-01	1.47764375e-02	1.41901397e-04
4.42000000e-01	1.47983123e-02	1.42412010e-04
4.43000000e-01	1.47489590e-02	1.42015864e-04
4.44000000e-01	1.46451153e-02	1.41267136e-04
4.45000000e-01	1.48519684e-02	1.43272971e-04
4.46000000e-01	1.47238205e-02	1.41937871e-04
4.47000000e-01	1.47489412e-02	1.42636467e-04
4.48000000e-01	1.47051087e-02	1.42670078e-04
4.49000000e-01	1.47863033e-02	1.43544861e-04
4.50000000e-01	1.47860449e-02	1.43020698e-04
4.51000000e-01	1.48189441e-02	1.43778333e-04
4.52000000e-01	1.46803350e-02	1.42969904e-04
4.53000000e-01	1.46991289e-02	1.43042939e-04
4.54000000e-01	1.47741830e-02	1.44020518e-04
4.55000000e-01	1.46857164e-02	1.43079449e-04
4.56000000e-01	1.47046550e-02	1.43213653e-04
4.57000000e-01	1.45252927e-02	1.41880572e-04
4.58000000e-01	1.46791723e-02	1.43315566e-04
4.59000000e-01	1.46817874e-02	1.43421439e-04
4.60000000e-01	1.47445233e-02	1.43724619e-04
4.61000000e-01	1.46173816e-02	1.43420152e-04
4.62000000e-01	1.46814175e-02	1.43932258e-04
4.63000000e-01	1.45492222e-02	1.43283436e-04
4.64000000e-01	1.44870684e-02	1.42317900e-04
4.65000000e-01	1.45430272e-02	1.42606981e-04
4.66000000e-01	1.46422822e-02	1.43652591e-04
4.67000000e-01	1.44521703e-02	1.42678011e-04
4.68000000e-01	1.44846413e-02	1.42963793e-04
4.69000000e-01	1.45766029e-02	1.43847272e-04
4.70000000e-01	1.45549285e-02	1.43631815e-04
4.71000000e-01	1.46690429e-02	1.44747939e-04
4.72000000e-01	1.45372243e-02	1.43202157e-04
4.73000000e-01	1.44643141e-02	1.42879793e-04
4.74000000e-01	1.45360126e-02	1.43227888e-04
4.75000000e-01	1.44923516e-02	1.42957849e-04
4.76000000e-01	1.44776188e-02	1.42883369e-04
4.77000000e-01	1.44163651e-02	1.42522256e-04
4.78000000e-01	1.43477540e-02	1.41718207e-04
4.79000000e-01	1.44667381e-02	1.42849850e-04
4.80000000e-01	1.43793834e-02	1.42295515e-04
4.81000000e-01	1.43823298e-02	1.42400801e-04
4.82000000e-01	1.44022409e-02	1.42605607e-04
4.83000000e-01	1.44431558e-02	1.42375713e-04
4.84000000e-01	1.42329663e-02	1.41214053e-04
4.85000000e-01	1.43247836e-02	1.42319422e-04
4.86000000e-01	1.42955244e-02	1.41766023e-04
4.87000000e-01	1.44473885e-02	1.43044465e-04
4.88000000e-01	1.44471395e-02	1.43464842e-04
4.89000000e-01	1.45142403e-02	1.44170910e-04
4.90000000e-01	1.43128919e-02	1.42035664e-04
4.91000000e-01	1.43696418e-02	1.42544750e-04
4.92000000e-01	1.43499111e-02	1.42319660e-04
4.93000000e-01	1.42760082e-02	1.42357977e-04
4.94000000e-01	1.43351602e-02	1.42586613e-04
4.95000000e-01	1.43921663e-02	1.44370483e-04
4.96000000e-01	1.43127190e-02	1.47706677e-04
4.97000000e-01	1.42168162e-02	1.49149201e-04
4.98000000e-01	1.43615495e-02	1.52564100e-04
4.99000000e-01	1.42830401e-02	1.53621800e-04
5.00000000e-01	1.42535220e-02	1.55123637e-04
5.01000000e-01	1.42691803e-02	1.56841550e-04
5.02000000e-01	1.43190468e-02	1.58898369e-04
5.03000000e-01	1.42681073e-02	1.60054806e-04
5.04000000e-01	1.42919592e-02	1.61631108e-04
5.05000000e-01	1.43350209e-02	1.59573060e-04
5.06000000e-01	1.44408416e-02	1.57518046e-04
5.07000000e-01	1.42275974e-02	1.53354759e-04
5.08000000e-01	1.42512392e-02	1.52850215e-04
5.09000000e-01	1.41794015e-02	1.51152767e-04
5.10000000e-01	1.42813235e-02	1.51984029e-04
5.11000000e-01	1.41432777e-02	1.50362181e-04
5.12000000e-01	1.41624448e-02	1.49787570e-04
5.13000000e-01	1.42596341e-02	1.50393995e-04
5.14000000e-01	1.40678961e-02	1.48634717e-04
5.15000000e-01	1.40044820e-02	1.47022744e-04
5.16000000e-01	1.40727536e-02	1.47636270e-04
5.17000000e-01	1.39587262e-02	1.46266348e-04
5.18000000e-01	1.42089651e-02	1.48475446e-04
5.19000000e-01	1.39842124e-02	1.45909694e-04
5.20000000e-01	1.41920789e-02	1.46953562e-04
5.21000000e-01	1.40455969e-02	1.46086986e-04
5.22000000e-01	1.40596053e-02	1.45893831e-04
5.23000000e-01	1.39662341e-02	1.45074540e-04
5.24000000e-01	1.40763544e-02	1.46149399e-04
5.25000000e-01	1.39444672e-02	1.44777493e-04
5.26000000e-01	1.40435730e-02	1.45492701e-04
5.27000000e-01	1.39838968e-02	1.45288038e-04
5.28000000e-01	1.39971736e-02	1.45592526e-04
5.29000000e-01	1.40995970e-02	1.46393916e-04
5.30000000e-01	1.39512122e-02	1.44955929e-04
5.31000000e-01	1.39250067e-02	1.44895544e-04
5.32000000e-01	1.39970732e-02	1.45018707e-04
5.33000000e-01	1.39227288e-02	1.45041701e-04
5.34000000e-01	1.38679718e-02	1.44154159e-04
5.35000000e-01	1.39165666e-02	1.44568628e-04
5.36000000e-01	1.39769486e-02	1.45392161e-04
5.37000000e-01	1.40215742e-02	1.45384954e-04
5.38000000e-01	1.37934862e-02	1.43385083e-04
5.39000000e-01	1.40486884e-02	1.46122326e-04
5.40000000e-01	1.39807302e-02	1.45101849e-04
5.41000000e-01	1.39050219e-02	1.44474758e-04
5.42000000e-01	1.38731768e-02	1.43902565e-04
5.43000000e-01	1.40210927e-02	1.45276991e-04
5.44000000e-01	1.37904878e-02	1.43232112e-04
5.45000000e-01	1.37535361e-02	1.43006761e-04
5.46000000e-01	1.38410045e-02	1.43757096e-04
5.47000000e-01	1.39319494e-02	1.44730154e-04
5.48000000e-01	1.39462403e-02	1.44469597e-04
5.49000000e-01	1.37700776e-02	1.43282571e-04
5.50000000e-01	1.37893128e-02	1.42842384e-04
5.51000000e-01	1.37835736e-02	1.43097122e-04
5.52000000e-01	1.36895619e-02	1.42099788e-04
5.53000000e-01	1.37452500e-02	1.42163228e-04
5.54000000e-01	1.36824027e-02	1.41358255e-04
5.55000000e-01	1.37071696e-02	1.41633020e-04
5.56000000e-01	1.37123485e-02	1.41821563e-04
5.57000000e-01	1.37167971e-02	1.42007175e-04
5.58000000e-01	1.36106136e-02	1.40480597e-04
5.59000000e-01	1.35732059e-02	1.40052758e-04
5.60000000e-01	1.36827070e-02	1.41701824e-04
5.61000000e-01	1.34984937e-02	1.39738747e-04
5.62000000e-01	1.35456247e-02	1.40389555e-04
5.63000000e-01	1.36119579e-02	1.41099919e-04
5.64000000e-01	1.36610624e-02	1.41691117e-04
5.65000000e-01	1.34340124e-02	1.39458836e-04
5.66000000e-01	1.36195609e-02	1.40944209e-04
5.67000000e-01	1.35705692e-02	1.40438244e-04
5.68000000e-01	1.36370219e-02	1.41132971e-04
5.69000000e-01	1.36436413e-02	1.40665665e-04
5.70000000e-01	1.36387228e-02	1.40932396e-04
5.71000000e-01	1.34853445e-02	1.39846096e-04
5.72000000e-01	1.35480054e-02	1.40167415e-04
5.73000000e-01	1.36040198e-02	1.40675688e-04
5.74000000e-01	1.35263702e-02	1.40022246e-04
5.75000000e-01	1.34111381e-02	1.39494294e-04
5.76000000e-01	1.33570680e-02	1.38523415e-04
5.77000000e-01	1.33808697e-02	1.38859366e-04
5.78000000e-01	1.34311228e-02	1.38983877e-04
5.79000000e-01	1.34417389e-02	1.39509987e-04
5.80000000e-01	1.34048335e-02	1.38795692e-04
5.81000000e-01	1.35327069e-02	1.39859464e-04
5.82000000e-01	1.33827307e-02	1.38758551e-04
5.83000000e-01	1.33695935e-02	1.38894356e-04
5.84000000e-01	1.33816152e-02	1.38928548e-04
5.85000000e-01	1.32490563e-02	1.37682011e-04
5.86000000e-01	1.33163347e-02	1.38523209e-04
5.87000000e-01	1.33243767e-02	1.38593578e-04
5.88000000e-01	1.34216469e-02	1.39144412e-04
5.89000000e-01	1.34103611e-02	1.39005756e-04
5.90000000e-01	1.32934635e-02	1.38673296e-04
5.91000000e-01	1.34051858e-02	1.39236540e-04
5.92000000e-01	1.32304727e-02	1.37407483e-04
5.93000000e-01	1.32480485e-02	1.37785816e-04
5.94000000e-01	1.32641180e-02	1.38375594e-04
5.95000000e-01	1.33073865e-02	1.38188115e-04
5.96000000e-01	1.33219456e-02	1.38972186e-04
5.97000000e-01	1.32478097e-02	1.37880269e-04
5.98000000e-01	1.32677262e-02	1.38402968e-04
5.99000000e-01	1.32885330e-02	1.38461005e-04
6.00000000e-01	1.32233010e-02	1.37777875e-04
6.01000000e-01	1.32245515e-02	1.37987495e-04
6.02000000e-01	1.32159485e-02	1.37726925e-04
6.03000000e-01	1.31302609e-02	1.37203162e-04
6.04000000e-01	1.32100927e-02	1.37628299e-04
6.05000000e-01	1.31962990e-02	1.37846975e-04
6.06000000e-01	1.31950020e-02	1.37641920e-04
6.07000000e-01	1.32273518e-02	1.37788537e-04
6.08000000e-01	1.31300150e-02	1.37215215e-04
6.09000000e-01	1.32998296e-02	1.38525034e-04
6.10000000e-01	1.32365280e-02	1.38053783e-04
6.11000000e-01	1.32371225e-02	1.38337241e-04
6.12000000e-01	1.30627397e-02	1.36994348e-04
6.13000000e-01	1.31289131e-02	1.37521651e-04
6.14000000e-01	1.31849323e-02	1.37570956e-04
6.15000000e-01	1.30552649e-02	1.36397344e-04
6.16000000e-01	1.31605333e-02	1.37789748e-04
6.17000000e-01	1.31014389e-02	1.37025362e-04
6.18000000e-01	1.30845383e-02	1.36714642e-04
6.19000000e-01	1.32135263e-02	1.37500860e-04
6.20000000e-01	1.31027977e-02	1.36492836e-04
6.21000000e-01	1.31216706e-02	1.36761479e-04
6.22000000e-01	1.30365079e-02	1.35552841e-04
6.23000000e-01	1.29226994e-02	1.33942590e-04
6.24000000e-01	1.30115268e-02	1.35230991e-04
6.25000000e-01	1.30742953e-02	1.36070071e-04
6.26000000e-01	1.29835164e-02	1.34574706e-04
6.27000000e-01	1.30385675e-02	1.35622269e-04
6.28000000e-01	1.29537014e-02	1.34440234e-04
6.29000000e-01	1.29835631e-02	1.35015770e-04
6.30000000e-01	1.29707033e-02	1.34637342e-04
6.31000000e-01	1.28948353e-02	1.34406306e-04
6.32000000e-01	1.30247253e-02	1.34836735e-04
6.33000000e-01	1.30316045e-02	1.35037235e-04
6.34000000e-01	1.29909974e-02	1.38163121e-04
6.35000000e-01	1.31028577e-02	1.42702813e-04
6.36000000e-01	1.28609027e-02	1.43544531e-04
6.37000000e-01	1.29483324e-02	1.46200053e-04
6.38000000e-01	1.32182584e-02	1.50801521e-04
6.39000000e-01	1.31775098e-02	1.52876712e-04
6.40000000e-01	1.31955119e-02	1.55059433e-04
6.41000000e-01	1.30936764e-02	1.55284253e-04
6.42000000e-01	1.30410681e-02	1.56231861e-04
6.43000000e-01	1.30138903e-02	1.56044399e-04
6.44000000e-01	1.31982924e-02	1.52602777e-04
6.45000000e-01	1.30298068e-02	1.48625977e-04
6.46000000e-01	1.28832328e-02	1.46289747e-04
6.47000000e-01	1.30920386e-02	1.47188586e-04
6.48000000e-01	1.29564450e-02	1.44730451e-04
6.49000000e-01	1.30383832e-02	1.44678920e-04
6.50000000e-01	1.30416166e-02	1.43719006e-04
6.51000000e-01	1.29218489e-02	1.42122916e-04
6.52000000e-01	1.30510863e-02	1.42846025e-04
6.53000000e-01	1.30034473e-02	1.41783340e-04
6.54000000e-01	1.30070723e-02	1.41867571e-04
6.55000000e-01	1.29623759e-02	1.40707222e-04
6.56000000e-01	1.29300806e-02	1.40035168e-04
6.57000000e-01	1.30137146e-02	1.41439177e-04
6.58000000e-01	1.29102733e-02	1.39607603e-04
6.59000000e-01	1.30463559e-02	1.40979322e-04
6.60000000e-01	1.30113988e-02	1.40977865e-04
6.61000000e-01	1.28042882e-02	1.38089327e-04
6.62000000e-01	1.30002805e-02	1.40540393e-04
6.63000000e-01	1.29671615e-02	1.40324228e-04
6.64000000e-01	1.28249555e-02	1.38642348e-04
6.65000000e-01	1.28975675e-02	1.39083650e-04
6.66000000e-01	1.29537123e-02	1.39518687e-04
6.67000000e-01	1.28212207e-02	1.38523384e-04
6.68000000e-01	1.28847247e-02	1.39234156e-04
6.69000000e-01	1.29953808e-02	1.39809501e-04
6.70000000e-01	1.29473230e-02	1.39409886e-04
6.71000000e-01	1.27782993e-02	1.37420884e-04
6.72000000e-01	1.28088572e-02	1.37904620e-04
6.73000000e-01	1.27871388e-02	1.37691734e-04
6.74000000e-01	1.28338504e-02	1.37920380e-04
6.75000000e-01	1.27414321e-02	1.37024635e-04
6.76000000e-01	1.29052935e-02	1.38759961e-04
6.77000000e-01	1.27688143e-02	1.37275104e-04
6.78000000e-01	1.28214847e-02	1.37709610e-04
6.79000000e-01	1.29256959e-02	1.38665709e-04
6.80000000e-01	1.27916532e-02	1.37346524e-04
6.81000000e-01	1.27238132e-02	1.36926258e-04
6.82000000e-01	1.27786884e-02	1.37277408e-04
6.83000000e-01	1.27674307e-02	1.37089741e-04
6.84000000e-01	1.26820689e-02	1.36475498e-04
6.85000000e-01	1.26083413e-02	1.35485111e-04
6.86000000e-01	1.27100537e-02	1.36572251e-04
6.87000000e-01	1.26503100e-02	1.35592845e-04
6.88000000e-01	1.25884373e-02	1.35015128e-04
6.89000000e-01	1.27305186e-02	1.36155108e-04
6.90000000e-01	1.27385959e-02	1.36429832e-04
6.91000000e-01	1.27492381e-02	1.36812566e-04
6.92000000e-01	1.26528402e-02	1.35469560e-04
6.93000000e-01	1.26763538e-02	1.35915698e-04
6.94000000e-01	1.26630300e-02	1.35418121e-04
6.95000000e-01	1.25794217e-02	1.34901417e-04
6.96000000e-01	1.27175202e-02	1.36287037e-04
6.97000000e-01	1.26737385e-02	1.35477300e-04
6.98000000e-01	1.26725126e-02	1.36029929e-04
6.99000000e-01	1.26125917e-02	1.35406442e-04
7.00000000e-01	1.26187765e-02	1.35019089e-04
7.01000000e-01	1.27076259e-02	1.35950796e-04
7.02000000e-01	1.27221672e-02	1.35803918e-04
7.03000000e-01	1.24657548e-02	1.33909729e-04
7.04000000e-01	1.25062460e-02	1.33883164e-04
7.05000000e-01	1.25822760e-02	1.34965084e-04
7.06000000e-01	1.26896757e-02	1.35831752e-04
7.07000000e-01	1.24207476e-02	1.33057272e-04
7.08000000e-01	1.25352942e-02	1.33478147e-04
7.09000000e-01	1.24948439e-02	1.33679102e-04
7.10000000e-01	1.25010724e-02	1.33855104e-04
7.11000000e-01	1.24705904e-02	1.33892778e-04
7.12000000e-01	1.23417958e-02	1.32385420e-04
7.13000000e-01	1.24557772e-02	1.33614163e-04
7.14000000e-01	1.24222245e-02	1.33132891e-04
7.15000000e-01	1.22202039e-02	1.31095738e-04
7.16000000e-01	1.21841823e-02	1.30834977e-04
7.17000000e-01	1.23549967e-02	1.32315554e-04
7.18000000e-01	1.23965862e-02	1.32524052e-04
7.19000000e-01	1.24484297e-02	1.33427937e-04
7.20000000e-01	1.22858414e-02	1.32039407e-04
7.21000000e-01	1.21905273e-02	1.30705599e-04
7.22000000e-01	1.23532301e-02	1.32616227e-04
7.23000000e-01	1.21906199e-02	1.30835269e-04
7.24000000e-01	1.22904565e-02	1.31962156e-04
7.25000000e-01	1.22123177e-02	1.31163498e-04
7.26000000e-01	1.23894620e-02	1.32552718e-04
7.27000000e-01	1.22993396e-02	1.31565071e-04
7.28000000e-01	1.23479667e-02	1.32455652e-04
7.29000000e-01	1.23373093e-02	1.31737475e-04
7.30000000e-01	1.22542435e-02	1.31286803e-04
7.31000000e-01	1.22340270e-02	1.31262155e-04
7.32000000e-01	1.22108317e-02	1.31269445e-04
7.33000000e-01	1.22281790e-02	1.30965102e-04
7.34000000e-01	1.22587675e-02	1.31365245e-04
7.35000000e-01	1.21464770e-02	1.29910993e-04
7.36000000e-01	1.21985762e-02	1.30009290e-04
7.37000000e-01	1.22151369e-02	1.30525065e-04
7.38000000e-01	1.22380096e-02	1.30414826e-04
7.39000000e-01	1.22103532e-02	1.30089344e-04
7.40000000e-01	1.21443366e-02	1.29497436e-04
7.41000000e-01	1.21507640e-02	1.29063768e-04
7.42000000e-01	1.20256145e-02	1.27846886e-04
7.43000000e-01	1.20507395e-02	1.28493083e-04
7.44000000e-01	1.22224586e-02	1.29717479e-04
7.45000000e-01	1.21795843e-02	1.28993376e-04
7.46000000e-01	1.21694682e-02	1.29250123e-04
7.47000000e-01	1.20537158e-02	1.28234144e-04
7.48000000e-01	1.20992663e-02	1.28896358e-04
7.49000000e-01	1.19609376e-02	1.27656105e-04
7.50000000e-01	1.20040330e-02	1.28089056e-04
7.51000000e-01	1.20111208e-02	1.27676161e-04
7.52000000e-01	1.20066812e-02	1.27718809e-04
7.53000000e-01	1.19033780e-02	1.26827486e-04
7.54000000e-01	1.19327855e-02	1.27040139e-04
7.55000000e-01	1.19665336e-02	1.27527315e-04
7.56000000e-01	1.20783899e-02	1.27740320e-04
7.57000000e-01	1.18861119e-02	1.26674672e-04
7.58000000e-01	1.20553300e-02	1.28533292e-04
7.59000000e-01	1.19718528e-02	1.27199878e-04
7.60000000e-01	1.19395475e-02	1.27225912e-04
7.61000000e-01	1.19979155e-02	1.27251014e-04
7.62000000e-01	1.18872271e-02	1.25729551e-04
7.63000000e-01	1.19732999e-02	1.26483413e-04
7.64000000e-01	1.19283747e-02	1.26419338e-04
7.65000000e-01	1.17277642e-02	1.23834464e-04
7.66000000e-01	1.19011515e-02	1.25591872e-04
7.67000000e-01	1.18093102e-02	1.24809317e-04
7.68000000e-01	1.17342411e-02	1.23751589e-04
7.69000000e-01	1.19470908e-02	1.25856280e-04
7.70000000e-01	1.17975964e-02	1.24706643e-04
7.71000000e-01	1.17896386e-02	1.24708159e-04
7.72000000e-01	1.18967061e-02	1.29271539e-04
7.73000000e-01	1.16483670e-02	1.31263631e-04
7.74000000e-01	1.17904859e-02	1.35023259e-04
7.75000000e-01	1.18432369e-02	1.38007680e-04
7.76000000e-01	1.16586111e-02	1.38517569e-04
7.77000000e-01	1.17779334e-02	1.41654600e-04
7.78000000e-01	1.18917761e-02	1.44438957e-04
7.79000000e-01	1.18507761e-02	1.45369849e-04
7.80000000e-01	1.16557415e-02	1.45398956e-04
7.81000000e-01	1.15487907e-02	1.46041868e-04
7.82000000e-01	1.19001069e-02	1.50977338e-04
7.83000000e-01	1.15998160e-02	1.49466559e-04
7.84000000e-01	1.16362215e-02	1.52702574e-04
7.85000000e-01	1.17848020e-02	1.54314364e-04
7.86000000e-01	1.17152550e-02	1.55872864e-04
7.87000000e-01	1.16973427e-02	1.57137625e-04
7.88000000e-01	1.17438184e-02	1.59507430e-04
7.89000000e-01	1.16808178e-02	1.60473786e-04
7.90000000e-01	1.16810576e-02	1.61494517e-04
7.91000000e-01	1.16107610e-02	1.62533142e-04
7.92000000e-01	1.15934107e-02	1.63666709e-04
7.93000000e-01	1.14459961e-02	1.63380909e-04
7.94000000e-01	1.16699818e-02	1.68449937e-04
7.95000000e-01	1.16362356e-02	1.69507449e-04
7.96000000e-01	1.15728611e-02	1.70455393e-04
7.97000000e-01	1.16473391e-02	1.73864661e-04
7.98000000e-01	1.14935322e-02	1.72953918e-04
7.99000000e-01	1.14828005e-02	1.74370196e-04
8.00000000e-01	1.15292088e-02	1.78065850e-04
8.01000000e-01	1.15695867e-02	1.79829521e-04
8.02000000e-01	1.15654182e-02	1.80423229e-04
8.03000000e-01	1.15282814e-02	1.81750958e-04
8.04000000e-01	1.15047420e-02	1.83390282e-04
8.05000000e-01	1.13030238e-02	1.83810573e-04
8.06000000e-01	1.15907411e-02	1.88775901e-04
8.07000000e-01	1.12778870e-02	1.86160095e-04
8.08000000e-01	1.13333074e-02	1.90062185e-04
8.09000000e-01	1.12971478e-02	1.90196000e-04
8.10000000e-01	1.14488143e-02	1.95669565e-04
8.11000000e-01	1.13303926e-02	1.94487522e-04
8.12000000e-01	1.12906996e-02	1.96662068e-04
8.13000000e-01	1.12412825e-02	1.99286491e-04
8.14000000e-01	1.14419509e-02	2.04539081e-04
8.15000000e-01	1.10413452e-02	2.00008674e-04
8.16000000e-01	1.11434189e-02	2.04725712e-04
8.17000000e-01	1.13159160e-02	2.10648303e-04
8.18000000e-01	1.12618060e-02	2.11723417e-04
8.19000000e-01	1.12126396e-02	2.14639791e-04
8.20000000e-01	1.13008565e-02	2.17715058e-04
8.21000000e-01	1.12973751e-02	2.19209164e-04
8.22000000e-01	1.12349054e-02	2.22527513e-04
8.23000000e-01	1.11519795e-02	2.23616524e-04
8.24000000e-01	1.10386284e-02	2.26540327e-04
8.25000000e-01	1.12709959e-02	2.32315406e-04
8.26000000e-01	1.11393190e-02	2.33971765e-04
8.27000000e-01	1.12681040e-02	2.39043756e-04
8.28000000e-01	1.08625342e-02	2.35195744e-04
8.29000000e-01	1.12065864e-02	2.45856428e-04
8.30000000e-01	1.13175800e-02	2.50040320e-04
8.31000000e-01	1.10168037e-02	2.48426024e-04
8.32000000e-01	1.09975624e-02	2.53116273e-04
8.33000000e-01	1.09064718e-02	2.54227273e-04
8.34000000e-01	1.08892002e-02	2.61313848e-04
8.35000000e-01	1.11978616e-02	2.72545230e-04
8.36000000e-01	1.10352910e-02	2.73502078e-04
8.37000000e-01	1.10210677e-02	2.79002967e-04
8.38000000e-01	1.12866094e-02	2.89536576e-04
8.39000000e-01	1.10020209e-02	2.88920595e-04
8.40000000e-01	1.10549241e-02	2.95672150e-04
8.41000000e-01	1.09387339e-02	2.99838886e-04
8.42000000e-01	1.07577114e-02	2.99948853e-04
8.43000000e-01	1.08577579e-02	3.11454374e-04
8.44000000e-01	1.11255377e-02	3.26668706e-04
8.45000000e-01	1.05124653e-02	3.15731839e-04
8.46000000e-01	1.06603286e-02	3.29356679e-04
8.47000000e-01	1.06542583e-02	3.42103625e-04
8.48000000e-01	1.10233087e-02	3.63888920e-04
8.49000000e-01	1.07547913e-02	3.65945167e-04
8.50000000e-01	1.06612474e-02	3.75318774e-04
8.51000000e-01	1.04102660e-02	3.80478117e-04
8.52000000e-01	1.06895122e-02	4.02809467e-04
8.53000000e-01	1.05480256e-02	4.10425126e-04
8.54000000e-01	1.06670716e-02	4.43768743e-04
8.55000000e-01	1.05050931e-02	4.50110270e-04
8.56000000e-01	1.04498096e-02	4.54574304e-04
8.57000000e-01	1.07657016e-02	4.90389073e-04
8.58000000e-01	1.01714487e-02	4.80407691e-04
8.59000000e-01	1.06004916e-02	5.10870672e-04
8.60000000e-01	1.06497351e-02	5.30056282e-04
8.61000000e-01	1.05749421e-02	5.44155645e-04
8.62000000e-01	1.07709627e-02	5.78245880e-04
8.63000000e-01	1.05729436e-02	5.80639911e-04
8.64000000e-01	1.03151143e-02	6.12601016e-04
8.65000000e-01	1.02835776e-02	6.17830176e-04
8.66000000e-01	1.06765934e-02	6.72849007e-04
8.67000000e-01	1.03539512e-02	7.05329842e-04
8.68000000e-01	9.99922887e-03	7.22098730e-04
8.69000000e-01	1.05365482e-02	8.01625475e-04
8.70000000e-01	1.01844736e-02	8.55885374e-04
8.71000000e-01	1.05397467e-02	1.01159588e-03
8.72000000e-01	1.05455749e-02	1.11193091e-03
8.73000000e-01	1.01612026e-02	1.32255287e-03
8.74000000e-01	1.14572418e-02	1.81584957e-03
8.75000000e-01	1.60013566e-02	5.06788260e-03
