% Filename : SDL7_00012_00094.h5
% Date & Time : 30-Oct-2025 14:51:45
% X-ray Energy (keV) : 13.30001
% Exposure Time (s) : 0.500
% Beam Center : 1461.24000, 208.98300
% Sample to Detector Distance (SDD) (mm) : 1990.750
% Detector Pixel Size (mm) : 0.075
% Photodiode Value : 135473.000
% I0 of Sample : 0
% I0 of Standard : 1
% 
% q(A^-1)   I(q)    I(q)_SE
0.00000000e+00	6.66801370e-03	4.00081032e-03
2.50000000e-04	0.00000000e+00	0.00000000e+00
5.00000000e-04	0.00000000e+00	0.00000000e+00
7.50000000e-04	0.00000000e+00	0.00000000e+00
1.00000000e-03	0.00000000e+00	0.00000000e+00
1.25000000e-03	0.00000000e+00	0.00000000e+00
1.50000000e-03	0.00000000e+00	0.00000000e+00
1.75000000e-03	0.00000000e+00	0.00000000e+00
2.00000000e-03	0.00000000e+00	0.00000000e+00
2.25000000e-03	0.00000000e+00	0.00000000e+00
2.50000000e-03	0.00000000e+00	0.00000000e+00
2.75000000e-03	0.00000000e+00	0.00000000e+00
3.00000000e-03	0.00000000e+00	0.00000000e+00
3.25000000e-03	5.57683946e+00	3.46641954e+00
3.50000000e-03	2.32020296e+00	7.56128025e-01
3.75000000e-03	1.51787010e+00	3.38470977e-01
4.00000000e-03	1.43214599e+00	3.49649664e-01
4.25000000e-03	9.89307293e-01	1.95160504e-01
4.50000000e-03	1.24709321e+00	2.44273948e-01
4.75000000e-03	1.34426671e+00	2.71300915e-01
5.00000000e-03	1.05866543e+00	2.01253831e-01
5.25000000e-03	8.67442443e-01	1.59436768e-01
5.50000000e-03	7.20681702e-01	1.26942165e-01
5.75000000e-03	6.18417457e-01	1.11530085e-01
6.00000000e-03	4.97827619e-01	8.03374812e-02
6.25000000e-03	4.36014431e-01	6.97446006e-02
6.50000000e-03	3.88340478e-01	6.27112734e-02
6.75000000e-03	3.31568889e-01	5.07066072e-02
7.00000000e-03	2.92013962e-01	4.25008404e-02
7.25000000e-03	2.52585413e-01	3.68491219e-02
7.50000000e-03	2.25747437e-01	3.28315620e-02
7.75000000e-03	1.98084223e-01	2.77523489e-02
8.00000000e-03	1.81634808e-01	2.44081758e-02
8.25000000e-03	1.64252121e-01	2.21040727e-02
8.50000000e-03	1.48043913e-01	1.87039962e-02
8.75000000e-03	1.30390124e-01	1.67127505e-02
9.00000000e-03	1.23541927e-01	1.50519886e-02
9.25000000e-03	1.10130405e-01	1.30004991e-02
9.50000000e-03	1.00005584e-01	1.08680019e-02
9.75000000e-03	9.44394922e-02	1.05577219e-02
1.00000000e-02	8.44021236e-02	8.55588257e-03
1.02500000e-02	8.12923223e-02	9.21522755e-03
1.05000000e-02	7.19319764e-02	7.30377637e-03
1.07500000e-02	7.00386174e-02	7.11959684e-03
1.10000000e-02	6.65278803e-02	6.33297535e-03
1.12500000e-02	5.91391415e-02	5.59313077e-03
1.15000000e-02	5.86386662e-02	5.51403513e-03
1.17500000e-02	5.43864490e-02	4.98374794e-03
1.20000000e-02	5.20835749e-02	4.55471080e-03
1.22500000e-02	4.87610066e-02	4.23454875e-03
1.25000000e-02	4.77466990e-02	3.95251653e-03
1.27500000e-02	4.52280210e-02	3.54664325e-03
1.30000000e-02	4.43546680e-02	3.72254296e-03
1.32500000e-02	4.15051585e-02	3.17004305e-03
1.35000000e-02	4.07331291e-02	3.05708394e-03
1.37500000e-02	3.93145331e-02	2.95373019e-03
1.40000000e-02	3.84851074e-02	2.75683719e-03
1.42500000e-02	3.60905986e-02	2.53149494e-03
1.45000000e-02	3.50968899e-02	2.44775904e-03
1.47500000e-02	3.50005157e-02	2.34764180e-03
1.50000000e-02	3.37588985e-02	2.29152570e-03
1.52500000e-02	3.40422732e-02	2.34496698e-03
1.55000000e-02	3.10886157e-02	2.02579291e-03
1.57500000e-02	3.05864323e-02	1.94001927e-03
1.60000000e-02	2.96647958e-02	1.85387608e-03
1.62500000e-02	3.02237513e-02	1.88805543e-03
1.65000000e-02	2.98734916e-02	1.80960917e-03
1.67500000e-02	2.76576919e-02	1.64157504e-03
1.70000000e-02	2.76888232e-02	1.65440769e-03
1.72500000e-02	2.78804855e-02	1.65464451e-03
1.75000000e-02	2.65871665e-02	1.55210118e-03
1.77500000e-02	2.77454182e-02	1.56767834e-03
1.80000000e-02	2.57271947e-02	1.44229180e-03
1.82500000e-02	2.57074007e-02	1.42436897e-03
1.85000000e-02	2.47409031e-02	1.41490528e-03
1.87500000e-02	2.58604457e-02	1.43188691e-03
1.90000000e-02	2.49043500e-02	1.38453379e-03
1.92500000e-02	2.42509353e-02	1.30263784e-03
1.95000000e-02	2.51860287e-02	1.33896132e-03
1.97500000e-02	2.57051215e-02	1.37100980e-03
2.00000000e-02	2.53325649e-02	1.34142344e-03
2.02500000e-02	2.40297980e-02	1.25285733e-03
2.05000000e-02	2.47699329e-02	1.26051243e-03
2.07500000e-02	2.43338882e-02	1.26351541e-03
2.10000000e-02	2.32306566e-02	1.20233584e-03
2.12500000e-02	2.40710385e-02	1.23541738e-03
2.15000000e-02	2.33552555e-02	1.17814561e-03
2.17500000e-02	2.32133141e-02	1.20591481e-03
2.20000000e-02	2.33484683e-02	1.20082280e-03
2.22500000e-02	2.45626690e-02	1.24855224e-03
2.25000000e-02	2.45020165e-02	1.27786054e-03
2.27500000e-02	2.32749410e-02	1.19167459e-03
2.30000000e-02	2.24597679e-02	1.15945976e-03
2.32500000e-02	2.40480932e-02	1.20271142e-03
2.35000000e-02	2.29956953e-02	1.19575287e-03
2.37500000e-02	2.26557820e-02	1.16206544e-03
2.40000000e-02	2.20595068e-02	1.12239946e-03
2.42500000e-02	2.26442919e-02	1.15424601e-03
2.45000000e-02	2.27208186e-02	1.16358119e-03
2.47500000e-02	2.31333272e-02	1.16350198e-03
2.50000000e-02	2.29620638e-02	1.17101735e-03
2.52500000e-02	2.29655447e-02	1.16513367e-03
2.55000000e-02	2.28916516e-02	1.13800271e-03
2.57500000e-02	2.32412699e-02	1.16267101e-03
2.60000000e-02	2.22890256e-02	1.11798089e-03
2.62500000e-02	2.22359663e-02	1.11818563e-03
2.65000000e-02	2.30320131e-02	1.14387432e-03
2.67500000e-02	2.25163156e-02	1.11709184e-03
2.70000000e-02	2.26435627e-02	1.11590269e-03
2.72500000e-02	2.19901625e-02	1.08353941e-03
2.75000000e-02	2.27873814e-02	1.14686772e-03
2.77500000e-02	2.25990362e-02	1.11934851e-03
2.80000000e-02	2.22368427e-02	1.05897159e-03
2.82500000e-02	2.25565848e-02	1.09870354e-03
2.85000000e-02	2.32840236e-02	1.11876698e-03
2.87500000e-02	2.29257635e-02	1.12590830e-03
2.90000000e-02	2.31470851e-02	1.13334421e-03
2.92500000e-02	2.33799324e-02	1.11647556e-03
2.95000000e-02	2.36067061e-02	1.14737845e-03
2.97500000e-02	2.35247002e-02	1.12899062e-03
3.00000000e-02	2.21770436e-02	1.06892537e-03
3.02500000e-02	2.32472461e-02	1.11891040e-03
3.05000000e-02	2.23532392e-02	1.05745510e-03
3.07500000e-02	2.18855826e-02	1.04425855e-03
3.10000000e-02	2.23396761e-02	1.06747124e-03
3.12500000e-02	2.26405977e-02	1.08733762e-03
3.15000000e-02	2.34937173e-02	1.11205090e-03
3.17500000e-02	2.22657663e-02	1.03862105e-03
3.20000000e-02	2.27501151e-02	1.07613638e-03
3.22500000e-02	2.31835427e-02	1.08175774e-03
3.25000000e-02	2.22893054e-02	1.05131702e-03
3.27500000e-02	2.23011314e-02	1.06037705e-03
3.30000000e-02	2.17927146e-02	1.00528304e-03
3.32500000e-02	2.27627324e-02	1.05888859e-03
3.35000000e-02	2.24257656e-02	1.05412929e-03
3.37500000e-02	2.15618663e-02	1.00958241e-03
3.40000000e-02	2.17079167e-02	1.01368197e-03
3.42500000e-02	2.21655615e-02	1.01251068e-03
3.45000000e-02	2.20001817e-02	1.00532594e-03
3.47500000e-02	2.18169575e-02	1.00409980e-03
3.50000000e-02	2.17852641e-02	9.92101253e-04
3.52500000e-02	2.14069937e-02	9.86066799e-04
3.55000000e-02	2.14814936e-02	9.73135794e-04
3.57500000e-02	2.19123206e-02	1.00321468e-03
3.60000000e-02	2.17721366e-02	1.00246244e-03
3.62500000e-02	2.13814046e-02	9.72867531e-04
3.65000000e-02	2.22549512e-02	1.00854865e-03
3.67500000e-02	2.19137598e-02	9.93732689e-04
3.70000000e-02	2.07184455e-02	9.37413464e-04
3.72500000e-02	2.23452125e-02	9.98586869e-04
3.75000000e-02	2.08462223e-02	9.46623316e-04
3.77500000e-02	2.16438151e-02	9.68686221e-04
3.80000000e-02	2.21977610e-02	9.87450228e-04
3.82500000e-02	2.12637432e-02	9.53230603e-04
3.85000000e-02	2.08455871e-02	9.39107389e-04
3.87500000e-02	2.11389368e-02	9.36283513e-04
3.90000000e-02	2.11115654e-02	9.40178636e-04
3.92500000e-02	2.14326329e-02	9.37858554e-04
3.95000000e-02	2.15455227e-02	9.52100905e-04
3.97500000e-02	1.98351505e-02	8.83802630e-04
4.00000000e-02	2.10621565e-02	9.36952933e-04
4.02500000e-02	2.07795484e-02	9.14732452e-04
4.05000000e-02	2.12398069e-02	9.30448034e-04
4.07500000e-02	2.06390311e-02	9.01851235e-04
4.10000000e-02	2.17065563e-02	9.34868650e-04
4.12500000e-02	2.03374484e-02	8.95058659e-04
4.15000000e-02	2.04772918e-02	8.88100270e-04
4.17500000e-02	2.15535108e-02	9.33653717e-04
4.20000000e-02	2.15193544e-02	9.14647916e-04
4.22500000e-02	2.10112764e-02	8.92907986e-04
4.25000000e-02	2.10199309e-02	8.91054789e-04
4.27500000e-02	2.12385668e-02	9.05126471e-04
4.30000000e-02	2.04993005e-02	8.88890319e-04
4.32500000e-02	2.04491277e-02	8.77553921e-04
4.35000000e-02	2.15403483e-02	9.30446653e-04
4.37500000e-02	2.07668441e-02	8.75958265e-04
4.40000000e-02	2.07209214e-02	8.77166117e-04
4.42500000e-02	2.12529776e-02	9.01747094e-04
4.45000000e-02	2.11723287e-02	8.90871266e-04
4.47500000e-02	2.00168631e-02	8.37891312e-04
4.50000000e-02	2.10188735e-02	8.93156860e-04
4.52500000e-02	2.14395490e-02	8.90914497e-04
4.55000000e-02	2.12834710e-02	8.94974622e-04
4.57500000e-02	2.08112674e-02	8.65484673e-04
4.60000000e-02	2.05650356e-02	8.63953186e-04
4.62500000e-02	2.04496447e-02	8.54035193e-04
4.65000000e-02	2.07256323e-02	8.56997924e-04
4.67500000e-02	2.07266053e-02	8.48949433e-04
4.70000000e-02	2.10581971e-02	8.65631189e-04
4.72500000e-02	2.13922887e-02	8.82612415e-04
4.75000000e-02	2.05541259e-02	8.48788706e-04
4.77500000e-02	2.11647986e-02	8.55196008e-04
4.80000000e-02	2.07000491e-02	8.49639713e-04
4.82500000e-02	2.10812458e-02	8.56133945e-04
4.85000000e-02	2.00481096e-02	8.25711127e-04
4.87500000e-02	2.06865249e-02	8.46699568e-04
4.90000000e-02	2.03827511e-02	8.20204900e-04
4.92500000e-02	2.04779507e-02	8.26661107e-04
4.95000000e-02	2.02937324e-02	8.27547800e-04
4.97500000e-02	2.01928389e-02	8.25250532e-04
5.00000000e-02	2.07024947e-02	8.44930264e-04
5.02500000e-02	2.12034213e-02	8.46012706e-04
5.05000000e-02	2.09110674e-02	8.40388469e-04
5.07500000e-02	2.10527061e-02	8.44505419e-04
5.10000000e-02	2.07710726e-02	8.29177960e-04
5.12500000e-02	2.07174107e-02	8.27196253e-04
5.15000000e-02	2.08761427e-02	8.28207653e-04
5.17500000e-02	2.05725690e-02	8.18499501e-04
5.20000000e-02	2.08371131e-02	8.25800197e-04
5.22500000e-02	2.07912840e-02	8.22629669e-04
5.25000000e-02	2.00550399e-02	7.92997780e-04
5.27500000e-02	2.07981166e-02	8.21832413e-04
5.30000000e-02	2.09349100e-02	8.34369724e-04
5.32500000e-02	2.10103052e-02	8.35436998e-04
5.35000000e-02	2.05020500e-02	8.10584629e-04
5.37500000e-02	2.06904390e-02	8.09256637e-04
5.40000000e-02	1.97885300e-02	7.81977631e-04
5.42500000e-02	2.08109370e-02	8.08717738e-04
5.45000000e-02	2.04254805e-02	7.99543936e-04
5.47500000e-02	2.04358523e-02	7.95551523e-04
5.50000000e-02	2.03838360e-02	7.94295070e-04
5.52500000e-02	2.06680133e-02	7.96177973e-04
5.55000000e-02	2.04037017e-02	7.88752340e-04
5.57500000e-02	2.03734126e-02	7.92848039e-04
5.60000000e-02	2.06085088e-02	7.89958546e-04
5.62500000e-02	2.00298891e-02	7.73918074e-04
5.65000000e-02	2.04572589e-02	7.99150496e-04
5.67500000e-02	2.08417264e-02	8.00940959e-04
5.70000000e-02	2.05085095e-02	7.85368955e-04
5.72500000e-02	2.02707966e-02	7.81383469e-04
5.75000000e-02	2.09265631e-02	8.01704590e-04
5.77500000e-02	1.99992595e-02	7.52178532e-04
5.80000000e-02	2.03474211e-02	7.68669695e-04
5.82500000e-02	2.04538434e-02	7.79727045e-04
5.85000000e-02	2.01600466e-02	7.67760069e-04
5.87500000e-02	2.06752607e-02	7.83183904e-04
5.90000000e-02	2.00712795e-02	7.54952689e-04
5.92500000e-02	2.02655609e-02	7.59728647e-04
5.95000000e-02	1.97217040e-02	7.42478990e-04
5.97500000e-02	2.00789080e-02	7.57923267e-04
6.00000000e-02	2.01119842e-02	7.47012888e-04
6.02500000e-02	2.05963727e-02	7.72228142e-04
6.05000000e-02	2.00777688e-02	7.54007010e-04
6.07500000e-02	2.07588246e-02	7.84223192e-04
6.10000000e-02	1.99028578e-02	7.42868913e-04
6.12500000e-02	2.07366143e-02	7.66928838e-04
6.15000000e-02	1.93809892e-02	7.21017451e-04
6.17500000e-02	1.99487589e-02	7.40702664e-04
6.20000000e-02	2.00962540e-02	7.45811190e-04
6.22500000e-02	1.97537165e-02	7.32922569e-04
6.25000000e-02	1.97898659e-02	7.26487109e-04
6.27500000e-02	2.04996971e-02	7.56137275e-04
6.30000000e-02	2.05154602e-02	7.50558298e-04
6.32500000e-02	1.99412714e-02	7.31667092e-04
6.35000000e-02	1.99208888e-02	7.31034684e-04
6.37500000e-02	2.03092546e-02	7.47136700e-04
6.40000000e-02	1.98481683e-02	7.21568185e-04
6.42500000e-02	1.98488890e-02	7.21044005e-04
6.45000000e-02	2.07891278e-02	7.53958564e-04
6.47500000e-02	1.96478159e-02	7.14217925e-04
6.50000000e-02	2.01990650e-02	7.37267119e-04
6.52500000e-02	2.05192857e-02	7.42448604e-04
6.55000000e-02	2.07947708e-02	7.52732003e-04
6.57500000e-02	1.98030467e-02	7.22950304e-04
6.60000000e-02	1.99905533e-02	7.22375983e-04
6.62500000e-02	2.02714717e-02	7.33670062e-04
6.65000000e-02	2.04557217e-02	7.34497071e-04
6.67500000e-02	2.00331464e-02	7.12667902e-04
6.70000000e-02	1.97365576e-02	7.09195625e-04
6.72500000e-02	1.97537578e-02	7.07488199e-04
6.75000000e-02	1.99632697e-02	7.13797976e-04
6.77500000e-02	1.99136561e-02	7.15921711e-04
6.80000000e-02	2.03789358e-02	7.26280038e-04
6.82500000e-02	2.01941977e-02	7.23205162e-04
6.85000000e-02	1.99310341e-02	7.13298052e-04
6.87500000e-02	1.93500836e-02	6.88298616e-04
6.90000000e-02	2.00437006e-02	7.08715832e-04
6.92500000e-02	2.01885344e-02	7.14750471e-04
6.95000000e-02	1.97002393e-02	7.00260478e-04
6.97500000e-02	2.00327038e-02	7.08821047e-04
7.00000000e-02	1.97718061e-02	6.92047960e-04
7.02500000e-02	1.99441687e-02	7.03720014e-04
7.05000000e-02	1.96002589e-02	6.82769710e-04
7.07500000e-02	2.01962317e-02	7.09148123e-04
7.10000000e-02	2.06451134e-02	7.13052498e-04
7.12500000e-02	2.01364106e-02	7.04752768e-04
7.15000000e-02	1.99084619e-02	6.96873289e-04
7.17500000e-02	2.00502123e-02	6.98642805e-04
7.20000000e-02	1.98111088e-02	6.91752802e-04
7.22500000e-02	1.99492514e-02	6.94744858e-04
7.25000000e-02	1.99492181e-02	6.90615813e-04
7.27500000e-02	1.98275528e-02	6.95298590e-04
7.30000000e-02	1.95689957e-02	6.78595221e-04
7.32500000e-02	2.03769133e-02	6.99119193e-04
7.35000000e-02	1.98113373e-02	6.84908544e-04
7.37500000e-02	2.01646710e-02	6.87388455e-04
7.40000000e-02	2.01671673e-02	6.91915617e-04
7.42500000e-02	2.01275188e-02	6.96310441e-04
7.45000000e-02	1.98611323e-02	6.85109025e-04
7.47500000e-02	2.00069570e-02	6.81946139e-04
7.50000000e-02	1.94591694e-02	6.68485221e-04
7.52500000e-02	1.94495693e-02	6.66543553e-04
7.55000000e-02	2.02344097e-02	6.84137407e-04
7.57500000e-02	1.93818537e-02	6.54095698e-04
7.60000000e-02	1.98178512e-02	6.78150486e-04
7.62500000e-02	1.99142261e-02	6.77965987e-04
7.65000000e-02	1.94753253e-02	6.66101894e-04
7.67500000e-02	1.97521524e-02	6.71304873e-04
7.70000000e-02	1.98085397e-02	6.70617037e-04
7.72500000e-02	2.04407535e-02	6.99558683e-04
7.75000000e-02	1.99969384e-02	6.93822432e-04
7.77500000e-02	1.97463368e-02	6.94123565e-04
7.80000000e-02	2.01900831e-02	7.06630418e-04
7.82500000e-02	1.97911143e-02	6.98456660e-04
7.85000000e-02	2.01664077e-02	7.13120187e-04
7.87500000e-02	1.95747640e-02	6.90062749e-04
7.90000000e-02	1.99478164e-02	7.06698416e-04
7.92500000e-02	2.00187988e-02	7.13112170e-04
7.95000000e-02	1.99135793e-02	7.12203304e-04
7.97500000e-02	1.99079277e-02	7.26635254e-04
8.00000000e-02	2.02225560e-02	7.22887098e-04
8.02500000e-02	1.96648076e-02	7.08173347e-04
8.05000000e-02	1.98894325e-02	7.12277253e-04
8.07500000e-02	1.98027753e-02	7.17348339e-04
8.10000000e-02	2.02641498e-02	7.29540511e-04
8.12500000e-02	1.98856699e-02	7.19558646e-04
8.15000000e-02	1.92807515e-02	6.99961495e-04
8.17500000e-02	1.97326923e-02	7.24212324e-04
8.20000000e-02	1.96415120e-02	7.21740202e-04
8.22500000e-02	1.92445193e-02	7.04127324e-04
8.25000000e-02	1.96993519e-02	7.23992584e-04
8.27500000e-02	1.97229272e-02	7.22779433e-04
8.30000000e-02	2.06734060e-02	7.59271906e-04
8.32500000e-02	1.97379011e-02	7.26564538e-04
8.35000000e-02	2.00456145e-02	7.45982128e-04
8.37500000e-02	1.98255453e-02	7.27355811e-04
8.40000000e-02	2.01355426e-02	7.39294148e-04
8.42500000e-02	2.00950717e-02	7.42706164e-04
8.45000000e-02	1.96831071e-02	7.27211166e-04
8.47500000e-02	1.99358308e-02	7.41189185e-04
8.50000000e-02	2.00427700e-02	7.35132569e-04
8.52500000e-02	1.99932081e-02	7.47921799e-04
8.55000000e-02	1.98114169e-02	7.38980968e-04
8.57500000e-02	1.92780382e-02	7.20828484e-04
8.60000000e-02	1.94526795e-02	7.30611115e-04
8.62500000e-02	1.98003598e-02	7.45833242e-04
8.65000000e-02	1.96625416e-02	7.32473150e-04
8.67500000e-02	1.90099396e-02	7.13271685e-04
8.70000000e-02	1.95335397e-02	7.17830614e-04
8.72500000e-02	1.99408616e-02	7.18101900e-04
8.75000000e-02	1.99061413e-02	7.06524889e-04
8.77500000e-02	2.01287260e-02	7.08644164e-04
8.80000000e-02	1.94093965e-02	6.88658762e-04
8.82500000e-02	1.90145369e-02	6.79643099e-04
8.85000000e-02	1.94833052e-02	6.87731537e-04
8.87500000e-02	2.02240381e-02	7.02466538e-04
8.90000000e-02	1.96287442e-02	6.88626166e-04
8.92500000e-02	1.93112193e-02	6.65790832e-04
8.95000000e-02	1.98022382e-02	6.78128922e-04
8.97500000e-02	1.97570956e-02	6.79436440e-04
9.00000000e-02	1.98462665e-02	6.73287569e-04
9.02500000e-02	1.94956885e-02	6.61786572e-04
9.05000000e-02	1.93864515e-02	6.62657896e-04
9.07500000e-02	1.94673478e-02	6.60803875e-04
9.10000000e-02	1.98261701e-02	6.72814959e-04
9.12500000e-02	2.00832356e-02	6.74836244e-04
9.15000000e-02	1.99195309e-02	6.73457574e-04
9.17500000e-02	1.93657305e-02	6.50048109e-04
9.20000000e-02	1.98857848e-02	6.70750376e-04
9.22500000e-02	1.91971969e-02	6.42138253e-04
9.25000000e-02	2.00131003e-02	6.61685103e-04
9.27500000e-02	1.97644460e-02	6.65345658e-04
9.30000000e-02	2.00973199e-02	6.70385177e-04
9.32500000e-02	1.99713147e-02	6.62696692e-04
9.35000000e-02	1.94810916e-02	6.40522960e-04
9.37500000e-02	1.95461765e-02	6.44083659e-04
9.40000000e-02	2.01228937e-02	6.61445385e-04
9.42500000e-02	1.98883428e-02	6.49724364e-04
9.45000000e-02	2.04096162e-02	6.63257828e-04
9.47500000e-02	2.01202020e-02	6.56998432e-04
9.50000000e-02	2.00335610e-02	6.50020047e-04
9.52500000e-02	1.96039506e-02	6.40101014e-04
9.55000000e-02	1.98130003e-02	6.49664887e-04
9.57500000e-02	1.98929464e-02	6.51486749e-04
9.60000000e-02	1.94834078e-02	6.31646327e-04
9.62500000e-02	1.95474457e-02	6.28873949e-04
9.65000000e-02	2.00442405e-02	6.46232088e-04
9.67500000e-02	1.94054759e-02	6.31988840e-04
9.70000000e-02	1.97480161e-02	6.35045003e-04
9.72500000e-02	1.99841115e-02	6.43746948e-04
9.75000000e-02	1.98535476e-02	6.38588027e-04
9.77500000e-02	1.94560894e-02	6.21212282e-04
9.80000000e-02	1.96263043e-02	6.29372665e-04
9.82500000e-02	1.93919885e-02	6.20541635e-04
9.85000000e-02	1.95738456e-02	6.22861811e-04
9.87500000e-02	1.95810559e-02	6.23686007e-04
9.90000000e-02	1.93456793e-02	6.15982242e-04
9.92500000e-02	1.92978157e-02	6.18383518e-04
9.95000000e-02	1.94204698e-02	6.24171844e-04
9.97500000e-02	1.94113785e-02	6.17335941e-04
1.00000000e-01	2.00674865e-02	5.18008073e-04
1.00500000e-01	1.94815154e-02	4.37786299e-04
1.01000000e-01	1.99198293e-02	4.42448535e-04
1.01500000e-01	1.95682161e-02	4.37285946e-04
1.02000000e-01	1.96164972e-02	4.37135503e-04
1.02500000e-01	1.99470947e-02	4.39290696e-04
1.03000000e-01	1.94367329e-02	4.31072854e-04
1.03500000e-01	1.99700408e-02	4.37252320e-04
1.04000000e-01	1.97261175e-02	4.35642493e-04
1.04500000e-01	1.98128947e-02	4.31421977e-04
1.05000000e-01	1.93895569e-02	4.22206692e-04
1.05500000e-01	1.94236983e-02	4.22665462e-04
1.06000000e-01	1.98103683e-02	4.29846898e-04
1.06500000e-01	1.94204979e-02	4.22334217e-04
1.07000000e-01	1.96580875e-02	4.31156574e-04
1.07500000e-01	1.96333407e-02	4.36475564e-04
1.08000000e-01	1.97788450e-02	4.45538867e-04
1.08500000e-01	1.94910722e-02	4.42500681e-04
1.09000000e-01	1.95490125e-02	4.44309550e-04
1.09500000e-01	1.92957405e-02	4.42923905e-04
1.10000000e-01	1.98347699e-02	4.49823048e-04
1.10500000e-01	1.95391415e-02	4.32772271e-04
1.11000000e-01	1.96038295e-02	4.29428973e-04
1.11500000e-01	1.97052608e-02	4.27785184e-04
1.12000000e-01	1.93423274e-02	4.13796117e-04
1.12500000e-01	1.96559682e-02	4.19536091e-04
1.13000000e-01	1.99831224e-02	4.25086049e-04
1.13500000e-01	1.98894028e-02	4.21634466e-04
1.14000000e-01	1.96698149e-02	4.13979807e-04
1.14500000e-01	1.98939037e-02	4.19080696e-04
1.15000000e-01	1.94414761e-02	4.08939540e-04
1.15500000e-01	1.98952196e-02	4.16881315e-04
1.16000000e-01	1.95950338e-02	4.09611140e-04
1.16500000e-01	1.99450846e-02	4.14677709e-04
1.17000000e-01	1.96243498e-02	4.10338231e-04
1.17500000e-01	1.95064967e-02	4.05314068e-04
1.18000000e-01	1.94840185e-02	4.05613292e-04
1.18500000e-01	1.95101997e-02	4.01690065e-04
1.19000000e-01	1.98393924e-02	4.08039387e-04
1.19500000e-01	1.97323514e-02	4.04995491e-04
1.20000000e-01	1.97409339e-02	4.04232072e-04
1.20500000e-01	1.95705718e-02	4.02111261e-04
1.21000000e-01	1.95413699e-02	3.98642937e-04
1.21500000e-01	1.95763506e-02	3.98703985e-04
1.22000000e-01	1.93878014e-02	3.92807507e-04
1.22500000e-01	1.96692028e-02	3.98856688e-04
1.23000000e-01	2.00166565e-02	4.03726609e-04
1.23500000e-01	1.97737857e-02	3.97600729e-04
1.24000000e-01	1.96999901e-02	3.96600967e-04
1.24500000e-01	1.96804694e-02	3.93216071e-04
1.25000000e-01	1.98004549e-02	3.97722467e-04
1.25500000e-01	1.95565582e-02	3.91484488e-04
1.26000000e-01	1.96732465e-02	3.93154998e-04
1.26500000e-01	1.96536893e-02	3.91998627e-04
1.27000000e-01	1.95574300e-02	3.90729557e-04
1.27500000e-01	1.97181633e-02	3.91286972e-04
1.28000000e-01	1.95497005e-02	3.85669220e-04
1.28500000e-01	1.95050888e-02	3.85218150e-04
1.29000000e-01	1.95043971e-02	3.85380104e-04
1.29500000e-01	1.94337488e-02	3.81916027e-04
1.30000000e-01	1.97047374e-02	3.88464408e-04
1.30500000e-01	1.94074860e-02	3.80314086e-04
1.31000000e-01	1.96087618e-02	3.84807121e-04
1.31500000e-01	1.95699585e-02	3.82933002e-04
1.32000000e-01	1.96776147e-02	3.84027163e-04
1.32500000e-01	1.95137718e-02	3.78243854e-04
1.33000000e-01	1.94652748e-02	3.77502696e-04
1.33500000e-01	1.98999665e-02	3.82174941e-04
1.34000000e-01	1.95147922e-02	3.77554446e-04
1.34500000e-01	1.95292076e-02	3.74083782e-04
1.35000000e-01	1.97244453e-02	3.76168079e-04
1.35500000e-01	1.95798804e-02	3.73779405e-04
1.36000000e-01	1.98283765e-02	3.76140600e-04
1.36500000e-01	1.97254832e-02	3.75310081e-04
1.37000000e-01	1.97109540e-02	3.73268624e-04
1.37500000e-01	1.96792519e-02	3.72934614e-04
1.38000000e-01	1.94018266e-02	3.67530911e-04
1.38500000e-01	1.94676718e-02	3.68116175e-04
1.39000000e-01	1.96635626e-02	3.73462501e-04
1.39500000e-01	1.93454623e-02	3.65899801e-04
1.40000000e-01	1.92000390e-02	3.65794662e-04
1.40500000e-01	1.93414191e-02	3.66482447e-04
1.41000000e-01	1.95414657e-02	3.68550279e-04
1.41500000e-01	1.91706828e-02	3.62338430e-04
1.42000000e-01	1.95500318e-02	3.64621480e-04
1.42500000e-01	1.95354491e-02	3.66593303e-04
1.43000000e-01	1.96595548e-02	3.69147488e-04
1.43500000e-01	1.94384387e-02	3.62937418e-04
1.44000000e-01	1.93322012e-02	3.59989300e-04
1.44500000e-01	1.92293839e-02	3.56762220e-04
1.45000000e-01	1.96258215e-02	3.64103735e-04
1.45500000e-01	1.94335045e-02	3.61178151e-04
1.46000000e-01	1.96652917e-02	3.63056527e-04
1.46500000e-01	1.93882907e-02	3.57713916e-04
1.47000000e-01	1.95279347e-02	3.59234091e-04
1.47500000e-01	1.91728381e-02	3.52938591e-04
1.48000000e-01	1.92538506e-02	3.55219161e-04
1.48500000e-01	1.94425773e-02	3.57767599e-04
1.49000000e-01	1.91243644e-02	3.51869202e-04
1.49500000e-01	1.93738204e-02	3.55342134e-04
1.50000000e-01	1.92564588e-02	3.52404874e-04
1.50500000e-01	1.93722548e-02	3.54866680e-04
1.51000000e-01	1.93989900e-02	3.52591203e-04
1.51500000e-01	1.92291983e-02	3.49009832e-04
1.52000000e-01	1.92972344e-02	3.48558145e-04
1.52500000e-01	1.91553916e-02	3.48256153e-04
1.53000000e-01	1.90838205e-02	3.44965439e-04
1.53500000e-01	1.91909271e-02	3.48325226e-04
1.54000000e-01	1.93787227e-02	3.49540171e-04
1.54500000e-01	1.93390709e-02	3.54974340e-04
1.55000000e-01	1.91820921e-02	3.56626474e-04
1.55500000e-01	1.91622549e-02	3.59346479e-04
1.56000000e-01	1.93731589e-02	3.65258101e-04
1.56500000e-01	1.93350440e-02	3.63292785e-04
1.57000000e-01	1.92579531e-02	3.62599633e-04
1.57500000e-01	1.92603068e-02	3.56562866e-04
1.58000000e-01	1.90843478e-02	3.46054175e-04
1.58500000e-01	1.95038159e-02	3.52631508e-04
1.59000000e-01	1.90992081e-02	3.43765278e-04
1.59500000e-01	1.94215665e-02	3.48783426e-04
1.60000000e-01	1.90373760e-02	3.42572212e-04
1.60500000e-01	1.88453566e-02	3.36513365e-04
1.61000000e-01	1.93139062e-02	3.45426566e-04
1.61500000e-01	1.91175481e-02	3.40977453e-04
1.62000000e-01	1.91041765e-02	3.40179022e-04
1.62500000e-01	1.88160801e-02	3.35890920e-04
1.63000000e-01	1.90029664e-02	3.36063495e-04
1.63500000e-01	1.90725219e-02	3.39370240e-04
1.64000000e-01	1.91254523e-02	3.37964161e-04
1.64500000e-01	1.89917121e-02	3.35589036e-04
1.65000000e-01	1.88512363e-02	3.32904959e-04
1.65500000e-01	1.88673871e-02	3.31972825e-04
1.66000000e-01	1.91306980e-02	3.37771692e-04
1.66500000e-01	1.90618890e-02	3.32662239e-04
1.67000000e-01	1.87775591e-02	3.28782905e-04
1.67500000e-01	1.88539237e-02	3.28375157e-04
1.68000000e-01	1.88869474e-02	3.30717396e-04
1.68500000e-01	1.89647020e-02	3.30617042e-04
1.69000000e-01	1.88306909e-02	3.28419767e-04
1.69500000e-01	1.87072168e-02	3.24665397e-04
1.70000000e-01	1.86964920e-02	3.23730740e-04
1.70500000e-01	1.88824298e-02	3.27479808e-04
1.71000000e-01	1.88388522e-02	3.27375335e-04
1.71500000e-01	1.88804679e-02	3.26880569e-04
1.72000000e-01	1.88729273e-02	3.24570112e-04
1.72500000e-01	1.89408623e-02	3.26729805e-04
1.73000000e-01	1.88979794e-02	3.25559239e-04
1.73500000e-01	1.86972950e-02	3.18800241e-04
1.74000000e-01	1.91287276e-02	3.26396832e-04
1.74500000e-01	1.88892310e-02	3.20283883e-04
1.75000000e-01	1.88002659e-02	3.19049327e-04
1.75500000e-01	1.87435315e-02	3.17742714e-04
1.76000000e-01	1.85267129e-02	3.12785891e-04
1.76500000e-01	1.87038544e-02	3.17128000e-04
1.77000000e-01	1.88515044e-02	3.17591074e-04
1.77500000e-01	1.86928275e-02	3.15057587e-04
1.78000000e-01	1.88528011e-02	3.17120656e-04
1.78500000e-01	1.86134327e-02	3.14023402e-04
1.79000000e-01	1.88921914e-02	3.18146353e-04
1.79500000e-01	1.84288798e-02	3.11834502e-04
1.80000000e-01	1.88028363e-02	3.17320254e-04
1.80500000e-01	1.88686249e-02	3.16379655e-04
1.81000000e-01	1.86075672e-02	3.13200801e-04
1.81500000e-01	1.84539731e-02	3.09580269e-04
1.82000000e-01	1.87382628e-02	3.14319081e-04
1.82500000e-01	1.87122415e-02	3.12558416e-04
1.83000000e-01	1.84462244e-02	3.10431919e-04
1.83500000e-01	1.87318395e-02	3.13276879e-04
1.84000000e-01	1.90424717e-02	3.15844246e-04
1.84500000e-01	1.87004130e-02	3.11536236e-04
1.85000000e-01	1.86543137e-02	3.11364563e-04
1.85500000e-01	1.86931569e-02	3.09955136e-04
1.86000000e-01	1.86471858e-02	3.09615842e-04
1.86500000e-01	1.84875173e-02	3.06893315e-04
1.87000000e-01	1.87963989e-02	3.09945141e-04
1.87500000e-01	1.85546177e-02	3.07178342e-04
1.88000000e-01	1.87073881e-02	3.07846345e-04
1.88500000e-01	1.85443330e-02	3.06530852e-04
1.89000000e-01	1.82292882e-02	3.00557367e-04
1.89500000e-01	1.85327403e-02	3.05030384e-04
1.90000000e-01	1.84376771e-02	3.02634951e-04
1.90500000e-01	1.82690327e-02	3.00146782e-04
1.91000000e-01	1.84328893e-02	3.01202993e-04
1.91500000e-01	1.84471373e-02	3.02550874e-04
1.92000000e-01	1.82969112e-02	2.98460220e-04
1.92500000e-01	1.84270232e-02	2.99326176e-04
1.93000000e-01	1.83297110e-02	2.99175357e-04
1.93500000e-01	1.82684189e-02	2.97565683e-04
1.94000000e-01	1.81217833e-02	2.96199448e-04
1.94500000e-01	1.85908718e-02	3.01059917e-04
1.95000000e-01	1.83387897e-02	2.97316703e-04
1.95500000e-01	1.84985131e-02	2.99679045e-04
1.96000000e-01	1.80974283e-02	2.93354299e-04
1.96500000e-01	1.82170122e-02	2.95786789e-04
1.97000000e-01	1.82203527e-02	2.94720035e-04
1.97500000e-01	1.80448696e-02	2.91186935e-04
1.98000000e-01	1.82211415e-02	2.92794946e-04
1.98500000e-01	1.84240287e-02	2.95263657e-04
1.99000000e-01	1.83881644e-02	2.96005517e-04
1.99500000e-01	1.82825255e-02	2.92801046e-04
2.00000000e-01	1.84067568e-02	2.95448392e-04
2.00500000e-01	1.83744343e-02	2.94921389e-04
2.01000000e-01	1.83286403e-02	2.92529464e-04
2.01500000e-01	1.80935523e-02	2.89719217e-04
2.02000000e-01	1.82826396e-02	2.91604925e-04
2.02500000e-01	1.81332207e-02	2.88145419e-04
2.03000000e-01	1.81510475e-02	2.90052360e-04
2.03500000e-01	1.84311356e-02	2.92787853e-04
2.04000000e-01	1.79852273e-02	2.85808464e-04
2.04500000e-01	1.80187329e-02	2.85606108e-04
2.05000000e-01	1.84139361e-02	2.91244667e-04
2.05500000e-01	1.81905978e-02	2.88202227e-04
2.06000000e-01	1.81184241e-02	2.85310571e-04
2.06500000e-01	1.80494288e-02	2.84416976e-04
2.07000000e-01	1.84798820e-02	2.90863581e-04
2.07500000e-01	1.79680492e-02	2.84029972e-04
2.08000000e-01	1.81351259e-02	2.86769838e-04
2.08500000e-01	1.81338481e-02	2.84221916e-04
2.09000000e-01	1.81224919e-02	2.84561862e-04
2.09500000e-01	1.80225799e-02	2.83352258e-04
2.10000000e-01	1.82437323e-02	2.85979380e-04
2.10500000e-01	1.80963389e-02	2.83951053e-04
2.11000000e-01	1.80750860e-02	2.82390693e-04
2.11500000e-01	1.80698516e-02	2.82640453e-04
2.12000000e-01	1.81572027e-02	2.82360112e-04
2.12500000e-01	1.79039994e-02	2.79661454e-04
2.13000000e-01	1.82853348e-02	2.83174483e-04
2.13500000e-01	1.78554554e-02	2.78241977e-04
2.14000000e-01	1.80632660e-02	2.81166426e-04
2.14500000e-01	1.81888409e-02	2.81615008e-04
2.15000000e-01	1.80031361e-02	2.79831724e-04
2.15500000e-01	1.81677260e-02	2.80545143e-04
2.16000000e-01	1.81372697e-02	2.79527419e-04
2.16500000e-01	1.80234044e-02	2.76886455e-04
2.17000000e-01	1.80977832e-02	2.81779193e-04
2.17500000e-01	1.79697581e-02	2.85935732e-04
2.18000000e-01	1.80823302e-02	2.87198400e-04
2.18500000e-01	1.78970139e-02	2.87617864e-04
2.19000000e-01	1.79907592e-02	2.90735706e-04
2.19500000e-01	1.75565610e-02	2.84038526e-04
2.20000000e-01	1.78523305e-02	2.89991800e-04
2.20500000e-01	1.82192624e-02	2.96926288e-04
2.21000000e-01	1.77558879e-02	2.90016340e-04
2.21500000e-01	1.79544835e-02	2.94734061e-04
2.22000000e-01	1.76790716e-02	2.89651856e-04
2.22500000e-01	1.79616637e-02	2.95123309e-04
2.23000000e-01	1.79727472e-02	2.96560829e-04
2.23500000e-01	1.76659391e-02	2.92473351e-04
2.24000000e-01	1.78069582e-02	2.93676615e-04
2.24500000e-01	1.79382603e-02	2.97366785e-04
2.25000000e-01	1.77665403e-02	2.97211656e-04
2.25500000e-01	1.81713839e-02	3.02139758e-04
2.26000000e-01	1.80484703e-02	3.01420647e-04
2.26500000e-01	1.78243032e-02	2.92600116e-04
2.27000000e-01	1.80982421e-02	2.94107855e-04
2.27500000e-01	1.75981671e-02	2.84144737e-04
2.28000000e-01	1.78277369e-02	2.86930573e-04
2.28500000e-01	1.77953618e-02	2.82950819e-04
2.29000000e-01	1.80086796e-02	2.86091055e-04
2.29500000e-01	1.77530394e-02	2.81184729e-04
2.30000000e-01	1.75694090e-02	2.78685743e-04
2.30500000e-01	1.78544186e-02	2.82099792e-04
2.31000000e-01	1.76398822e-02	2.76827175e-04
2.31500000e-01	1.79122195e-02	2.80429827e-04
2.32000000e-01	1.77842935e-02	2.78086105e-04
2.32500000e-01	1.78552204e-02	2.78709825e-04
2.33000000e-01	1.77446645e-02	2.74729771e-04
2.33500000e-01	1.75343929e-02	2.72268718e-04
2.34000000e-01	1.78189255e-02	2.76621968e-04
2.34500000e-01	1.76705817e-02	2.73823209e-04
2.35000000e-01	1.76431163e-02	2.73675423e-04
2.35500000e-01	1.76659714e-02	2.72495015e-04
2.36000000e-01	1.76801384e-02	2.72988377e-04
2.36500000e-01	1.74633383e-02	2.68858385e-04
2.37000000e-01	1.77268260e-02	2.72238380e-04
2.37500000e-01	1.77373773e-02	2.72787303e-04
2.38000000e-01	1.76334515e-02	2.69622314e-04
2.38500000e-01	1.77416870e-02	2.71548697e-04
2.39000000e-01	1.78363330e-02	2.71949218e-04
2.39500000e-01	1.77833824e-02	2.71731920e-04
2.40000000e-01	1.78545299e-02	2.71095511e-04
2.40500000e-01	1.75668792e-02	2.66919461e-04
2.41000000e-01	1.76052785e-02	2.67621450e-04
2.41500000e-01	1.78164979e-02	2.68891157e-04
2.42000000e-01	1.75975714e-02	2.65856949e-04
2.42500000e-01	1.74429561e-02	2.62513306e-04
2.43000000e-01	1.78789075e-02	2.68530783e-04
2.43500000e-01	1.75895795e-02	2.63922954e-04
2.44000000e-01	1.77114321e-02	2.64916156e-04
2.44500000e-01	1.73321035e-02	2.59463734e-04
2.45000000e-01	1.75941215e-02	2.62476031e-04
2.45500000e-01	1.74171258e-02	2.60097391e-04
2.46000000e-01	1.76771814e-02	2.63018417e-04
2.46500000e-01	1.74946778e-02	2.60811803e-04
2.47000000e-01	1.74952043e-02	2.61270948e-04
2.47500000e-01	1.75041842e-02	2.59385732e-04
2.48000000e-01	1.75879094e-02	2.60989047e-04
2.48500000e-01	1.74583015e-02	2.59136521e-04
2.49000000e-01	1.73704717e-02	2.58049809e-04
2.49500000e-01	1.75411512e-02	2.58268832e-04
2.50000000e-01	1.74636342e-02	2.58394613e-04
2.50500000e-01	1.75856584e-02	2.60742319e-04
2.51000000e-01	1.74193219e-02	2.56933894e-04
2.51500000e-01	1.73697358e-02	2.55089261e-04
2.52000000e-01	1.74280640e-02	2.56280939e-04
2.52500000e-01	1.75959429e-02	2.59015812e-04
2.53000000e-01	1.74931306e-02	2.57455307e-04
2.53500000e-01	1.75011376e-02	2.57381892e-04
2.54000000e-01	1.74054285e-02	2.55736077e-04
2.54500000e-01	1.73663144e-02	2.54581529e-04
2.55000000e-01	1.72150426e-02	2.52119115e-04
2.55500000e-01	1.74706844e-02	2.55675290e-04
2.56000000e-01	1.75661538e-02	2.55658657e-04
2.56500000e-01	1.75034353e-02	2.55898593e-04
2.57000000e-01	1.73940690e-02	2.53285245e-04
2.57500000e-01	1.75483697e-02	2.54327844e-04
2.58000000e-01	1.74586777e-02	2.54078493e-04
2.58500000e-01	1.72125243e-02	2.50867226e-04
2.59000000e-01	1.73956831e-02	2.52256746e-04
2.59500000e-01	1.70657251e-02	2.47795013e-04
2.60000000e-01	1.75029413e-02	2.54141713e-04
2.60500000e-01	1.72689795e-02	2.49941222e-04
2.61000000e-01	1.72409226e-02	2.48915765e-04
2.61500000e-01	1.72583335e-02	2.50097301e-04
2.62000000e-01	1.71911487e-02	2.47434561e-04
2.62500000e-01	1.72608018e-02	2.49141518e-04
2.63000000e-01	1.72752467e-02	2.48490189e-04
2.63500000e-01	1.73703754e-02	2.49636739e-04
2.64000000e-01	1.73186263e-02	2.47507955e-04
2.64500000e-01	1.70600077e-02	2.44807901e-04
2.65000000e-01	1.71671947e-02	2.46540234e-04
2.65500000e-01	1.70225615e-02	2.44856920e-04
2.66000000e-01	1.72969548e-02	2.46668151e-04
2.66500000e-01	1.71454791e-02	2.44733669e-04
2.67000000e-01	1.70748896e-02	2.43949108e-04
2.67500000e-01	1.72486101e-02	2.44261164e-04
2.68000000e-01	1.72468928e-02	2.45679693e-04
2.68500000e-01	1.71727991e-02	2.43565950e-04
2.69000000e-01	1.71880389e-02	2.44085483e-04
2.69500000e-01	1.68555792e-02	2.40078943e-04
2.70000000e-01	1.72652996e-02	2.44063663e-04
2.70500000e-01	1.69843811e-02	2.40202707e-04
2.71000000e-01	1.69539579e-02	2.39418430e-04
2.71500000e-01	1.70692996e-02	2.41525433e-04
2.72000000e-01	1.71761530e-02	2.41711404e-04
2.72500000e-01	1.72953043e-02	2.43405847e-04
2.73000000e-01	1.70629325e-02	2.39810695e-04
2.73500000e-01	1.70045662e-02	2.38838255e-04
2.74000000e-01	1.70266254e-02	2.39084812e-04
2.74500000e-01	1.71715839e-02	2.39993126e-04
2.75000000e-01	1.71721088e-02	2.41113842e-04
2.75500000e-01	1.71536239e-02	2.40781511e-04
2.76000000e-01	1.70102234e-02	2.38286652e-04
2.76500000e-01	1.68429761e-02	2.36785834e-04
2.77000000e-01	1.71754187e-02	2.39483625e-04
2.77500000e-01	1.71806858e-02	2.39527657e-04
2.78000000e-01	1.69708366e-02	2.36904512e-04
2.78500000e-01	1.69016479e-02	2.36647603e-04
2.79000000e-01	1.70379830e-02	2.37274413e-04
2.79500000e-01	1.69527697e-02	2.35607989e-04
2.80000000e-01	1.71341750e-02	2.39649458e-04
2.80500000e-01	1.70262451e-02	2.36878269e-04
2.81000000e-01	1.72734712e-02	2.39622536e-04
2.81500000e-01	1.68730113e-02	2.34467886e-04
2.82000000e-01	1.69391072e-02	2.35150502e-04
2.82500000e-01	1.68921139e-02	2.34736637e-04
2.83000000e-01	1.69791606e-02	2.33942339e-04
2.83500000e-01	1.68184991e-02	2.32211616e-04
2.84000000e-01	1.70426708e-02	2.35428481e-04
2.84500000e-01	1.69610686e-02	2.34302877e-04
2.85000000e-01	1.69933252e-02	2.34542604e-04
2.85500000e-01	1.68963744e-02	2.33273579e-04
2.86000000e-01	1.65692064e-02	2.28893479e-04
2.86500000e-01	1.67493999e-02	2.30482403e-04
2.87000000e-01	1.69972824e-02	2.32754441e-04
2.87500000e-01	1.68545268e-02	2.31059683e-04
2.88000000e-01	1.67169213e-02	2.28315470e-04
2.88500000e-01	1.66775497e-02	2.28886064e-04
2.89000000e-01	1.68911237e-02	2.30694819e-04
2.89500000e-01	1.68232081e-02	2.30136342e-04
2.90000000e-01	1.69193722e-02	2.31546679e-04
2.90500000e-01	1.68888970e-02	2.30449235e-04
2.91000000e-01	1.68413569e-02	2.29759101e-04
2.91500000e-01	1.69831702e-02	2.30929127e-04
2.92000000e-01	1.68571391e-02	2.28971931e-04
2.92500000e-01	1.68798170e-02	2.28777950e-04
2.93000000e-01	1.69773756e-02	2.30787820e-04
2.93500000e-01	1.70340887e-02	2.29899829e-04
2.94000000e-01	1.69649223e-02	2.29006109e-04
2.94500000e-01	1.68049342e-02	2.28520601e-04
2.95000000e-01	1.69269350e-02	2.29086656e-04
2.95500000e-01	1.68829486e-02	2.27989508e-04
2.96000000e-01	1.68714268e-02	2.28394652e-04
2.96500000e-01	1.67721192e-02	2.26780091e-04
2.97000000e-01	1.67936285e-02	2.27894151e-04
2.97500000e-01	1.68539850e-02	2.26655837e-04
2.98000000e-01	1.69541447e-02	2.28559153e-04
2.98500000e-01	1.67643816e-02	2.25395817e-04
2.99000000e-01	1.66907485e-02	2.24590426e-04
2.99500000e-01	1.67192003e-02	2.25594014e-04
3.00000000e-01	1.68476214e-02	2.25589527e-04
3.00500000e-01	1.67672605e-02	2.25431144e-04
3.01000000e-01	1.67864893e-02	2.23229259e-04
3.01500000e-01	1.68362382e-02	2.25536915e-04
3.02000000e-01	1.67905920e-02	2.24233774e-04
3.02500000e-01	1.66705640e-02	2.23075979e-04
3.03000000e-01	1.67224361e-02	2.23318560e-04
3.03500000e-01	1.66670801e-02	2.22686799e-04
3.04000000e-01	1.65763994e-02	2.21277899e-04
3.04500000e-01	1.67237580e-02	2.22407057e-04
3.05000000e-01	1.69529200e-02	2.25212174e-04
3.05500000e-01	1.63314197e-02	2.18085455e-04
3.06000000e-01	1.66701417e-02	2.20615957e-04
3.06500000e-01	1.67413255e-02	2.22462344e-04
3.07000000e-01	1.65826076e-02	2.19508107e-04
3.07500000e-01	1.65582877e-02	2.19444557e-04
3.08000000e-01	1.64242939e-02	2.17838990e-04
3.08500000e-01	1.64202572e-02	2.18190574e-04
3.09000000e-01	1.66667980e-02	2.21722289e-04
3.09500000e-01	1.67205353e-02	2.21080446e-04
3.10000000e-01	1.64548676e-02	2.17872645e-04
3.10500000e-01	1.64053824e-02	2.16538534e-04
3.11000000e-01	1.66801501e-02	2.20359049e-04
3.11500000e-01	1.66730301e-02	2.20334004e-04
3.12000000e-01	1.65003206e-02	2.17142369e-04
3.12500000e-01	1.67103428e-02	2.19787944e-04
3.13000000e-01	1.63618453e-02	2.14956193e-04
3.13500000e-01	1.65155604e-02	2.17308285e-04
3.14000000e-01	1.62767415e-02	2.13915316e-04
3.14500000e-01	1.65100260e-02	2.17037972e-04
3.15000000e-01	1.63921440e-02	2.16081280e-04
3.15500000e-01	1.63668582e-02	2.15317149e-04
3.16000000e-01	1.65724374e-02	2.16798430e-04
3.16500000e-01	1.65863038e-02	2.16686448e-04
3.17000000e-01	1.60984528e-02	2.11526711e-04
3.17500000e-01	1.64157389e-02	2.14413372e-04
3.18000000e-01	1.65058616e-02	2.15714309e-04
3.18500000e-01	1.64690854e-02	2.14846655e-04
3.19000000e-01	1.66306051e-02	2.16980374e-04
3.19500000e-01	1.64139717e-02	2.13212700e-04
3.20000000e-01	1.62783416e-02	2.11964212e-04
3.20500000e-01	1.62345241e-02	2.11073185e-04
3.21000000e-01	1.63558801e-02	2.12932003e-04
3.21500000e-01	1.63571016e-02	2.12447856e-04
3.22000000e-01	1.64652841e-02	2.12832543e-04
3.22500000e-01	1.63359482e-02	2.12168667e-04
3.23000000e-01	1.61964286e-02	2.09946389e-04
3.23500000e-01	1.62772135e-02	2.11261145e-04
3.24000000e-01	1.62135774e-02	2.09105378e-04
3.24500000e-01	1.63773656e-02	2.12027993e-04
3.25000000e-01	1.62275157e-02	2.08859067e-04
3.25500000e-01	1.63678948e-02	2.11464402e-04
3.26000000e-01	1.64182178e-02	2.11331585e-04
3.26500000e-01	1.60820927e-02	2.07676553e-04
3.27000000e-01	1.60889846e-02	2.07919488e-04
3.27500000e-01	1.60694075e-02	2.07087844e-04
3.28000000e-01	1.61904004e-02	2.08790353e-04
3.28500000e-01	1.60711301e-02	2.06788283e-04
3.29000000e-01	1.61505942e-02	2.07740533e-04
3.29500000e-01	1.61532767e-02	2.07240271e-04
3.30000000e-01	1.64625378e-02	2.10675439e-04
3.30500000e-01	1.60525675e-02	2.05805007e-04
3.31000000e-01	1.63938450e-02	2.08688794e-04
3.31500000e-01	1.60091475e-02	2.05316049e-04
3.32000000e-01	1.62630504e-02	2.08201198e-04
3.32500000e-01	1.62526332e-02	2.07279975e-04
3.33000000e-01	1.62134695e-02	2.07924706e-04
3.33500000e-01	1.61576028e-02	2.06195080e-04
3.34000000e-01	1.59750978e-02	2.04668636e-04
3.34500000e-01	1.61572555e-02	2.06142181e-04
3.35000000e-01	1.59370815e-02	2.02221806e-04
3.35500000e-01	1.63737270e-02	2.08220292e-04
3.36000000e-01	1.58924483e-02	2.02307260e-04
3.36500000e-01	1.59466937e-02	2.03480443e-04
3.37000000e-01	1.61071792e-02	2.04712180e-04
3.37500000e-01	1.61485477e-02	2.05024726e-04
3.38000000e-01	1.61649938e-02	2.04907356e-04
3.38500000e-01	1.59423224e-02	2.02362211e-04
3.39000000e-01	1.60747658e-02	2.03219898e-04
3.39500000e-01	1.60464982e-02	2.02191196e-04
3.40000000e-01	1.60244589e-02	2.02744376e-04
3.40500000e-01	1.59757298e-02	2.02522308e-04
3.41000000e-01	1.58972200e-02	2.01470426e-04
3.41500000e-01	1.58507752e-02	2.00908609e-04
3.42000000e-01	1.59824668e-02	2.01691649e-04
3.42500000e-01	1.60949606e-02	2.02357872e-04
3.43000000e-01	1.59226247e-02	2.00855026e-04
3.43500000e-01	1.58278572e-02	1.98992822e-04
3.44000000e-01	1.58963177e-02	2.00677598e-04
3.44500000e-01	1.61450339e-02	2.02688360e-04
3.45000000e-01	1.58059721e-02	1.99558094e-04
3.45500000e-01	1.60597817e-02	2.01045183e-04
3.46000000e-01	1.57141284e-02	1.98037517e-04
3.46500000e-01	1.58216445e-02	1.97722220e-04
3.47000000e-01	1.57788108e-02	1.97955207e-04
3.47500000e-01	1.58618460e-02	1.98492399e-04
3.48000000e-01	1.58177898e-02	1.97826295e-04
3.48500000e-01	1.59398484e-02	1.99775691e-04
3.49000000e-01	1.59443197e-02	1.99067934e-04
3.49500000e-01	1.58775686e-02	1.97919644e-04
3.50000000e-01	1.57276359e-02	1.60388058e-04
3.51000000e-01	1.58158275e-02	1.39465276e-04
3.52000000e-01	1.57756091e-02	1.38962538e-04
3.53000000e-01	1.57145596e-02	1.37750836e-04
3.54000000e-01	1.58647854e-02	1.39074710e-04
3.55000000e-01	1.57636102e-02	1.37994446e-04
3.56000000e-01	1.57992427e-02	1.39145478e-04
3.57000000e-01	1.59025089e-02	1.41914566e-04
3.58000000e-01	1.55877678e-02	1.40734393e-04
3.59000000e-01	1.56594539e-02	1.42550797e-04
3.60000000e-01	1.56995305e-02	1.43770948e-04
3.61000000e-01	1.56072768e-02	1.43678649e-04
3.62000000e-01	1.56653229e-02	1.44601561e-04
3.63000000e-01	1.54767662e-02	1.43930327e-04
3.64000000e-01	1.56344078e-02	1.45694553e-04
3.65000000e-01	1.56383688e-02	1.46036087e-04
3.66000000e-01	1.57156143e-02	1.44667761e-04
3.67000000e-01	1.54222046e-02	1.40741422e-04
3.68000000e-01	1.56425046e-02	1.41474969e-04
3.69000000e-01	1.55125674e-02	1.39330675e-04
3.70000000e-01	1.54842014e-02	1.38637953e-04
3.71000000e-01	1.55469607e-02	1.40997351e-04
3.72000000e-01	1.55462168e-02	1.41823221e-04
3.73000000e-01	1.54289389e-02	1.40954150e-04
3.74000000e-01	1.55287726e-02	1.42025265e-04
3.75000000e-01	1.54466574e-02	1.41863886e-04
3.76000000e-01	1.54782779e-02	1.41957584e-04
3.77000000e-01	1.54363003e-02	1.41501040e-04
3.78000000e-01	1.53988610e-02	1.41395886e-04
3.79000000e-01	1.53592536e-02	1.40821980e-04
3.80000000e-01	1.55702723e-02	1.42061771e-04
3.81000000e-01	1.54230585e-02	1.41120836e-04
3.82000000e-01	1.54014504e-02	1.40551203e-04
3.83000000e-01	1.54481614e-02	1.40890421e-04
3.84000000e-01	1.53220129e-02	1.40281736e-04
3.85000000e-01	1.52174539e-02	1.39637430e-04
3.86000000e-01	1.52844229e-02	1.39852823e-04
3.87000000e-01	1.53626539e-02	1.39905717e-04
3.88000000e-01	1.54061163e-02	1.40511367e-04
3.89000000e-01	1.51579340e-02	1.38513260e-04
3.90000000e-01	1.52335427e-02	1.38880521e-04
3.91000000e-01	1.53523010e-02	1.40144818e-04
3.92000000e-01	1.51879735e-02	1.38790466e-04
3.93000000e-01	1.51927595e-02	1.38375102e-04
3.94000000e-01	1.52131418e-02	1.38784419e-04
3.95000000e-01	1.53230737e-02	1.39427869e-04
3.96000000e-01	1.51044795e-02	1.37448071e-04
3.97000000e-01	1.51422591e-02	1.38188566e-04
3.98000000e-01	1.51405475e-02	1.38013806e-04
3.99000000e-01	1.50676237e-02	1.37598487e-04
4.00000000e-01	1.50969442e-02	1.37621519e-04
4.01000000e-01	1.50424511e-02	1.37039580e-04
4.02000000e-01	1.49931829e-02	1.36963633e-04
4.03000000e-01	1.50688294e-02	1.37329068e-04
4.04000000e-01	1.51459133e-02	1.37821136e-04
4.05000000e-01	1.51711012e-02	1.38274977e-04
4.06000000e-01	1.50411743e-02	1.37068607e-04
4.07000000e-01	1.50128898e-02	1.36417260e-04
4.08000000e-01	1.49094048e-02	1.35448614e-04
4.09000000e-01	1.49452881e-02	1.36485112e-04
4.10000000e-01	1.49891243e-02	1.36123166e-04
4.11000000e-01	1.50155500e-02	1.36434710e-04
4.12000000e-01	1.49753189e-02	1.36124811e-04
4.13000000e-01	1.49708569e-02	1.35838143e-04
4.14000000e-01	1.48942402e-02	1.35390846e-04
4.15000000e-01	1.51282336e-02	1.36946513e-04
4.16000000e-01	1.48641678e-02	1.34767465e-04
4.17000000e-01	1.48548534e-02	1.34955549e-04
4.18000000e-01	1.47995852e-02	1.35985579e-04
4.19000000e-01	1.49215304e-02	1.39038830e-04
4.20000000e-01	1.49752011e-02	1.39823335e-04
4.21000000e-01	1.50874819e-02	1.41147882e-04
4.22000000e-01	1.50098004e-02	1.40882721e-04
4.23000000e-01	1.47757708e-02	1.39530490e-04
4.24000000e-01	1.49606583e-02	1.41786641e-04
4.25000000e-01	1.50428059e-02	1.42118058e-04
4.26000000e-01	1.49757547e-02	1.41673278e-04
4.27000000e-01	1.49172648e-02	1.41415152e-04
4.28000000e-01	1.48785715e-02	1.41354063e-04
4.29000000e-01	1.48445155e-02	1.41104394e-04
4.30000000e-01	1.48752940e-02	1.41392302e-04
4.31000000e-01	1.50242528e-02	1.42166805e-04
4.32000000e-01	1.48023128e-02	1.40588306e-04
4.33000000e-01	1.47121709e-02	1.39775254e-04
4.34000000e-01	1.48048196e-02	1.41212582e-04
4.35000000e-01	1.48877964e-02	1.41772863e-04
4.36000000e-01	1.48958994e-02	1.42196702e-04
4.37000000e-01	1.47987878e-02	1.41494816e-04
4.38000000e-01	1.47806915e-02	1.41848691e-04
4.39000000e-01	1.49045212e-02	1.42794154e-04
4.40000000e-01	1.47604094e-02	1.41329776e-04
4.41000000e-01	1.48336173e-02	1.42403944e-04
4.42000000e-01	1.47466168e-02	1.41872953e-04
4.43000000e-01	1.46741519e-02	1.41539894e-04
4.44000000e-01	1.47599734e-02	1.42421510e-04
4.45000000e-01	1.47175745e-02	1.42191602e-04
4.46000000e-01	1.47357091e-02	1.42301753e-04
4.47000000e-01	1.46250042e-02	1.41729839e-04
4.48000000e-01	1.45947613e-02	1.41550741e-04
4.49000000e-01	1.47367510e-02	1.42683414e-04
4.50000000e-01	1.46269537e-02	1.42207732e-04
4.51000000e-01	1.46944548e-02	1.42600130e-04
4.52000000e-01	1.46290353e-02	1.42300796e-04
4.53000000e-01	1.46239316e-02	1.42266990e-04
4.54000000e-01	1.45111687e-02	1.41767245e-04
4.55000000e-01	1.45860307e-02	1.41839607e-04
4.56000000e-01	1.46758906e-02	1.43228346e-04
4.57000000e-01	1.45543354e-02	1.42092788e-04
4.58000000e-01	1.45853727e-02	1.42381775e-04
4.59000000e-01	1.46137147e-02	1.43153044e-04
4.60000000e-01	1.46451594e-02	1.43045283e-04
4.61000000e-01	1.45482810e-02	1.42574076e-04
4.62000000e-01	1.45381758e-02	1.42588338e-04
4.63000000e-01	1.46470122e-02	1.43830259e-04
4.64000000e-01	1.45957863e-02	1.43577017e-04
4.65000000e-01	1.46295572e-02	1.44139556e-04
4.66000000e-01	1.44824691e-02	1.42347754e-04
4.67000000e-01	1.46035966e-02	1.43912396e-04
4.68000000e-01	1.45867269e-02	1.43734552e-04
4.69000000e-01	1.44335686e-02	1.42822796e-04
4.70000000e-01	1.45165070e-02	1.43899815e-04
4.71000000e-01	1.46153390e-02	1.44070313e-04
4.72000000e-01	1.45412409e-02	1.43408236e-04
4.73000000e-01	1.44874041e-02	1.43332798e-04
4.74000000e-01	1.44526072e-02	1.42385129e-04
4.75000000e-01	1.44810318e-02	1.42709363e-04
4.76000000e-01	1.45193552e-02	1.42931279e-04
4.77000000e-01	1.44821566e-02	1.42849413e-04
4.78000000e-01	1.43060137e-02	1.41461275e-04
4.79000000e-01	1.44074233e-02	1.42186752e-04
4.80000000e-01	1.45226195e-02	1.43703670e-04
4.81000000e-01	1.43953620e-02	1.42293906e-04
4.82000000e-01	1.44705150e-02	1.42962493e-04
4.83000000e-01	1.43895723e-02	1.42274837e-04
4.84000000e-01	1.43553937e-02	1.42509394e-04
4.85000000e-01	1.44900078e-02	1.43141923e-04
4.86000000e-01	1.43837240e-02	1.42397478e-04
4.87000000e-01	1.41933474e-02	1.40940740e-04
4.88000000e-01	1.43550849e-02	1.42336470e-04
4.89000000e-01	1.43711397e-02	1.42883588e-04
4.90000000e-01	1.43609042e-02	1.42938719e-04
4.91000000e-01	1.42022078e-02	1.40860976e-04
4.92000000e-01	1.43212736e-02	1.42795471e-04
4.93000000e-01	1.43967619e-02	1.43296645e-04
4.94000000e-01	1.41776987e-02	1.41558195e-04
4.95000000e-01	1.42103649e-02	1.42741499e-04
4.96000000e-01	1.44059055e-02	1.48660670e-04
4.97000000e-01	1.43060578e-02	1.50778019e-04
4.98000000e-01	1.42849453e-02	1.51846167e-04
4.99000000e-01	1.42946888e-02	1.54213236e-04
5.00000000e-01	1.41918814e-02	1.54605500e-04
5.01000000e-01	1.42807736e-02	1.57145443e-04
5.02000000e-01	1.41940784e-02	1.58250681e-04
5.03000000e-01	1.43429936e-02	1.60803587e-04
5.04000000e-01	1.42570069e-02	1.61091164e-04
5.05000000e-01	1.42858658e-02	1.58944869e-04
5.06000000e-01	1.43016233e-02	1.55918900e-04
5.07000000e-01	1.42119843e-02	1.53747788e-04
5.08000000e-01	1.42883494e-02	1.52930487e-04
5.09000000e-01	1.41090867e-02	1.50379283e-04
5.10000000e-01	1.41310325e-02	1.50409344e-04
5.11000000e-01	1.42503771e-02	1.50855845e-04
5.12000000e-01	1.41444767e-02	1.49472196e-04
5.13000000e-01	1.41906938e-02	1.50231122e-04
5.14000000e-01	1.41681357e-02	1.49714641e-04
5.15000000e-01	1.41032174e-02	1.48133922e-04
5.16000000e-01	1.40323005e-02	1.47268946e-04
5.17000000e-01	1.42079075e-02	1.48843668e-04
5.18000000e-01	1.41007525e-02	1.47310453e-04
5.19000000e-01	1.42430194e-02	1.48025721e-04
5.20000000e-01	1.41395238e-02	1.47049578e-04
5.21000000e-01	1.40253865e-02	1.45800709e-04
5.22000000e-01	1.40394446e-02	1.45998073e-04
5.23000000e-01	1.40126091e-02	1.45378189e-04
5.24000000e-01	1.40942642e-02	1.46639819e-04
5.25000000e-01	1.39375630e-02	1.45046926e-04
5.26000000e-01	1.39546861e-02	1.44995321e-04
5.27000000e-01	1.40677440e-02	1.45552390e-04
5.28000000e-01	1.40744969e-02	1.45515130e-04
5.29000000e-01	1.38951377e-02	1.45168434e-04
5.30000000e-01	1.41132186e-02	1.46138931e-04
5.31000000e-01	1.38932423e-02	1.44636290e-04
5.32000000e-01	1.38889486e-02	1.44574817e-04
5.33000000e-01	1.39467238e-02	1.45036275e-04
5.34000000e-01	1.39176269e-02	1.44896823e-04
5.35000000e-01	1.38701014e-02	1.44341536e-04
5.36000000e-01	1.39605791e-02	1.45286479e-04
5.37000000e-01	1.39518933e-02	1.45186467e-04
5.38000000e-01	1.39273207e-02	1.44806764e-04
5.39000000e-01	1.39790631e-02	1.45478877e-04
5.40000000e-01	1.37950355e-02	1.43544729e-04
5.41000000e-01	1.38486750e-02	1.43656810e-04
5.42000000e-01	1.36906537e-02	1.42740247e-04
5.43000000e-01	1.38370866e-02	1.44083188e-04
5.44000000e-01	1.36851674e-02	1.42530964e-04
5.45000000e-01	1.39040658e-02	1.44260029e-04
5.46000000e-01	1.38999889e-02	1.44642402e-04
5.47000000e-01	1.37599398e-02	1.43191643e-04
5.48000000e-01	1.38459188e-02	1.44017837e-04
5.49000000e-01	1.36272780e-02	1.41832897e-04
5.50000000e-01	1.37212368e-02	1.42657042e-04
5.51000000e-01	1.36961854e-02	1.42379711e-04
5.52000000e-01	1.37446932e-02	1.42274748e-04
5.53000000e-01	1.36068717e-02	1.41095311e-04
5.54000000e-01	1.36938717e-02	1.41525252e-04
5.55000000e-01	1.37657350e-02	1.42333374e-04
5.56000000e-01	1.36994627e-02	1.41530122e-04
5.57000000e-01	1.37436974e-02	1.42173414e-04
5.58000000e-01	1.36821349e-02	1.41694883e-04
5.59000000e-01	1.37044027e-02	1.41329803e-04
5.60000000e-01	1.36038387e-02	1.40663552e-04
5.61000000e-01	1.35464192e-02	1.40333884e-04
5.62000000e-01	1.35697105e-02	1.40020394e-04
5.63000000e-01	1.34470746e-02	1.39374052e-04
5.64000000e-01	1.34832992e-02	1.39521859e-04
5.65000000e-01	1.37031130e-02	1.41513529e-04
5.66000000e-01	1.35460680e-02	1.40351464e-04
5.67000000e-01	1.35787937e-02	1.40740077e-04
5.68000000e-01	1.36627139e-02	1.41449241e-04
5.69000000e-01	1.35872643e-02	1.40142024e-04
5.70000000e-01	1.35626482e-02	1.39657201e-04
5.71000000e-01	1.35224215e-02	1.39846470e-04
5.72000000e-01	1.34545690e-02	1.39167109e-04
5.73000000e-01	1.36607960e-02	1.41131917e-04
5.74000000e-01	1.35008664e-02	1.39382936e-04
5.75000000e-01	1.33863181e-02	1.38671390e-04
5.76000000e-01	1.32267876e-02	1.37603674e-04
5.77000000e-01	1.33972157e-02	1.38971090e-04
5.78000000e-01	1.34728114e-02	1.39726760e-04
5.79000000e-01	1.34817080e-02	1.39293321e-04
5.80000000e-01	1.34289590e-02	1.39255278e-04
5.81000000e-01	1.35136148e-02	1.40123456e-04
5.82000000e-01	1.34366120e-02	1.39407125e-04
5.83000000e-01	1.34133218e-02	1.38690491e-04
5.84000000e-01	1.33755545e-02	1.39103408e-04
5.85000000e-01	1.34810419e-02	1.39818027e-04
5.86000000e-01	1.34930174e-02	1.39884488e-04
5.87000000e-01	1.33179065e-02	1.38219331e-04
5.88000000e-01	1.33408032e-02	1.38862891e-04
5.89000000e-01	1.33364480e-02	1.38715984e-04
5.90000000e-01	1.33208721e-02	1.38187995e-04
5.91000000e-01	1.32010366e-02	1.37413325e-04
5.92000000e-01	1.32521769e-02	1.37979949e-04
5.93000000e-01	1.33638880e-02	1.38908693e-04
5.94000000e-01	1.32600719e-02	1.37888899e-04
5.95000000e-01	1.32963892e-02	1.38160191e-04
5.96000000e-01	1.33031338e-02	1.38476029e-04
5.97000000e-01	1.32973280e-02	1.38375191e-04
5.98000000e-01	1.32800547e-02	1.38397435e-04
5.99000000e-01	1.31071321e-02	1.36530746e-04
6.00000000e-01	1.31062398e-02	1.36500877e-04
6.01000000e-01	1.32483773e-02	1.38330040e-04
6.02000000e-01	1.32794417e-02	1.38464610e-04
6.03000000e-01	1.31954896e-02	1.37854499e-04
6.04000000e-01	1.32965980e-02	1.39029040e-04
6.05000000e-01	1.31959249e-02	1.36782940e-04
6.06000000e-01	1.31642704e-02	1.37545061e-04
6.07000000e-01	1.32421663e-02	1.38107648e-04
6.08000000e-01	1.31764073e-02	1.37595908e-04
6.09000000e-01	1.30449852e-02	1.36550429e-04
6.10000000e-01	1.31795256e-02	1.37956004e-04
6.11000000e-01	1.32010181e-02	1.37814841e-04
6.12000000e-01	1.30664567e-02	1.36737732e-04
6.13000000e-01	1.31531999e-02	1.37560682e-04
6.14000000e-01	1.31841442e-02	1.37366321e-04
6.15000000e-01	1.31583915e-02	1.37144489e-04
6.16000000e-01	1.31375226e-02	1.37215179e-04
6.17000000e-01	1.30714339e-02	1.36587098e-04
6.18000000e-01	1.30586600e-02	1.36234885e-04
6.19000000e-01	1.29676301e-02	1.35273438e-04
6.20000000e-01	1.31007838e-02	1.36427478e-04
6.21000000e-01	1.29752751e-02	1.35308287e-04
6.22000000e-01	1.30536494e-02	1.35945547e-04
6.23000000e-01	1.30461087e-02	1.35463880e-04
6.24000000e-01	1.31010216e-02	1.35958128e-04
6.25000000e-01	1.30351072e-02	1.35384252e-04
6.26000000e-01	1.30546237e-02	1.35384360e-04
6.27000000e-01	1.29664945e-02	1.34934732e-04
6.28000000e-01	1.30519630e-02	1.35047349e-04
6.29000000e-01	1.29395340e-02	1.34371209e-04
6.30000000e-01	1.30452168e-02	1.35353643e-04
6.31000000e-01	1.28604605e-02	1.33355069e-04
6.32000000e-01	1.30178736e-02	1.35638234e-04
6.33000000e-01	1.31101953e-02	1.36271500e-04
6.34000000e-01	1.29636876e-02	1.38081046e-04
6.35000000e-01	1.29746530e-02	1.42506066e-04
6.36000000e-01	1.31377702e-02	1.46558820e-04
6.37000000e-01	1.32425663e-02	1.49642091e-04
6.38000000e-01	1.30369268e-02	1.48822733e-04
6.39000000e-01	1.30212979e-02	1.51414154e-04
6.40000000e-01	1.29890580e-02	1.52363493e-04
6.41000000e-01	1.29844729e-02	1.54514488e-04
6.42000000e-01	1.27866836e-02	1.54021444e-04
6.43000000e-01	1.29754307e-02	1.56083033e-04
6.44000000e-01	1.30876269e-02	1.50973953e-04
6.45000000e-01	1.29853627e-02	1.48717317e-04
6.46000000e-01	1.30842512e-02	1.47502190e-04
6.47000000e-01	1.30643367e-02	1.46472937e-04
6.48000000e-01	1.30786032e-02	1.46431048e-04
6.49000000e-01	1.31092253e-02	1.45156171e-04
6.50000000e-01	1.30084966e-02	1.43648776e-04
6.51000000e-01	1.29253697e-02	1.42455860e-04
6.52000000e-01	1.31124346e-02	1.43190204e-04
6.53000000e-01	1.30042474e-02	1.41906702e-04
6.54000000e-01	1.29574586e-02	1.41038319e-04
6.55000000e-01	1.30217727e-02	1.41228838e-04
6.56000000e-01	1.29822871e-02	1.41193246e-04
6.57000000e-01	1.27698904e-02	1.38867258e-04
6.58000000e-01	1.29775466e-02	1.40158541e-04
6.59000000e-01	1.29038020e-02	1.39707889e-04
6.60000000e-01	1.27979649e-02	1.38353621e-04
6.61000000e-01	1.28645922e-02	1.39118648e-04
6.62000000e-01	1.28873905e-02	1.39634981e-04
6.63000000e-01	1.29210170e-02	1.40107023e-04
6.64000000e-01	1.28895039e-02	1.39297094e-04
6.65000000e-01	1.28611658e-02	1.39399631e-04
6.66000000e-01	1.28284895e-02	1.38180311e-04
6.67000000e-01	1.29266390e-02	1.39770558e-04
6.68000000e-01	1.29068613e-02	1.38775653e-04
6.69000000e-01	1.29631224e-02	1.39306733e-04
6.70000000e-01	1.28951599e-02	1.38830430e-04
6.71000000e-01	1.27747454e-02	1.37872255e-04
6.72000000e-01	1.27302264e-02	1.37190678e-04
6.73000000e-01	1.29398572e-02	1.38714797e-04
6.74000000e-01	1.28047496e-02	1.37584685e-04
6.75000000e-01	1.27976159e-02	1.37643927e-04
6.76000000e-01	1.27805617e-02	1.38050994e-04
6.77000000e-01	1.28015829e-02	1.37099797e-04
6.78000000e-01	1.28067384e-02	1.37646321e-04
6.79000000e-01	1.27507430e-02	1.36641495e-04
6.80000000e-01	1.28429116e-02	1.37774834e-04
6.81000000e-01	1.27776379e-02	1.37600345e-04
6.82000000e-01	1.28243528e-02	1.37436245e-04
6.83000000e-01	1.27832935e-02	1.37279902e-04
6.84000000e-01	1.28051587e-02	1.37096639e-04
6.85000000e-01	1.25858729e-02	1.35229063e-04
6.86000000e-01	1.26678251e-02	1.36497939e-04
6.87000000e-01	1.27445004e-02	1.36931590e-04
6.88000000e-01	1.27464007e-02	1.36974019e-04
6.89000000e-01	1.27995661e-02	1.37051704e-04
6.90000000e-01	1.27673423e-02	1.36547221e-04
6.91000000e-01	1.25627473e-02	1.34451223e-04
6.92000000e-01	1.26420272e-02	1.35361303e-04
6.93000000e-01	1.26749942e-02	1.35874444e-04
6.94000000e-01	1.26389118e-02	1.35548788e-04
6.95000000e-01	1.27796093e-02	1.37065877e-04
6.96000000e-01	1.26028197e-02	1.35014684e-04
6.97000000e-01	1.26316989e-02	1.35428697e-04
6.98000000e-01	1.26608627e-02	1.35979432e-04
6.99000000e-01	1.27685384e-02	1.36737857e-04
7.00000000e-01	1.24211720e-02	1.33573412e-04
7.01000000e-01	1.25468729e-02	1.34816521e-04
7.02000000e-01	1.25974640e-02	1.34838183e-04
7.03000000e-01	1.25945623e-02	1.35130321e-04
7.04000000e-01	1.25001615e-02	1.34214377e-04
7.05000000e-01	1.25085309e-02	1.34301565e-04
7.06000000e-01	1.24982913e-02	1.33817686e-04
7.07000000e-01	1.25550034e-02	1.34655697e-04
7.08000000e-01	1.24201061e-02	1.32451300e-04
7.09000000e-01	1.24750486e-02	1.33763953e-04
7.10000000e-01	1.25984604e-02	1.35033556e-04
7.11000000e-01	1.24675038e-02	1.33319055e-04
7.12000000e-01	1.25895327e-02	1.34492220e-04
7.13000000e-01	1.23136137e-02	1.32475639e-04
7.14000000e-01	1.23259039e-02	1.31635529e-04
7.15000000e-01	1.23445958e-02	1.32520625e-04
7.16000000e-01	1.23020163e-02	1.32088699e-04
7.17000000e-01	1.23129634e-02	1.32089346e-04
7.18000000e-01	1.23593157e-02	1.32436153e-04
7.19000000e-01	1.23944336e-02	1.32842021e-04
7.20000000e-01	1.22806138e-02	1.31927001e-04
7.21000000e-01	1.23371467e-02	1.32233962e-04
7.22000000e-01	1.23916013e-02	1.33152032e-04
7.23000000e-01	1.22636354e-02	1.31792076e-04
7.24000000e-01	1.23091590e-02	1.32149779e-04
7.25000000e-01	1.22245963e-02	1.31840949e-04
7.26000000e-01	1.22847794e-02	1.31215427e-04
7.27000000e-01	1.21884868e-02	1.31065315e-04
7.28000000e-01	1.22213741e-02	1.30773497e-04
7.29000000e-01	1.21730732e-02	1.30871456e-04
7.30000000e-01	1.23122900e-02	1.31830978e-04
7.31000000e-01	1.21967612e-02	1.31075874e-04
7.32000000e-01	1.21824975e-02	1.30566272e-04
7.33000000e-01	1.22997870e-02	1.31908569e-04
7.34000000e-01	1.23544543e-02	1.32100121e-04
7.35000000e-01	1.21425496e-02	1.30185266e-04
7.36000000e-01	1.19631362e-02	1.27938871e-04
7.37000000e-01	1.21686276e-02	1.30017556e-04
7.38000000e-01	1.20355334e-02	1.28386108e-04
7.39000000e-01	1.22186548e-02	1.29982157e-04
7.40000000e-01	1.20751612e-02	1.28809500e-04
7.41000000e-01	1.20868186e-02	1.28491785e-04
7.42000000e-01	1.20685414e-02	1.28272018e-04
7.43000000e-01	1.21517295e-02	1.28652651e-04
7.44000000e-01	1.21831161e-02	1.29357560e-04
7.45000000e-01	1.20843140e-02	1.28540851e-04
7.46000000e-01	1.21793974e-02	1.29450241e-04
7.47000000e-01	1.20582138e-02	1.28111964e-04
7.48000000e-01	1.20240072e-02	1.27687482e-04
7.49000000e-01	1.20544131e-02	1.28380648e-04
7.50000000e-01	1.19625721e-02	1.27484046e-04
7.51000000e-01	1.18970830e-02	1.26926307e-04
7.52000000e-01	1.20312254e-02	1.28040790e-04
7.53000000e-01	1.20390057e-02	1.27995113e-04
7.54000000e-01	1.19702449e-02	1.27389910e-04
7.55000000e-01	1.20366728e-02	1.28086018e-04
7.56000000e-01	1.20252500e-02	1.27603646e-04
7.57000000e-01	1.20080570e-02	1.27868171e-04
7.58000000e-01	1.20656653e-02	1.27799957e-04
7.59000000e-01	1.20400071e-02	1.27913413e-04
7.60000000e-01	1.18144878e-02	1.25467590e-04
7.61000000e-01	1.19531436e-02	1.26704492e-04
7.62000000e-01	1.19663891e-02	1.26400581e-04
7.63000000e-01	1.18549419e-02	1.25721237e-04
7.64000000e-01	1.18355111e-02	1.25071913e-04
7.65000000e-01	1.18022888e-02	1.24939213e-04
7.66000000e-01	1.20831698e-02	1.27192464e-04
7.67000000e-01	1.16702856e-02	1.23635631e-04
7.68000000e-01	1.19360364e-02	1.25965981e-04
7.69000000e-01	1.18957701e-02	1.25590377e-04
7.70000000e-01	1.17335562e-02	1.24303657e-04
7.71000000e-01	1.18743625e-02	1.25215906e-04
7.72000000e-01	1.18102209e-02	1.28128451e-04
7.73000000e-01	1.17130481e-02	1.31512951e-04
7.74000000e-01	1.19059847e-02	1.35941106e-04
7.75000000e-01	1.18613538e-02	1.38132926e-04
7.76000000e-01	1.17240920e-02	1.38835750e-04
7.77000000e-01	1.17249762e-02	1.41129271e-04
7.78000000e-01	1.17955150e-02	1.43921956e-04
7.79000000e-01	1.17656908e-02	1.44781257e-04
7.80000000e-01	1.15207664e-02	1.44474446e-04
7.81000000e-01	1.17463592e-02	1.48400009e-04
7.82000000e-01	1.18530492e-02	1.50936681e-04
7.83000000e-01	1.15899666e-02	1.49401523e-04
7.84000000e-01	1.16342267e-02	1.51527759e-04
7.85000000e-01	1.16601554e-02	1.53576892e-04
7.86000000e-01	1.16994871e-02	1.56428508e-04
7.87000000e-01	1.15915040e-02	1.56081053e-04
7.88000000e-01	1.17280885e-02	1.58566494e-04
7.89000000e-01	1.16510519e-02	1.60029148e-04
7.90000000e-01	1.15537097e-02	1.60123333e-04
7.91000000e-01	1.16254640e-02	1.62877263e-04
7.92000000e-01	1.15588014e-02	1.63521651e-04
7.93000000e-01	1.16039752e-02	1.66335582e-04
7.94000000e-01	1.14719959e-02	1.66129064e-04
7.95000000e-01	1.16179627e-02	1.69433178e-04
7.96000000e-01	1.15621064e-02	1.69867284e-04
7.97000000e-01	1.14190435e-02	1.70271240e-04
7.98000000e-01	1.14979343e-02	1.72801425e-04
7.99000000e-01	1.15671488e-02	1.76171939e-04
8.00000000e-01	1.15011689e-02	1.76632848e-04
8.01000000e-01	1.13296235e-02	1.76004953e-04
8.02000000e-01	1.13499571e-02	1.77168785e-04
8.03000000e-01	1.14472552e-02	1.81562066e-04
8.04000000e-01	1.12608619e-02	1.80640680e-04
8.05000000e-01	1.13231293e-02	1.84770278e-04
8.06000000e-01	1.13357109e-02	1.85650317e-04
8.07000000e-01	1.13067427e-02	1.85971629e-04
8.08000000e-01	1.12012046e-02	1.87994262e-04
8.09000000e-01	1.14587178e-02	1.92519508e-04
8.10000000e-01	1.13861793e-02	1.94636158e-04
8.11000000e-01	1.15893366e-02	1.98697465e-04
8.12000000e-01	1.13239327e-02	1.98951638e-04
8.13000000e-01	1.12616585e-02	2.00018773e-04
8.14000000e-01	1.12029344e-02	2.01620331e-04
8.15000000e-01	1.13245998e-02	2.04225862e-04
8.16000000e-01	1.11384028e-02	2.04154975e-04
8.17000000e-01	1.13369824e-02	2.09941992e-04
8.18000000e-01	1.13191990e-02	2.12539044e-04
8.19000000e-01	1.10720169e-02	2.11265507e-04
8.20000000e-01	1.12616465e-02	2.18298753e-04
8.21000000e-01	1.12184483e-02	2.20139893e-04
8.22000000e-01	1.11793267e-02	2.21401042e-04
8.23000000e-01	1.14362715e-02	2.28245589e-04
8.24000000e-01	1.12510108e-02	2.28354437e-04
8.25000000e-01	1.11033590e-02	2.28940994e-04
8.26000000e-01	1.11086710e-02	2.31345538e-04
8.27000000e-01	1.11163071e-02	2.35914756e-04
8.28000000e-01	1.10616181e-02	2.37814503e-04
8.29000000e-01	1.11140740e-02	2.46148443e-04
8.30000000e-01	1.07537992e-02	2.40834242e-04
8.31000000e-01	1.12591433e-02	2.51752727e-04
8.32000000e-01	1.08901343e-02	2.51813444e-04
8.33000000e-01	1.10100440e-02	2.58467395e-04
8.34000000e-01	1.09757532e-02	2.60799064e-04
8.35000000e-01	1.12222134e-02	2.72267163e-04
8.36000000e-01	1.11325243e-02	2.73685320e-04
8.37000000e-01	1.09012085e-02	2.74165095e-04
8.38000000e-01	1.10794070e-02	2.82830837e-04
8.39000000e-01	1.09535992e-02	2.88248452e-04
8.40000000e-01	1.07373846e-02	2.87114648e-04
8.41000000e-01	1.06129301e-02	2.92713400e-04
8.42000000e-01	1.07389825e-02	3.02187944e-04
8.43000000e-01	1.07495920e-02	3.09618789e-04
8.44000000e-01	1.09037035e-02	3.19311689e-04
8.45000000e-01	1.10091500e-02	3.31790227e-04
8.46000000e-01	1.10807924e-02	3.40678078e-04
8.47000000e-01	1.05313406e-02	3.35508371e-04
8.48000000e-01	1.07258896e-02	3.55041683e-04
8.49000000e-01	1.07970189e-02	3.65794920e-04
8.50000000e-01	1.04901612e-02	3.69735073e-04
8.51000000e-01	1.07540198e-02	3.91203965e-04
8.52000000e-01	1.04546842e-02	3.99045448e-04
8.53000000e-01	1.05490332e-02	4.14932191e-04
8.54000000e-01	1.09800625e-02	4.56077550e-04
8.55000000e-01	1.04734064e-02	4.44275479e-04
8.56000000e-01	1.08220901e-02	4.74660952e-04
8.57000000e-01	1.08685165e-02	4.87626366e-04
8.58000000e-01	1.04886237e-02	4.89346367e-04
8.59000000e-01	1.04785259e-02	5.03164039e-04
8.60000000e-01	1.04319695e-02	5.15085022e-04
8.61000000e-01	1.07442881e-02	5.54711886e-04
8.62000000e-01	1.09338196e-02	5.91073421e-04
8.63000000e-01	1.06285721e-02	5.91586039e-04
8.64000000e-01	1.01491293e-02	5.97854301e-04
8.65000000e-01	1.03236597e-02	6.21589801e-04
8.66000000e-01	1.04320031e-02	6.75855950e-04
8.67000000e-01	9.94854312e-03	6.79250803e-04
8.68000000e-01	1.03323095e-02	7.57148084e-04
8.69000000e-01	1.10899325e-02	8.61408367e-04
8.70000000e-01	1.01601617e-02	8.69661913e-04
8.71000000e-01	9.91333897e-03	9.45312078e-04
8.72000000e-01	1.09475741e-02	1.13776662e-03
8.73000000e-01	9.82533413e-03	1.19233318e-03
8.74000000e-01	1.02730087e-02	1.66465721e-03
8.75000000e-01	1.28911924e-02	4.37805409e-03
