% Filename : SDL7_00012_00133.h5
% Date & Time : 30-Oct-2025 14:54:07
% X-ray Energy (keV) : 13.30001
% Exposure Time (s) : 0.500
% Beam Center : 1461.24000, 208.98300
% Sample to Detector Distance (SDD) (mm) : 1990.750
% Detector Pixel Size (mm) : 0.075
% Photodiode Value : 135458.000
% I0 of Sample : 0
% I0 of Standard : 1
% 
% q(A^-1)   I(q)    I(q)_SE
0.00000000e+00	1.06699845e-02	6.53399798e-03
2.50000000e-04	0.00000000e+00	0.00000000e+00
5.00000000e-04	0.00000000e+00	0.00000000e+00
7.50000000e-04	0.00000000e+00	0.00000000e+00
1.00000000e-03	0.00000000e+00	0.00000000e+00
1.25000000e-03	0.00000000e+00	0.00000000e+00
1.50000000e-03	0.00000000e+00	0.00000000e+00
1.75000000e-03	0.00000000e+00	0.00000000e+00
2.00000000e-03	0.00000000e+00	0.00000000e+00
2.25000000e-03	0.00000000e+00	0.00000000e+00
2.50000000e-03	0.00000000e+00	0.00000000e+00
2.75000000e-03	0.00000000e+00	0.00000000e+00
3.00000000e-03	0.00000000e+00	0.00000000e+00
3.25000000e-03	1.22783806e+01	9.93572915e+00
3.50000000e-03	3.52667350e+00	1.90999824e+00
3.75000000e-03	2.27626267e+00	1.01579851e+00
4.00000000e-03	1.72681009e+00	5.99940700e-01
4.25000000e-03	8.99971358e-01	1.34795547e-01
4.50000000e-03	1.35871321e+00	3.53551606e-01
4.75000000e-03	1.44818023e+00	3.49825822e-01
5.00000000e-03	1.15240492e+00	2.71239341e-01
5.25000000e-03	9.98498218e-01	2.39268766e-01
5.50000000e-03	8.02984403e-01	1.81622024e-01
5.75000000e-03	6.93526378e-01	1.59052017e-01
6.00000000e-03	5.60996282e-01	1.19686502e-01
6.25000000e-03	4.91440611e-01	1.02976526e-01
6.50000000e-03	4.23119031e-01	8.50633300e-02
6.75000000e-03	3.65785183e-01	6.91476964e-02
7.00000000e-03	3.18829310e-01	5.97151247e-02
7.25000000e-03	2.75152095e-01	4.85151833e-02
7.50000000e-03	2.33799043e-01	3.94132064e-02
7.75000000e-03	2.10221994e-01	3.34884565e-02
8.00000000e-03	1.96003179e-01	3.04395558e-02
8.25000000e-03	1.68275545e-01	2.46609646e-02
8.50000000e-03	1.50782202e-01	2.10736988e-02
8.75000000e-03	1.38513171e-01	1.93637744e-02
9.00000000e-03	1.25298025e-01	1.63951918e-02
9.25000000e-03	1.11752510e-01	1.39756058e-02
9.50000000e-03	1.03094461e-01	1.28503131e-02
9.75000000e-03	9.84218126e-02	1.17877563e-02
1.00000000e-02	8.71610294e-02	1.06283697e-02
1.02500000e-02	8.05847079e-02	9.32808451e-03
1.05000000e-02	7.54716559e-02	8.46139876e-03
1.07500000e-02	7.32438645e-02	8.51507119e-03
1.10000000e-02	6.51278498e-02	6.76669602e-03
1.12500000e-02	6.33491532e-02	7.21600639e-03
1.15000000e-02	6.19917037e-02	6.56615838e-03
1.17500000e-02	5.37974940e-02	5.07899640e-03
1.20000000e-02	5.51793881e-02	6.10081471e-03
1.22500000e-02	5.14961445e-02	5.36151648e-03
1.25000000e-02	4.90615231e-02	5.01966448e-03
1.27500000e-02	4.77798532e-02	4.89356578e-03
1.30000000e-02	4.65661754e-02	4.71285940e-03
1.32500000e-02	4.27306297e-02	3.74770254e-03
1.35000000e-02	4.27342537e-02	3.79867584e-03
1.37500000e-02	4.08408001e-02	3.56608713e-03
1.40000000e-02	3.83755912e-02	3.17734702e-03
1.42500000e-02	3.80273923e-02	3.22825827e-03
1.45000000e-02	3.64088799e-02	3.01635636e-03
1.47500000e-02	3.61465100e-02	2.77641086e-03
1.50000000e-02	3.55876442e-02	2.71119233e-03
1.52500000e-02	3.37339665e-02	2.41065458e-03
1.55000000e-02	3.14966019e-02	2.30688633e-03
1.57500000e-02	3.06185555e-02	2.25030388e-03
1.60000000e-02	3.08747769e-02	2.04723368e-03
1.62500000e-02	3.11792445e-02	2.09246693e-03
1.65000000e-02	2.99311211e-02	1.92266487e-03
1.67500000e-02	2.84680780e-02	1.81664351e-03
1.70000000e-02	2.85214609e-02	1.88129150e-03
1.72500000e-02	2.84050048e-02	1.79983735e-03
1.75000000e-02	2.68754680e-02	1.75532643e-03
1.77500000e-02	2.85821896e-02	1.69470751e-03
1.80000000e-02	2.75768778e-02	1.59289102e-03
1.82500000e-02	2.67528749e-02	1.61150771e-03
1.85000000e-02	2.55563446e-02	1.49023154e-03
1.87500000e-02	2.49089437e-02	1.49315154e-03
1.90000000e-02	2.64083905e-02	1.51734612e-03
1.92500000e-02	2.58002618e-02	1.42080311e-03
1.95000000e-02	2.53705224e-02	1.40150999e-03
1.97500000e-02	2.47320068e-02	1.38717289e-03
2.00000000e-02	2.49662455e-02	1.37887117e-03
2.02500000e-02	2.46091492e-02	1.29783748e-03
2.05000000e-02	2.43684843e-02	1.28253933e-03
2.07500000e-02	2.47088644e-02	1.27581791e-03
2.10000000e-02	2.41936366e-02	1.26546015e-03
2.12500000e-02	2.37588020e-02	1.25857728e-03
2.15000000e-02	2.30908341e-02	1.17104152e-03
2.17500000e-02	2.40954386e-02	1.24714340e-03
2.20000000e-02	2.37899833e-02	1.22615824e-03
2.22500000e-02	2.26907474e-02	1.17869435e-03
2.25000000e-02	2.35660628e-02	1.23426554e-03
2.27500000e-02	2.35985876e-02	1.20299837e-03
2.30000000e-02	2.32303829e-02	1.20910144e-03
2.32500000e-02	2.29975954e-02	1.17898898e-03
2.35000000e-02	2.28990638e-02	1.18512396e-03
2.37500000e-02	2.31025711e-02	1.18287366e-03
2.40000000e-02	2.27612883e-02	1.17724692e-03
2.42500000e-02	2.23883482e-02	1.14235667e-03
2.45000000e-02	2.33193208e-02	1.20976871e-03
2.47500000e-02	2.32736024e-02	1.16666469e-03
2.50000000e-02	2.31454302e-02	1.16256601e-03
2.52500000e-02	2.28383247e-02	1.17823596e-03
2.55000000e-02	2.31009995e-02	1.14692618e-03
2.57500000e-02	2.27101036e-02	1.12502753e-03
2.60000000e-02	2.32925470e-02	1.15230223e-03
2.62500000e-02	2.29814785e-02	1.15849504e-03
2.65000000e-02	2.25907973e-02	1.13695028e-03
2.67500000e-02	2.22740394e-02	1.11011731e-03
2.70000000e-02	2.20669925e-02	1.10563006e-03
2.72500000e-02	2.32904224e-02	1.13310879e-03
2.75000000e-02	2.23512357e-02	1.10987278e-03
2.77500000e-02	2.25081009e-02	1.11363215e-03
2.80000000e-02	2.31787154e-02	1.14630207e-03
2.82500000e-02	2.19250108e-02	1.06535332e-03
2.85000000e-02	2.29179222e-02	1.10769832e-03
2.87500000e-02	2.33106082e-02	1.14192103e-03
2.90000000e-02	2.27371597e-02	1.11569380e-03
2.92500000e-02	2.34014699e-02	1.10439378e-03
2.95000000e-02	2.35201537e-02	1.13620146e-03
2.97500000e-02	2.32173529e-02	1.11195163e-03
3.00000000e-02	2.31118233e-02	1.10992988e-03
3.02500000e-02	2.40417612e-02	1.14023186e-03
3.05000000e-02	2.39338748e-02	1.12023695e-03
3.07500000e-02	2.34685405e-02	1.11330850e-03
3.10000000e-02	2.35446747e-02	1.12232576e-03
3.12500000e-02	2.25944935e-02	1.09676213e-03
3.15000000e-02	2.29562824e-02	1.09020592e-03
3.17500000e-02	2.36485699e-02	1.10579632e-03
3.20000000e-02	2.27808518e-02	1.07333346e-03
3.22500000e-02	2.26144233e-02	1.06638190e-03
3.25000000e-02	2.23670200e-02	1.05772523e-03
3.27500000e-02	2.20370974e-02	1.02258781e-03
3.30000000e-02	2.18042052e-02	1.01975756e-03
3.32500000e-02	2.13745950e-02	9.93778597e-04
3.35000000e-02	2.25673243e-02	1.05957349e-03
3.37500000e-02	2.23227956e-02	1.03741895e-03
3.40000000e-02	2.18188722e-02	1.02957252e-03
3.42500000e-02	2.24687793e-02	1.01847884e-03
3.45000000e-02	2.21915975e-02	1.02604680e-03
3.47500000e-02	2.22906150e-02	1.01925283e-03
3.50000000e-02	2.13365309e-02	9.85127334e-04
3.52500000e-02	2.21283353e-02	1.03120518e-03
3.55000000e-02	2.17156201e-02	9.87782441e-04
3.57500000e-02	2.16067084e-02	9.94836161e-04
3.60000000e-02	2.16174567e-02	9.80993693e-04
3.62500000e-02	2.11210724e-02	9.67601413e-04
3.65000000e-02	2.13415435e-02	9.66710297e-04
3.67500000e-02	2.17795307e-02	9.79574016e-04
3.70000000e-02	2.14954264e-02	9.69029303e-04
3.72500000e-02	2.13565272e-02	9.65931134e-04
3.75000000e-02	2.15903803e-02	9.70356849e-04
3.77500000e-02	2.14193301e-02	9.53623881e-04
3.80000000e-02	2.14571505e-02	9.62718742e-04
3.82500000e-02	2.13893557e-02	9.49681540e-04
3.85000000e-02	2.13177072e-02	9.52309327e-04
3.87500000e-02	2.10267794e-02	9.32019723e-04
3.90000000e-02	2.09308106e-02	9.31252750e-04
3.92500000e-02	2.15640357e-02	9.41629996e-04
3.95000000e-02	2.14745331e-02	9.43686943e-04
3.97500000e-02	2.10339371e-02	9.29466085e-04
4.00000000e-02	2.13067950e-02	9.34616884e-04
4.02500000e-02	2.10318445e-02	9.25681461e-04
4.05000000e-02	2.12500880e-02	9.28691209e-04
4.07500000e-02	2.13866319e-02	9.26424919e-04
4.10000000e-02	2.06622637e-02	9.02486421e-04
4.12500000e-02	2.09562945e-02	9.13332959e-04
4.15000000e-02	2.13892439e-02	9.21371538e-04
4.17500000e-02	2.13294044e-02	9.24005405e-04
4.20000000e-02	2.13370674e-02	9.16495093e-04
4.22500000e-02	2.06985911e-02	8.83068922e-04
4.25000000e-02	2.14158469e-02	9.15775484e-04
4.27500000e-02	2.03256906e-02	8.78816249e-04
4.30000000e-02	2.00446262e-02	8.67325400e-04
4.32500000e-02	2.09043574e-02	8.81991261e-04
4.35000000e-02	2.06374475e-02	8.89147969e-04
4.37500000e-02	2.14740629e-02	9.04595292e-04
4.40000000e-02	2.14177645e-02	9.15912434e-04
4.42500000e-02	2.08960862e-02	8.88897077e-04
4.45000000e-02	2.07326134e-02	8.77402159e-04
4.47500000e-02	2.14463864e-02	9.00324322e-04
4.50000000e-02	2.09915622e-02	8.75500602e-04
4.52500000e-02	2.08355588e-02	8.67552944e-04
4.55000000e-02	2.09734420e-02	8.71623153e-04
4.57500000e-02	2.09792738e-02	8.66269834e-04
4.60000000e-02	2.08281173e-02	8.66293389e-04
4.62500000e-02	2.12766413e-02	8.84296452e-04
4.65000000e-02	2.10918254e-02	8.73420977e-04
4.67500000e-02	2.00804616e-02	8.36606674e-04
4.70000000e-02	2.10393555e-02	8.65985925e-04
4.72500000e-02	2.07285103e-02	8.56490867e-04
4.75000000e-02	2.15710038e-02	8.89526894e-04
4.77500000e-02	2.04181083e-02	8.41742145e-04
4.80000000e-02	2.04592746e-02	8.31459674e-04
4.82500000e-02	2.06056675e-02	8.38651468e-04
4.85000000e-02	2.01634088e-02	8.41678501e-04
4.87500000e-02	2.12706234e-02	8.65397754e-04
4.90000000e-02	2.11057587e-02	8.55337256e-04
4.92500000e-02	2.02694325e-02	8.14498763e-04
4.95000000e-02	2.05887430e-02	8.28954603e-04
4.97500000e-02	2.00439037e-02	8.09456797e-04
5.00000000e-02	2.08066474e-02	8.41058156e-04
5.02500000e-02	2.13188490e-02	8.51085759e-04
5.05000000e-02	2.15269135e-02	8.60302132e-04
5.07500000e-02	2.06120561e-02	8.26319731e-04
5.10000000e-02	2.09934437e-02	8.45494802e-04
5.12500000e-02	2.08067344e-02	8.42080492e-04
5.15000000e-02	2.09631937e-02	8.33336840e-04
5.17500000e-02	2.08862861e-02	8.32604154e-04
5.20000000e-02	2.08459471e-02	8.20588041e-04
5.22500000e-02	2.03573572e-02	8.15735095e-04
5.25000000e-02	2.02317277e-02	8.01491004e-04
5.27500000e-02	2.09288568e-02	8.23126737e-04
5.30000000e-02	2.02788660e-02	8.03197694e-04
5.32500000e-02	2.06525621e-02	8.10615682e-04
5.35000000e-02	2.04785696e-02	8.11287664e-04
5.37500000e-02	2.03755515e-02	7.92870301e-04
5.40000000e-02	2.10609857e-02	8.14555569e-04
5.42500000e-02	1.98886278e-02	7.73630729e-04
5.45000000e-02	2.08385726e-02	8.09044187e-04
5.47500000e-02	2.00442330e-02	7.80336240e-04
5.50000000e-02	2.06122562e-02	8.00766488e-04
5.52500000e-02	2.05522216e-02	7.93472177e-04
5.55000000e-02	2.07268290e-02	7.97814692e-04
5.57500000e-02	2.07132833e-02	8.06669247e-04
5.60000000e-02	1.97642764e-02	7.62612531e-04
5.62500000e-02	1.97221086e-02	7.62495648e-04
5.65000000e-02	1.99838631e-02	7.67188885e-04
5.67500000e-02	2.00447055e-02	7.81826222e-04
5.70000000e-02	2.04140031e-02	7.81205769e-04
5.72500000e-02	2.04733439e-02	7.77476072e-04
5.75000000e-02	2.01988031e-02	7.72401530e-04
5.77500000e-02	2.02977045e-02	7.66269564e-04
5.80000000e-02	2.07951995e-02	7.83790482e-04
5.82500000e-02	2.06108534e-02	7.80176701e-04
5.85000000e-02	2.02100568e-02	7.74136728e-04
5.87500000e-02	2.03885598e-02	7.68951336e-04
5.90000000e-02	1.99196368e-02	7.59199361e-04
5.92500000e-02	2.00742754e-02	7.61237275e-04
5.95000000e-02	2.00442700e-02	7.56975499e-04
5.97500000e-02	2.01401765e-02	7.61860805e-04
6.00000000e-02	1.97064511e-02	7.45595254e-04
6.02500000e-02	1.98505604e-02	7.46022202e-04
6.05000000e-02	2.00857656e-02	7.54731172e-04
6.07500000e-02	2.06974032e-02	7.68076763e-04
6.10000000e-02	2.04051312e-02	7.66825662e-04
6.12500000e-02	1.96127903e-02	7.38869784e-04
6.15000000e-02	2.03175372e-02	7.51993004e-04
6.17500000e-02	2.01948954e-02	7.46389006e-04
6.20000000e-02	2.04218249e-02	7.57643889e-04
6.22500000e-02	2.04117953e-02	7.54242141e-04
6.25000000e-02	1.96510079e-02	7.27683885e-04
6.27500000e-02	2.04241609e-02	7.50069439e-04
6.30000000e-02	1.97483172e-02	7.33169099e-04
6.32500000e-02	2.02668571e-02	7.42794942e-04
6.35000000e-02	2.02457809e-02	7.42667023e-04
6.37500000e-02	2.01052103e-02	7.41560889e-04
6.40000000e-02	2.06195886e-02	7.58053501e-04
6.42500000e-02	2.03348623e-02	7.40469914e-04
6.45000000e-02	2.04806218e-02	7.39328697e-04
6.47500000e-02	2.00725131e-02	7.30366566e-04
6.50000000e-02	1.99062326e-02	7.18397140e-04
6.52500000e-02	2.05971834e-02	7.41429655e-04
6.55000000e-02	1.97383137e-02	7.14105743e-04
6.57500000e-02	2.00532094e-02	7.30189043e-04
6.60000000e-02	1.97514377e-02	7.12575444e-04
6.62500000e-02	2.00794512e-02	7.25048165e-04
6.65000000e-02	1.96837863e-02	7.08745036e-04
6.67500000e-02	2.05698528e-02	7.31995108e-04
6.70000000e-02	1.99151727e-02	7.21599509e-04
6.72500000e-02	2.04095173e-02	7.34026521e-04
6.75000000e-02	2.02847186e-02	7.23348154e-04
6.77500000e-02	2.04115405e-02	7.23885278e-04
6.80000000e-02	2.00702307e-02	7.14387163e-04
6.82500000e-02	2.02330312e-02	7.19287230e-04
6.85000000e-02	1.94378091e-02	6.98979808e-04
6.87500000e-02	1.99998913e-02	7.09178546e-04
6.90000000e-02	1.92372845e-02	6.79266834e-04
6.92500000e-02	1.99900971e-02	7.03574104e-04
6.95000000e-02	2.03617639e-02	7.19642327e-04
6.97500000e-02	1.98441622e-02	7.03838238e-04
7.00000000e-02	1.98198510e-02	6.91618046e-04
7.02500000e-02	1.99210258e-02	7.04290868e-04
7.05000000e-02	1.95317899e-02	6.81949922e-04
7.07500000e-02	2.02497204e-02	7.14723902e-04
7.10000000e-02	2.01342334e-02	7.06212196e-04
7.12500000e-02	1.97156230e-02	6.90729120e-04
7.15000000e-02	2.03745173e-02	7.02124654e-04
7.17500000e-02	2.02927613e-02	7.02048866e-04
7.20000000e-02	1.94413634e-02	6.81009129e-04
7.22500000e-02	2.00959638e-02	6.95018290e-04
7.25000000e-02	1.95996636e-02	6.73071377e-04
7.27500000e-02	1.99191837e-02	6.87664426e-04
7.30000000e-02	1.96355091e-02	6.83795205e-04
7.32500000e-02	2.00814856e-02	6.92849560e-04
7.35000000e-02	2.03652753e-02	7.10274408e-04
7.37500000e-02	2.00793909e-02	6.86087862e-04
7.40000000e-02	1.98375545e-02	6.80330361e-04
7.42500000e-02	1.99832073e-02	6.87247975e-04
7.45000000e-02	1.95384981e-02	6.72039839e-04
7.47500000e-02	1.98694839e-02	6.81664356e-04
7.50000000e-02	1.98174410e-02	6.76445359e-04
7.52500000e-02	1.96971554e-02	6.72480240e-04
7.55000000e-02	1.99743942e-02	6.80130268e-04
7.57500000e-02	1.99673368e-02	6.84131815e-04
7.60000000e-02	2.00063510e-02	6.78477877e-04
7.62500000e-02	2.00214306e-02	6.83495062e-04
7.65000000e-02	2.05188805e-02	6.95290913e-04
7.67500000e-02	2.02414591e-02	6.86157947e-04
7.70000000e-02	1.98857207e-02	6.72261478e-04
7.72500000e-02	2.01941287e-02	6.97300481e-04
7.75000000e-02	1.97656223e-02	6.86261088e-04
7.77500000e-02	2.00903150e-02	6.98156006e-04
7.80000000e-02	2.02529868e-02	7.00825075e-04
7.82500000e-02	1.95573048e-02	6.93883734e-04
7.85000000e-02	2.03821485e-02	7.27560394e-04
7.87500000e-02	1.98450383e-02	7.07072257e-04
7.90000000e-02	1.99343081e-02	7.12982245e-04
7.92500000e-02	1.93326290e-02	6.88747543e-04
7.95000000e-02	2.01748430e-02	7.21115720e-04
7.97500000e-02	1.95140704e-02	7.04783541e-04
8.00000000e-02	2.01078887e-02	7.23669838e-04
8.02500000e-02	1.94310029e-02	7.03197723e-04
8.05000000e-02	1.99449925e-02	7.11276229e-04
8.07500000e-02	2.04818745e-02	7.49524071e-04
8.10000000e-02	1.93323588e-02	7.00547541e-04
8.12500000e-02	2.04931790e-02	7.48382877e-04
8.15000000e-02	2.02681434e-02	7.33684027e-04
8.17500000e-02	1.98781631e-02	7.30056196e-04
8.20000000e-02	1.96986803e-02	7.15085002e-04
8.22500000e-02	1.92797866e-02	7.08566280e-04
8.25000000e-02	1.99840920e-02	7.29331599e-04
8.27500000e-02	1.98792567e-02	7.22230298e-04
8.30000000e-02	1.94420752e-02	7.14778272e-04
8.32500000e-02	1.98072873e-02	7.30003547e-04
8.35000000e-02	2.03548628e-02	7.50342181e-04
8.37500000e-02	1.99822136e-02	7.33353594e-04
8.40000000e-02	2.01041720e-02	7.41578307e-04
8.42500000e-02	1.91190098e-02	7.18476130e-04
8.45000000e-02	2.00601365e-02	7.46551759e-04
8.47500000e-02	2.01944577e-02	7.45268410e-04
8.50000000e-02	2.02812098e-02	7.45553357e-04
8.52500000e-02	1.96856825e-02	7.31099392e-04
8.55000000e-02	1.95928303e-02	7.23306165e-04
8.57500000e-02	2.00364830e-02	7.53199976e-04
8.60000000e-02	1.97247206e-02	7.44306279e-04
8.62500000e-02	2.03376024e-02	7.57851915e-04
8.65000000e-02	1.95336588e-02	7.30401351e-04
8.67500000e-02	2.01337162e-02	7.46069956e-04
8.70000000e-02	1.98446548e-02	7.26256212e-04
8.72500000e-02	1.98419980e-02	7.14527437e-04
8.75000000e-02	1.99709014e-02	7.11737947e-04
8.77500000e-02	2.05889444e-02	7.20414562e-04
8.80000000e-02	1.95457387e-02	6.94320648e-04
8.82500000e-02	2.00816152e-02	7.02245537e-04
8.85000000e-02	1.95211313e-02	6.93390910e-04
8.87500000e-02	1.98287217e-02	6.85835559e-04
8.90000000e-02	1.98708066e-02	6.90477184e-04
8.92500000e-02	1.99556542e-02	6.81804398e-04
8.95000000e-02	1.98093624e-02	6.82012124e-04
8.97500000e-02	1.99772701e-02	6.79079877e-04
9.00000000e-02	1.97958157e-02	6.76264600e-04
9.02500000e-02	2.00027237e-02	6.82006018e-04
9.05000000e-02	1.96239903e-02	6.72118965e-04
9.07500000e-02	1.97072845e-02	6.66295971e-04
9.10000000e-02	2.00022574e-02	6.72314782e-04
9.12500000e-02	1.98702414e-02	6.71692369e-04
9.15000000e-02	1.99965952e-02	6.74344154e-04
9.17500000e-02	1.96357635e-02	6.62154922e-04
9.20000000e-02	2.00688290e-02	6.73559564e-04
9.22500000e-02	1.97426129e-02	6.62070308e-04
9.25000000e-02	2.00016008e-02	6.62594824e-04
9.27500000e-02	2.00002070e-02	6.68108990e-04
9.30000000e-02	1.96390069e-02	6.54309720e-04
9.32500000e-02	1.99964051e-02	6.64016769e-04
9.35000000e-02	1.99288117e-02	6.53600054e-04
9.37500000e-02	2.00901065e-02	6.63033665e-04
9.40000000e-02	2.02785424e-02	6.69443131e-04
9.42500000e-02	1.94769924e-02	6.38112207e-04
9.45000000e-02	2.00259934e-02	6.57148420e-04
9.47500000e-02	1.99136085e-02	6.51837894e-04
9.50000000e-02	2.02912929e-02	6.60722547e-04
9.52500000e-02	1.95313561e-02	6.41756172e-04
9.55000000e-02	1.99069315e-02	6.48752167e-04
9.57500000e-02	1.97373557e-02	6.40735997e-04
9.60000000e-02	1.98593685e-02	6.45209571e-04
9.62500000e-02	1.93718474e-02	6.28091205e-04
9.65000000e-02	1.93896243e-02	6.29619394e-04
9.67500000e-02	1.94934804e-02	6.35199809e-04
9.70000000e-02	1.96427947e-02	6.27498724e-04
9.72500000e-02	1.94391052e-02	6.31551166e-04
9.75000000e-02	1.87543156e-02	6.10561113e-04
9.77500000e-02	1.94834595e-02	6.26912844e-04
9.80000000e-02	1.99125796e-02	6.40135035e-04
9.82500000e-02	1.93771607e-02	6.21277449e-04
9.85000000e-02	1.94289198e-02	6.20302524e-04
9.87500000e-02	1.96838448e-02	6.28890805e-04
9.90000000e-02	2.00462834e-02	6.38211392e-04
9.92500000e-02	1.97282808e-02	6.33383769e-04
9.95000000e-02	1.95390725e-02	6.24240941e-04
9.97500000e-02	1.93388447e-02	6.18629925e-04
1.00000000e-01	1.95667291e-02	5.07003634e-04
1.00500000e-01	2.00949332e-02	4.48496624e-04
1.01000000e-01	1.97122865e-02	4.38406661e-04
1.01500000e-01	1.95132964e-02	4.34511892e-04
1.02000000e-01	1.93525719e-02	4.30835507e-04
1.02500000e-01	1.98674130e-02	4.37943300e-04
1.03000000e-01	1.96991380e-02	4.32457170e-04
1.03500000e-01	1.94499592e-02	4.28477247e-04
1.04000000e-01	1.94103903e-02	4.27711073e-04
1.04500000e-01	1.96813231e-02	4.31568411e-04
1.05000000e-01	1.96268847e-02	4.27327010e-04
1.05500000e-01	2.00046244e-02	4.33558138e-04
1.06000000e-01	1.97411270e-02	4.27577505e-04
1.06500000e-01	1.96876078e-02	4.24487823e-04
1.07000000e-01	1.96642178e-02	4.30660167e-04
1.07500000e-01	1.95416529e-02	4.39537041e-04
1.08000000e-01	1.95896326e-02	4.41744403e-04
1.08500000e-01	1.98242317e-02	4.49856481e-04
1.09000000e-01	1.96577582e-02	4.47913235e-04
1.09500000e-01	1.95349784e-02	4.46867958e-04
1.10000000e-01	1.95129426e-02	4.44038909e-04
1.10500000e-01	1.97394887e-02	4.36424071e-04
1.11000000e-01	1.91833134e-02	4.20009953e-04
1.11500000e-01	1.96378324e-02	4.26168873e-04
1.12000000e-01	1.97160042e-02	4.23454874e-04
1.12500000e-01	1.97927637e-02	4.24024792e-04
1.13000000e-01	1.97726456e-02	4.21110345e-04
1.13500000e-01	1.99545654e-02	4.22022564e-04
1.14000000e-01	1.94318895e-02	4.12420044e-04
1.14500000e-01	1.96383092e-02	4.14858250e-04
1.15000000e-01	1.94562674e-02	4.07207468e-04
1.15500000e-01	1.98558380e-02	4.16335092e-04
1.16000000e-01	1.98538811e-02	4.13916695e-04
1.16500000e-01	1.95987210e-02	4.09618643e-04
1.17000000e-01	1.96746054e-02	4.09242237e-04
1.17500000e-01	1.97789970e-02	4.09203237e-04
1.18000000e-01	1.97992425e-02	4.11496585e-04
1.18500000e-01	1.96343886e-02	4.04516262e-04
1.19000000e-01	1.95154883e-02	4.00908577e-04
1.19500000e-01	1.96843341e-02	4.02833241e-04
1.20000000e-01	1.98102088e-02	4.04353679e-04
1.20500000e-01	1.98300942e-02	4.04323869e-04
1.21000000e-01	1.94888472e-02	3.97461868e-04
1.21500000e-01	1.96518590e-02	3.99880973e-04
1.22000000e-01	1.95995882e-02	3.97623980e-04
1.22500000e-01	1.96612726e-02	3.98779876e-04
1.23000000e-01	1.92963522e-02	3.91198962e-04
1.23500000e-01	1.94839995e-02	3.94273782e-04
1.24000000e-01	1.96269465e-02	3.95922079e-04
1.24500000e-01	2.00740551e-02	4.01642036e-04
1.25000000e-01	1.99827762e-02	3.99133852e-04
1.25500000e-01	1.96951080e-02	3.93937538e-04
1.26000000e-01	1.97458821e-02	3.91861401e-04
1.26500000e-01	1.94473149e-02	3.86064830e-04
1.27000000e-01	1.94817790e-02	3.87042416e-04
1.27500000e-01	1.94197416e-02	3.86102564e-04
1.28000000e-01	1.96615257e-02	3.88760956e-04
1.28500000e-01	1.95649293e-02	3.86936357e-04
1.29000000e-01	1.98723453e-02	3.91911920e-04
1.29500000e-01	1.94279485e-02	3.81875528e-04
1.30000000e-01	1.95357202e-02	3.82451645e-04
1.30500000e-01	1.97247524e-02	3.83158895e-04
1.31000000e-01	1.96125016e-02	3.83938310e-04
1.31500000e-01	1.97302555e-02	3.84556262e-04
1.32000000e-01	1.96548704e-02	3.83019525e-04
1.32500000e-01	1.95344968e-02	3.79662467e-04
1.33000000e-01	1.93810521e-02	3.75205590e-04
1.33500000e-01	1.96848179e-02	3.77023157e-04
1.34000000e-01	1.94543797e-02	3.75378290e-04
1.34500000e-01	1.94604294e-02	3.73183200e-04
1.35000000e-01	1.97040602e-02	3.76128478e-04
1.35500000e-01	1.99194120e-02	3.80334403e-04
1.36000000e-01	1.94559615e-02	3.69801445e-04
1.36500000e-01	1.94772665e-02	3.73511296e-04
1.37000000e-01	1.97500582e-02	3.73616570e-04
1.37500000e-01	1.96118805e-02	3.71767423e-04
1.38000000e-01	1.92903205e-02	3.66625005e-04
1.38500000e-01	1.91559646e-02	3.64854115e-04
1.39000000e-01	2.00892461e-02	3.80426821e-04
1.39500000e-01	1.95409635e-02	3.67782751e-04
1.40000000e-01	1.97257136e-02	3.73968240e-04
1.40500000e-01	1.95538489e-02	3.68281784e-04
1.41000000e-01	1.90356811e-02	3.60276169e-04
1.41500000e-01	1.94164781e-02	3.66412869e-04
1.42000000e-01	1.93720785e-02	3.62637774e-04
1.42500000e-01	1.94941789e-02	3.67256490e-04
1.43000000e-01	1.93716982e-02	3.64474501e-04
1.43500000e-01	1.94892597e-02	3.63964136e-04
1.44000000e-01	1.93014731e-02	3.60853610e-04
1.44500000e-01	1.94098186e-02	3.61612927e-04
1.45000000e-01	1.94687642e-02	3.63410624e-04
1.45500000e-01	1.92591484e-02	3.57748720e-04
1.46000000e-01	1.96941971e-02	3.64470261e-04
1.46500000e-01	1.94495206e-02	3.59645825e-04
1.47000000e-01	1.96085146e-02	3.61081338e-04
1.47500000e-01	1.94563106e-02	3.57200774e-04
1.48000000e-01	1.94923209e-02	3.59466161e-04
1.48500000e-01	1.94848968e-02	3.58639952e-04
1.49000000e-01	1.93963740e-02	3.55590544e-04
1.49500000e-01	1.89729301e-02	3.48459123e-04
1.50000000e-01	1.97181056e-02	3.59437804e-04
1.50500000e-01	1.93193631e-02	3.53644847e-04
1.51000000e-01	1.93452859e-02	3.52969516e-04
1.51500000e-01	1.94946403e-02	3.51981181e-04
1.52000000e-01	1.90422078e-02	3.44876887e-04
1.52500000e-01	1.90452669e-02	3.46090221e-04
1.53000000e-01	1.93203319e-02	3.49342164e-04
1.53500000e-01	1.93589364e-02	3.49302657e-04
1.54000000e-01	1.87140341e-02	3.38468107e-04
1.54500000e-01	1.90617866e-02	3.52205145e-04
1.55000000e-01	1.91345601e-02	3.56047464e-04
1.55500000e-01	1.91988122e-02	3.59735545e-04
1.56000000e-01	1.91296430e-02	3.59693927e-04
1.56500000e-01	1.92097282e-02	3.61434281e-04
1.57000000e-01	1.89861908e-02	3.60397029e-04
1.57500000e-01	1.89013560e-02	3.49645437e-04
1.58000000e-01	1.91395093e-02	3.49144900e-04
1.58500000e-01	1.90757761e-02	3.45198991e-04
1.59000000e-01	1.91665924e-02	3.45001139e-04
1.59500000e-01	1.89402160e-02	3.41191901e-04
1.60000000e-01	1.92998987e-02	3.47765086e-04
1.60500000e-01	1.88736227e-02	3.38580856e-04
1.61000000e-01	1.89160129e-02	3.40537663e-04
1.61500000e-01	1.91274598e-02	3.40604166e-04
1.62000000e-01	1.91088827e-02	3.40729410e-04
1.62500000e-01	1.90480025e-02	3.39262033e-04
1.63000000e-01	1.91370415e-02	3.38041538e-04
1.63500000e-01	1.89333407e-02	3.38443545e-04
1.64000000e-01	1.88909401e-02	3.33494329e-04
1.64500000e-01	1.90588890e-02	3.36897137e-04
1.65000000e-01	1.88774608e-02	3.33307586e-04
1.65500000e-01	1.89844345e-02	3.34282573e-04
1.66000000e-01	1.91568481e-02	3.36116593e-04
1.66500000e-01	1.89398985e-02	3.31760209e-04
1.67000000e-01	1.87871784e-02	3.28939361e-04
1.67500000e-01	1.88672584e-02	3.28827329e-04
1.68000000e-01	1.89027554e-02	3.29182445e-04
1.68500000e-01	1.89754769e-02	3.30446904e-04
1.69000000e-01	1.87361602e-02	3.26413122e-04
1.69500000e-01	1.86748912e-02	3.25657329e-04
1.70000000e-01	1.91029152e-02	3.31204255e-04
1.70500000e-01	1.88477705e-02	3.26295024e-04
1.71000000e-01	1.88275069e-02	3.26616059e-04
1.71500000e-01	1.88813371e-02	3.26604220e-04
1.72000000e-01	1.89949395e-02	3.27649806e-04
1.72500000e-01	1.87745828e-02	3.24216643e-04
1.73000000e-01	1.89820051e-02	3.26770305e-04
1.73500000e-01	1.87447318e-02	3.21484361e-04
1.74000000e-01	1.89888086e-02	3.24504800e-04
1.74500000e-01	1.88759503e-02	3.21376166e-04
1.75000000e-01	1.84697925e-02	3.13842062e-04
1.75500000e-01	1.87749765e-02	3.18023195e-04
1.76000000e-01	1.86414662e-02	3.15828424e-04
1.76500000e-01	1.85580710e-02	3.15124710e-04
1.77000000e-01	1.85494453e-02	3.14422836e-04
1.77500000e-01	1.86178492e-02	3.15762196e-04
1.78000000e-01	1.90605534e-02	3.20692742e-04
1.78500000e-01	1.87678799e-02	3.16754562e-04
1.79000000e-01	1.87145806e-02	3.14867128e-04
1.79500000e-01	1.86189912e-02	3.14318379e-04
1.80000000e-01	1.84376531e-02	3.11174536e-04
1.80500000e-01	1.86994686e-02	3.14704917e-04
1.81000000e-01	1.84641589e-02	3.11314718e-04
1.81500000e-01	1.84800647e-02	3.09040142e-04
1.82000000e-01	1.85279276e-02	3.10983016e-04
1.82500000e-01	1.90090902e-02	3.17749000e-04
1.83000000e-01	1.84745307e-02	3.09677838e-04
1.83500000e-01	1.84250130e-02	3.08867212e-04
1.84000000e-01	1.88101612e-02	3.12349645e-04
1.84500000e-01	1.84636364e-02	3.08630733e-04
1.85000000e-01	1.85569817e-02	3.09685864e-04
1.85500000e-01	1.88085717e-02	3.13092055e-04
1.86000000e-01	1.85181470e-02	3.07483271e-04
1.86500000e-01	1.84347990e-02	3.06522076e-04
1.87000000e-01	1.82744106e-02	3.02915880e-04
1.87500000e-01	1.85522338e-02	3.06361571e-04
1.88000000e-01	1.84852745e-02	3.06026557e-04
1.88500000e-01	1.84481346e-02	3.04256346e-04
1.89000000e-01	1.83380962e-02	3.03230202e-04
1.89500000e-01	1.86261894e-02	3.06462080e-04
1.90000000e-01	1.85777955e-02	3.04586687e-04
1.90500000e-01	1.85021822e-02	3.04708633e-04
1.91000000e-01	1.83314125e-02	3.00290840e-04
1.91500000e-01	1.83716348e-02	3.02144488e-04
1.92000000e-01	1.86611749e-02	3.04314100e-04
1.92500000e-01	1.82655819e-02	2.98792993e-04
1.93000000e-01	1.82646151e-02	2.98518188e-04
1.93500000e-01	1.84405496e-02	3.01287672e-04
1.94000000e-01	1.81173416e-02	2.94982085e-04
1.94500000e-01	1.84890118e-02	2.99451564e-04
1.95000000e-01	1.82679244e-02	2.96746112e-04
1.95500000e-01	1.84612217e-02	2.99725446e-04
1.96000000e-01	1.83288621e-02	2.96702096e-04
1.96500000e-01	1.84307918e-02	2.99473703e-04
1.97000000e-01	1.83747349e-02	2.97711855e-04
1.97500000e-01	1.82103743e-02	2.93925307e-04
1.98000000e-01	1.83147860e-02	2.95866515e-04
1.98500000e-01	1.82468800e-02	2.93904198e-04
1.99000000e-01	1.82475434e-02	2.92606440e-04
1.99500000e-01	1.81677956e-02	2.91729219e-04
2.00000000e-01	1.86392700e-02	2.98547794e-04
2.00500000e-01	1.84483703e-02	2.96618892e-04
2.01000000e-01	1.84487776e-02	2.94073185e-04
2.01500000e-01	1.85142852e-02	2.97062888e-04
2.02000000e-01	1.82536631e-02	2.91395456e-04
2.02500000e-01	1.81290809e-02	2.87129809e-04
2.03000000e-01	1.84233391e-02	2.92663445e-04
2.03500000e-01	1.81708111e-02	2.89878492e-04
2.04000000e-01	1.81067531e-02	2.86928066e-04
2.04500000e-01	1.80176581e-02	2.87233362e-04
2.05000000e-01	1.83379804e-02	2.89079423e-04
2.05500000e-01	1.80390920e-02	2.87557350e-04
2.06000000e-01	1.79681576e-02	2.84801713e-04
2.06500000e-01	1.81667462e-02	2.87845699e-04
2.07000000e-01	1.81622344e-02	2.86018576e-04
2.07500000e-01	1.85084473e-02	2.90034140e-04
2.08000000e-01	1.82580556e-02	2.89005920e-04
2.08500000e-01	1.79994135e-02	2.84028223e-04
2.09000000e-01	1.82175835e-02	2.86881111e-04
2.09500000e-01	1.80732555e-02	2.83169347e-04
2.10000000e-01	1.80251580e-02	2.83159093e-04
2.10500000e-01	1.82483596e-02	2.85585453e-04
2.11000000e-01	1.82857179e-02	2.84720416e-04
2.11500000e-01	1.80055279e-02	2.81206740e-04
2.12000000e-01	1.81729542e-02	2.83117090e-04
2.12500000e-01	1.79590053e-02	2.80614741e-04
2.13000000e-01	1.77983400e-02	2.75858797e-04
2.13500000e-01	1.80897280e-02	2.80764136e-04
2.14000000e-01	1.82391974e-02	2.83497094e-04
2.14500000e-01	1.81269628e-02	2.79444833e-04
2.15000000e-01	1.81264557e-02	2.81312766e-04
2.15500000e-01	1.79860303e-02	2.76943982e-04
2.16000000e-01	1.81267345e-02	2.80666738e-04
2.16500000e-01	1.80176756e-02	2.78206981e-04
2.17000000e-01	1.81820811e-02	2.84468217e-04
2.17500000e-01	1.80483717e-02	2.87312885e-04
2.18000000e-01	1.81283935e-02	2.89558398e-04
2.18500000e-01	1.81581149e-02	2.90446512e-04
2.19000000e-01	1.80242474e-02	2.90069547e-04
2.19500000e-01	1.81019322e-02	2.92788617e-04
2.20000000e-01	1.80785809e-02	2.94116441e-04
2.20500000e-01	1.80342687e-02	2.95132660e-04
2.21000000e-01	1.77782628e-02	2.90967880e-04
2.21500000e-01	1.77773521e-02	2.90276757e-04
2.22000000e-01	1.80235587e-02	2.94459041e-04
2.22500000e-01	1.79297090e-02	2.94613212e-04
2.23000000e-01	1.77240352e-02	2.92612763e-04
2.23500000e-01	1.79594151e-02	2.95694033e-04
2.24000000e-01	1.79948777e-02	2.97237514e-04
2.24500000e-01	1.77618259e-02	2.95057321e-04
2.25000000e-01	1.78198807e-02	2.95616197e-04
2.25500000e-01	1.77204032e-02	2.94875005e-04
2.26000000e-01	1.78258121e-02	2.97429796e-04
2.26500000e-01	1.76768882e-02	2.91290601e-04
2.27000000e-01	1.80520047e-02	2.93982139e-04
2.27500000e-01	1.78496213e-02	2.88682137e-04
2.28000000e-01	1.79383653e-02	2.88010254e-04
2.28500000e-01	1.76888940e-02	2.82750263e-04
2.29000000e-01	1.79205948e-02	2.85807623e-04
2.29500000e-01	1.76971018e-02	2.80420273e-04
2.30000000e-01	1.77591322e-02	2.81630450e-04
2.30500000e-01	1.78674072e-02	2.80876252e-04
2.31000000e-01	1.80265705e-02	2.82168676e-04
2.31500000e-01	1.78506242e-02	2.81068953e-04
2.32000000e-01	1.74559722e-02	2.74606686e-04
2.32500000e-01	1.77792960e-02	2.78627297e-04
2.33000000e-01	1.77916077e-02	2.76259288e-04
2.33500000e-01	1.77712306e-02	2.75715608e-04
2.34000000e-01	1.78276851e-02	2.76188543e-04
2.34500000e-01	1.77342835e-02	2.74288235e-04
2.35000000e-01	1.77348101e-02	2.73965847e-04
2.35500000e-01	1.77330979e-02	2.75191586e-04
2.36000000e-01	1.77672993e-02	2.74262865e-04
2.36500000e-01	1.77315903e-02	2.72334311e-04
2.37000000e-01	1.77875946e-02	2.73080131e-04
2.37500000e-01	1.77383937e-02	2.72041256e-04
2.38000000e-01	1.75565067e-02	2.68304166e-04
2.38500000e-01	1.77134871e-02	2.71303795e-04
2.39000000e-01	1.77317884e-02	2.70269406e-04
2.39500000e-01	1.76956829e-02	2.68954493e-04
2.40000000e-01	1.76897287e-02	2.68566371e-04
2.40500000e-01	1.76244897e-02	2.66645769e-04
2.41000000e-01	1.78502139e-02	2.69958140e-04
2.41500000e-01	1.78120368e-02	2.67868135e-04
2.42000000e-01	1.75204915e-02	2.64692722e-04
2.42500000e-01	1.77218634e-02	2.67025166e-04
2.43000000e-01	1.76039193e-02	2.65007336e-04
2.43500000e-01	1.78370918e-02	2.67578209e-04
2.44000000e-01	1.73335873e-02	2.59698933e-04
2.44500000e-01	1.78993117e-02	2.68373991e-04
2.45000000e-01	1.75619425e-02	2.62006870e-04
2.45500000e-01	1.76537794e-02	2.62566382e-04
2.46000000e-01	1.74068751e-02	2.61525288e-04
2.46500000e-01	1.76304764e-02	2.62305153e-04
2.47000000e-01	1.76529029e-02	2.63014710e-04
2.47500000e-01	1.74273976e-02	2.57572602e-04
2.48000000e-01	1.73475500e-02	2.58547998e-04
2.48500000e-01	1.72651430e-02	2.55172901e-04
2.49000000e-01	1.75434223e-02	2.59789238e-04
2.49500000e-01	1.76718924e-02	2.60869768e-04
2.50000000e-01	1.76180372e-02	2.58702371e-04
2.50500000e-01	1.75426515e-02	2.59999862e-04
2.51000000e-01	1.76192991e-02	2.58764482e-04
2.51500000e-01	1.74180400e-02	2.56603568e-04
2.52000000e-01	1.73994467e-02	2.56269183e-04
2.52500000e-01	1.73462195e-02	2.54740750e-04
2.53000000e-01	1.72914845e-02	2.55213183e-04
2.53500000e-01	1.73967554e-02	2.56545403e-04
2.54000000e-01	1.74506840e-02	2.56122348e-04
2.54500000e-01	1.75418683e-02	2.58124395e-04
2.55000000e-01	1.72581808e-02	2.53055502e-04
2.55500000e-01	1.73547985e-02	2.54036464e-04
2.56000000e-01	1.74179517e-02	2.53025930e-04
2.56500000e-01	1.73899762e-02	2.54160722e-04
2.57000000e-01	1.72701653e-02	2.51129466e-04
2.57500000e-01	1.73949782e-02	2.53048208e-04
2.58000000e-01	1.75303178e-02	2.54705980e-04
2.58500000e-01	1.73083465e-02	2.51603059e-04
2.59000000e-01	1.70364449e-02	2.48914599e-04
2.59500000e-01	1.73258580e-02	2.50992886e-04
2.60000000e-01	1.72660195e-02	2.50525725e-04
2.60500000e-01	1.71173241e-02	2.48710687e-04
2.61000000e-01	1.72612108e-02	2.49671173e-04
2.61500000e-01	1.73264013e-02	2.49407597e-04
2.62000000e-01	1.73252488e-02	2.48783907e-04
2.62500000e-01	1.73227490e-02	2.50254984e-04
2.63000000e-01	1.72522452e-02	2.47639129e-04
2.63500000e-01	1.72658571e-02	2.47551543e-04
2.64000000e-01	1.72998433e-02	2.48473916e-04
2.64500000e-01	1.73525750e-02	2.49380495e-04
2.65000000e-01	1.69813472e-02	2.43940953e-04
2.65500000e-01	1.71122523e-02	2.44028701e-04
2.66000000e-01	1.74102117e-02	2.49478189e-04
2.66500000e-01	1.71473784e-02	2.45412019e-04
2.67000000e-01	1.73039502e-02	2.46432473e-04
2.67500000e-01	1.71654899e-02	2.44114993e-04
2.68000000e-01	1.72577090e-02	2.44820784e-04
2.68500000e-01	1.73669305e-02	2.47221473e-04
2.69000000e-01	1.72687547e-02	2.44329667e-04
2.69500000e-01	1.70647094e-02	2.41811630e-04
2.70000000e-01	1.70963604e-02	2.42362034e-04
2.70500000e-01	1.70525833e-02	2.41722351e-04
2.71000000e-01	1.73787539e-02	2.44770667e-04
2.71500000e-01	1.70224768e-02	2.40712490e-04
2.72000000e-01	1.71010878e-02	2.41022183e-04
2.72500000e-01	1.71348042e-02	2.41595361e-04
2.73000000e-01	1.71663268e-02	2.41058633e-04
2.73500000e-01	1.70743796e-02	2.39370896e-04
2.74000000e-01	1.69132020e-02	2.38636030e-04
2.74500000e-01	1.71380849e-02	2.40149897e-04
2.75000000e-01	1.69992314e-02	2.38823757e-04
2.75500000e-01	1.70964056e-02	2.39427696e-04
2.76000000e-01	1.71941310e-02	2.40508856e-04
2.76500000e-01	1.70624014e-02	2.38756464e-04
2.77000000e-01	1.70890594e-02	2.39343246e-04
2.77500000e-01	1.70292210e-02	2.38056839e-04
2.78000000e-01	1.72475745e-02	2.39621475e-04
2.78500000e-01	1.70087623e-02	2.38208250e-04
2.79000000e-01	1.70654769e-02	2.38228865e-04
2.79500000e-01	1.69360788e-02	2.35156015e-04
2.80000000e-01	1.70841727e-02	2.37286999e-04
2.80500000e-01	1.71922464e-02	2.38070633e-04
2.81000000e-01	1.69247948e-02	2.35899670e-04
2.81500000e-01	1.70294342e-02	2.36308530e-04
2.82000000e-01	1.67781847e-02	2.32919022e-04
2.82500000e-01	1.71602736e-02	2.37114939e-04
2.83000000e-01	1.70199758e-02	2.35800723e-04
2.83500000e-01	1.69943494e-02	2.34560171e-04
2.84000000e-01	1.67709607e-02	2.32186847e-04
2.84500000e-01	1.68025393e-02	2.31945276e-04
2.85000000e-01	1.69032586e-02	2.33353006e-04
2.85500000e-01	1.69435426e-02	2.33140548e-04
2.86000000e-01	1.68101011e-02	2.31710913e-04
2.86500000e-01	1.68537825e-02	2.32090337e-04
2.87000000e-01	1.71200320e-02	2.35216506e-04
2.87500000e-01	1.68496382e-02	2.31529859e-04
2.88000000e-01	1.70021662e-02	2.32058081e-04
2.88500000e-01	1.69574990e-02	2.32272773e-04
2.89000000e-01	1.69744293e-02	2.32146957e-04
2.89500000e-01	1.68056598e-02	2.30290146e-04
2.90000000e-01	1.69212458e-02	2.30270746e-04
2.90500000e-01	1.68892800e-02	2.31117050e-04
2.91000000e-01	1.69011920e-02	2.30070419e-04
2.91500000e-01	1.68235145e-02	2.28968161e-04
2.92000000e-01	1.68789841e-02	2.29289984e-04
2.92500000e-01	1.68448549e-02	2.29042667e-04
2.93000000e-01	1.68187409e-02	2.28310019e-04
2.93500000e-01	1.69727588e-02	2.29969925e-04
2.94000000e-01	1.67713335e-02	2.26682852e-04
2.94500000e-01	1.67861896e-02	2.28126096e-04
2.95000000e-01	1.67612261e-02	2.26698726e-04
2.95500000e-01	1.66939258e-02	2.26518948e-04
2.96000000e-01	1.68063264e-02	2.26708541e-04
2.96500000e-01	1.68850873e-02	2.27929029e-04
2.97000000e-01	1.68005856e-02	2.27053304e-04
2.97500000e-01	1.66681303e-02	2.25426440e-04
2.98000000e-01	1.68119039e-02	2.26904465e-04
2.98500000e-01	1.68718861e-02	2.27671998e-04
2.99000000e-01	1.69128046e-02	2.27356066e-04
2.99500000e-01	1.66575393e-02	2.24236440e-04
3.00000000e-01	1.66584561e-02	2.23171254e-04
3.00500000e-01	1.67992976e-02	2.25554578e-04
3.01000000e-01	1.68690135e-02	2.26099286e-04
3.01500000e-01	1.65093620e-02	2.20705508e-04
3.02000000e-01	1.66763617e-02	2.22228452e-04
3.02500000e-01	1.65820074e-02	2.21547469e-04
3.03000000e-01	1.66088447e-02	2.22148675e-04
3.03500000e-01	1.68245120e-02	2.23543067e-04
3.04000000e-01	1.66679279e-02	2.22917660e-04
3.04500000e-01	1.66036080e-02	2.21069226e-04
3.05000000e-01	1.68063994e-02	2.23878387e-04
3.05500000e-01	1.67082171e-02	2.21970309e-04
3.06000000e-01	1.66572867e-02	2.21120704e-04
3.06500000e-01	1.66853878e-02	2.21392586e-04
3.07000000e-01	1.67125013e-02	2.20923206e-04
3.07500000e-01	1.64831457e-02	2.19187531e-04
3.08000000e-01	1.66918506e-02	2.20551378e-04
3.08500000e-01	1.66942682e-02	2.20528785e-04
3.09000000e-01	1.68575525e-02	2.23433234e-04
3.09500000e-01	1.64807682e-02	2.18975487e-04
3.10000000e-01	1.66380754e-02	2.20239242e-04
3.10500000e-01	1.66353272e-02	2.19386996e-04
3.11000000e-01	1.65997003e-02	2.18586830e-04
3.11500000e-01	1.66873032e-02	2.20170139e-04
3.12000000e-01	1.65365987e-02	2.18054352e-04
3.12500000e-01	1.63477917e-02	2.15699213e-04
3.13000000e-01	1.65831925e-02	2.17790245e-04
3.13500000e-01	1.65016125e-02	2.16372176e-04
3.14000000e-01	1.65730478e-02	2.18241436e-04
3.14500000e-01	1.66032941e-02	2.17860710e-04
3.15000000e-01	1.64507022e-02	2.16773540e-04
3.15500000e-01	1.62202363e-02	2.12796261e-04
3.16000000e-01	1.65388465e-02	2.16751770e-04
3.16500000e-01	1.64009183e-02	2.14507977e-04
3.17000000e-01	1.64289771e-02	2.14976575e-04
3.17500000e-01	1.64969970e-02	2.16065888e-04
3.18000000e-01	1.64219713e-02	2.13694004e-04
3.18500000e-01	1.64128031e-02	2.13741475e-04
3.19000000e-01	1.63579531e-02	2.13248717e-04
3.19500000e-01	1.63182605e-02	2.12497759e-04
3.20000000e-01	1.63569121e-02	2.13590254e-04
3.20500000e-01	1.63629588e-02	2.12431125e-04
3.21000000e-01	1.62818406e-02	2.13225195e-04
3.21500000e-01	1.63736191e-02	2.12023032e-04
3.22000000e-01	1.62407715e-02	2.10820222e-04
3.22500000e-01	1.65214924e-02	2.13437437e-04
3.23000000e-01	1.63841951e-02	2.11606245e-04
3.23500000e-01	1.62723561e-02	2.11034632e-04
3.24000000e-01	1.64016354e-02	2.12349728e-04
3.24500000e-01	1.63751884e-02	2.12266329e-04
3.25000000e-01	1.60934688e-02	2.07696351e-04
3.25500000e-01	1.62105414e-02	2.09849049e-04
3.26000000e-01	1.65445302e-02	2.12547424e-04
3.26500000e-01	1.63810673e-02	2.10098863e-04
3.27000000e-01	1.63405411e-02	2.10743125e-04
3.27500000e-01	1.61635654e-02	2.08199104e-04
3.28000000e-01	1.62624207e-02	2.09915271e-04
3.28500000e-01	1.62159636e-02	2.07535128e-04
3.29000000e-01	1.64639576e-02	2.10885338e-04
3.29500000e-01	1.63160207e-02	2.10287720e-04
3.30000000e-01	1.62851682e-02	2.08589581e-04
3.30500000e-01	1.63965361e-02	2.10260487e-04
3.31000000e-01	1.62954108e-02	2.08098707e-04
3.31500000e-01	1.62042590e-02	2.07605819e-04
3.32000000e-01	1.60748963e-02	2.05984757e-04
3.32500000e-01	1.61313231e-02	2.06285368e-04
3.33000000e-01	1.61733214e-02	2.06967249e-04
3.33500000e-01	1.58925865e-02	2.03387427e-04
3.34000000e-01	1.61536026e-02	2.05720838e-04
3.34500000e-01	1.62213996e-02	2.06974195e-04
3.35000000e-01	1.60378420e-02	2.03932382e-04
3.35500000e-01	1.63160111e-02	2.07956867e-04
3.36000000e-01	1.60453937e-02	2.04934543e-04
3.36500000e-01	1.61101301e-02	2.04923671e-04
3.37000000e-01	1.61362805e-02	2.04909243e-04
3.37500000e-01	1.60587531e-02	2.04401355e-04
3.38000000e-01	1.59293838e-02	2.02030485e-04
3.38500000e-01	1.61962254e-02	2.05224719e-04
3.39000000e-01	1.59704737e-02	2.03092475e-04
3.39500000e-01	1.62663183e-02	2.05449757e-04
3.40000000e-01	1.59560701e-02	2.02440438e-04
3.40500000e-01	1.60966348e-02	2.03471493e-04
3.41000000e-01	1.59962047e-02	2.02197400e-04
3.41500000e-01	1.60177852e-02	2.03063841e-04
3.42000000e-01	1.60617662e-02	2.02134093e-04
3.42500000e-01	1.58921282e-02	2.00962106e-04
3.43000000e-01	1.59343847e-02	1.99948132e-04
3.43500000e-01	1.60661614e-02	2.01810790e-04
3.44000000e-01	1.61913628e-02	2.03713828e-04
3.44500000e-01	1.58981413e-02	1.99617383e-04
3.45000000e-01	1.58257730e-02	1.98957031e-04
3.45500000e-01	1.59662247e-02	2.00536875e-04
3.46000000e-01	1.61700777e-02	2.02345427e-04
3.46500000e-01	1.59619049e-02	2.00516714e-04
3.47000000e-01	1.59081651e-02	1.99126472e-04
3.47500000e-01	1.59827332e-02	1.99856224e-04
3.48000000e-01	1.60627014e-02	1.99994253e-04
3.48500000e-01	1.58583203e-02	1.98489368e-04
3.49000000e-01	1.59246344e-02	1.99271937e-04
3.49500000e-01	1.59831341e-02	1.99370742e-04
3.50000000e-01	1.58569301e-02	1.60815783e-04
3.51000000e-01	1.58713201e-02	1.39837888e-04
3.52000000e-01	1.58117735e-02	1.38975596e-04
3.53000000e-01	1.58888838e-02	1.39331489e-04
3.54000000e-01	1.57369924e-02	1.37762332e-04
3.55000000e-01	1.57375988e-02	1.38153447e-04
3.56000000e-01	1.58314347e-02	1.39292010e-04
3.57000000e-01	1.56730116e-02	1.40357707e-04
3.58000000e-01	1.56673521e-02	1.41611293e-04
3.59000000e-01	1.56208930e-02	1.42246250e-04
3.60000000e-01	1.56881039e-02	1.43762004e-04
3.61000000e-01	1.57569449e-02	1.45004066e-04
3.62000000e-01	1.57065474e-02	1.45139385e-04
3.63000000e-01	1.55631559e-02	1.44613980e-04
3.64000000e-01	1.55525430e-02	1.44868185e-04
3.65000000e-01	1.55243489e-02	1.44989494e-04
3.66000000e-01	1.55225761e-02	1.43413368e-04
3.67000000e-01	1.56476450e-02	1.42299591e-04
3.68000000e-01	1.54986314e-02	1.40147077e-04
3.69000000e-01	1.55672264e-02	1.40116031e-04
3.70000000e-01	1.56057444e-02	1.39710949e-04
3.71000000e-01	1.55615554e-02	1.40890305e-04
3.72000000e-01	1.55211797e-02	1.41935025e-04
3.73000000e-01	1.55806310e-02	1.42465027e-04
3.74000000e-01	1.55953739e-02	1.42436561e-04
3.75000000e-01	1.54608333e-02	1.41797625e-04
3.76000000e-01	1.54704814e-02	1.41526788e-04
3.77000000e-01	1.55897747e-02	1.43131665e-04
3.78000000e-01	1.54809698e-02	1.41620459e-04
3.79000000e-01	1.54794963e-02	1.41544655e-04
3.80000000e-01	1.53847672e-02	1.40849313e-04
3.81000000e-01	1.52562194e-02	1.39493171e-04
3.82000000e-01	1.53173654e-02	1.40100067e-04
3.83000000e-01	1.53905864e-02	1.40383188e-04
3.84000000e-01	1.53706826e-02	1.40100711e-04
3.85000000e-01	1.54836956e-02	1.41559470e-04
3.86000000e-01	1.54236211e-02	1.41079143e-04
3.87000000e-01	1.52559463e-02	1.39129321e-04
3.88000000e-01	1.52183180e-02	1.39138513e-04
3.89000000e-01	1.53759423e-02	1.40071451e-04
3.90000000e-01	1.52877147e-02	1.39127706e-04
3.91000000e-01	1.52625789e-02	1.39307402e-04
3.92000000e-01	1.52768163e-02	1.39229894e-04
3.93000000e-01	1.52581255e-02	1.38873994e-04
3.94000000e-01	1.52743574e-02	1.39291380e-04
3.95000000e-01	1.51942439e-02	1.38214720e-04
3.96000000e-01	1.52176736e-02	1.38501140e-04
3.97000000e-01	1.52734333e-02	1.39045323e-04
3.98000000e-01	1.50923844e-02	1.37643828e-04
3.99000000e-01	1.51954157e-02	1.38499290e-04
4.00000000e-01	1.51532876e-02	1.38007686e-04
4.01000000e-01	1.50712323e-02	1.37401778e-04
4.02000000e-01	1.50397133e-02	1.37172278e-04
4.03000000e-01	1.51475636e-02	1.38095841e-04
4.04000000e-01	1.50763613e-02	1.36901348e-04
4.05000000e-01	1.50219312e-02	1.36893340e-04
4.06000000e-01	1.51204996e-02	1.37441983e-04
4.07000000e-01	1.51075508e-02	1.37185866e-04
4.08000000e-01	1.51016389e-02	1.37281028e-04
4.09000000e-01	1.49850984e-02	1.36463669e-04
4.10000000e-01	1.50623086e-02	1.36582968e-04
4.11000000e-01	1.50326073e-02	1.36819459e-04
4.12000000e-01	1.48846171e-02	1.35594871e-04
4.13000000e-01	1.50669190e-02	1.36876423e-04
4.14000000e-01	1.50746192e-02	1.37042172e-04
4.15000000e-01	1.48052684e-02	1.34486758e-04
4.16000000e-01	1.49222918e-02	1.35388751e-04
4.17000000e-01	1.49273502e-02	1.35354824e-04
4.18000000e-01	1.51113507e-02	1.38738375e-04
4.19000000e-01	1.49010871e-02	1.38477561e-04
4.20000000e-01	1.49309028e-02	1.39421750e-04
4.21000000e-01	1.49377687e-02	1.39592605e-04
4.22000000e-01	1.50457129e-02	1.41462535e-04
4.23000000e-01	1.48464409e-02	1.40088747e-04
4.24000000e-01	1.49404521e-02	1.41350188e-04
4.25000000e-01	1.48999776e-02	1.41436055e-04
4.26000000e-01	1.49079350e-02	1.41296647e-04
4.27000000e-01	1.49929351e-02	1.41809833e-04
4.28000000e-01	1.49912735e-02	1.42094261e-04
4.29000000e-01	1.50563634e-02	1.43060110e-04
4.30000000e-01	1.49999875e-02	1.42206540e-04
4.31000000e-01	1.50031270e-02	1.41699723e-04
4.32000000e-01	1.48464471e-02	1.41308727e-04
4.33000000e-01	1.48990183e-02	1.41597120e-04
4.34000000e-01	1.48958222e-02	1.42118532e-04
4.35000000e-01	1.49253989e-02	1.41868272e-04
4.36000000e-01	1.48805903e-02	1.41773775e-04
4.37000000e-01	1.48769885e-02	1.42346119e-04
4.38000000e-01	1.49277665e-02	1.42976431e-04
4.39000000e-01	1.47963563e-02	1.42263269e-04
4.40000000e-01	1.47445628e-02	1.41885996e-04
4.41000000e-01	1.49428671e-02	1.43322759e-04
4.42000000e-01	1.47486091e-02	1.41872775e-04
4.43000000e-01	1.45884013e-02	1.40571650e-04
4.44000000e-01	1.48105950e-02	1.42932852e-04
4.45000000e-01	1.47986828e-02	1.43155903e-04
4.46000000e-01	1.47687724e-02	1.42995931e-04
4.47000000e-01	1.46632174e-02	1.42056821e-04
4.48000000e-01	1.47215765e-02	1.42683436e-04
4.49000000e-01	1.48581780e-02	1.43866501e-04
4.50000000e-01	1.46453553e-02	1.43070741e-04
4.51000000e-01	1.46150521e-02	1.42305448e-04
4.52000000e-01	1.48722550e-02	1.44360142e-04
4.53000000e-01	1.47204960e-02	1.42991711e-04
4.54000000e-01	1.46605939e-02	1.42550891e-04
4.55000000e-01	1.47380185e-02	1.44028892e-04
4.56000000e-01	1.45733618e-02	1.41938545e-04
4.57000000e-01	1.45972405e-02	1.42886933e-04
4.58000000e-01	1.46567409e-02	1.42799201e-04
4.59000000e-01	1.46962804e-02	1.43634291e-04
4.60000000e-01	1.46186173e-02	1.42941071e-04
4.61000000e-01	1.47142967e-02	1.43787860e-04
4.62000000e-01	1.43795389e-02	1.41085991e-04
4.63000000e-01	1.47643955e-02	1.44812388e-04
4.64000000e-01	1.45392610e-02	1.42447814e-04
4.65000000e-01	1.46565716e-02	1.44344060e-04
4.66000000e-01	1.44639177e-02	1.42485762e-04
4.67000000e-01	1.46718225e-02	1.44286892e-04
4.68000000e-01	1.45524017e-02	1.43171109e-04
4.69000000e-01	1.45754899e-02	1.43177230e-04
4.70000000e-01	1.44410980e-02	1.42546514e-04
4.71000000e-01	1.45505919e-02	1.43738989e-04
4.72000000e-01	1.45005223e-02	1.43092566e-04
4.73000000e-01	1.45462690e-02	1.43585429e-04
4.74000000e-01	1.44698995e-02	1.42534141e-04
4.75000000e-01	1.44575876e-02	1.42739393e-04
4.76000000e-01	1.44918208e-02	1.42935384e-04
4.77000000e-01	1.45170921e-02	1.42689901e-04
4.78000000e-01	1.44174659e-02	1.41972497e-04
4.79000000e-01	1.44138912e-02	1.42354025e-04
4.80000000e-01	1.43680936e-02	1.42278396e-04
4.81000000e-01	1.43360626e-02	1.41789456e-04
4.82000000e-01	1.43856750e-02	1.42221542e-04
4.83000000e-01	1.44310794e-02	1.42347380e-04
4.84000000e-01	1.43007826e-02	1.41472695e-04
4.85000000e-01	1.44421504e-02	1.43440803e-04
4.86000000e-01	1.43143372e-02	1.41658550e-04
4.87000000e-01	1.44851420e-02	1.43492646e-04
4.88000000e-01	1.43665121e-02	1.42353243e-04
4.89000000e-01	1.43753865e-02	1.42828416e-04
4.90000000e-01	1.43552891e-02	1.42511740e-04
4.91000000e-01	1.44067568e-02	1.43184703e-04
4.92000000e-01	1.42939828e-02	1.42118148e-04
4.93000000e-01	1.43337140e-02	1.42281754e-04
4.94000000e-01	1.43533612e-02	1.42819453e-04
4.95000000e-01	1.42653884e-02	1.43228359e-04
4.96000000e-01	1.42976420e-02	1.46826786e-04
4.97000000e-01	1.42838629e-02	1.49754647e-04
4.98000000e-01	1.44250792e-02	1.53654949e-04
4.99000000e-01	1.42855460e-02	1.53965890e-04
5.00000000e-01	1.43957403e-02	1.55912479e-04
5.01000000e-01	1.43711191e-02	1.57678016e-04
5.02000000e-01	1.41737979e-02	1.57721187e-04
5.03000000e-01	1.42546105e-02	1.59868502e-04
5.04000000e-01	1.41913271e-02	1.60992994e-04
5.05000000e-01	1.43303558e-02	1.59472126e-04
5.06000000e-01	1.44333274e-02	1.57221518e-04
5.07000000e-01	1.43337616e-02	1.54395284e-04
5.08000000e-01	1.43468585e-02	1.53743049e-04
5.09000000e-01	1.41447441e-02	1.51310352e-04
5.10000000e-01	1.42399451e-02	1.51616053e-04
5.11000000e-01	1.42584309e-02	1.50922566e-04
5.12000000e-01	1.41649431e-02	1.50309663e-04
5.13000000e-01	1.41103734e-02	1.49580082e-04
5.14000000e-01	1.42072191e-02	1.49683879e-04
5.15000000e-01	1.42068407e-02	1.49258082e-04
5.16000000e-01	1.41195848e-02	1.48830150e-04
5.17000000e-01	1.41681684e-02	1.48666623e-04
5.18000000e-01	1.40536096e-02	1.47131625e-04
5.19000000e-01	1.39979363e-02	1.46187072e-04
5.20000000e-01	1.41535331e-02	1.47444416e-04
5.21000000e-01	1.40352318e-02	1.46549557e-04
5.22000000e-01	1.41125652e-02	1.46759478e-04
5.23000000e-01	1.41790283e-02	1.46770512e-04
5.24000000e-01	1.41798673e-02	1.47341065e-04
5.25000000e-01	1.40780146e-02	1.46369463e-04
5.26000000e-01	1.40394690e-02	1.45498830e-04
5.27000000e-01	1.41283002e-02	1.46550366e-04
5.28000000e-01	1.38555244e-02	1.43592859e-04
5.29000000e-01	1.40839119e-02	1.46467908e-04
5.30000000e-01	1.39396379e-02	1.44948809e-04
5.31000000e-01	1.39303689e-02	1.45360849e-04
5.32000000e-01	1.38793292e-02	1.44156288e-04
5.33000000e-01	1.40339745e-02	1.45969455e-04
5.34000000e-01	1.40063272e-02	1.45055877e-04
5.35000000e-01	1.38497957e-02	1.44231001e-04
5.36000000e-01	1.38636566e-02	1.44230289e-04
5.37000000e-01	1.38188079e-02	1.43642547e-04
5.38000000e-01	1.39700217e-02	1.44843881e-04
5.39000000e-01	1.40004179e-02	1.45834034e-04
5.40000000e-01	1.39865051e-02	1.45000208e-04
5.41000000e-01	1.39672280e-02	1.44634957e-04
5.42000000e-01	1.39007817e-02	1.44148267e-04
5.43000000e-01	1.38686920e-02	1.44275125e-04
5.44000000e-01	1.37966313e-02	1.43355167e-04
5.45000000e-01	1.37353582e-02	1.42783698e-04
5.46000000e-01	1.38236814e-02	1.43812138e-04
5.47000000e-01	1.37660036e-02	1.43422084e-04
5.48000000e-01	1.37214967e-02	1.42514196e-04
5.49000000e-01	1.38386279e-02	1.44114785e-04
5.50000000e-01	1.38508910e-02	1.43822030e-04
5.51000000e-01	1.37802891e-02	1.42589027e-04
5.52000000e-01	1.37400997e-02	1.41777216e-04
5.53000000e-01	1.38592910e-02	1.43496403e-04
5.54000000e-01	1.36356662e-02	1.41275374e-04
5.55000000e-01	1.36698030e-02	1.41362270e-04
5.56000000e-01	1.36693273e-02	1.41722528e-04
5.57000000e-01	1.36278389e-02	1.41054010e-04
5.58000000e-01	1.35070767e-02	1.39872634e-04
5.59000000e-01	1.36101095e-02	1.40474058e-04
5.60000000e-01	1.36839087e-02	1.41098432e-04
5.61000000e-01	1.35515686e-02	1.39799371e-04
5.62000000e-01	1.38109121e-02	1.42912748e-04
5.63000000e-01	1.35525949e-02	1.40613856e-04
5.64000000e-01	1.37166779e-02	1.41455956e-04
5.65000000e-01	1.36818693e-02	1.41330618e-04
5.66000000e-01	1.35650504e-02	1.40433527e-04
5.67000000e-01	1.35570848e-02	1.40049855e-04
5.68000000e-01	1.36268359e-02	1.40940831e-04
5.69000000e-01	1.37061837e-02	1.41388126e-04
5.70000000e-01	1.35682233e-02	1.40223949e-04
5.71000000e-01	1.35601142e-02	1.40417257e-04
5.72000000e-01	1.35670713e-02	1.40370837e-04
5.73000000e-01	1.36782173e-02	1.41440186e-04
5.74000000e-01	1.34706840e-02	1.39327386e-04
5.75000000e-01	1.34228857e-02	1.39360783e-04
5.76000000e-01	1.34857033e-02	1.39515823e-04
5.77000000e-01	1.34137645e-02	1.39760215e-04
5.78000000e-01	1.34436947e-02	1.39568725e-04
5.79000000e-01	1.36452602e-02	1.41108539e-04
5.80000000e-01	1.33594738e-02	1.38499237e-04
5.81000000e-01	1.33589188e-02	1.38768086e-04
5.82000000e-01	1.33736726e-02	1.38947101e-04
5.83000000e-01	1.33797029e-02	1.38994975e-04
5.84000000e-01	1.34378225e-02	1.39665087e-04
5.85000000e-01	1.32628249e-02	1.37944677e-04
5.86000000e-01	1.33088660e-02	1.38210517e-04
5.87000000e-01	1.32002791e-02	1.37804295e-04
5.88000000e-01	1.33185775e-02	1.38944367e-04
5.89000000e-01	1.33706243e-02	1.38923893e-04
5.90000000e-01	1.33109128e-02	1.38585273e-04
5.91000000e-01	1.34145060e-02	1.39754027e-04
5.92000000e-01	1.33893621e-02	1.39324530e-04
5.93000000e-01	1.33461355e-02	1.38642352e-04
5.94000000e-01	1.32214367e-02	1.37752311e-04
5.95000000e-01	1.33080896e-02	1.38795165e-04
5.96000000e-01	1.32734445e-02	1.37904994e-04
5.97000000e-01	1.32448212e-02	1.37481257e-04
5.98000000e-01	1.32118985e-02	1.37754313e-04
5.99000000e-01	1.33195443e-02	1.38475690e-04
6.00000000e-01	1.31379947e-02	1.36825185e-04
6.01000000e-01	1.32080081e-02	1.37382534e-04
6.02000000e-01	1.32162226e-02	1.37668952e-04
6.03000000e-01	1.32510866e-02	1.37797798e-04
6.04000000e-01	1.30595440e-02	1.36373232e-04
6.05000000e-01	1.31994375e-02	1.38181848e-04
6.06000000e-01	1.31349560e-02	1.37417651e-04
6.07000000e-01	1.31631804e-02	1.37531267e-04
6.08000000e-01	1.31737622e-02	1.37510755e-04
6.09000000e-01	1.32028291e-02	1.37861763e-04
6.10000000e-01	1.31653889e-02	1.37363173e-04
6.11000000e-01	1.31593524e-02	1.37180432e-04
6.12000000e-01	1.31286783e-02	1.36921700e-04
6.13000000e-01	1.32459513e-02	1.38114501e-04
6.14000000e-01	1.31169991e-02	1.37323158e-04
6.15000000e-01	1.31495781e-02	1.37168904e-04
6.16000000e-01	1.30682029e-02	1.36495530e-04
6.17000000e-01	1.32115129e-02	1.37913423e-04
6.18000000e-01	1.31920901e-02	1.37521425e-04
6.19000000e-01	1.30218571e-02	1.36043332e-04
6.20000000e-01	1.31165558e-02	1.36843755e-04
6.21000000e-01	1.31190787e-02	1.36507814e-04
6.22000000e-01	1.30599842e-02	1.35967905e-04
6.23000000e-01	1.30114260e-02	1.34983580e-04
6.24000000e-01	1.29858768e-02	1.34445829e-04
6.25000000e-01	1.30782111e-02	1.35838928e-04
6.26000000e-01	1.29369236e-02	1.34375657e-04
6.27000000e-01	1.30906912e-02	1.35398392e-04
6.28000000e-01	1.30974782e-02	1.35826832e-04
6.29000000e-01	1.29082216e-02	1.34223645e-04
6.30000000e-01	1.29964605e-02	1.34849430e-04
6.31000000e-01	1.30290324e-02	1.35334488e-04
6.32000000e-01	1.29731321e-02	1.34712389e-04
6.33000000e-01	1.30148599e-02	1.35238683e-04
6.34000000e-01	1.29054449e-02	1.37385279e-04
6.35000000e-01	1.28980431e-02	1.41631529e-04
6.36000000e-01	1.31041248e-02	1.45781645e-04
6.37000000e-01	1.29698364e-02	1.46676631e-04
6.38000000e-01	1.29512682e-02	1.48735548e-04
6.39000000e-01	1.29968268e-02	1.50746687e-04
6.40000000e-01	1.31482595e-02	1.54468039e-04
6.41000000e-01	1.31309062e-02	1.55591265e-04
6.42000000e-01	1.30154794e-02	1.56309628e-04
6.43000000e-01	1.29676186e-02	1.55611391e-04
6.44000000e-01	1.29122899e-02	1.49058835e-04
6.45000000e-01	1.30167746e-02	1.48736228e-04
6.46000000e-01	1.29607015e-02	1.46878446e-04
6.47000000e-01	1.28464386e-02	1.44434370e-04
6.48000000e-01	1.29347485e-02	1.44875643e-04
6.49000000e-01	1.29969976e-02	1.43971209e-04
6.50000000e-01	1.28444645e-02	1.42142239e-04
6.51000000e-01	1.30645282e-02	1.43550727e-04
6.52000000e-01	1.30099521e-02	1.42413907e-04
6.53000000e-01	1.30823327e-02	1.43044057e-04
6.54000000e-01	1.28593916e-02	1.39747227e-04
6.55000000e-01	1.29597290e-02	1.40398400e-04
6.56000000e-01	1.31277768e-02	1.42348613e-04
6.57000000e-01	1.29395623e-02	1.40365363e-04
6.58000000e-01	1.29701788e-02	1.40194809e-04
6.59000000e-01	1.29232650e-02	1.40127744e-04
6.60000000e-01	1.30680932e-02	1.41407690e-04
6.61000000e-01	1.30060582e-02	1.40262356e-04
6.62000000e-01	1.30126250e-02	1.40859820e-04
6.63000000e-01	1.27749983e-02	1.38594148e-04
6.64000000e-01	1.29669214e-02	1.39501360e-04
6.65000000e-01	1.29037333e-02	1.39208754e-04
6.66000000e-01	1.28238053e-02	1.38386825e-04
6.67000000e-01	1.28356436e-02	1.38311052e-04
6.68000000e-01	1.27097202e-02	1.37125100e-04
6.69000000e-01	1.26904110e-02	1.36866296e-04
6.70000000e-01	1.29117861e-02	1.38575970e-04
6.71000000e-01	1.29951728e-02	1.39659184e-04
6.72000000e-01	1.28006542e-02	1.37957047e-04
6.73000000e-01	1.27729013e-02	1.37380337e-04
6.74000000e-01	1.28274012e-02	1.37803803e-04
6.75000000e-01	1.28314944e-02	1.37933111e-04
6.76000000e-01	1.28954045e-02	1.38736602e-04
6.77000000e-01	1.28708478e-02	1.38072517e-04
6.78000000e-01	1.26755704e-02	1.36393636e-04
6.79000000e-01	1.28104599e-02	1.37479272e-04
6.80000000e-01	1.27580642e-02	1.37335652e-04
6.81000000e-01	1.27626673e-02	1.36946424e-04
6.82000000e-01	1.27243724e-02	1.36432441e-04
6.83000000e-01	1.27106395e-02	1.36468671e-04
6.84000000e-01	1.27721197e-02	1.37040067e-04
6.85000000e-01	1.27465767e-02	1.36778830e-04
6.86000000e-01	1.26713803e-02	1.36012504e-04
6.87000000e-01	1.26847811e-02	1.36219451e-04
6.88000000e-01	1.25828556e-02	1.35720597e-04
6.89000000e-01	1.26541562e-02	1.35382384e-04
6.90000000e-01	1.27373582e-02	1.35990126e-04
6.91000000e-01	1.26470505e-02	1.35514037e-04
6.92000000e-01	1.27525344e-02	1.36909162e-04
6.93000000e-01	1.25848904e-02	1.35194349e-04
6.94000000e-01	1.26682227e-02	1.35616152e-04
6.95000000e-01	1.27051096e-02	1.36066188e-04
6.96000000e-01	1.26518783e-02	1.35802345e-04
6.97000000e-01	1.26206747e-02	1.34917771e-04
6.98000000e-01	1.25142814e-02	1.34545238e-04
6.99000000e-01	1.24917393e-02	1.34107720e-04
7.00000000e-01	1.25819591e-02	1.35011613e-04
7.01000000e-01	1.24745505e-02	1.33799081e-04
7.02000000e-01	1.26464067e-02	1.35200317e-04
7.03000000e-01	1.25492776e-02	1.34637472e-04
7.04000000e-01	1.25731050e-02	1.34766441e-04
7.05000000e-01	1.25488940e-02	1.34678608e-04
7.06000000e-01	1.26216703e-02	1.35230586e-04
7.07000000e-01	1.25067576e-02	1.33596319e-04
7.08000000e-01	1.25211965e-02	1.33624365e-04
7.09000000e-01	1.23877399e-02	1.32470814e-04
7.10000000e-01	1.24318283e-02	1.33187372e-04
7.11000000e-01	1.23874761e-02	1.33140935e-04
7.12000000e-01	1.24084496e-02	1.32613992e-04
7.13000000e-01	1.23881625e-02	1.32470243e-04
7.14000000e-01	1.22477088e-02	1.31665373e-04
7.15000000e-01	1.23532354e-02	1.33091517e-04
7.16000000e-01	1.23880043e-02	1.33107563e-04
7.17000000e-01	1.24671108e-02	1.33696412e-04
7.18000000e-01	1.23252143e-02	1.32350812e-04
7.19000000e-01	1.22683030e-02	1.31555095e-04
7.20000000e-01	1.24844656e-02	1.33868133e-04
7.21000000e-01	1.21862019e-02	1.31301269e-04
7.22000000e-01	1.24032316e-02	1.33184587e-04
7.23000000e-01	1.23539577e-02	1.32468435e-04
7.24000000e-01	1.22600852e-02	1.31570070e-04
7.25000000e-01	1.23853346e-02	1.32919620e-04
7.26000000e-01	1.22558258e-02	1.31458224e-04
7.27000000e-01	1.23566195e-02	1.32401391e-04
7.28000000e-01	1.22304197e-02	1.31694067e-04
7.29000000e-01	1.21953675e-02	1.30718968e-04
7.30000000e-01	1.22234202e-02	1.31046273e-04
7.31000000e-01	1.21186630e-02	1.30514323e-04
7.32000000e-01	1.21992446e-02	1.31259689e-04
7.33000000e-01	1.23946429e-02	1.33071061e-04
7.34000000e-01	1.21574137e-02	1.30598065e-04
7.35000000e-01	1.20505064e-02	1.29610165e-04
7.36000000e-01	1.22324244e-02	1.30715196e-04
7.37000000e-01	1.22412925e-02	1.30633833e-04
7.38000000e-01	1.21206064e-02	1.29729132e-04
7.39000000e-01	1.23001123e-02	1.30384976e-04
7.40000000e-01	1.22025390e-02	1.29769641e-04
7.41000000e-01	1.20530938e-02	1.28393431e-04
7.42000000e-01	1.21613722e-02	1.29119569e-04
7.43000000e-01	1.20152127e-02	1.27836781e-04
7.44000000e-01	1.20102647e-02	1.28046514e-04
7.45000000e-01	1.20919162e-02	1.28550361e-04
7.46000000e-01	1.21035527e-02	1.28241062e-04
7.47000000e-01	1.20557914e-02	1.28543610e-04
7.48000000e-01	1.20579154e-02	1.28201925e-04
7.49000000e-01	1.20256650e-02	1.28158082e-04
7.50000000e-01	1.20733642e-02	1.28505999e-04
7.51000000e-01	1.19793749e-02	1.27200852e-04
7.52000000e-01	1.21090110e-02	1.28781421e-04
7.53000000e-01	1.21226286e-02	1.29059294e-04
7.54000000e-01	1.20045524e-02	1.27458097e-04
7.55000000e-01	1.19342979e-02	1.26938683e-04
7.56000000e-01	1.19000079e-02	1.27024999e-04
7.57000000e-01	1.20808730e-02	1.28598463e-04
7.58000000e-01	1.18495966e-02	1.26867196e-04
7.59000000e-01	1.18694405e-02	1.26622907e-04
7.60000000e-01	1.18913610e-02	1.26529442e-04
7.61000000e-01	1.20132249e-02	1.27284759e-04
7.62000000e-01	1.19144554e-02	1.26022270e-04
7.63000000e-01	1.19085941e-02	1.25491053e-04
7.64000000e-01	1.17961758e-02	1.24780159e-04
7.65000000e-01	1.19110416e-02	1.25752685e-04
7.66000000e-01	1.19801426e-02	1.26810231e-04
7.67000000e-01	1.17490436e-02	1.23838741e-04
7.68000000e-01	1.18486604e-02	1.24583017e-04
7.69000000e-01	1.18450264e-02	1.25576872e-04
7.70000000e-01	1.17774894e-02	1.24436369e-04
7.71000000e-01	1.18080570e-02	1.24580977e-04
7.72000000e-01	1.19004728e-02	1.29313703e-04
7.73000000e-01	1.18874282e-02	1.33425120e-04
7.74000000e-01	1.17837522e-02	1.35155453e-04
7.75000000e-01	1.18496836e-02	1.38330545e-04
7.76000000e-01	1.18263194e-02	1.39633807e-04
7.77000000e-01	1.17840789e-02	1.41688807e-04
7.78000000e-01	1.19056645e-02	1.44373488e-04
7.79000000e-01	1.16980069e-02	1.44017107e-04
7.80000000e-01	1.16775134e-02	1.45925460e-04
7.81000000e-01	1.17179267e-02	1.47928948e-04
7.82000000e-01	1.16496495e-02	1.48543566e-04
7.83000000e-01	1.17271009e-02	1.51130752e-04
7.84000000e-01	1.18074299e-02	1.53813778e-04
7.85000000e-01	1.15490038e-02	1.51978672e-04
7.86000000e-01	1.16338534e-02	1.54374186e-04
7.87000000e-01	1.15439221e-02	1.55443306e-04
7.88000000e-01	1.17745682e-02	1.59026442e-04
7.89000000e-01	1.16056638e-02	1.58701606e-04
7.90000000e-01	1.16933027e-02	1.62486370e-04
7.91000000e-01	1.15437807e-02	1.61931421e-04
7.92000000e-01	1.14011223e-02	1.61656283e-04
7.93000000e-01	1.15546939e-02	1.64774267e-04
7.94000000e-01	1.14025852e-02	1.64563278e-04
7.95000000e-01	1.17518768e-02	1.71008553e-04
7.96000000e-01	1.15712994e-02	1.70151054e-04
7.97000000e-01	1.14914042e-02	1.70955758e-04
7.98000000e-01	1.14967324e-02	1.71942852e-04
7.99000000e-01	1.14700383e-02	1.74317026e-04
8.00000000e-01	1.14278593e-02	1.75832991e-04
8.01000000e-01	1.13361382e-02	1.75477756e-04
8.02000000e-01	1.14349980e-02	1.79287843e-04
8.03000000e-01	1.13691238e-02	1.80096771e-04
8.04000000e-01	1.14661317e-02	1.83990406e-04
8.05000000e-01	1.15431099e-02	1.85869172e-04
8.06000000e-01	1.16350227e-02	1.89644757e-04
8.07000000e-01	1.12564062e-02	1.86166814e-04
8.08000000e-01	1.12980292e-02	1.90000864e-04
8.09000000e-01	1.14258146e-02	1.92036181e-04
8.10000000e-01	1.14618030e-02	1.95952045e-04
8.11000000e-01	1.13825795e-02	1.96467509e-04
8.12000000e-01	1.15968126e-02	2.01389806e-04
8.13000000e-01	1.11743537e-02	1.98975015e-04
8.14000000e-01	1.12575405e-02	2.01622682e-04
8.15000000e-01	1.14604106e-02	2.06220951e-04
8.16000000e-01	1.12722914e-02	2.06310125e-04
8.17000000e-01	1.13432314e-02	2.10351104e-04
8.18000000e-01	1.10951913e-02	2.07516616e-04
8.19000000e-01	1.12871261e-02	2.14832498e-04
8.20000000e-01	1.11836321e-02	2.16775779e-04
8.21000000e-01	1.11589850e-02	2.18541490e-04
8.22000000e-01	1.11890647e-02	2.21842079e-04
8.23000000e-01	1.11630019e-02	2.23889065e-04
8.24000000e-01	1.13871569e-02	2.29645230e-04
8.25000000e-01	1.10846468e-02	2.28693893e-04
8.26000000e-01	1.10416898e-02	2.31973735e-04
8.27000000e-01	1.11744705e-02	2.36629576e-04
8.28000000e-01	1.13851093e-02	2.44084264e-04
8.29000000e-01	1.10286458e-02	2.42821564e-04
8.30000000e-01	1.11238852e-02	2.46665159e-04
8.31000000e-01	1.09619815e-02	2.49166154e-04
8.32000000e-01	1.10359967e-02	2.53561607e-04
8.33000000e-01	1.12991646e-02	2.62155570e-04
8.34000000e-01	1.08222191e-02	2.58079439e-04
8.35000000e-01	1.08149841e-02	2.63952666e-04
8.36000000e-01	1.09391957e-02	2.71884929e-04
8.37000000e-01	1.07358436e-02	2.69416123e-04
8.38000000e-01	1.08202477e-02	2.75719790e-04
8.39000000e-01	1.05812448e-02	2.77208216e-04
8.40000000e-01	1.09235866e-02	2.92364842e-04
8.41000000e-01	1.09761035e-02	3.02770402e-04
8.42000000e-01	1.07373518e-02	3.03209036e-04
8.43000000e-01	1.10932024e-02	3.20793161e-04
8.44000000e-01	1.09018122e-02	3.20889136e-04
8.45000000e-01	1.09092656e-02	3.23467607e-04
8.46000000e-01	1.04974923e-02	3.23741487e-04
8.47000000e-01	1.09736417e-02	3.51656986e-04
8.48000000e-01	1.07813533e-02	3.59915544e-04
8.49000000e-01	1.08146972e-02	3.67825130e-04
8.50000000e-01	1.09106159e-02	3.76536243e-04
8.51000000e-01	1.10027948e-02	3.93731042e-04
8.52000000e-01	1.06045515e-02	4.00109801e-04
8.53000000e-01	1.07962095e-02	4.26274504e-04
8.54000000e-01	1.06631642e-02	4.40687620e-04
8.55000000e-01	1.07688075e-02	4.58670498e-04
8.56000000e-01	1.04450984e-02	4.59479091e-04
8.57000000e-01	1.06443214e-02	4.73769129e-04
8.58000000e-01	1.04435123e-02	4.87574352e-04
8.59000000e-01	1.02418753e-02	4.99396134e-04
8.60000000e-01	1.08620063e-02	5.36486891e-04
8.61000000e-01	1.07267617e-02	5.56189541e-04
8.62000000e-01	1.02370573e-02	5.49421643e-04
8.63000000e-01	1.00835140e-02	5.56517576e-04
8.64000000e-01	1.06154293e-02	6.18159808e-04
8.65000000e-01	1.03508704e-02	6.20015495e-04
8.66000000e-01	1.07077254e-02	6.72680427e-04
8.67000000e-01	1.05511650e-02	7.13297605e-04
8.68000000e-01	9.98285623e-03	7.36950086e-04
8.69000000e-01	1.06449619e-02	7.95857654e-04
8.70000000e-01	1.01865728e-02	8.75251798e-04
8.71000000e-01	9.78894236e-03	9.44377341e-04
8.72000000e-01	9.34457565e-03	1.00424027e-03
8.73000000e-01	1.06125116e-02	1.39249343e-03
8.74000000e-01	1.21511111e-02	1.92322325e-03
8.75000000e-01	1.46708886e-02	5.01006893e-03
