% Filename : SDL7_00012_00106.h5
% Date & Time : 30-Oct-2025 14:52:28
% X-ray Energy (keV) : 13.30001
% Exposure Time (s) : 0.500
% Beam Center : 1461.24000, 208.98300
% Sample to Detector Distance (SDD) (mm) : 1990.750
% Detector Pixel Size (mm) : 0.075
% Photodiode Value : 135225.000
% I0 of Sample : 0
% I0 of Standard : 1
% 
% q(A^-1)   I(q)    I(q)_SE
0.00000000e+00	9.35233507e-03	4.81718847e-03
2.50000000e-04	0.00000000e+00	0.00000000e+00
5.00000000e-04	0.00000000e+00	0.00000000e+00
7.50000000e-04	0.00000000e+00	0.00000000e+00
1.00000000e-03	0.00000000e+00	0.00000000e+00
1.25000000e-03	0.00000000e+00	0.00000000e+00
1.50000000e-03	0.00000000e+00	0.00000000e+00
1.75000000e-03	0.00000000e+00	0.00000000e+00
2.00000000e-03	0.00000000e+00	0.00000000e+00
2.25000000e-03	0.00000000e+00	0.00000000e+00
2.50000000e-03	0.00000000e+00	0.00000000e+00
2.75000000e-03	0.00000000e+00	0.00000000e+00
3.00000000e-03	0.00000000e+00	0.00000000e+00
3.25000000e-03	3.36596054e+01	3.06709586e+01
3.50000000e-03	7.40084754e+00	5.60474742e+00
3.75000000e-03	4.29638631e+00	2.90786940e+00
4.00000000e-03	2.89501717e+00	1.65092503e+00
4.25000000e-03	9.49519028e-01	1.48296124e-01
4.50000000e-03	1.87014716e+00	8.42477061e-01
4.75000000e-03	2.08918531e+00	7.26777985e-01
5.00000000e-03	1.60028885e+00	5.42633849e-01
5.25000000e-03	1.40582338e+00	4.89869597e-01
5.50000000e-03	1.12327562e+00	3.68603277e-01
5.75000000e-03	9.65987905e-01	3.24737169e-01
6.00000000e-03	7.99804677e-01	2.51754475e-01
6.25000000e-03	6.76330081e-01	2.11013178e-01
6.50000000e-03	6.14803800e-01	1.93442764e-01
6.75000000e-03	5.11096032e-01	1.52382076e-01
7.00000000e-03	4.68207775e-01	1.43058556e-01
7.25000000e-03	3.95493039e-01	1.16281112e-01
7.50000000e-03	3.52685792e-01	1.04656876e-01
7.75000000e-03	3.25055481e-01	9.49848566e-02
8.00000000e-03	2.83207604e-01	7.83541570e-02
8.25000000e-03	2.47387275e-01	6.84935184e-02
8.50000000e-03	2.22149184e-01	5.89125610e-02
8.75000000e-03	1.97293196e-01	5.26613519e-02
9.00000000e-03	1.85431317e-01	4.90176643e-02
9.25000000e-03	1.61615727e-01	4.04282381e-02
9.50000000e-03	1.51454591e-01	3.88103409e-02
9.75000000e-03	1.34589219e-01	3.22394449e-02
1.00000000e-02	1.21556305e-01	2.84798129e-02
1.02500000e-02	1.20853775e-01	2.87534836e-02
1.05000000e-02	1.04139946e-01	2.28492164e-02
1.07500000e-02	1.02068954e-01	2.30314532e-02
1.10000000e-02	9.02286703e-02	1.87460222e-02
1.12500000e-02	8.59579355e-02	1.80866908e-02
1.15000000e-02	8.12430387e-02	1.61599657e-02
1.17500000e-02	6.46566929e-02	1.09595542e-02
1.20000000e-02	6.97515682e-02	1.44111942e-02
1.22500000e-02	6.82317128e-02	1.23851634e-02
1.25000000e-02	6.39822556e-02	1.20136519e-02
1.27500000e-02	6.11212978e-02	1.07957482e-02
1.30000000e-02	5.73826291e-02	9.94177630e-03
1.32500000e-02	5.59722196e-02	1.02676754e-02
1.35000000e-02	5.54300790e-02	9.31730355e-03
1.37500000e-02	5.19849972e-02	8.76291756e-03
1.40000000e-02	4.81620462e-02	7.63153491e-03
1.42500000e-02	4.64513195e-02	6.79493606e-03
1.45000000e-02	4.38189753e-02	6.46570270e-03
1.47500000e-02	4.27486383e-02	6.35552180e-03
1.50000000e-02	4.33119672e-02	6.67760491e-03
1.52500000e-02	3.99997142e-02	5.30375348e-03
1.55000000e-02	3.94964817e-02	5.29115785e-03
1.57500000e-02	3.68026970e-02	4.26630529e-03
1.60000000e-02	3.57075011e-02	4.35340421e-03
1.62500000e-02	3.68560413e-02	4.57322734e-03
1.65000000e-02	3.43903133e-02	3.91745859e-03
1.67500000e-02	3.46819211e-02	3.73422562e-03
1.70000000e-02	3.27915622e-02	3.29909992e-03
1.72500000e-02	3.15618140e-02	3.06307363e-03
1.75000000e-02	3.12874692e-02	3.17256070e-03
1.77500000e-02	3.02892447e-02	2.68804585e-03
1.80000000e-02	3.04057116e-02	2.93490342e-03
1.82500000e-02	3.07867726e-02	2.60565984e-03
1.85000000e-02	2.92826261e-02	2.73450666e-03
1.87500000e-02	3.02696694e-02	2.60202854e-03
1.90000000e-02	2.88695581e-02	2.24426749e-03
1.92500000e-02	2.84957516e-02	2.20259040e-03
1.95000000e-02	2.83606508e-02	2.16573840e-03
1.97500000e-02	2.69024325e-02	2.01483072e-03
2.00000000e-02	2.69140913e-02	1.94293830e-03
2.02500000e-02	2.66956647e-02	1.71238355e-03
2.05000000e-02	2.67545596e-02	2.02530797e-03
2.07500000e-02	2.54653204e-02	1.71389028e-03
2.10000000e-02	2.62567355e-02	1.92476219e-03
2.12500000e-02	2.60078510e-02	1.76492220e-03
2.15000000e-02	2.72389269e-02	1.74962418e-03
2.17500000e-02	2.54966316e-02	1.79150517e-03
2.20000000e-02	2.55787263e-02	1.65090922e-03
2.22500000e-02	2.63661857e-02	1.75205870e-03
2.25000000e-02	2.68478838e-02	1.76659060e-03
2.27500000e-02	2.56225874e-02	1.71236888e-03
2.30000000e-02	2.54028898e-02	1.71769919e-03
2.32500000e-02	2.52225279e-02	1.52176173e-03
2.35000000e-02	2.46826424e-02	1.54542481e-03
2.37500000e-02	2.56606856e-02	1.52701632e-03
2.40000000e-02	2.52633560e-02	1.56715149e-03
2.42500000e-02	2.40558161e-02	1.56115150e-03
2.45000000e-02	2.43689965e-02	1.40253759e-03
2.47500000e-02	2.44809811e-02	1.50321969e-03
2.50000000e-02	2.42934325e-02	1.40209623e-03
2.52500000e-02	2.42208732e-02	1.34319691e-03
2.55000000e-02	2.34826329e-02	1.36043322e-03
2.57500000e-02	2.36403334e-02	1.29982943e-03
2.60000000e-02	2.37772119e-02	1.30429956e-03
2.62500000e-02	2.43077051e-02	1.36056284e-03
2.65000000e-02	2.31259431e-02	1.24007737e-03
2.67500000e-02	2.30173442e-02	1.25818317e-03
2.70000000e-02	2.34412603e-02	1.25466062e-03
2.72500000e-02	2.21715841e-02	1.18672379e-03
2.75000000e-02	2.28187106e-02	1.21405573e-03
2.77500000e-02	2.36076689e-02	1.26142988e-03
2.80000000e-02	2.32582759e-02	1.16245977e-03
2.82500000e-02	2.31834949e-02	1.23590177e-03
2.85000000e-02	2.29773741e-02	1.17026237e-03
2.87500000e-02	2.31189791e-02	1.22164564e-03
2.90000000e-02	2.29778975e-02	1.18166725e-03
2.92500000e-02	2.34892450e-02	1.14640054e-03
2.95000000e-02	2.32430972e-02	1.16780215e-03
2.97500000e-02	2.35775466e-02	1.15523194e-03
3.00000000e-02	2.38987906e-02	1.21063204e-03
3.02500000e-02	2.39558659e-02	1.20157954e-03
3.05000000e-02	2.35728784e-02	1.11853537e-03
3.07500000e-02	2.29812253e-02	1.13157772e-03
3.10000000e-02	2.32506333e-02	1.14316485e-03
3.12500000e-02	2.35001957e-02	1.15656464e-03
3.15000000e-02	2.35842575e-02	1.12930722e-03
3.17500000e-02	2.33688204e-02	1.10082959e-03
3.20000000e-02	2.32252508e-02	1.10277757e-03
3.22500000e-02	2.32823894e-02	1.12147051e-03
3.25000000e-02	2.28012844e-02	1.09660312e-03
3.27500000e-02	2.26274055e-02	1.06100472e-03
3.30000000e-02	2.28965817e-02	1.06851424e-03
3.32500000e-02	2.31210820e-02	1.08925937e-03
3.35000000e-02	2.25783460e-02	1.06273932e-03
3.37500000e-02	2.32748864e-02	1.07455013e-03
3.40000000e-02	2.23457912e-02	1.04211806e-03
3.42500000e-02	2.30214448e-02	1.07063173e-03
3.45000000e-02	2.23380094e-02	1.03968467e-03
3.47500000e-02	2.20261962e-02	1.02139747e-03
3.50000000e-02	2.23125857e-02	1.02935346e-03
3.52500000e-02	2.25487975e-02	1.05047504e-03
3.55000000e-02	2.19421942e-02	1.00306355e-03
3.57500000e-02	2.17321005e-02	1.00547981e-03
3.60000000e-02	2.19869125e-02	1.01970731e-03
3.62500000e-02	2.15346505e-02	9.89731950e-04
3.65000000e-02	2.18716620e-02	9.98352671e-04
3.67500000e-02	2.15946094e-02	9.96730902e-04
3.70000000e-02	2.20355989e-02	1.01153146e-03
3.72500000e-02	2.16394211e-02	9.79541341e-04
3.75000000e-02	2.15507063e-02	9.85187861e-04
3.77500000e-02	2.16582570e-02	9.63979644e-04
3.80000000e-02	2.18872053e-02	9.86357925e-04
3.82500000e-02	2.21670324e-02	9.74120670e-04
3.85000000e-02	2.12031677e-02	9.47636277e-04
3.87500000e-02	2.19314184e-02	9.71256130e-04
3.90000000e-02	2.11752937e-02	9.44445153e-04
3.92500000e-02	2.19404775e-02	9.65272646e-04
3.95000000e-02	2.15523692e-02	9.49361285e-04
3.97500000e-02	2.06624749e-02	9.15367446e-04
4.00000000e-02	2.15457776e-02	9.48901871e-04
4.02500000e-02	2.18678307e-02	9.57843739e-04
4.05000000e-02	2.16997288e-02	9.44692435e-04
4.07500000e-02	2.13920466e-02	9.34388500e-04
4.10000000e-02	2.11540834e-02	9.27441540e-04
4.12500000e-02	2.11745329e-02	9.27262803e-04
4.15000000e-02	2.19323496e-02	9.48149040e-04
4.17500000e-02	2.12957440e-02	9.17861236e-04
4.20000000e-02	2.16513145e-02	9.19949010e-04
4.22500000e-02	2.12576151e-02	9.07203076e-04
4.25000000e-02	2.21717046e-02	9.53295252e-04
4.27500000e-02	2.10788768e-02	9.02657340e-04
4.30000000e-02	2.12540088e-02	9.15018285e-04
4.32500000e-02	2.19234929e-02	9.24752893e-04
4.35000000e-02	2.14030947e-02	9.21543234e-04
4.37500000e-02	2.11171156e-02	8.86334988e-04
4.40000000e-02	2.07135484e-02	8.75449450e-04
4.42500000e-02	2.10895316e-02	8.90838894e-04
4.45000000e-02	2.09676066e-02	8.88192071e-04
4.47500000e-02	2.09158552e-02	8.87762801e-04
4.50000000e-02	2.10203094e-02	8.91000288e-04
4.52500000e-02	2.06519139e-02	8.67629222e-04
4.55000000e-02	2.14316641e-02	8.97826019e-04
4.57500000e-02	2.09432539e-02	8.71356197e-04
4.60000000e-02	2.13647413e-02	8.83155871e-04
4.62500000e-02	2.14437474e-02	8.85464345e-04
4.65000000e-02	2.05206258e-02	8.48152910e-04
4.67500000e-02	2.04257188e-02	8.47688399e-04
4.70000000e-02	2.16624157e-02	8.86147905e-04
4.72500000e-02	2.11546651e-02	8.74114120e-04
4.75000000e-02	2.10570524e-02	8.67433608e-04
4.77500000e-02	2.06617134e-02	8.45422050e-04
4.80000000e-02	2.12945509e-02	8.71370364e-04
4.82500000e-02	2.05162843e-02	8.38375701e-04
4.85000000e-02	2.03893011e-02	8.39763319e-04
4.87500000e-02	2.12933975e-02	8.64274998e-04
4.90000000e-02	2.14145753e-02	8.66556128e-04
4.92500000e-02	2.05563745e-02	8.30805886e-04
4.95000000e-02	2.12448547e-02	8.67343262e-04
4.97500000e-02	2.09732628e-02	8.52773283e-04
5.00000000e-02	2.07268578e-02	8.39729187e-04
5.02500000e-02	2.18419968e-02	8.73261684e-04
5.05000000e-02	2.21518716e-02	8.83669998e-04
5.07500000e-02	2.00626358e-02	8.13448465e-04
5.10000000e-02	2.08358876e-02	8.38026214e-04
5.12500000e-02	2.12784824e-02	8.51570169e-04
5.15000000e-02	2.02875840e-02	8.08805736e-04
5.17500000e-02	2.06700388e-02	8.27462251e-04
5.20000000e-02	2.03196116e-02	8.07205038e-04
5.22500000e-02	2.12465328e-02	8.44498306e-04
5.25000000e-02	2.03183713e-02	7.95058384e-04
5.27500000e-02	2.08812904e-02	8.15993763e-04
5.30000000e-02	2.02093328e-02	8.10495040e-04
5.32500000e-02	2.12549464e-02	8.38603262e-04
5.35000000e-02	2.06750765e-02	8.14908537e-04
5.37500000e-02	2.09571470e-02	8.17930780e-04
5.40000000e-02	2.00093275e-02	7.88228044e-04
5.42500000e-02	2.08176002e-02	8.07231012e-04
5.45000000e-02	2.04249524e-02	7.98704932e-04
5.47500000e-02	2.09618351e-02	8.07862028e-04
5.50000000e-02	2.04589784e-02	8.01948756e-04
5.52500000e-02	2.08926822e-02	8.06577043e-04
5.55000000e-02	2.04040347e-02	7.93576246e-04
5.57500000e-02	2.08617054e-02	8.12850510e-04
5.60000000e-02	2.04988309e-02	7.83929295e-04
5.62500000e-02	2.11410665e-02	8.17025646e-04
5.65000000e-02	2.01710145e-02	7.75928487e-04
5.67500000e-02	2.05411895e-02	7.99117265e-04
5.70000000e-02	1.97402728e-02	7.63147387e-04
5.72500000e-02	2.03444542e-02	7.77889506e-04
5.75000000e-02	2.04042517e-02	7.84743065e-04
5.77500000e-02	2.05166579e-02	7.74510502e-04
5.80000000e-02	2.01133432e-02	7.67643072e-04
5.82500000e-02	2.00442061e-02	7.61922567e-04
5.85000000e-02	2.08192028e-02	7.91459490e-04
5.87500000e-02	2.07249945e-02	7.78860581e-04
5.90000000e-02	2.03748540e-02	7.66605741e-04
5.92500000e-02	1.98915033e-02	7.47857009e-04
5.95000000e-02	1.94544445e-02	7.34767706e-04
5.97500000e-02	2.06539658e-02	7.76240372e-04
6.00000000e-02	2.02305614e-02	7.65876807e-04
6.02500000e-02	2.01868405e-02	7.66391279e-04
6.05000000e-02	1.99353064e-02	7.42550699e-04
6.07500000e-02	2.05879985e-02	7.68852978e-04
6.10000000e-02	2.08375804e-02	7.72214707e-04
6.12500000e-02	2.05341449e-02	7.67481403e-04
6.15000000e-02	1.96676588e-02	7.31481425e-04
6.17500000e-02	2.05933719e-02	7.57202155e-04
6.20000000e-02	2.00308250e-02	7.35593440e-04
6.22500000e-02	2.04922778e-02	7.56517709e-04
6.25000000e-02	2.00804866e-02	7.44545654e-04
6.27500000e-02	2.03480094e-02	7.48303143e-04
6.30000000e-02	2.04804792e-02	7.58522617e-04
6.32500000e-02	2.00560343e-02	7.42942055e-04
6.35000000e-02	1.98849725e-02	7.24808557e-04
6.37500000e-02	2.02124589e-02	7.36491723e-04
6.40000000e-02	2.02171800e-02	7.33944782e-04
6.42500000e-02	1.97927259e-02	7.23002286e-04
6.45000000e-02	2.00407020e-02	7.26386473e-04
6.47500000e-02	1.99476938e-02	7.30529840e-04
6.50000000e-02	2.01156891e-02	7.32836606e-04
6.52500000e-02	2.03945834e-02	7.42707185e-04
6.55000000e-02	2.00645257e-02	7.26706904e-04
6.57500000e-02	2.00121630e-02	7.20198442e-04
6.60000000e-02	2.02958208e-02	7.31751196e-04
6.62500000e-02	2.03086492e-02	7.40520817e-04
6.65000000e-02	2.04241828e-02	7.29895760e-04
6.67500000e-02	2.02024137e-02	7.24271796e-04
6.70000000e-02	2.03404440e-02	7.31226155e-04
6.72500000e-02	1.98432134e-02	7.17091241e-04
6.75000000e-02	2.03196703e-02	7.21934609e-04
6.77500000e-02	1.95895377e-02	7.03835898e-04
6.80000000e-02	1.98989075e-02	7.13921690e-04
6.82500000e-02	1.97860731e-02	7.06922557e-04
6.85000000e-02	1.95082590e-02	6.95931471e-04
6.87500000e-02	2.03976696e-02	7.23290264e-04
6.90000000e-02	2.03332720e-02	7.17344874e-04
6.92500000e-02	2.04420413e-02	7.21973159e-04
6.95000000e-02	2.00848108e-02	7.11250722e-04
6.97500000e-02	2.02192152e-02	7.12314903e-04
7.00000000e-02	2.01806485e-02	7.07984189e-04
7.02500000e-02	1.97674283e-02	6.96951411e-04
7.05000000e-02	2.01820768e-02	7.04517471e-04
7.07500000e-02	2.05823862e-02	7.22442400e-04
7.10000000e-02	2.01487668e-02	7.02529281e-04
7.12500000e-02	2.01178496e-02	7.07539450e-04
7.15000000e-02	1.95852448e-02	6.81652129e-04
7.17500000e-02	1.99114423e-02	6.96194409e-04
7.20000000e-02	2.01142902e-02	7.00787538e-04
7.22500000e-02	1.99908292e-02	6.90682825e-04
7.25000000e-02	1.99709157e-02	6.99582504e-04
7.27500000e-02	1.98340531e-02	6.95968915e-04
7.30000000e-02	2.04577024e-02	7.10258292e-04
7.32500000e-02	1.99107710e-02	6.87887201e-04
7.35000000e-02	2.02079095e-02	6.95208250e-04
7.37500000e-02	2.02357441e-02	7.00481884e-04
7.40000000e-02	1.98717358e-02	6.88167584e-04
7.42500000e-02	2.00763566e-02	6.89335777e-04
7.45000000e-02	1.95284544e-02	6.68433454e-04
7.47500000e-02	1.95514846e-02	6.73310803e-04
7.50000000e-02	2.01504701e-02	6.90722139e-04
7.52500000e-02	1.96346812e-02	6.73983873e-04
7.55000000e-02	1.99897051e-02	6.82673773e-04
7.57500000e-02	1.96856221e-02	6.62052161e-04
7.60000000e-02	1.98446260e-02	6.76624725e-04
7.62500000e-02	2.00415857e-02	6.84756212e-04
7.65000000e-02	1.98730638e-02	6.76508834e-04
7.67500000e-02	1.94330679e-02	6.57193691e-04
7.70000000e-02	2.02204512e-02	6.78214057e-04
7.72500000e-02	1.97693981e-02	6.83596933e-04
7.75000000e-02	2.01232035e-02	6.95308684e-04
7.77500000e-02	2.02608771e-02	7.10096978e-04
7.80000000e-02	2.02625618e-02	7.10512052e-04
7.82500000e-02	1.96629534e-02	6.91841887e-04
7.85000000e-02	1.99425692e-02	7.09305813e-04
7.87500000e-02	2.01271414e-02	7.11971764e-04
7.90000000e-02	1.99371682e-02	7.09179964e-04
7.92500000e-02	1.94922742e-02	6.92779907e-04
7.95000000e-02	1.95634912e-02	7.00236959e-04
7.97500000e-02	2.03840739e-02	7.35041052e-04
8.00000000e-02	1.99562280e-02	7.16760225e-04
8.02500000e-02	1.95128359e-02	7.07496261e-04
8.05000000e-02	1.99793587e-02	7.23917825e-04
8.07500000e-02	2.01945347e-02	7.37900139e-04
8.10000000e-02	2.02469158e-02	7.39411980e-04
8.12500000e-02	2.02225836e-02	7.35203232e-04
8.15000000e-02	1.96957099e-02	7.20930213e-04
8.17500000e-02	1.97744021e-02	7.20291985e-04
8.20000000e-02	1.98758518e-02	7.21046466e-04
8.22500000e-02	1.99436809e-02	7.25819005e-04
8.25000000e-02	2.02516218e-02	7.37094083e-04
8.27500000e-02	1.98252751e-02	7.31750474e-04
8.30000000e-02	2.01074265e-02	7.36311105e-04
8.32500000e-02	1.95272745e-02	7.19810990e-04
8.35000000e-02	1.99969449e-02	7.37541397e-04
8.37500000e-02	2.01713835e-02	7.34700345e-04
8.40000000e-02	1.96788171e-02	7.24368074e-04
8.42500000e-02	1.93502133e-02	7.16340137e-04
8.45000000e-02	1.95997295e-02	7.30696472e-04
8.47500000e-02	2.01208016e-02	7.43907499e-04
8.50000000e-02	1.92456978e-02	7.14206398e-04
8.52500000e-02	1.99666712e-02	7.41342402e-04
8.55000000e-02	2.01879977e-02	7.52485716e-04
8.57500000e-02	2.00308306e-02	7.45294773e-04
8.60000000e-02	1.95401251e-02	7.29120301e-04
8.62500000e-02	1.98309714e-02	7.33744020e-04
8.65000000e-02	2.00068389e-02	7.42073038e-04
8.67500000e-02	1.94626262e-02	7.23006753e-04
8.70000000e-02	1.94312012e-02	7.07522507e-04
8.72500000e-02	1.99028306e-02	7.19260992e-04
8.75000000e-02	1.96032219e-02	6.98259649e-04
8.77500000e-02	2.03821440e-02	7.18611723e-04
8.80000000e-02	2.02825599e-02	7.19508018e-04
8.82500000e-02	1.97742259e-02	6.99015538e-04
8.85000000e-02	1.98355068e-02	6.99947759e-04
8.87500000e-02	1.99218860e-02	6.81116072e-04
8.90000000e-02	2.00151838e-02	6.88980259e-04
8.92500000e-02	2.05047610e-02	7.03786749e-04
8.95000000e-02	1.96607197e-02	6.74867794e-04
8.97500000e-02	1.97011326e-02	6.73396343e-04
9.00000000e-02	2.00504707e-02	6.81455859e-04
9.02500000e-02	2.03743536e-02	6.98029535e-04
9.05000000e-02	1.97251740e-02	6.81447810e-04
9.07500000e-02	2.01318739e-02	6.82307094e-04
9.10000000e-02	1.86949775e-02	6.29994090e-04
9.12500000e-02	1.90514969e-02	6.45491865e-04
9.15000000e-02	1.99185691e-02	6.72083143e-04
9.17500000e-02	1.98014184e-02	6.68554659e-04
9.20000000e-02	1.99036750e-02	6.66726440e-04
9.22500000e-02	1.97489579e-02	6.62633522e-04
9.25000000e-02	1.97567048e-02	6.57848795e-04
9.27500000e-02	1.99337379e-02	6.64304371e-04
9.30000000e-02	1.95632223e-02	6.52342183e-04
9.32500000e-02	1.92882975e-02	6.43094576e-04
9.35000000e-02	2.00533177e-02	6.58101370e-04
9.37500000e-02	1.95909940e-02	6.45825796e-04
9.40000000e-02	2.00106343e-02	6.60852280e-04
9.42500000e-02	1.95862784e-02	6.42323832e-04
9.45000000e-02	2.00871579e-02	6.54159387e-04
9.47500000e-02	1.97476402e-02	6.45623908e-04
9.50000000e-02	1.97834575e-02	6.49190437e-04
9.52500000e-02	1.93271106e-02	6.36002136e-04
9.55000000e-02	1.99499840e-02	6.47597145e-04
9.57500000e-02	1.97889273e-02	6.44537598e-04
9.60000000e-02	1.97629661e-02	6.44764855e-04
9.62500000e-02	1.95051188e-02	6.39093778e-04
9.65000000e-02	2.00160703e-02	6.50146595e-04
9.67500000e-02	1.99183840e-02	6.45541204e-04
9.70000000e-02	2.00596719e-02	6.43849651e-04
9.72500000e-02	1.99993493e-02	6.39659373e-04
9.75000000e-02	2.00874412e-02	6.49877496e-04
9.77500000e-02	1.95843889e-02	6.24001082e-04
9.80000000e-02	2.02357293e-02	6.50179475e-04
9.82500000e-02	2.00184565e-02	6.41832488e-04
9.85000000e-02	2.00517839e-02	6.41385832e-04
9.87500000e-02	1.91423969e-02	6.08773427e-04
9.90000000e-02	1.97372760e-02	6.30547487e-04
9.92500000e-02	1.99852196e-02	6.38714030e-04
9.95000000e-02	1.99060344e-02	6.31915731e-04
9.97500000e-02	1.98501325e-02	6.30267978e-04
1.00000000e-01	1.98675095e-02	5.12061568e-04
1.00500000e-01	1.97455648e-02	4.45654010e-04
1.01000000e-01	1.95912193e-02	4.35699399e-04
1.01500000e-01	1.95571304e-02	4.36499791e-04
1.02000000e-01	1.96968997e-02	4.35865161e-04
1.02500000e-01	1.95935275e-02	4.31577439e-04
1.03000000e-01	1.95405632e-02	4.31211103e-04
1.03500000e-01	1.95829389e-02	4.31330961e-04
1.04000000e-01	1.96099881e-02	4.29269117e-04
1.04500000e-01	1.96226195e-02	4.28618106e-04
1.05000000e-01	2.00870934e-02	4.36147435e-04
1.05500000e-01	1.97239151e-02	4.31533546e-04
1.06000000e-01	1.95546664e-02	4.25062060e-04
1.06500000e-01	1.94695781e-02	4.20385428e-04
1.07000000e-01	1.99159341e-02	4.36912160e-04
1.07500000e-01	1.98165154e-02	4.42395897e-04
1.08000000e-01	1.94337387e-02	4.36412593e-04
1.08500000e-01	1.95458258e-02	4.41795431e-04
1.09000000e-01	2.00311402e-02	4.52595515e-04
1.09500000e-01	1.97111441e-02	4.52794796e-04
1.10000000e-01	1.92451673e-02	4.35493504e-04
1.10500000e-01	1.96965216e-02	4.37307435e-04
1.11000000e-01	1.96437025e-02	4.26196303e-04
1.11500000e-01	1.95128395e-02	4.24532539e-04
1.12000000e-01	1.94613504e-02	4.17536270e-04
1.12500000e-01	1.95122156e-02	4.17525450e-04
1.13000000e-01	1.97805507e-02	4.20218249e-04
1.13500000e-01	1.94454473e-02	4.14858373e-04
1.14000000e-01	1.96508089e-02	4.14242948e-04
1.14500000e-01	1.95970554e-02	4.15367195e-04
1.15000000e-01	1.95277730e-02	4.10606706e-04
1.15500000e-01	1.98085491e-02	4.13065336e-04
1.16000000e-01	1.96111924e-02	4.08265330e-04
1.16500000e-01	1.99046665e-02	4.14228593e-04
1.17000000e-01	1.97994846e-02	4.11956877e-04
1.17500000e-01	1.97741375e-02	4.10313166e-04
1.18000000e-01	1.97607145e-02	4.10186332e-04
1.18500000e-01	1.95442349e-02	4.02839536e-04
1.19000000e-01	1.97971690e-02	4.09157077e-04
1.19500000e-01	1.95101618e-02	4.01000709e-04
1.20000000e-01	1.95341673e-02	3.99685257e-04
1.20500000e-01	2.00017554e-02	4.09163621e-04
1.21000000e-01	1.95532411e-02	3.98904107e-04
1.21500000e-01	1.97660212e-02	4.03629907e-04
1.22000000e-01	1.96773913e-02	3.99121955e-04
1.22500000e-01	1.98807786e-02	4.01451042e-04
1.23000000e-01	1.97790092e-02	4.01390886e-04
1.23500000e-01	1.97197997e-02	3.96523621e-04
1.24000000e-01	1.97193742e-02	3.97688094e-04
1.24500000e-01	1.95395469e-02	3.91571431e-04
1.25000000e-01	1.94129835e-02	3.88139623e-04
1.25500000e-01	1.96023006e-02	3.91247998e-04
1.26000000e-01	1.97290232e-02	3.93574976e-04
1.26500000e-01	1.94285967e-02	3.89701117e-04
1.27000000e-01	1.98839900e-02	3.93900942e-04
1.27500000e-01	1.96199542e-02	3.88434697e-04
1.28000000e-01	1.96905572e-02	3.92072160e-04
1.28500000e-01	1.94638205e-02	3.84707869e-04
1.29000000e-01	1.94713650e-02	3.85154085e-04
1.29500000e-01	1.95841032e-02	3.84931478e-04
1.30000000e-01	1.98361502e-02	3.87599273e-04
1.30500000e-01	1.96908722e-02	3.87272523e-04
1.31000000e-01	1.93211608e-02	3.77788073e-04
1.31500000e-01	1.98567841e-02	3.87831150e-04
1.32000000e-01	1.96668918e-02	3.81586012e-04
1.32500000e-01	1.95991502e-02	3.79323941e-04
1.33000000e-01	1.98671674e-02	3.85674115e-04
1.33500000e-01	1.96913297e-02	3.79595265e-04
1.34000000e-01	1.98013085e-02	3.81060331e-04
1.34500000e-01	1.92475078e-02	3.69678376e-04
1.35000000e-01	1.97304758e-02	3.76978500e-04
1.35500000e-01	1.93259091e-02	3.71734965e-04
1.36000000e-01	1.95892556e-02	3.71242877e-04
1.36500000e-01	1.95829225e-02	3.75298741e-04
1.37000000e-01	1.94586196e-02	3.70138250e-04
1.37500000e-01	1.94633428e-02	3.71690397e-04
1.38000000e-01	1.97612177e-02	3.74156626e-04
1.38500000e-01	1.93291980e-02	3.68128996e-04
1.39000000e-01	1.90980081e-02	3.63973146e-04
1.39500000e-01	1.96303934e-02	3.71587979e-04
1.40000000e-01	1.95637693e-02	3.68988527e-04
1.40500000e-01	1.96050952e-02	3.70998674e-04
1.41000000e-01	1.95437709e-02	3.69182991e-04
1.41500000e-01	1.93958542e-02	3.65255920e-04
1.42000000e-01	1.92206985e-02	3.61422590e-04
1.42500000e-01	1.93537373e-02	3.62974066e-04
1.43000000e-01	1.94296487e-02	3.64280386e-04
1.43500000e-01	1.93923544e-02	3.61950872e-04
1.44000000e-01	1.95480336e-02	3.65492562e-04
1.44500000e-01	1.94985473e-02	3.62626876e-04
1.45000000e-01	1.95649724e-02	3.64593516e-04
1.45500000e-01	1.95257249e-02	3.62216354e-04
1.46000000e-01	1.94716659e-02	3.60181082e-04
1.46500000e-01	1.95238988e-02	3.61720456e-04
1.47000000e-01	1.92789965e-02	3.55887747e-04
1.47500000e-01	1.91354491e-02	3.53034898e-04
1.48000000e-01	1.91401516e-02	3.51127759e-04
1.48500000e-01	1.94435493e-02	3.56087951e-04
1.49000000e-01	1.95649730e-02	3.58089133e-04
1.49500000e-01	1.92508905e-02	3.54730222e-04
1.50000000e-01	1.92671149e-02	3.52540455e-04
1.50500000e-01	1.97344390e-02	3.60792444e-04
1.51000000e-01	1.92162321e-02	3.52815867e-04
1.51500000e-01	1.94398547e-02	3.52904691e-04
1.52000000e-01	1.91937064e-02	3.47570924e-04
1.52500000e-01	1.92853508e-02	3.48879075e-04
1.53000000e-01	1.91620023e-02	3.48008208e-04
1.53500000e-01	1.93373499e-02	3.49650393e-04
1.54000000e-01	1.92753216e-02	3.46322032e-04
1.54500000e-01	1.93786952e-02	3.55757606e-04
1.55000000e-01	1.93622322e-02	3.60325896e-04
1.55500000e-01	1.91169124e-02	3.58389545e-04
1.56000000e-01	1.93198655e-02	3.64048699e-04
1.56500000e-01	1.91166027e-02	3.58959464e-04
1.57000000e-01	1.91093872e-02	3.61330523e-04
1.57500000e-01	1.89606652e-02	3.53005386e-04
1.58000000e-01	1.91615871e-02	3.50017106e-04
1.58500000e-01	1.90032736e-02	3.45107011e-04
1.59000000e-01	1.89967995e-02	3.43093070e-04
1.59500000e-01	1.89874879e-02	3.42284492e-04
1.60000000e-01	1.89937653e-02	3.42707220e-04
1.60500000e-01	1.91238012e-02	3.44305823e-04
1.61000000e-01	1.89841960e-02	3.39319041e-04
1.61500000e-01	1.91109642e-02	3.39444248e-04
1.62000000e-01	1.89237719e-02	3.36190080e-04
1.62500000e-01	1.88557917e-02	3.35409038e-04
1.63000000e-01	1.91507635e-02	3.39428159e-04
1.63500000e-01	1.90958140e-02	3.39632901e-04
1.64000000e-01	1.91273939e-02	3.35848410e-04
1.64500000e-01	1.88718867e-02	3.33455138e-04
1.65000000e-01	1.88145468e-02	3.33806705e-04
1.65500000e-01	1.90778876e-02	3.35159717e-04
1.66000000e-01	1.87692154e-02	3.31264433e-04
1.66500000e-01	1.93643147e-02	3.38271309e-04
1.67000000e-01	1.90624878e-02	3.33827132e-04
1.67500000e-01	1.87445439e-02	3.27805919e-04
1.68000000e-01	1.91176968e-02	3.35174909e-04
1.68500000e-01	1.88269295e-02	3.27524852e-04
1.69000000e-01	1.91617793e-02	3.33121384e-04
1.69500000e-01	1.89014991e-02	3.27052959e-04
1.70000000e-01	1.88354289e-02	3.27169827e-04
1.70500000e-01	1.91538916e-02	3.31566123e-04
1.71000000e-01	1.90923340e-02	3.30196315e-04
1.71500000e-01	1.88074619e-02	3.25932378e-04
1.72000000e-01	1.87825577e-02	3.24791590e-04
1.72500000e-01	1.89137143e-02	3.24598428e-04
1.73000000e-01	1.89109124e-02	3.23726384e-04
1.73500000e-01	1.85689412e-02	3.17984700e-04
1.74000000e-01	1.89318536e-02	3.24344093e-04
1.74500000e-01	1.87011840e-02	3.18479219e-04
1.75000000e-01	1.87473288e-02	3.17320918e-04
1.75500000e-01	1.88167411e-02	3.18079583e-04
1.76000000e-01	1.87241537e-02	3.16846532e-04
1.76500000e-01	1.88991958e-02	3.20349359e-04
1.77000000e-01	1.85744030e-02	3.14713576e-04
1.77500000e-01	1.86978741e-02	3.15880094e-04
1.78000000e-01	1.87896052e-02	3.17061963e-04
1.78500000e-01	1.86697094e-02	3.13503300e-04
1.79000000e-01	1.87085020e-02	3.16666528e-04
1.79500000e-01	1.87173600e-02	3.14930838e-04
1.80000000e-01	1.87208974e-02	3.16106394e-04
1.80500000e-01	1.86482357e-02	3.13512208e-04
1.81000000e-01	1.88186380e-02	3.16607703e-04
1.81500000e-01	1.85795855e-02	3.12013423e-04
1.82000000e-01	1.87668777e-02	3.15040422e-04
1.82500000e-01	1.86564923e-02	3.11318632e-04
1.83000000e-01	1.86893790e-02	3.11595971e-04
1.83500000e-01	1.86137520e-02	3.11101341e-04
1.84000000e-01	1.88550505e-02	3.13949232e-04
1.84500000e-01	1.87347086e-02	3.11212324e-04
1.85000000e-01	1.83773710e-02	3.06129617e-04
1.85500000e-01	1.87184463e-02	3.10486948e-04
1.86000000e-01	1.83996428e-02	3.06154438e-04
1.86500000e-01	1.83333321e-02	3.05529888e-04
1.87000000e-01	1.85281744e-02	3.06532451e-04
1.87500000e-01	1.85908692e-02	3.07560987e-04
1.88000000e-01	1.83881639e-02	3.04112967e-04
1.88500000e-01	1.84865564e-02	3.04519660e-04
1.89000000e-01	1.84634341e-02	3.03486329e-04
1.89500000e-01	1.86770350e-02	3.07360480e-04
1.90000000e-01	1.85340626e-02	3.03767721e-04
1.90500000e-01	1.82707170e-02	3.00891393e-04
1.91000000e-01	1.84601450e-02	3.02023752e-04
1.91500000e-01	1.84908155e-02	3.03664018e-04
1.92000000e-01	1.84084558e-02	2.99818730e-04
1.92500000e-01	1.85931305e-02	3.02946263e-04
1.93000000e-01	1.83307915e-02	2.99178062e-04
1.93500000e-01	1.84000644e-02	2.99728152e-04
1.94000000e-01	1.83207975e-02	2.97284985e-04
1.94500000e-01	1.85562847e-02	3.01829656e-04
1.95000000e-01	1.82725549e-02	2.96653575e-04
1.95500000e-01	1.84099545e-02	2.98091893e-04
1.96000000e-01	1.85498366e-02	3.00260200e-04
1.96500000e-01	1.82919944e-02	2.96710534e-04
1.97000000e-01	1.83088838e-02	2.97073672e-04
1.97500000e-01	1.83918023e-02	2.96223896e-04
1.98000000e-01	1.86575660e-02	3.00132296e-04
1.98500000e-01	1.85124022e-02	2.96474898e-04
1.99000000e-01	1.81497417e-02	2.90836052e-04
1.99500000e-01	1.80591714e-02	2.89072951e-04
2.00000000e-01	1.87800323e-02	3.00616381e-04
2.00500000e-01	1.82171095e-02	2.92118806e-04
2.01000000e-01	1.84701880e-02	2.95547237e-04
2.01500000e-01	1.82918159e-02	2.93175338e-04
2.02000000e-01	1.82250757e-02	2.90148573e-04
2.02500000e-01	1.82855411e-02	2.90985726e-04
2.03000000e-01	1.79949159e-02	2.87828641e-04
2.03500000e-01	1.80460733e-02	2.87169809e-04
2.04000000e-01	1.83242130e-02	2.89495714e-04
2.04500000e-01	1.81512065e-02	2.88774408e-04
2.05000000e-01	1.81859227e-02	2.87788987e-04
2.05500000e-01	1.82259957e-02	2.88144633e-04
2.06000000e-01	1.82981271e-02	2.88977795e-04
2.06500000e-01	1.81331966e-02	2.86788437e-04
2.07000000e-01	1.81774160e-02	2.86713095e-04
2.07500000e-01	1.82701677e-02	2.87926898e-04
2.08000000e-01	1.84217473e-02	2.91025585e-04
2.08500000e-01	1.83097680e-02	2.87631454e-04
2.09000000e-01	1.83071264e-02	2.87112946e-04
2.09500000e-01	1.83512030e-02	2.87110314e-04
2.10000000e-01	1.83070522e-02	2.86022767e-04
2.10500000e-01	1.82807984e-02	2.86404538e-04
2.11000000e-01	1.80619027e-02	2.81526044e-04
2.11500000e-01	1.80157282e-02	2.82195236e-04
2.12000000e-01	1.83301197e-02	2.85828897e-04
2.12500000e-01	1.79810968e-02	2.81137822e-04
2.13000000e-01	1.82101199e-02	2.82732976e-04
2.13500000e-01	1.79400205e-02	2.78630504e-04
2.14000000e-01	1.81443565e-02	2.82305542e-04
2.14500000e-01	1.80088577e-02	2.78437525e-04
2.15000000e-01	1.80596771e-02	2.81234452e-04
2.15500000e-01	1.79832998e-02	2.76937244e-04
2.16000000e-01	1.81801983e-02	2.80626556e-04
2.16500000e-01	1.79848828e-02	2.77805407e-04
2.17000000e-01	1.79859656e-02	2.81157977e-04
2.17500000e-01	1.78103137e-02	2.83623475e-04
2.18000000e-01	1.78691492e-02	2.83278408e-04
2.18500000e-01	1.81414502e-02	2.89981747e-04
2.19000000e-01	1.80668719e-02	2.90803330e-04
2.19500000e-01	1.81817454e-02	2.93871568e-04
2.20000000e-01	1.79171662e-02	2.90940932e-04
2.20500000e-01	1.78448246e-02	2.90404793e-04
2.21000000e-01	1.80423876e-02	2.93604416e-04
2.21500000e-01	1.78123330e-02	2.93448735e-04
2.22000000e-01	1.82408788e-02	2.97404022e-04
2.22500000e-01	1.78882118e-02	2.93575908e-04
2.23000000e-01	1.78338803e-02	2.92628132e-04
2.23500000e-01	1.78852768e-02	2.94781205e-04
2.24000000e-01	1.79360761e-02	2.96991096e-04
2.24500000e-01	1.78907310e-02	2.96854768e-04
2.25000000e-01	1.79535092e-02	2.98059207e-04
2.25500000e-01	1.77957538e-02	2.96155569e-04
2.26000000e-01	1.77999828e-02	2.98538315e-04
2.26500000e-01	1.79454695e-02	2.94612551e-04
2.27000000e-01	1.77781268e-02	2.88754639e-04
2.27500000e-01	1.79077964e-02	2.88351522e-04
2.28000000e-01	1.79295047e-02	2.86789229e-04
2.28500000e-01	1.77493743e-02	2.83994065e-04
2.29000000e-01	1.79360924e-02	2.86096204e-04
2.29500000e-01	1.79992940e-02	2.85316374e-04
2.30000000e-01	1.78049017e-02	2.81743896e-04
2.30500000e-01	1.77608157e-02	2.78748154e-04
2.31000000e-01	1.79224919e-02	2.81238566e-04
2.31500000e-01	1.77689338e-02	2.78727114e-04
2.32000000e-01	1.76326583e-02	2.76637897e-04
2.32500000e-01	1.79551368e-02	2.80298709e-04
2.33000000e-01	1.75450760e-02	2.72573493e-04
2.33500000e-01	1.77657261e-02	2.76812968e-04
2.34000000e-01	1.78331546e-02	2.76265336e-04
2.34500000e-01	1.78218595e-02	2.75959860e-04
2.35000000e-01	1.78098324e-02	2.75002487e-04
2.35500000e-01	1.76993298e-02	2.73579891e-04
2.36000000e-01	1.77365379e-02	2.73187893e-04
2.36500000e-01	1.75699486e-02	2.70766621e-04
2.37000000e-01	1.76453245e-02	2.69226578e-04
2.37500000e-01	1.75325956e-02	2.69181465e-04
2.38000000e-01	1.76394460e-02	2.69798704e-04
2.38500000e-01	1.75976442e-02	2.69532624e-04
2.39000000e-01	1.77305172e-02	2.70527908e-04
2.39500000e-01	1.77027817e-02	2.69429282e-04
2.40000000e-01	1.77090087e-02	2.68237887e-04
2.40500000e-01	1.76892434e-02	2.68203963e-04
2.41000000e-01	1.74787025e-02	2.64673084e-04
2.41500000e-01	1.77073885e-02	2.66940884e-04
2.42000000e-01	1.77835726e-02	2.68787818e-04
2.42500000e-01	1.79355367e-02	2.70484025e-04
2.43000000e-01	1.77866634e-02	2.67596794e-04
2.43500000e-01	1.75134218e-02	2.63326451e-04
2.44000000e-01	1.78806994e-02	2.67522271e-04
2.44500000e-01	1.78884766e-02	2.67394390e-04
2.45000000e-01	1.74806497e-02	2.61788333e-04
2.45500000e-01	1.75598766e-02	2.63567464e-04
2.46000000e-01	1.75358797e-02	2.62170669e-04
2.46500000e-01	1.77556132e-02	2.64058645e-04
2.47000000e-01	1.75192197e-02	2.61619515e-04
2.47500000e-01	1.76443876e-02	2.61175423e-04
2.48000000e-01	1.76397249e-02	2.61812112e-04
2.48500000e-01	1.75486824e-02	2.58909002e-04
2.49000000e-01	1.75674683e-02	2.59620296e-04
2.49500000e-01	1.77482944e-02	2.62550579e-04
2.50000000e-01	1.74939074e-02	2.59026217e-04
2.50500000e-01	1.73918693e-02	2.56607380e-04
2.51000000e-01	1.74757396e-02	2.57826129e-04
2.51500000e-01	1.73691567e-02	2.56432109e-04
2.52000000e-01	1.76313828e-02	2.59266088e-04
2.52500000e-01	1.73535059e-02	2.55537782e-04
2.53000000e-01	1.75592014e-02	2.57867099e-04
2.53500000e-01	1.74042178e-02	2.56268732e-04
2.54000000e-01	1.73401285e-02	2.54182506e-04
2.54500000e-01	1.73808575e-02	2.54587077e-04
2.55000000e-01	1.74737820e-02	2.55649686e-04
2.55500000e-01	1.74217455e-02	2.55177526e-04
2.56000000e-01	1.75223130e-02	2.56208795e-04
2.56500000e-01	1.74807344e-02	2.55416627e-04
2.57000000e-01	1.70691215e-02	2.49603995e-04
2.57500000e-01	1.75635474e-02	2.54496162e-04
2.58000000e-01	1.72888810e-02	2.51914334e-04
2.58500000e-01	1.75314092e-02	2.53808800e-04
2.59000000e-01	1.73733603e-02	2.52571610e-04
2.59500000e-01	1.71989814e-02	2.49469168e-04
2.60000000e-01	1.69941527e-02	2.46246265e-04
2.60500000e-01	1.72224729e-02	2.48298259e-04
2.61000000e-01	1.72457629e-02	2.49944503e-04
2.61500000e-01	1.72421691e-02	2.48821281e-04
2.62000000e-01	1.71593801e-02	2.46951980e-04
2.62500000e-01	1.72097668e-02	2.48378172e-04
2.63000000e-01	1.74209059e-02	2.49946197e-04
2.63500000e-01	1.72195649e-02	2.47321540e-04
2.64000000e-01	1.73404345e-02	2.49510781e-04
2.64500000e-01	1.74039210e-02	2.49185682e-04
2.65000000e-01	1.71764073e-02	2.47335123e-04
2.65500000e-01	1.72165416e-02	2.47445259e-04
2.66000000e-01	1.71925401e-02	2.45457481e-04
2.66500000e-01	1.71238256e-02	2.44807991e-04
2.67000000e-01	1.71029426e-02	2.43878791e-04
2.67500000e-01	1.74538409e-02	2.48805325e-04
2.68000000e-01	1.72030929e-02	2.45965841e-04
2.68500000e-01	1.70910224e-02	2.42446293e-04
2.69000000e-01	1.71478644e-02	2.43329268e-04
2.69500000e-01	1.71271066e-02	2.42865065e-04
2.70000000e-01	1.71250151e-02	2.42275189e-04
2.70500000e-01	1.71980288e-02	2.42071378e-04
2.71000000e-01	1.72640190e-02	2.43081711e-04
2.71500000e-01	1.71606012e-02	2.43312123e-04
2.72000000e-01	1.73658282e-02	2.44508319e-04
2.72500000e-01	1.71858612e-02	2.43093335e-04
2.73000000e-01	1.70719823e-02	2.41622900e-04
2.73500000e-01	1.69764078e-02	2.39070784e-04
2.74000000e-01	1.69075343e-02	2.37744971e-04
2.74500000e-01	1.71053587e-02	2.40753350e-04
2.75000000e-01	1.71152737e-02	2.40604056e-04
2.75500000e-01	1.70926996e-02	2.40190914e-04
2.76000000e-01	1.69400344e-02	2.37427709e-04
2.76500000e-01	1.72208312e-02	2.41319300e-04
2.77000000e-01	1.70590411e-02	2.38049050e-04
2.77500000e-01	1.70240741e-02	2.38469586e-04
2.78000000e-01	1.69660814e-02	2.37538835e-04
2.78500000e-01	1.70419740e-02	2.38169752e-04
2.79000000e-01	1.73140868e-02	2.41042761e-04
2.79500000e-01	1.68970577e-02	2.35040419e-04
2.80000000e-01	1.68707374e-02	2.35416572e-04
2.80500000e-01	1.70559267e-02	2.35981015e-04
2.81000000e-01	1.67265330e-02	2.33685948e-04
2.81500000e-01	1.70056296e-02	2.36784619e-04
2.82000000e-01	1.69309421e-02	2.34290942e-04
2.82500000e-01	1.70032729e-02	2.35934230e-04
2.83000000e-01	1.70317125e-02	2.35533821e-04
2.83500000e-01	1.70626164e-02	2.36077059e-04
2.84000000e-01	1.69059735e-02	2.33653186e-04
2.84500000e-01	1.69099291e-02	2.32862280e-04
2.85000000e-01	1.69597876e-02	2.33767488e-04
2.85500000e-01	1.69485370e-02	2.32816249e-04
2.86000000e-01	1.66885406e-02	2.30984456e-04
2.86500000e-01	1.70693521e-02	2.34177902e-04
2.87000000e-01	1.68581933e-02	2.31333440e-04
2.87500000e-01	1.69328100e-02	2.32182182e-04
2.88000000e-01	1.69221034e-02	2.31928761e-04
2.88500000e-01	1.68978734e-02	2.31801575e-04
2.89000000e-01	1.69011458e-02	2.31318948e-04
2.89500000e-01	1.69221175e-02	2.31107211e-04
2.90000000e-01	1.71212269e-02	2.33593258e-04
2.90500000e-01	1.68528206e-02	2.30684287e-04
2.91000000e-01	1.67531260e-02	2.28136703e-04
2.91500000e-01	1.69096571e-02	2.30743377e-04
2.92000000e-01	1.69547658e-02	2.30402771e-04
2.92500000e-01	1.69720179e-02	2.30466108e-04
2.93000000e-01	1.68366570e-02	2.29018373e-04
2.93500000e-01	1.67450228e-02	2.27589851e-04
2.94000000e-01	1.69425009e-02	2.29349896e-04
2.94500000e-01	1.68556584e-02	2.29604572e-04
2.95000000e-01	1.67039810e-02	2.26647888e-04
2.95500000e-01	1.69307625e-02	2.28279526e-04
2.96000000e-01	1.66471565e-02	2.24665253e-04
2.96500000e-01	1.70436689e-02	2.29390067e-04
2.97000000e-01	1.67332411e-02	2.26217543e-04
2.97500000e-01	1.68834484e-02	2.26783391e-04
2.98000000e-01	1.69018112e-02	2.28284317e-04
2.98500000e-01	1.67248154e-02	2.25230222e-04
2.99000000e-01	1.67509156e-02	2.25264326e-04
2.99500000e-01	1.67903493e-02	2.25713836e-04
3.00000000e-01	1.67907535e-02	2.25957464e-04
3.00500000e-01	1.68440792e-02	2.25598987e-04
3.01000000e-01	1.65405384e-02	2.21327669e-04
3.01500000e-01	1.66425555e-02	2.23005195e-04
3.02000000e-01	1.68071169e-02	2.24885050e-04
3.02500000e-01	1.68508786e-02	2.23805650e-04
3.03000000e-01	1.67873691e-02	2.25224076e-04
3.03500000e-01	1.68584605e-02	2.24567201e-04
3.04000000e-01	1.68599423e-02	2.25309103e-04
3.04500000e-01	1.66329226e-02	2.21840766e-04
3.05000000e-01	1.65755683e-02	2.20661360e-04
3.05500000e-01	1.66356551e-02	2.21141962e-04
3.06000000e-01	1.67869666e-02	2.21430662e-04
3.06500000e-01	1.66753088e-02	2.21532345e-04
3.07000000e-01	1.66368527e-02	2.20867139e-04
3.07500000e-01	1.66531446e-02	2.20478611e-04
3.08000000e-01	1.67556376e-02	2.21627747e-04
3.08500000e-01	1.69545519e-02	2.24375065e-04
3.09000000e-01	1.66317264e-02	2.20860931e-04
3.09500000e-01	1.65508963e-02	2.18229670e-04
3.10000000e-01	1.65184606e-02	2.18642687e-04
3.10500000e-01	1.64917315e-02	2.17525328e-04
3.11000000e-01	1.66054413e-02	2.18710170e-04
3.11500000e-01	1.64781545e-02	2.17556089e-04
3.12000000e-01	1.66375648e-02	2.19380009e-04
3.12500000e-01	1.67271891e-02	2.20221316e-04
3.13000000e-01	1.66523128e-02	2.18363496e-04
3.13500000e-01	1.65128667e-02	2.17018216e-04
3.14000000e-01	1.64362603e-02	2.15650883e-04
3.14500000e-01	1.63612101e-02	2.13720923e-04
3.15000000e-01	1.65256157e-02	2.17000131e-04
3.15500000e-01	1.64875897e-02	2.16266658e-04
3.16000000e-01	1.66021479e-02	2.16926756e-04
3.16500000e-01	1.66167225e-02	2.17434508e-04
3.17000000e-01	1.66005520e-02	2.16160061e-04
3.17500000e-01	1.64050371e-02	2.14810929e-04
3.18000000e-01	1.63305971e-02	2.13468819e-04
3.18500000e-01	1.64349920e-02	2.14580982e-04
3.19000000e-01	1.63288534e-02	2.12803450e-04
3.19500000e-01	1.64804585e-02	2.14733521e-04
3.20000000e-01	1.62090351e-02	2.11292818e-04
3.20500000e-01	1.63347730e-02	2.12530246e-04
3.21000000e-01	1.63334289e-02	2.12390030e-04
3.21500000e-01	1.65290501e-02	2.14645553e-04
3.22000000e-01	1.64928057e-02	2.13995566e-04
3.22500000e-01	1.62565440e-02	2.11475498e-04
3.23000000e-01	1.61615948e-02	2.09925878e-04
3.23500000e-01	1.62610401e-02	2.10747966e-04
3.24000000e-01	1.62102308e-02	2.09685214e-04
3.24500000e-01	1.63720840e-02	2.12430441e-04
3.25000000e-01	1.64501629e-02	2.13282140e-04
3.25500000e-01	1.62020858e-02	2.09132436e-04
3.26000000e-01	1.62015502e-02	2.09692114e-04
3.26500000e-01	1.61924213e-02	2.08866485e-04
3.27000000e-01	1.61237594e-02	2.08350766e-04
3.27500000e-01	1.62472005e-02	2.09025081e-04
3.28000000e-01	1.60274591e-02	2.07133036e-04
3.28500000e-01	1.61542601e-02	2.07743343e-04
3.29000000e-01	1.61730314e-02	2.07702170e-04
3.29500000e-01	1.62681059e-02	2.09047213e-04
3.30000000e-01	1.60934028e-02	2.07404780e-04
3.30500000e-01	1.61901845e-02	2.07144131e-04
3.31000000e-01	1.62483337e-02	2.07433842e-04
3.31500000e-01	1.62904759e-02	2.08493457e-04
3.32000000e-01	1.62201402e-02	2.08198490e-04
3.32500000e-01	1.61629924e-02	2.06878734e-04
3.33000000e-01	1.62574255e-02	2.07201918e-04
3.33500000e-01	1.60983624e-02	2.05847160e-04
3.34000000e-01	1.63089046e-02	2.07284500e-04
3.34500000e-01	1.61836679e-02	2.06529272e-04
3.35000000e-01	1.61524859e-02	2.04690105e-04
3.35500000e-01	1.61863896e-02	2.06407837e-04
3.36000000e-01	1.60557866e-02	2.03915553e-04
3.36500000e-01	1.63414440e-02	2.08042624e-04
3.37000000e-01	1.59158956e-02	2.02092891e-04
3.37500000e-01	1.61679708e-02	2.05212935e-04
3.38000000e-01	1.60040102e-02	2.03420340e-04
3.38500000e-01	1.62405908e-02	2.05125631e-04
3.39000000e-01	1.59502734e-02	2.02274023e-04
3.39500000e-01	1.60557260e-02	2.02927587e-04
3.40000000e-01	1.58911173e-02	2.01496078e-04
3.40500000e-01	1.61079533e-02	2.02973300e-04
3.41000000e-01	1.60752904e-02	2.02541898e-04
3.41500000e-01	1.60428579e-02	2.03343086e-04
3.42000000e-01	1.59503993e-02	2.01170446e-04
3.42500000e-01	1.60792098e-02	2.02678297e-04
3.43000000e-01	1.60682401e-02	2.01758021e-04
3.43500000e-01	1.61212809e-02	2.02556276e-04
3.44000000e-01	1.61428387e-02	2.03014150e-04
3.44500000e-01	1.58632572e-02	1.99444731e-04
3.45000000e-01	1.58474301e-02	1.98270122e-04
3.45500000e-01	1.61450463e-02	2.02333979e-04
3.46000000e-01	1.59583068e-02	2.00276194e-04
3.46500000e-01	1.59287062e-02	1.99449499e-04
3.47000000e-01	1.59627455e-02	2.00091798e-04
3.47500000e-01	1.59169055e-02	1.99566521e-04
3.48000000e-01	1.59793808e-02	1.99631525e-04
3.48500000e-01	1.59048045e-02	1.98185784e-04
3.49000000e-01	1.59158520e-02	1.98122820e-04
3.49500000e-01	1.59934454e-02	1.99556859e-04
3.50000000e-01	1.58136300e-02	1.61012687e-04
3.51000000e-01	1.57267635e-02	1.38670459e-04
3.52000000e-01	1.58902750e-02	1.40036410e-04
3.53000000e-01	1.59038042e-02	1.38997271e-04
3.54000000e-01	1.58987211e-02	1.39256851e-04
3.55000000e-01	1.57508132e-02	1.38061091e-04
3.56000000e-01	1.57928441e-02	1.39190376e-04
3.57000000e-01	1.58183692e-02	1.41604429e-04
3.58000000e-01	1.57193830e-02	1.41968532e-04
3.59000000e-01	1.56845923e-02	1.42495432e-04
3.60000000e-01	1.57978879e-02	1.44747134e-04
3.61000000e-01	1.57349179e-02	1.44345037e-04
3.62000000e-01	1.56132592e-02	1.44358104e-04
3.63000000e-01	1.57052081e-02	1.45453604e-04
3.64000000e-01	1.55187495e-02	1.44324335e-04
3.65000000e-01	1.56732062e-02	1.46283927e-04
3.66000000e-01	1.55797759e-02	1.43635106e-04
3.67000000e-01	1.55825526e-02	1.41847949e-04
3.68000000e-01	1.55304647e-02	1.40157778e-04
3.69000000e-01	1.56302526e-02	1.40586484e-04
3.70000000e-01	1.55462220e-02	1.38995614e-04
3.71000000e-01	1.55661260e-02	1.41139306e-04
3.72000000e-01	1.55825749e-02	1.42507660e-04
3.73000000e-01	1.54464113e-02	1.41641440e-04
3.74000000e-01	1.55260685e-02	1.42289912e-04
3.75000000e-01	1.53974281e-02	1.40915234e-04
3.76000000e-01	1.55099500e-02	1.41992373e-04
3.77000000e-01	1.54405876e-02	1.41328687e-04
3.78000000e-01	1.52880457e-02	1.40574239e-04
3.79000000e-01	1.54133370e-02	1.40931070e-04
3.80000000e-01	1.54410094e-02	1.41332042e-04
3.81000000e-01	1.54281561e-02	1.41025015e-04
3.82000000e-01	1.52774263e-02	1.39783081e-04
3.83000000e-01	1.53968749e-02	1.40970672e-04
3.84000000e-01	1.53991280e-02	1.40617251e-04
3.85000000e-01	1.55663204e-02	1.42182936e-04
3.86000000e-01	1.52328101e-02	1.39393433e-04
3.87000000e-01	1.52636444e-02	1.39459428e-04
3.88000000e-01	1.53666434e-02	1.40193972e-04
3.89000000e-01	1.52989639e-02	1.39554682e-04
3.90000000e-01	1.52832254e-02	1.39453936e-04
3.91000000e-01	1.52408137e-02	1.38968077e-04
3.92000000e-01	1.51927839e-02	1.38491958e-04
3.93000000e-01	1.51918022e-02	1.37980241e-04
3.94000000e-01	1.52413675e-02	1.38751980e-04
3.95000000e-01	1.52845053e-02	1.39268279e-04
3.96000000e-01	1.52859901e-02	1.38941430e-04
3.97000000e-01	1.52198473e-02	1.38646693e-04
3.98000000e-01	1.51047741e-02	1.37816960e-04
3.99000000e-01	1.52384446e-02	1.38767436e-04
4.00000000e-01	1.51469910e-02	1.37822474e-04
4.01000000e-01	1.50425514e-02	1.37091574e-04
4.02000000e-01	1.51121899e-02	1.37881867e-04
4.03000000e-01	1.51830323e-02	1.38313068e-04
4.04000000e-01	1.51620678e-02	1.38090502e-04
4.05000000e-01	1.51295045e-02	1.37910445e-04
4.06000000e-01	1.50968420e-02	1.37575830e-04
4.07000000e-01	1.50555745e-02	1.36784879e-04
4.08000000e-01	1.48836287e-02	1.35473437e-04
4.09000000e-01	1.50388636e-02	1.36828939e-04
4.10000000e-01	1.51297080e-02	1.37513302e-04
4.11000000e-01	1.51609965e-02	1.37868047e-04
4.12000000e-01	1.49044817e-02	1.35464855e-04
4.13000000e-01	1.49822831e-02	1.36379163e-04
4.14000000e-01	1.48386033e-02	1.35346532e-04
4.15000000e-01	1.51147695e-02	1.37157874e-04
4.16000000e-01	1.49627069e-02	1.36023708e-04
4.17000000e-01	1.49824820e-02	1.35681471e-04
4.18000000e-01	1.49048822e-02	1.37065644e-04
4.19000000e-01	1.50434640e-02	1.39855405e-04
4.20000000e-01	1.51282497e-02	1.40941325e-04
4.21000000e-01	1.48844461e-02	1.39665256e-04
4.22000000e-01	1.51289382e-02	1.42007138e-04
4.23000000e-01	1.48858526e-02	1.40318195e-04
4.24000000e-01	1.49985277e-02	1.41601000e-04
4.25000000e-01	1.51062324e-02	1.42865510e-04
4.26000000e-01	1.49694659e-02	1.41801248e-04
4.27000000e-01	1.47824083e-02	1.40383106e-04
4.28000000e-01	1.48684274e-02	1.41184460e-04
4.29000000e-01	1.50327395e-02	1.42806019e-04
4.30000000e-01	1.50609493e-02	1.42744720e-04
4.31000000e-01	1.49576804e-02	1.41701637e-04
4.32000000e-01	1.49490765e-02	1.41924671e-04
4.33000000e-01	1.49032143e-02	1.41322390e-04
4.34000000e-01	1.47442175e-02	1.40545386e-04
4.35000000e-01	1.48155249e-02	1.41139924e-04
4.36000000e-01	1.46885663e-02	1.40739995e-04
4.37000000e-01	1.48887751e-02	1.42619236e-04
4.38000000e-01	1.47885642e-02	1.41190709e-04
4.39000000e-01	1.49379281e-02	1.43189298e-04
4.40000000e-01	1.47460253e-02	1.41826888e-04
4.41000000e-01	1.48371875e-02	1.42439319e-04
4.42000000e-01	1.46082716e-02	1.40843971e-04
4.43000000e-01	1.46902589e-02	1.41597140e-04
4.44000000e-01	1.47639479e-02	1.42265059e-04
4.45000000e-01	1.48665207e-02	1.43203780e-04
4.46000000e-01	1.46530814e-02	1.41765423e-04
4.47000000e-01	1.48449176e-02	1.43531711e-04
4.48000000e-01	1.47302197e-02	1.42466241e-04
4.49000000e-01	1.46127743e-02	1.41733780e-04
4.50000000e-01	1.47762102e-02	1.43466762e-04
4.51000000e-01	1.48501066e-02	1.43993211e-04
4.52000000e-01	1.47567060e-02	1.43794394e-04
4.53000000e-01	1.47858872e-02	1.43865113e-04
4.54000000e-01	1.46796095e-02	1.42833868e-04
4.55000000e-01	1.47147987e-02	1.43165305e-04
4.56000000e-01	1.47440985e-02	1.43904371e-04
4.57000000e-01	1.47619962e-02	1.43936111e-04
4.58000000e-01	1.46409576e-02	1.43146004e-04
4.59000000e-01	1.45616492e-02	1.42607925e-04
4.60000000e-01	1.45480398e-02	1.43051641e-04
4.61000000e-01	1.45348138e-02	1.42543066e-04
4.62000000e-01	1.46402695e-02	1.43432938e-04
4.63000000e-01	1.46828234e-02	1.44148064e-04
4.64000000e-01	1.46516767e-02	1.43787041e-04
4.65000000e-01	1.45482779e-02	1.42902296e-04
4.66000000e-01	1.45830580e-02	1.43384989e-04
4.67000000e-01	1.47694482e-02	1.45053217e-04
4.68000000e-01	1.46326055e-02	1.44440419e-04
4.69000000e-01	1.45528721e-02	1.43793279e-04
4.70000000e-01	1.44693674e-02	1.43182874e-04
4.71000000e-01	1.45959453e-02	1.43683605e-04
4.72000000e-01	1.44684732e-02	1.42847154e-04
4.73000000e-01	1.44082548e-02	1.41892336e-04
4.74000000e-01	1.45251476e-02	1.43223958e-04
4.75000000e-01	1.43577838e-02	1.41562229e-04
4.76000000e-01	1.45362514e-02	1.43040702e-04
4.77000000e-01	1.44625727e-02	1.42322970e-04
4.78000000e-01	1.45027840e-02	1.42544644e-04
4.79000000e-01	1.46170382e-02	1.44159562e-04
4.80000000e-01	1.44586438e-02	1.42828185e-04
4.81000000e-01	1.43585031e-02	1.41814943e-04
4.82000000e-01	1.44872653e-02	1.43237546e-04
4.83000000e-01	1.43959719e-02	1.42098409e-04
4.84000000e-01	1.43326023e-02	1.41650468e-04
4.85000000e-01	1.45264150e-02	1.44264731e-04
4.86000000e-01	1.43666100e-02	1.42548803e-04
4.87000000e-01	1.43798799e-02	1.42703325e-04
4.88000000e-01	1.43757270e-02	1.42539575e-04
4.89000000e-01	1.42968121e-02	1.42114812e-04
4.90000000e-01	1.43112668e-02	1.42529160e-04
4.91000000e-01	1.43285873e-02	1.42269151e-04
4.92000000e-01	1.44198535e-02	1.43368880e-04
4.93000000e-01	1.44124992e-02	1.43107984e-04
4.94000000e-01	1.42281227e-02	1.41463105e-04
4.95000000e-01	1.42802675e-02	1.43155291e-04
4.96000000e-01	1.42561668e-02	1.47100980e-04
4.97000000e-01	1.42540379e-02	1.50042863e-04
4.98000000e-01	1.43089604e-02	1.52482971e-04
4.99000000e-01	1.42519596e-02	1.53913746e-04
5.00000000e-01	1.42636509e-02	1.55342244e-04
5.01000000e-01	1.41561280e-02	1.55996750e-04
5.02000000e-01	1.42586541e-02	1.58730053e-04
5.03000000e-01	1.40596740e-02	1.57982317e-04
5.04000000e-01	1.43697061e-02	1.62078923e-04
5.05000000e-01	1.44959327e-02	1.61200171e-04
5.06000000e-01	1.42761699e-02	1.55706561e-04
5.07000000e-01	1.43777076e-02	1.54805708e-04
5.08000000e-01	1.43437291e-02	1.53296366e-04
5.09000000e-01	1.42072080e-02	1.51932998e-04
5.10000000e-01	1.42879908e-02	1.51873563e-04
5.11000000e-01	1.42440831e-02	1.50942505e-04
5.12000000e-01	1.42328049e-02	1.50566801e-04
5.13000000e-01	1.40964611e-02	1.49404457e-04
5.14000000e-01	1.40920581e-02	1.48194274e-04
5.15000000e-01	1.40548447e-02	1.47737759e-04
5.16000000e-01	1.41011879e-02	1.48083905e-04
5.17000000e-01	1.40768800e-02	1.48123222e-04
5.18000000e-01	1.41034809e-02	1.47686681e-04
5.19000000e-01	1.40320731e-02	1.46536493e-04
5.20000000e-01	1.40752892e-02	1.46275463e-04
5.21000000e-01	1.42616929e-02	1.48156102e-04
5.22000000e-01	1.41563595e-02	1.47237055e-04
5.23000000e-01	1.40772145e-02	1.46125112e-04
5.24000000e-01	1.41537031e-02	1.46931559e-04
5.25000000e-01	1.40151507e-02	1.45878540e-04
5.26000000e-01	1.40731545e-02	1.45732588e-04
5.27000000e-01	1.40923048e-02	1.46089098e-04
5.28000000e-01	1.40527358e-02	1.46336838e-04
5.29000000e-01	1.40233032e-02	1.45919535e-04
5.30000000e-01	1.38403484e-02	1.43799173e-04
5.31000000e-01	1.38565441e-02	1.44122737e-04
5.32000000e-01	1.39649091e-02	1.45480610e-04
5.33000000e-01	1.40350433e-02	1.45840658e-04
5.34000000e-01	1.38194316e-02	1.44171384e-04
5.35000000e-01	1.41135090e-02	1.46387828e-04
5.36000000e-01	1.39234488e-02	1.44759687e-04
5.37000000e-01	1.39940293e-02	1.45610325e-04
5.38000000e-01	1.38704072e-02	1.43867561e-04
5.39000000e-01	1.38906018e-02	1.44360145e-04
5.40000000e-01	1.37555338e-02	1.43261414e-04
5.41000000e-01	1.38579754e-02	1.44107761e-04
5.42000000e-01	1.39585982e-02	1.45177653e-04
5.43000000e-01	1.39334386e-02	1.45100426e-04
5.44000000e-01	1.38352560e-02	1.43710001e-04
5.45000000e-01	1.38003164e-02	1.43155979e-04
5.46000000e-01	1.37641552e-02	1.42644385e-04
5.47000000e-01	1.37744257e-02	1.43206161e-04
5.48000000e-01	1.37587459e-02	1.43579726e-04
5.49000000e-01	1.38077625e-02	1.43030715e-04
5.50000000e-01	1.37032045e-02	1.42448371e-04
5.51000000e-01	1.37671760e-02	1.42886425e-04
5.52000000e-01	1.37453940e-02	1.42067901e-04
5.53000000e-01	1.38582815e-02	1.43558790e-04
5.54000000e-01	1.36245676e-02	1.41131449e-04
5.55000000e-01	1.37454221e-02	1.41930285e-04
5.56000000e-01	1.35623955e-02	1.41144370e-04
5.57000000e-01	1.36155167e-02	1.40704194e-04
5.58000000e-01	1.36734813e-02	1.41234919e-04
5.59000000e-01	1.37962293e-02	1.42317136e-04
5.60000000e-01	1.37168631e-02	1.41316218e-04
5.61000000e-01	1.37142551e-02	1.41875363e-04
5.62000000e-01	1.36814278e-02	1.41355252e-04
5.63000000e-01	1.36313085e-02	1.41350537e-04
5.64000000e-01	1.35267389e-02	1.40239884e-04
5.65000000e-01	1.34807062e-02	1.39335391e-04
5.66000000e-01	1.35961613e-02	1.40722060e-04
5.67000000e-01	1.36436772e-02	1.41418952e-04
5.68000000e-01	1.35086376e-02	1.40028447e-04
5.69000000e-01	1.35584634e-02	1.40097918e-04
5.70000000e-01	1.37539991e-02	1.41629426e-04
5.71000000e-01	1.36592535e-02	1.41239699e-04
5.72000000e-01	1.35562319e-02	1.40280723e-04
5.73000000e-01	1.36000399e-02	1.40683984e-04
5.74000000e-01	1.36366928e-02	1.40526505e-04
5.75000000e-01	1.36953110e-02	1.41571868e-04
5.76000000e-01	1.34505858e-02	1.39862796e-04
5.77000000e-01	1.36216376e-02	1.40839185e-04
5.78000000e-01	1.34272019e-02	1.39421927e-04
5.79000000e-01	1.34819579e-02	1.40157828e-04
5.80000000e-01	1.33714603e-02	1.38642166e-04
5.81000000e-01	1.33247439e-02	1.38206492e-04
5.82000000e-01	1.34016179e-02	1.38842059e-04
5.83000000e-01	1.34272899e-02	1.39218873e-04
5.84000000e-01	1.35496571e-02	1.40480516e-04
5.85000000e-01	1.34763121e-02	1.40098360e-04
5.86000000e-01	1.34104425e-02	1.39074978e-04
5.87000000e-01	1.33300752e-02	1.38688488e-04
5.88000000e-01	1.34180767e-02	1.39299914e-04
5.89000000e-01	1.32741057e-02	1.38351375e-04
5.90000000e-01	1.34058439e-02	1.39363028e-04
5.91000000e-01	1.33322524e-02	1.38926311e-04
5.92000000e-01	1.33346300e-02	1.38285178e-04
5.93000000e-01	1.32600925e-02	1.38228771e-04
5.94000000e-01	1.32384780e-02	1.37507753e-04
5.95000000e-01	1.33609457e-02	1.38739740e-04
5.96000000e-01	1.32047216e-02	1.37607279e-04
5.97000000e-01	1.32549446e-02	1.37495609e-04
5.98000000e-01	1.33437972e-02	1.39287169e-04
5.99000000e-01	1.34073287e-02	1.39293311e-04
6.00000000e-01	1.32045216e-02	1.37485633e-04
6.01000000e-01	1.32619922e-02	1.38145720e-04
6.02000000e-01	1.32115152e-02	1.38210117e-04
6.03000000e-01	1.31256137e-02	1.37462445e-04
6.04000000e-01	1.32286104e-02	1.38043573e-04
6.05000000e-01	1.33412985e-02	1.38872606e-04
6.06000000e-01	1.30922412e-02	1.36699513e-04
6.07000000e-01	1.32993455e-02	1.38491616e-04
6.08000000e-01	1.30768531e-02	1.36194209e-04
6.09000000e-01	1.31248322e-02	1.37321441e-04
6.10000000e-01	1.31079054e-02	1.37273359e-04
6.11000000e-01	1.31433470e-02	1.37244178e-04
6.12000000e-01	1.30608030e-02	1.36484850e-04
6.13000000e-01	1.32588892e-02	1.38238383e-04
6.14000000e-01	1.31803390e-02	1.37910779e-04
6.15000000e-01	1.29652354e-02	1.35585678e-04
6.16000000e-01	1.32119038e-02	1.38237139e-04
6.17000000e-01	1.32054319e-02	1.37578322e-04
6.18000000e-01	1.31695134e-02	1.37706620e-04
6.19000000e-01	1.30578243e-02	1.35993170e-04
6.20000000e-01	1.31141543e-02	1.36471089e-04
6.21000000e-01	1.30942832e-02	1.36624538e-04
6.22000000e-01	1.30081978e-02	1.35519110e-04
6.23000000e-01	1.30192082e-02	1.35591056e-04
6.24000000e-01	1.29790529e-02	1.34906864e-04
6.25000000e-01	1.32040600e-02	1.37065205e-04
6.26000000e-01	1.32436359e-02	1.37094707e-04
6.27000000e-01	1.30515606e-02	1.35530888e-04
6.28000000e-01	1.30835975e-02	1.35656453e-04
6.29000000e-01	1.31098671e-02	1.35793057e-04
6.30000000e-01	1.29819526e-02	1.34511469e-04
6.31000000e-01	1.30535093e-02	1.35225974e-04
6.32000000e-01	1.30027905e-02	1.34928644e-04
6.33000000e-01	1.29959069e-02	1.35083639e-04
6.34000000e-01	1.30476708e-02	1.39068478e-04
6.35000000e-01	1.30314386e-02	1.42833924e-04
6.36000000e-01	1.30470042e-02	1.45429542e-04
6.37000000e-01	1.31087249e-02	1.48371370e-04
6.38000000e-01	1.31242952e-02	1.50366200e-04
6.39000000e-01	1.31301673e-02	1.52674659e-04
6.40000000e-01	1.30681644e-02	1.53380696e-04
6.41000000e-01	1.32689831e-02	1.57649773e-04
6.42000000e-01	1.30896681e-02	1.57189266e-04
6.43000000e-01	1.31251076e-02	1.57377285e-04
6.44000000e-01	1.31430880e-02	1.52030150e-04
6.45000000e-01	1.29702959e-02	1.48005502e-04
6.46000000e-01	1.31053460e-02	1.47949737e-04
6.47000000e-01	1.30978092e-02	1.46951054e-04
6.48000000e-01	1.29706524e-02	1.44782331e-04
6.49000000e-01	1.29315448e-02	1.43796970e-04
6.50000000e-01	1.30328126e-02	1.44268496e-04
6.51000000e-01	1.30801853e-02	1.44203134e-04
6.52000000e-01	1.29305202e-02	1.41872178e-04
6.53000000e-01	1.30729968e-02	1.42395076e-04
6.54000000e-01	1.29678150e-02	1.41139996e-04
6.55000000e-01	1.30852369e-02	1.42583094e-04
6.56000000e-01	1.29767927e-02	1.40471863e-04
6.57000000e-01	1.29830899e-02	1.40540347e-04
6.58000000e-01	1.30070798e-02	1.41012043e-04
6.59000000e-01	1.28569750e-02	1.39022036e-04
6.60000000e-01	1.30541055e-02	1.40845380e-04
6.61000000e-01	1.29798066e-02	1.39824618e-04
6.62000000e-01	1.27764476e-02	1.38332441e-04
6.63000000e-01	1.29666945e-02	1.39658721e-04
6.64000000e-01	1.28930213e-02	1.39271180e-04
6.65000000e-01	1.28847523e-02	1.38943127e-04
6.66000000e-01	1.28572596e-02	1.39131015e-04
6.67000000e-01	1.29140980e-02	1.38841597e-04
6.68000000e-01	1.28694619e-02	1.38746532e-04
6.69000000e-01	1.28190751e-02	1.37886409e-04
6.70000000e-01	1.28431191e-02	1.38822216e-04
6.71000000e-01	1.29235393e-02	1.39268597e-04
6.72000000e-01	1.27861850e-02	1.37228222e-04
6.73000000e-01	1.29831005e-02	1.39222627e-04
6.74000000e-01	1.29263403e-02	1.38711942e-04
6.75000000e-01	1.28683456e-02	1.37823460e-04
6.76000000e-01	1.26647876e-02	1.36193110e-04
6.77000000e-01	1.27120783e-02	1.36610486e-04
6.78000000e-01	1.27527860e-02	1.37032136e-04
6.79000000e-01	1.28909401e-02	1.38180894e-04
6.80000000e-01	1.28932555e-02	1.38448908e-04
6.81000000e-01	1.27081971e-02	1.36502604e-04
6.82000000e-01	1.28647293e-02	1.37914027e-04
6.83000000e-01	1.28516023e-02	1.37703412e-04
6.84000000e-01	1.26642645e-02	1.35982634e-04
6.85000000e-01	1.27603448e-02	1.37442202e-04
6.86000000e-01	1.26626134e-02	1.35720272e-04
6.87000000e-01	1.27359638e-02	1.36601279e-04
6.88000000e-01	1.27456167e-02	1.36504388e-04
6.89000000e-01	1.28183083e-02	1.37539245e-04
6.90000000e-01	1.26925187e-02	1.36289164e-04
6.91000000e-01	1.27811632e-02	1.36385232e-04
6.92000000e-01	1.27955886e-02	1.36955203e-04
6.93000000e-01	1.26117389e-02	1.35301417e-04
6.94000000e-01	1.26345616e-02	1.35592861e-04
6.95000000e-01	1.26784569e-02	1.36306767e-04
6.96000000e-01	1.25794786e-02	1.34829380e-04
6.97000000e-01	1.26304072e-02	1.35090288e-04
6.98000000e-01	1.26338094e-02	1.35728467e-04
6.99000000e-01	1.26966240e-02	1.36144706e-04
7.00000000e-01	1.25778821e-02	1.35266045e-04
7.01000000e-01	1.25501344e-02	1.34489457e-04
7.02000000e-01	1.25652146e-02	1.34929331e-04
7.03000000e-01	1.26107942e-02	1.35191730e-04
7.04000000e-01	1.26218118e-02	1.35008883e-04
7.05000000e-01	1.25224589e-02	1.34085215e-04
7.06000000e-01	1.26116878e-02	1.35059875e-04
7.07000000e-01	1.25094459e-02	1.33853935e-04
7.08000000e-01	1.24741800e-02	1.33488917e-04
7.09000000e-01	1.24897750e-02	1.33670032e-04
7.10000000e-01	1.23367543e-02	1.31738587e-04
7.11000000e-01	1.24865077e-02	1.33769639e-04
7.12000000e-01	1.25051725e-02	1.33895009e-04
7.13000000e-01	1.26405925e-02	1.34830440e-04
7.14000000e-01	1.24183506e-02	1.32747620e-04
7.15000000e-01	1.22797957e-02	1.31236830e-04
7.16000000e-01	1.24624382e-02	1.33911674e-04
7.17000000e-01	1.22386562e-02	1.31459267e-04
7.18000000e-01	1.23288988e-02	1.32395578e-04
7.19000000e-01	1.24797437e-02	1.34118325e-04
7.20000000e-01	1.23887214e-02	1.32601880e-04
7.21000000e-01	1.24390618e-02	1.33040334e-04
7.22000000e-01	1.23453871e-02	1.31908314e-04
7.23000000e-01	1.23276864e-02	1.32308087e-04
7.24000000e-01	1.22953408e-02	1.31980970e-04
7.25000000e-01	1.22898219e-02	1.32113313e-04
7.26000000e-01	1.23222764e-02	1.32174139e-04
7.27000000e-01	1.22815239e-02	1.31876755e-04
7.28000000e-01	1.21992614e-02	1.31396104e-04
7.29000000e-01	1.23242956e-02	1.32355273e-04
7.30000000e-01	1.23078833e-02	1.31987297e-04
7.31000000e-01	1.21609396e-02	1.30638352e-04
7.32000000e-01	1.22408249e-02	1.31548592e-04
7.33000000e-01	1.22043094e-02	1.30928322e-04
7.34000000e-01	1.21740960e-02	1.30619915e-04
7.35000000e-01	1.20640398e-02	1.28953797e-04
7.36000000e-01	1.21580869e-02	1.29797594e-04
7.37000000e-01	1.21343004e-02	1.29540681e-04
7.38000000e-01	1.21288461e-02	1.29264439e-04
7.39000000e-01	1.21330933e-02	1.28892950e-04
7.40000000e-01	1.21937844e-02	1.30286027e-04
7.41000000e-01	1.21729610e-02	1.29229680e-04
7.42000000e-01	1.20881661e-02	1.28693874e-04
7.43000000e-01	1.21309132e-02	1.29232603e-04
7.44000000e-01	1.21703086e-02	1.29516409e-04
7.45000000e-01	1.20270063e-02	1.27765977e-04
7.46000000e-01	1.20128055e-02	1.27424891e-04
7.47000000e-01	1.21238134e-02	1.28925886e-04
7.48000000e-01	1.21498108e-02	1.28965434e-04
7.49000000e-01	1.20367608e-02	1.28083180e-04
7.50000000e-01	1.21473196e-02	1.29261746e-04
7.51000000e-01	1.21350698e-02	1.28949589e-04
7.52000000e-01	1.20708650e-02	1.28186786e-04
7.53000000e-01	1.21619273e-02	1.29406203e-04
7.54000000e-01	1.19666888e-02	1.27718742e-04
7.55000000e-01	1.20629383e-02	1.28345559e-04
7.56000000e-01	1.20155026e-02	1.28247959e-04
7.57000000e-01	1.20589730e-02	1.28742405e-04
7.58000000e-01	1.19732611e-02	1.27494146e-04
7.59000000e-01	1.19219964e-02	1.27123798e-04
7.60000000e-01	1.19971119e-02	1.27583356e-04
7.61000000e-01	1.18565283e-02	1.25921909e-04
7.62000000e-01	1.19200947e-02	1.26323354e-04
7.63000000e-01	1.17714078e-02	1.24850180e-04
7.64000000e-01	1.20398188e-02	1.27187689e-04
7.65000000e-01	1.19270476e-02	1.26039704e-04
7.66000000e-01	1.20479336e-02	1.26836079e-04
7.67000000e-01	1.19470616e-02	1.26416331e-04
7.68000000e-01	1.18015187e-02	1.24351584e-04
7.69000000e-01	1.17833083e-02	1.24735158e-04
7.70000000e-01	1.18548602e-02	1.25732967e-04
7.71000000e-01	1.19096869e-02	1.25760195e-04
7.72000000e-01	1.18266373e-02	1.28747716e-04
7.73000000e-01	1.17768329e-02	1.32283651e-04
7.74000000e-01	1.18243594e-02	1.35657331e-04
7.75000000e-01	1.18125622e-02	1.37823481e-04
7.76000000e-01	1.18064636e-02	1.39906815e-04
7.77000000e-01	1.16901663e-02	1.40699757e-04
7.78000000e-01	1.18198734e-02	1.43951815e-04
7.79000000e-01	1.17744522e-02	1.44809991e-04
7.80000000e-01	1.17934758e-02	1.46734674e-04
7.81000000e-01	1.18368215e-02	1.49441133e-04
7.82000000e-01	1.16536253e-02	1.48705111e-04
7.83000000e-01	1.17198456e-02	1.51566934e-04
7.84000000e-01	1.16580587e-02	1.52051634e-04
7.85000000e-01	1.18132772e-02	1.55647406e-04
7.86000000e-01	1.16838404e-02	1.55582512e-04
7.87000000e-01	1.17252127e-02	1.56895291e-04
7.88000000e-01	1.15969233e-02	1.57005027e-04
7.89000000e-01	1.16428540e-02	1.59516960e-04
7.90000000e-01	1.15559119e-02	1.60344566e-04
7.91000000e-01	1.17427979e-02	1.63556275e-04
7.92000000e-01	1.16464656e-02	1.64813395e-04
7.93000000e-01	1.15716215e-02	1.65175738e-04
7.94000000e-01	1.16026661e-02	1.67762240e-04
7.95000000e-01	1.14644604e-02	1.67573292e-04
7.96000000e-01	1.13638932e-02	1.67261329e-04
7.97000000e-01	1.16698220e-02	1.73529764e-04
7.98000000e-01	1.14958907e-02	1.72917194e-04
7.99000000e-01	1.16068957e-02	1.76318011e-04
8.00000000e-01	1.14999324e-02	1.76869201e-04
8.01000000e-01	1.13363520e-02	1.76196519e-04
8.02000000e-01	1.13957712e-02	1.78555032e-04
8.03000000e-01	1.13877969e-02	1.80770365e-04
8.04000000e-01	1.15717407e-02	1.84765135e-04
8.05000000e-01	1.13486587e-02	1.83679453e-04
8.06000000e-01	1.13457662e-02	1.85265044e-04
8.07000000e-01	1.15699727e-02	1.90132861e-04
8.08000000e-01	1.14611156e-02	1.90864410e-04
8.09000000e-01	1.13884500e-02	1.92297081e-04
8.10000000e-01	1.13091642e-02	1.93530091e-04
8.11000000e-01	1.13121041e-02	1.95891071e-04
8.12000000e-01	1.12902811e-02	1.98134147e-04
8.13000000e-01	1.13664621e-02	2.01242006e-04
8.14000000e-01	1.12234812e-02	2.00796500e-04
8.15000000e-01	1.11914882e-02	2.03236196e-04
8.16000000e-01	1.13514575e-02	2.08266889e-04
8.17000000e-01	1.15179030e-02	2.13766311e-04
8.18000000e-01	1.12309780e-02	2.10158665e-04
8.19000000e-01	1.12119334e-02	2.12553025e-04
8.20000000e-01	1.13764998e-02	2.19707029e-04
8.21000000e-01	1.12390231e-02	2.18918049e-04
8.22000000e-01	1.13403104e-02	2.23268439e-04
8.23000000e-01	1.12913631e-02	2.26075389e-04
8.24000000e-01	1.10614377e-02	2.24927258e-04
8.25000000e-01	1.12866083e-02	2.31584228e-04
8.26000000e-01	1.11004395e-02	2.32009256e-04
8.27000000e-01	1.09558366e-02	2.33334791e-04
8.28000000e-01	1.12651739e-02	2.43096049e-04
8.29000000e-01	1.12230049e-02	2.47399380e-04
8.30000000e-01	1.08627811e-02	2.41355231e-04
8.31000000e-01	1.09550339e-02	2.47966795e-04
8.32000000e-01	1.11198411e-02	2.52692711e-04
8.33000000e-01	1.11428294e-02	2.58224657e-04
8.34000000e-01	1.09714071e-02	2.62833208e-04
8.35000000e-01	1.10541033e-02	2.68221708e-04
8.36000000e-01	1.10390710e-02	2.72714179e-04
8.37000000e-01	1.08800570e-02	2.74572806e-04
8.38000000e-01	1.11684942e-02	2.86025815e-04
8.39000000e-01	1.09712064e-02	2.86931367e-04
8.40000000e-01	1.10402234e-02	2.95324340e-04
8.41000000e-01	1.11411487e-02	3.02881323e-04
8.42000000e-01	1.08859508e-02	3.04415169e-04
8.43000000e-01	1.09467266e-02	3.14303038e-04
8.44000000e-01	1.06197456e-02	3.13978460e-04
8.45000000e-01	1.07908425e-02	3.25601884e-04
8.46000000e-01	1.07153498e-02	3.33497130e-04
8.47000000e-01	1.07113445e-02	3.45206691e-04
8.48000000e-01	1.06756509e-02	3.52027037e-04
8.49000000e-01	1.06269764e-02	3.59852880e-04
8.50000000e-01	1.08056202e-02	3.80744127e-04
8.51000000e-01	1.11362039e-02	3.99166700e-04
8.52000000e-01	1.08899310e-02	4.06615810e-04
8.53000000e-01	1.06523894e-02	4.23875183e-04
8.54000000e-01	1.08715043e-02	4.41998726e-04
8.55000000e-01	1.07218534e-02	4.57494947e-04
8.56000000e-01	1.00291407e-02	4.39979584e-04
8.57000000e-01	1.04223130e-02	4.74305755e-04
8.58000000e-01	1.02915226e-02	4.77286843e-04
8.59000000e-01	1.02266755e-02	4.95514420e-04
8.60000000e-01	1.06352277e-02	5.17740584e-04
8.61000000e-01	1.09794468e-02	5.67835098e-04
8.62000000e-01	1.05181621e-02	5.60535901e-04
8.63000000e-01	1.04948527e-02	5.93882443e-04
8.64000000e-01	1.06576073e-02	6.14596049e-04
8.65000000e-01	1.00944748e-02	6.15152496e-04
8.66000000e-01	1.00603074e-02	6.40029429e-04
8.67000000e-01	1.06670765e-02	7.12670301e-04
8.68000000e-01	9.87066204e-03	7.18279766e-04
8.69000000e-01	1.10251311e-02	8.47628834e-04
8.70000000e-01	1.04320023e-02	8.74195581e-04
8.71000000e-01	9.27153548e-03	8.97241319e-04
8.72000000e-01	1.01239955e-02	1.07048472e-03
8.73000000e-01	1.15870381e-02	1.41404725e-03
8.74000000e-01	1.10834850e-02	1.77576665e-03
8.75000000e-01	8.01610501e-03	2.88612618e-03
