% Filename : SDL7_00012_00228.h5
% Date & Time : 30-Oct-2025 14:59:51
% X-ray Energy (keV) : 13.30001
% Exposure Time (s) : 0.500
% Beam Center : 1461.24000, 208.98300
% Sample to Detector Distance (SDD) (mm) : 1990.750
% Detector Pixel Size (mm) : 0.075
% Photodiode Value : 136109.000
% I0 of Sample : 0
% I0 of Standard : 1
% 
% q(A^-1)   I(q)    I(q)_SE
0.00000000e+00	1.19463286e-02	6.89721551e-03
2.50000000e-04	0.00000000e+00	0.00000000e+00
5.00000000e-04	0.00000000e+00	0.00000000e+00
7.50000000e-04	0.00000000e+00	0.00000000e+00
1.00000000e-03	0.00000000e+00	0.00000000e+00
1.25000000e-03	0.00000000e+00	0.00000000e+00
1.50000000e-03	0.00000000e+00	0.00000000e+00
1.75000000e-03	0.00000000e+00	0.00000000e+00
2.00000000e-03	0.00000000e+00	0.00000000e+00
2.25000000e-03	0.00000000e+00	0.00000000e+00
2.50000000e-03	0.00000000e+00	0.00000000e+00
2.75000000e-03	0.00000000e+00	0.00000000e+00
3.00000000e-03	0.00000000e+00	0.00000000e+00
3.25000000e-03	2.82629106e+00	1.66249467e+00
3.50000000e-03	1.66584593e+00	4.12229238e-01
3.75000000e-03	1.29452079e+00	2.54542877e-01
4.00000000e-03	1.03504154e+00	1.77395332e-01
4.25000000e-03	7.93865144e-01	1.09396095e-01
4.50000000e-03	8.47488428e-01	1.15198455e-01
4.75000000e-03	7.95451114e-01	1.02826535e-01
5.00000000e-03	6.38951004e-01	7.82092950e-02
5.25000000e-03	5.34043215e-01	6.27560648e-02
5.50000000e-03	4.61170582e-01	5.31944503e-02
5.75000000e-03	3.85263188e-01	4.20504482e-02
6.00000000e-03	3.42682855e-01	3.67524718e-02
6.25000000e-03	2.97907245e-01	3.07910359e-02
6.50000000e-03	2.54872508e-01	2.61766059e-02
6.75000000e-03	2.22231480e-01	2.18887469e-02
7.00000000e-03	1.98617747e-01	1.94184853e-02
7.25000000e-03	1.78265040e-01	1.66142921e-02
7.50000000e-03	1.60435360e-01	1.49163787e-02
7.75000000e-03	1.41984662e-01	1.29645353e-02
8.00000000e-03	1.29885143e-01	1.16210261e-02
8.25000000e-03	1.19499337e-01	1.01451539e-02
8.50000000e-03	1.10849365e-01	9.40920061e-03
8.75000000e-03	9.94393641e-02	8.17807575e-03
9.00000000e-03	8.92406042e-02	7.26233712e-03
9.25000000e-03	8.28712176e-02	6.55070916e-03
9.50000000e-03	7.66720236e-02	5.99259235e-03
9.75000000e-03	7.41632872e-02	5.68028317e-03
1.00000000e-02	6.54001590e-02	4.92975604e-03
1.02500000e-02	6.01149481e-02	4.48760570e-03
1.05000000e-02	5.95815575e-02	4.30462837e-03
1.07500000e-02	5.55399587e-02	3.91535354e-03
1.10000000e-02	5.17840595e-02	3.68093495e-03
1.12500000e-02	4.86579432e-02	3.40371816e-03
1.15000000e-02	4.76708289e-02	3.31563806e-03
1.17500000e-02	4.47155091e-02	3.01051851e-03
1.20000000e-02	4.45245074e-02	3.04857507e-03
1.22500000e-02	4.06584530e-02	2.71314510e-03
1.25000000e-02	4.04014778e-02	2.62515962e-03
1.27500000e-02	3.73413563e-02	2.43671511e-03
1.30000000e-02	3.89884559e-02	2.48586506e-03
1.32500000e-02	3.64344289e-02	2.28500586e-03
1.35000000e-02	3.57337646e-02	2.25008541e-03
1.37500000e-02	3.42540377e-02	2.16593878e-03
1.40000000e-02	3.23362538e-02	2.01125718e-03
1.42500000e-02	3.23719859e-02	1.95050902e-03
1.45000000e-02	3.09963548e-02	1.87777544e-03
1.47500000e-02	3.00906615e-02	1.80761737e-03
1.50000000e-02	3.00745451e-02	1.78568650e-03
1.52500000e-02	2.96385591e-02	1.73045812e-03
1.55000000e-02	2.86427266e-02	1.66584136e-03
1.57500000e-02	2.69973450e-02	1.55331691e-03
1.60000000e-02	2.71933498e-02	1.54934196e-03
1.62500000e-02	2.75791827e-02	1.56919100e-03
1.65000000e-02	2.68280879e-02	1.51185427e-03
1.67500000e-02	2.63166762e-02	1.47791147e-03
1.70000000e-02	2.61965394e-02	1.43645828e-03
1.72500000e-02	2.68680131e-02	1.45447351e-03
1.75000000e-02	2.66178370e-02	1.47205007e-03
1.77500000e-02	2.53743121e-02	1.35209954e-03
1.80000000e-02	2.52443798e-02	1.36733780e-03
1.82500000e-02	2.45260536e-02	1.30015583e-03
1.85000000e-02	2.34058519e-02	1.26512348e-03
1.87500000e-02	2.41843078e-02	1.29203267e-03
1.90000000e-02	2.55409121e-02	1.34574707e-03
1.92500000e-02	2.42858409e-02	1.28137196e-03
1.95000000e-02	2.41076520e-02	1.26195840e-03
1.97500000e-02	2.39966582e-02	1.24023538e-03
2.00000000e-02	2.36890959e-02	1.21242762e-03
2.02500000e-02	2.31228383e-02	1.17911733e-03
2.05000000e-02	2.33627293e-02	1.17549393e-03
2.07500000e-02	2.25476351e-02	1.13054558e-03
2.10000000e-02	2.34657698e-02	1.18966132e-03
2.12500000e-02	2.26941717e-02	1.15980127e-03
2.15000000e-02	2.37775843e-02	1.18595710e-03
2.17500000e-02	2.29319364e-02	1.15839150e-03
2.20000000e-02	2.24203107e-02	1.15744551e-03
2.22500000e-02	2.25498664e-02	1.13777669e-03
2.25000000e-02	2.20465867e-02	1.13024124e-03
2.27500000e-02	2.32087880e-02	1.17128412e-03
2.30000000e-02	2.29117788e-02	1.16171552e-03
2.32500000e-02	2.20961590e-02	1.10693406e-03
2.35000000e-02	2.25921323e-02	1.14918824e-03
2.37500000e-02	2.27656033e-02	1.15884543e-03
2.40000000e-02	2.20108033e-02	1.11752525e-03
2.42500000e-02	2.21848106e-02	1.11150335e-03
2.45000000e-02	2.26685717e-02	1.15154778e-03
2.47500000e-02	2.25402678e-02	1.13987867e-03
2.50000000e-02	2.22619628e-02	1.11954660e-03
2.52500000e-02	2.27290904e-02	1.14521775e-03
2.55000000e-02	2.15600340e-02	1.06298533e-03
2.57500000e-02	2.19453107e-02	1.09024230e-03
2.60000000e-02	2.16405240e-02	1.07402065e-03
2.62500000e-02	2.15193381e-02	1.08122205e-03
2.65000000e-02	2.25751841e-02	1.11351599e-03
2.67500000e-02	2.21573542e-02	1.07900288e-03
2.70000000e-02	2.11587330e-02	1.04687483e-03
2.72500000e-02	2.23379727e-02	1.09155037e-03
2.75000000e-02	2.25353785e-02	1.11817503e-03
2.77500000e-02	2.16255230e-02	1.06292296e-03
2.80000000e-02	2.24380143e-02	1.07975878e-03
2.82500000e-02	2.26878236e-02	1.09756285e-03
2.85000000e-02	2.18860585e-02	1.06828664e-03
2.87500000e-02	2.20977329e-02	1.08279316e-03
2.90000000e-02	2.21678312e-02	1.09490103e-03
2.92500000e-02	2.23183590e-02	1.05734812e-03
2.95000000e-02	2.29343780e-02	1.11770918e-03
2.97500000e-02	2.26050428e-02	1.08843011e-03
3.00000000e-02	2.26203682e-02	1.09067245e-03
3.02500000e-02	2.30218546e-02	1.09999571e-03
3.05000000e-02	2.31316770e-02	1.08687011e-03
3.07500000e-02	2.29177657e-02	1.09228783e-03
3.10000000e-02	2.23302709e-02	1.06146382e-03
3.12500000e-02	2.25638315e-02	1.09554019e-03
3.15000000e-02	2.32896476e-02	1.09343964e-03
3.17500000e-02	2.22254076e-02	1.03420811e-03
3.20000000e-02	2.21383261e-02	1.03803793e-03
3.22500000e-02	2.20492328e-02	1.02343261e-03
3.25000000e-02	2.20353803e-02	1.05855982e-03
3.27500000e-02	2.24621534e-02	1.03763841e-03
3.30000000e-02	2.18083265e-02	1.02177271e-03
3.32500000e-02	2.17486757e-02	1.01978340e-03
3.35000000e-02	2.20718373e-02	1.05029858e-03
3.37500000e-02	2.20902082e-02	1.01804062e-03
3.40000000e-02	2.20026005e-02	1.01319387e-03
3.42500000e-02	2.14017131e-02	9.83531492e-04
3.45000000e-02	2.16824373e-02	1.00038782e-03
3.47500000e-02	2.11575370e-02	9.78545460e-04
3.50000000e-02	2.13401239e-02	9.88210793e-04
3.52500000e-02	2.14836394e-02	9.84872132e-04
3.55000000e-02	2.15775870e-02	9.78817884e-04
3.57500000e-02	2.15471600e-02	9.95834123e-04
3.60000000e-02	2.22089045e-02	1.00800825e-03
3.62500000e-02	2.14122169e-02	9.89156434e-04
3.65000000e-02	2.10416922e-02	9.78660097e-04
3.67500000e-02	2.14628569e-02	9.78845802e-04
3.70000000e-02	2.20619288e-02	9.94695446e-04
3.72500000e-02	2.11700711e-02	9.55749469e-04
3.75000000e-02	2.12155559e-02	9.65864828e-04
3.77500000e-02	2.17768393e-02	9.74118485e-04
3.80000000e-02	2.10553929e-02	9.51679147e-04
3.82500000e-02	2.15487443e-02	9.56323911e-04
3.85000000e-02	2.18419489e-02	9.78480483e-04
3.87500000e-02	2.14227087e-02	9.48711800e-04
3.90000000e-02	2.16175454e-02	9.67255520e-04
3.92500000e-02	2.09071185e-02	9.28529353e-04
3.95000000e-02	2.16476920e-02	9.57569165e-04
3.97500000e-02	2.12330751e-02	9.44225431e-04
4.00000000e-02	2.11164656e-02	9.27816671e-04
4.02500000e-02	2.00724916e-02	8.90934584e-04
4.05000000e-02	2.07459986e-02	8.99840506e-04
4.07500000e-02	2.05269748e-02	8.97908751e-04
4.10000000e-02	2.12711504e-02	9.18255840e-04
4.12500000e-02	2.15169103e-02	9.25028566e-04
4.15000000e-02	2.12792027e-02	9.17389008e-04
4.17500000e-02	2.13595240e-02	9.19618787e-04
4.20000000e-02	2.10205962e-02	9.00920394e-04
4.22500000e-02	2.07907528e-02	8.97768559e-04
4.25000000e-02	2.11905284e-02	9.02745912e-04
4.27500000e-02	2.08129368e-02	8.84862205e-04
4.30000000e-02	2.04338303e-02	8.78481395e-04
4.32500000e-02	2.10598261e-02	8.94147794e-04
4.35000000e-02	2.05463753e-02	8.87230889e-04
4.37500000e-02	2.10611958e-02	8.95470432e-04
4.40000000e-02	2.06165846e-02	8.78578151e-04
4.42500000e-02	2.10940804e-02	8.91952900e-04
4.45000000e-02	2.17039850e-02	9.08866128e-04
4.47500000e-02	2.08092992e-02	8.72770092e-04
4.50000000e-02	1.99915065e-02	8.41921353e-04
4.52500000e-02	2.12375786e-02	8.85737480e-04
4.55000000e-02	2.11550992e-02	8.83781917e-04
4.57500000e-02	1.99038164e-02	8.32704042e-04
4.60000000e-02	2.01589147e-02	8.50097274e-04
4.62500000e-02	2.03828887e-02	8.56363287e-04
4.65000000e-02	2.12039787e-02	8.72486065e-04
4.67500000e-02	2.07139301e-02	8.48121146e-04
4.70000000e-02	2.06226429e-02	8.40366584e-04
4.72500000e-02	2.03331505e-02	8.38628036e-04
4.75000000e-02	2.13611675e-02	8.80777163e-04
4.77500000e-02	2.06655662e-02	8.38852801e-04
4.80000000e-02	2.08936084e-02	8.53485181e-04
4.82500000e-02	2.09207008e-02	8.54778007e-04
4.85000000e-02	2.03201795e-02	8.47867034e-04
4.87500000e-02	2.09138409e-02	8.59021339e-04
4.90000000e-02	2.03551782e-02	8.26518122e-04
4.92500000e-02	2.06935458e-02	8.33964811e-04
4.95000000e-02	2.03615268e-02	8.27296124e-04
4.97500000e-02	2.02899624e-02	8.22247927e-04
5.00000000e-02	2.14234999e-02	8.63887491e-04
5.02500000e-02	2.08925057e-02	8.35476344e-04
5.05000000e-02	2.05080578e-02	8.28365313e-04
5.07500000e-02	2.06804632e-02	8.26345726e-04
5.10000000e-02	2.01895198e-02	8.08833722e-04
5.12500000e-02	2.12801968e-02	8.49521331e-04
5.15000000e-02	2.09602367e-02	8.31656680e-04
5.17500000e-02	2.09116872e-02	8.34453350e-04
5.20000000e-02	2.07462423e-02	8.22069768e-04
5.22500000e-02	2.02665672e-02	8.09351338e-04
5.25000000e-02	2.09195234e-02	8.22016353e-04
5.27500000e-02	2.03302459e-02	7.96486964e-04
5.30000000e-02	2.08305998e-02	8.27958713e-04
5.32500000e-02	2.00994490e-02	7.91183729e-04
5.35000000e-02	2.02396681e-02	7.96349928e-04
5.37500000e-02	2.08147212e-02	8.15727045e-04
5.40000000e-02	2.07263777e-02	8.10585685e-04
5.42500000e-02	2.03443646e-02	7.97775182e-04
5.45000000e-02	2.09150298e-02	8.14409283e-04
5.47500000e-02	2.05581379e-02	7.93323980e-04
5.50000000e-02	2.03386060e-02	7.93840243e-04
5.52500000e-02	2.02003352e-02	7.83915485e-04
5.55000000e-02	2.07566555e-02	7.97813117e-04
5.57500000e-02	2.04151017e-02	7.98070884e-04
5.60000000e-02	2.01886552e-02	7.74735681e-04
5.62500000e-02	2.04422608e-02	7.88908284e-04
5.65000000e-02	2.03070462e-02	7.77644209e-04
5.67500000e-02	2.05301641e-02	7.91707303e-04
5.70000000e-02	2.00153809e-02	7.66485418e-04
5.72500000e-02	2.03875027e-02	7.87593170e-04
5.75000000e-02	2.04231020e-02	7.79904888e-04
5.77500000e-02	1.97525053e-02	7.46012177e-04
5.80000000e-02	2.04860239e-02	7.79696398e-04
5.82500000e-02	1.96830157e-02	7.46402129e-04
5.85000000e-02	2.05948310e-02	7.82919745e-04
5.87500000e-02	2.06314767e-02	7.75158786e-04
5.90000000e-02	2.03308674e-02	7.69172444e-04
5.92500000e-02	1.95055071e-02	7.37523837e-04
5.95000000e-02	1.98730353e-02	7.52529185e-04
5.97500000e-02	2.03082779e-02	7.63051593e-04
6.00000000e-02	1.99368445e-02	7.53267206e-04
6.02500000e-02	2.01134453e-02	7.56278023e-04
6.05000000e-02	2.03229540e-02	7.56726471e-04
6.07500000e-02	1.95895308e-02	7.34310313e-04
6.10000000e-02	2.07136856e-02	7.78041889e-04
6.12500000e-02	2.06397181e-02	7.66011665e-04
6.15000000e-02	1.97440528e-02	7.30657584e-04
6.17500000e-02	2.00926589e-02	7.42282533e-04
6.20000000e-02	2.00700969e-02	7.46906279e-04
6.22500000e-02	2.04379652e-02	7.51520006e-04
6.25000000e-02	1.98265381e-02	7.35521136e-04
6.27500000e-02	2.00665158e-02	7.40081804e-04
6.30000000e-02	1.98924611e-02	7.31243069e-04
6.32500000e-02	2.02919958e-02	7.47772827e-04
6.35000000e-02	1.99828383e-02	7.33577444e-04
6.37500000e-02	2.02864896e-02	7.37053887e-04
6.40000000e-02	2.01519635e-02	7.39586453e-04
6.42500000e-02	2.04485793e-02	7.39406091e-04
6.45000000e-02	2.02090101e-02	7.30409685e-04
6.47500000e-02	2.07082879e-02	7.55205653e-04
6.50000000e-02	1.95663076e-02	7.10667116e-04
6.52500000e-02	2.02513727e-02	7.30799224e-04
6.55000000e-02	2.02191389e-02	7.30285730e-04
6.57500000e-02	2.00699583e-02	7.19432142e-04
6.60000000e-02	1.98170846e-02	7.14370025e-04
6.62500000e-02	2.00424875e-02	7.34318272e-04
6.65000000e-02	2.01490425e-02	7.22172583e-04
6.67500000e-02	1.98868706e-02	7.16109494e-04
6.70000000e-02	2.02668658e-02	7.31815750e-04
6.72500000e-02	1.95874195e-02	7.04420546e-04
6.75000000e-02	2.00522802e-02	7.13187414e-04
6.77500000e-02	2.00023504e-02	7.12065390e-04
6.80000000e-02	2.05879404e-02	7.32001508e-04
6.82500000e-02	2.03287751e-02	7.19524876e-04
6.85000000e-02	1.95284265e-02	7.02739463e-04
6.87500000e-02	2.02290949e-02	7.17537267e-04
6.90000000e-02	1.99705454e-02	7.08600276e-04
6.92500000e-02	2.05141083e-02	7.20494089e-04
6.95000000e-02	1.99905321e-02	7.10681013e-04
6.97500000e-02	1.99237032e-02	7.04332443e-04
7.00000000e-02	2.04907309e-02	7.20593811e-04
7.02500000e-02	1.98610671e-02	6.97006258e-04
7.05000000e-02	1.94233063e-02	6.83667141e-04
7.07500000e-02	1.97805162e-02	7.03120029e-04
7.10000000e-02	1.95222138e-02	6.83539838e-04
7.12500000e-02	1.94709697e-02	6.83063328e-04
7.15000000e-02	2.05500754e-02	7.10914018e-04
7.17500000e-02	1.98568652e-02	6.91044287e-04
7.20000000e-02	1.96034871e-02	6.85369713e-04
7.22500000e-02	1.96477539e-02	6.83161939e-04
7.25000000e-02	2.00828139e-02	6.94566477e-04
7.27500000e-02	1.97546836e-02	6.85339360e-04
7.30000000e-02	1.96302625e-02	6.77737659e-04
7.32500000e-02	2.00825719e-02	6.88337386e-04
7.35000000e-02	2.00717607e-02	6.95738124e-04
7.37500000e-02	2.03559238e-02	6.96571302e-04
7.40000000e-02	1.98203811e-02	6.79996506e-04
7.42500000e-02	1.97758188e-02	6.84875934e-04
7.45000000e-02	2.05210382e-02	7.00666488e-04
7.47500000e-02	1.91752237e-02	6.55998667e-04
7.50000000e-02	2.02015934e-02	6.88838342e-04
7.52500000e-02	2.01728820e-02	6.83624683e-04
7.55000000e-02	2.06666094e-02	6.99585682e-04
7.57500000e-02	2.04999670e-02	6.93643775e-04
7.60000000e-02	1.92022836e-02	6.56099206e-04
7.62500000e-02	1.99114196e-02	6.73509591e-04
7.65000000e-02	2.00090123e-02	6.82924589e-04
7.67500000e-02	1.99610846e-02	6.78172221e-04
7.70000000e-02	1.99445306e-02	6.65998791e-04
7.72500000e-02	2.01801077e-02	6.89309923e-04
7.75000000e-02	2.01111867e-02	6.99726142e-04
7.77500000e-02	2.01142798e-02	7.01982614e-04
7.80000000e-02	1.97586309e-02	6.92318067e-04
7.82500000e-02	1.97139535e-02	6.95773976e-04
7.85000000e-02	1.97612205e-02	6.99227412e-04
7.87500000e-02	1.98270894e-02	6.97319462e-04
7.90000000e-02	2.00683765e-02	7.16548882e-04
7.92500000e-02	2.03122562e-02	7.27627625e-04
7.95000000e-02	2.03624759e-02	7.31914082e-04
7.97500000e-02	2.00705794e-02	7.19542826e-04
8.00000000e-02	2.09160490e-02	7.44140244e-04
8.02500000e-02	1.94608300e-02	7.06176633e-04
8.05000000e-02	2.00035933e-02	7.16800832e-04
8.07500000e-02	2.00742409e-02	7.28057640e-04
8.10000000e-02	1.94236451e-02	7.10270829e-04
8.12500000e-02	1.99718452e-02	7.27802456e-04
8.15000000e-02	1.97348064e-02	7.12204228e-04
8.17500000e-02	1.99311726e-02	7.31207297e-04
8.20000000e-02	2.00532531e-02	7.29621335e-04
8.22500000e-02	1.96602545e-02	7.18418801e-04
8.25000000e-02	1.97286074e-02	7.25403317e-04
8.27500000e-02	1.96581618e-02	7.20381996e-04
8.30000000e-02	2.04379225e-02	7.48151731e-04
8.32500000e-02	2.01361166e-02	7.35055230e-04
8.35000000e-02	1.99858980e-02	7.40423548e-04
8.37500000e-02	1.92222879e-02	7.05247866e-04
8.40000000e-02	1.96401796e-02	7.23752122e-04
8.42500000e-02	1.94046272e-02	7.18640629e-04
8.45000000e-02	1.98567949e-02	7.33786315e-04
8.47500000e-02	1.99617663e-02	7.37616822e-04
8.50000000e-02	1.99323235e-02	7.35945696e-04
8.52500000e-02	1.96486118e-02	7.35132547e-04
8.55000000e-02	1.93920742e-02	7.19030444e-04
8.57500000e-02	1.98266056e-02	7.38365437e-04
8.60000000e-02	1.97503901e-02	7.38029858e-04
8.62500000e-02	1.91583524e-02	7.17978423e-04
8.65000000e-02	2.00810550e-02	7.45279784e-04
8.67500000e-02	1.96054802e-02	7.21501838e-04
8.70000000e-02	1.95685489e-02	7.14202074e-04
8.72500000e-02	1.96465068e-02	7.03083240e-04
8.75000000e-02	1.98805702e-02	7.01786729e-04
8.77500000e-02	2.01934313e-02	7.08949161e-04
8.80000000e-02	1.96063504e-02	7.02473969e-04
8.82500000e-02	2.01579865e-02	7.05260365e-04
8.85000000e-02	1.95342584e-02	6.89720350e-04
8.87500000e-02	1.96752666e-02	6.77995701e-04
8.90000000e-02	1.92435711e-02	6.72896199e-04
8.92500000e-02	1.97618657e-02	6.82168194e-04
8.95000000e-02	1.96017363e-02	6.74388992e-04
8.97500000e-02	2.00070658e-02	6.79980343e-04
9.00000000e-02	1.97392404e-02	6.74309915e-04
9.02500000e-02	1.95385803e-02	6.64405700e-04
9.05000000e-02	1.95827203e-02	6.71309018e-04
9.07500000e-02	1.94189781e-02	6.54660883e-04
9.10000000e-02	2.04117363e-02	6.89231506e-04
9.12500000e-02	1.96960469e-02	6.65766045e-04
9.15000000e-02	1.93608243e-02	6.43881601e-04
9.17500000e-02	1.96400711e-02	6.66267935e-04
9.20000000e-02	1.99036193e-02	6.66147186e-04
9.22500000e-02	1.97260817e-02	6.62003233e-04
9.25000000e-02	1.95191908e-02	6.54367590e-04
9.27500000e-02	1.91980657e-02	6.44107181e-04
9.30000000e-02	1.94996948e-02	6.48200663e-04
9.32500000e-02	1.99235337e-02	6.62830599e-04
9.35000000e-02	1.92288137e-02	6.40481220e-04
9.37500000e-02	1.96419940e-02	6.46686493e-04
9.40000000e-02	1.99121051e-02	6.52013810e-04
9.42500000e-02	1.93971122e-02	6.41549705e-04
9.45000000e-02	1.98639973e-02	6.54258539e-04
9.47500000e-02	1.99244855e-02	6.56539455e-04
9.50000000e-02	1.93612178e-02	6.31161357e-04
9.52500000e-02	1.98406162e-02	6.49188626e-04
9.55000000e-02	1.98160656e-02	6.39664135e-04
9.57500000e-02	2.01838653e-02	6.53237439e-04
9.60000000e-02	2.00022992e-02	6.47419986e-04
9.62500000e-02	1.95122003e-02	6.33519189e-04
9.65000000e-02	1.97269468e-02	6.40532645e-04
9.67500000e-02	1.95113226e-02	6.27961229e-04
9.70000000e-02	2.04082753e-02	6.51757748e-04
9.72500000e-02	1.97460713e-02	6.37339568e-04
9.75000000e-02	1.99825687e-02	6.43257254e-04
9.77500000e-02	1.93484461e-02	6.19524908e-04
9.80000000e-02	1.95219356e-02	6.31203862e-04
9.82500000e-02	1.93224924e-02	6.18666428e-04
9.85000000e-02	1.96329547e-02	6.29305614e-04
9.87500000e-02	1.87510338e-02	5.98976894e-04
9.90000000e-02	1.96715224e-02	6.25968018e-04
9.92500000e-02	1.97384018e-02	6.30368179e-04
9.95000000e-02	1.96856878e-02	6.28602439e-04
9.97500000e-02	1.96923053e-02	6.22008123e-04
1.00000000e-01	1.93035496e-02	4.97650561e-04
1.00500000e-01	1.97884807e-02	4.42120418e-04
1.01000000e-01	1.94882981e-02	4.33429079e-04
1.01500000e-01	1.95904056e-02	4.38812997e-04
1.02000000e-01	1.98197538e-02	4.38332564e-04
1.02500000e-01	1.97505234e-02	4.34072706e-04
1.03000000e-01	1.96188649e-02	4.31056916e-04
1.03500000e-01	1.99518299e-02	4.36624972e-04
1.04000000e-01	1.95651624e-02	4.30545631e-04
1.04500000e-01	1.97163995e-02	4.30618258e-04
1.05000000e-01	1.95716970e-02	4.26995302e-04
1.05500000e-01	1.94237837e-02	4.24073831e-04
1.06000000e-01	1.97235644e-02	4.28049716e-04
1.06500000e-01	1.97329322e-02	4.28886345e-04
1.07000000e-01	2.01485936e-02	4.38360463e-04
1.07500000e-01	1.98482378e-02	4.40296007e-04
1.08000000e-01	1.96450136e-02	4.39709578e-04
1.08500000e-01	1.94230764e-02	4.40048008e-04
1.09000000e-01	1.98819497e-02	4.53656665e-04
1.09500000e-01	1.98148007e-02	4.51732247e-04
1.10000000e-01	2.01587903e-02	4.56714328e-04
1.10500000e-01	1.95987861e-02	4.33314290e-04
1.11000000e-01	1.97946167e-02	4.30583047e-04
1.11500000e-01	2.01712504e-02	4.37962342e-04
1.12000000e-01	1.98028101e-02	4.22222598e-04
1.12500000e-01	1.92701199e-02	4.10905573e-04
1.13000000e-01	1.98786059e-02	4.23311544e-04
1.13500000e-01	1.95181867e-02	4.14513930e-04
1.14000000e-01	1.97110618e-02	4.13250862e-04
1.14500000e-01	1.94697765e-02	4.09924398e-04
1.15000000e-01	1.97064136e-02	4.11234984e-04
1.15500000e-01	1.94621710e-02	4.08631269e-04
1.16000000e-01	1.98285890e-02	4.13541227e-04
1.16500000e-01	1.96295116e-02	4.10552722e-04
1.17000000e-01	1.97524176e-02	4.10767491e-04
1.17500000e-01	1.96052636e-02	4.06983985e-04
1.18000000e-01	1.97538322e-02	4.09043923e-04
1.18500000e-01	1.98250070e-02	4.09541925e-04
1.19000000e-01	1.95887570e-02	4.06040038e-04
1.19500000e-01	1.97452395e-02	4.04686702e-04
1.20000000e-01	1.92908804e-02	3.95714110e-04
1.20500000e-01	1.94740013e-02	3.97377471e-04
1.21000000e-01	1.95384986e-02	3.97668605e-04
1.21500000e-01	1.97547675e-02	4.02675464e-04
1.22000000e-01	1.95630514e-02	3.96601137e-04
1.22500000e-01	1.96141786e-02	3.96291362e-04
1.23000000e-01	1.98144283e-02	4.00637880e-04
1.23500000e-01	1.94539058e-02	3.92704051e-04
1.24000000e-01	1.95713364e-02	3.94740740e-04
1.24500000e-01	1.93485413e-02	3.89101170e-04
1.25000000e-01	1.98641746e-02	3.99181136e-04
1.25500000e-01	1.95518478e-02	3.91773581e-04
1.26000000e-01	1.94149889e-02	3.87363410e-04
1.26500000e-01	1.94791558e-02	3.86962900e-04
1.27000000e-01	1.95499418e-02	3.87031769e-04
1.27500000e-01	1.94925259e-02	3.86220113e-04
1.28000000e-01	1.94150162e-02	3.84064975e-04
1.28500000e-01	1.93453800e-02	3.82996786e-04
1.29000000e-01	1.94148484e-02	3.84484152e-04
1.29500000e-01	1.94679887e-02	3.83762366e-04
1.30000000e-01	1.97893538e-02	3.88043527e-04
1.30500000e-01	1.91317703e-02	3.75484802e-04
1.31000000e-01	1.90318212e-02	3.74063856e-04
1.31500000e-01	1.97137954e-02	3.85554787e-04
1.32000000e-01	1.97406900e-02	3.82904860e-04
1.32500000e-01	1.92239753e-02	3.72981357e-04
1.33000000e-01	1.95278272e-02	3.79023231e-04
1.33500000e-01	1.96587372e-02	3.78592314e-04
1.34000000e-01	1.97046004e-02	3.78454404e-04
1.34500000e-01	1.95911728e-02	3.73473384e-04
1.35000000e-01	1.96487492e-02	3.74592939e-04
1.35500000e-01	1.97748953e-02	3.78435856e-04
1.36000000e-01	1.94783013e-02	3.70126095e-04
1.36500000e-01	1.98884828e-02	3.79502772e-04
1.37000000e-01	1.93234208e-02	3.66981546e-04
1.37500000e-01	1.93280961e-02	3.66108712e-04
1.38000000e-01	1.98179643e-02	3.75055386e-04
1.38500000e-01	1.93767049e-02	3.66742209e-04
1.39000000e-01	1.93381767e-02	3.69111876e-04
1.39500000e-01	1.95466331e-02	3.68552330e-04
1.40000000e-01	1.96943020e-02	3.73515376e-04
1.40500000e-01	1.93513235e-02	3.65443969e-04
1.41000000e-01	1.98079277e-02	3.73198726e-04
1.41500000e-01	1.94906065e-02	3.68030520e-04
1.42000000e-01	1.96967328e-02	3.69187472e-04
1.42500000e-01	1.92582961e-02	3.62708932e-04
1.43000000e-01	1.94470630e-02	3.65464130e-04
1.43500000e-01	1.93091433e-02	3.59893437e-04
1.44000000e-01	1.97083715e-02	3.66423897e-04
1.44500000e-01	1.92169893e-02	3.55399447e-04
1.45000000e-01	1.94633705e-02	3.61888276e-04
1.45500000e-01	1.94031251e-02	3.61487330e-04
1.46000000e-01	1.96560011e-02	3.63574387e-04
1.46500000e-01	1.93858947e-02	3.60318904e-04
1.47000000e-01	1.93419205e-02	3.56156791e-04
1.47500000e-01	1.93410739e-02	3.55929844e-04
1.48000000e-01	1.91708001e-02	3.51950307e-04
1.48500000e-01	1.93269153e-02	3.54373535e-04
1.49000000e-01	1.94611992e-02	3.56630730e-04
1.49500000e-01	1.90984811e-02	3.49998449e-04
1.50000000e-01	1.93257224e-02	3.52898516e-04
1.50500000e-01	1.94227757e-02	3.55022075e-04
1.51000000e-01	1.93124109e-02	3.50710494e-04
1.51500000e-01	1.95094619e-02	3.53171564e-04
1.52000000e-01	1.92539626e-02	3.48372961e-04
1.52500000e-01	1.91627876e-02	3.46623609e-04
1.53000000e-01	1.92399902e-02	3.48654745e-04
1.53500000e-01	1.91358693e-02	3.45909357e-04
1.54000000e-01	1.92510067e-02	3.46943414e-04
1.54500000e-01	1.91977671e-02	3.52491263e-04
1.55000000e-01	1.92110630e-02	3.57272107e-04
1.55500000e-01	1.89213556e-02	3.54051943e-04
1.56000000e-01	1.94273005e-02	3.67473528e-04
1.56500000e-01	1.91351473e-02	3.58762816e-04
1.57000000e-01	1.93216580e-02	3.63227842e-04
1.57500000e-01	1.90039140e-02	3.53536132e-04
1.58000000e-01	1.91115905e-02	3.48646409e-04
1.58500000e-01	1.92180702e-02	3.49659718e-04
1.59000000e-01	1.90643146e-02	3.43969779e-04
1.59500000e-01	1.91470648e-02	3.43563551e-04
1.60000000e-01	1.90079229e-02	3.43665769e-04
1.60500000e-01	1.88732366e-02	3.37839114e-04
1.61000000e-01	1.89250681e-02	3.38868388e-04
1.61500000e-01	1.90476110e-02	3.39800123e-04
1.62000000e-01	1.90935612e-02	3.38950158e-04
1.62500000e-01	1.90318510e-02	3.39336618e-04
1.63000000e-01	1.92520834e-02	3.39360119e-04
1.63500000e-01	1.92220644e-02	3.42216828e-04
1.64000000e-01	1.86942324e-02	3.31203017e-04
1.64500000e-01	1.88890005e-02	3.33119355e-04
1.65000000e-01	1.91196766e-02	3.36210020e-04
1.65500000e-01	1.87980840e-02	3.29954881e-04
1.66000000e-01	1.90815865e-02	3.35636795e-04
1.66500000e-01	1.90189777e-02	3.32189516e-04
1.67000000e-01	1.91325199e-02	3.35715445e-04
1.67500000e-01	1.89921740e-02	3.31035124e-04
1.68000000e-01	1.86894855e-02	3.26362207e-04
1.68500000e-01	1.88847185e-02	3.30430650e-04
1.69000000e-01	1.86514773e-02	3.25104421e-04
1.69500000e-01	1.88105248e-02	3.27462772e-04
1.70000000e-01	1.88733305e-02	3.26718346e-04
1.70500000e-01	1.86418053e-02	3.23383665e-04
1.71000000e-01	1.88431740e-02	3.26343680e-04
1.71500000e-01	1.89404925e-02	3.28352806e-04
1.72000000e-01	1.88028226e-02	3.24680183e-04
1.72500000e-01	1.87920796e-02	3.24357337e-04
1.73000000e-01	1.86957565e-02	3.21415899e-04
1.73500000e-01	1.90946907e-02	3.25939807e-04
1.74000000e-01	1.88172104e-02	3.20641852e-04
1.74500000e-01	1.89586613e-02	3.22652035e-04
1.75000000e-01	1.89354081e-02	3.20979738e-04
1.75500000e-01	1.88324880e-02	3.18439589e-04
1.76000000e-01	1.88140164e-02	3.18395425e-04
1.76500000e-01	1.90976042e-02	3.23654650e-04
1.77000000e-01	1.88608347e-02	3.19429672e-04
1.77500000e-01	1.85229921e-02	3.13385212e-04
1.78000000e-01	1.85461501e-02	3.13221086e-04
1.78500000e-01	1.85079343e-02	3.12023897e-04
1.79000000e-01	1.88131439e-02	3.18445713e-04
1.79500000e-01	1.91284233e-02	3.21846668e-04
1.80000000e-01	1.84743876e-02	3.12764136e-04
1.80500000e-01	1.85858476e-02	3.13443044e-04
1.81000000e-01	1.87067562e-02	3.15546641e-04
1.81500000e-01	1.86834270e-02	3.13244251e-04
1.82000000e-01	1.88826672e-02	3.16016684e-04
1.82500000e-01	1.87040925e-02	3.11229855e-04
1.83000000e-01	1.87555054e-02	3.13948735e-04
1.83500000e-01	1.89031340e-02	3.14872640e-04
1.84000000e-01	1.87382258e-02	3.11989590e-04
1.84500000e-01	1.84541856e-02	3.08231122e-04
1.85000000e-01	1.87886001e-02	3.12069318e-04
1.85500000e-01	1.86080425e-02	3.08874520e-04
1.86000000e-01	1.89503684e-02	3.13696701e-04
1.86500000e-01	1.85435077e-02	3.06126895e-04
1.87000000e-01	1.86009266e-02	3.07907497e-04
1.87500000e-01	1.83729491e-02	3.03396769e-04
1.88000000e-01	1.82168240e-02	3.02458638e-04
1.88500000e-01	1.85499690e-02	3.06621871e-04
1.89000000e-01	1.84870489e-02	3.03683304e-04
1.89500000e-01	1.84242238e-02	3.03161692e-04
1.90000000e-01	1.83689729e-02	3.01256367e-04
1.90500000e-01	1.83668115e-02	3.00797859e-04
1.91000000e-01	1.83586861e-02	3.01495178e-04
1.91500000e-01	1.85424617e-02	3.01828837e-04
1.92000000e-01	1.83459319e-02	2.99621672e-04
1.92500000e-01	1.85327112e-02	3.02206677e-04
1.93000000e-01	1.84283122e-02	3.01637559e-04
1.93500000e-01	1.83127044e-02	2.97264413e-04
1.94000000e-01	1.85376303e-02	3.01308513e-04
1.94500000e-01	1.81532205e-02	2.95733285e-04
1.95000000e-01	1.83907241e-02	2.98144188e-04
1.95500000e-01	1.84427615e-02	2.98535764e-04
1.96000000e-01	1.84536724e-02	2.98839656e-04
1.96500000e-01	1.87884965e-02	3.03724099e-04
1.97000000e-01	1.85753789e-02	2.99600250e-04
1.97500000e-01	1.82765507e-02	2.94584468e-04
1.98000000e-01	1.83906980e-02	2.95709802e-04
1.98500000e-01	1.83577530e-02	2.94927582e-04
1.99000000e-01	1.81894967e-02	2.93495726e-04
1.99500000e-01	1.82873555e-02	2.93884094e-04
2.00000000e-01	1.85293626e-02	2.95957452e-04
2.00500000e-01	1.83362801e-02	2.94256878e-04
2.01000000e-01	1.82594925e-02	2.91975659e-04
2.01500000e-01	1.80482028e-02	2.88453975e-04
2.02000000e-01	1.83843863e-02	2.92695426e-04
2.02500000e-01	1.80699039e-02	2.88842121e-04
2.03000000e-01	1.82002159e-02	2.90580484e-04
2.03500000e-01	1.83623507e-02	2.91995674e-04
2.04000000e-01	1.84034698e-02	2.92242042e-04
2.04500000e-01	1.79477747e-02	2.85452924e-04
2.05000000e-01	1.82018832e-02	2.86989450e-04
2.05500000e-01	1.81136925e-02	2.85836554e-04
2.06000000e-01	1.81260936e-02	2.86832438e-04
2.06500000e-01	1.80929440e-02	2.85606188e-04
2.07000000e-01	1.81313950e-02	2.86218231e-04
2.07500000e-01	1.81624826e-02	2.85120780e-04
2.08000000e-01	1.80965169e-02	2.85598925e-04
2.08500000e-01	1.82215761e-02	2.84490237e-04
2.09000000e-01	1.82758841e-02	2.86760854e-04
2.09500000e-01	1.83397858e-02	2.87629457e-04
2.10000000e-01	1.81752958e-02	2.83963711e-04
2.10500000e-01	1.82065612e-02	2.85513315e-04
2.11000000e-01	1.81355775e-02	2.82609515e-04
2.11500000e-01	1.79085719e-02	2.80653088e-04
2.12000000e-01	1.80645442e-02	2.81376638e-04
2.12500000e-01	1.81183870e-02	2.82331534e-04
2.13000000e-01	1.81103431e-02	2.83045430e-04
2.13500000e-01	1.78691581e-02	2.77404799e-04
2.14000000e-01	1.82239222e-02	2.83178285e-04
2.14500000e-01	1.82474007e-02	2.81602435e-04
2.15000000e-01	1.79170652e-02	2.79699580e-04
2.15500000e-01	1.81661114e-02	2.79858629e-04
2.16000000e-01	1.80986103e-02	2.79952472e-04
2.16500000e-01	1.79680150e-02	2.77885076e-04
2.17000000e-01	1.79214482e-02	2.80113367e-04
2.17500000e-01	1.82589405e-02	2.90881656e-04
2.18000000e-01	1.79815204e-02	2.85670809e-04
2.18500000e-01	1.79366295e-02	2.88808586e-04
2.19000000e-01	1.80811838e-02	2.90200326e-04
2.19500000e-01	1.78578294e-02	2.88948238e-04
2.20000000e-01	1.76764426e-02	2.87434655e-04
2.20500000e-01	1.81564628e-02	2.95969074e-04
2.21000000e-01	1.79583456e-02	2.92243535e-04
2.21500000e-01	1.79537765e-02	2.94074155e-04
2.22000000e-01	1.81159153e-02	2.96564396e-04
2.22500000e-01	1.79943320e-02	2.94598019e-04
2.23000000e-01	1.79303499e-02	2.95616978e-04
2.23500000e-01	1.78834069e-02	2.95273289e-04
2.24000000e-01	1.79649877e-02	2.96035206e-04
2.24500000e-01	1.78555503e-02	2.96798009e-04
2.25000000e-01	1.79058160e-02	2.97530102e-04
2.25500000e-01	1.75811034e-02	2.92925793e-04
2.26000000e-01	1.79517761e-02	3.00338099e-04
2.26500000e-01	1.78593022e-02	2.93759364e-04
2.27000000e-01	1.76135840e-02	2.87822044e-04
2.27500000e-01	1.80890437e-02	2.90247445e-04
2.28000000e-01	1.78764813e-02	2.87143312e-04
2.28500000e-01	1.80719418e-02	2.89661291e-04
2.29000000e-01	1.77737582e-02	2.83047104e-04
2.29500000e-01	1.78844142e-02	2.81984685e-04
2.30000000e-01	1.77023237e-02	2.79991545e-04
2.30500000e-01	1.82183027e-02	2.85010935e-04
2.31000000e-01	1.78568104e-02	2.80367900e-04
2.31500000e-01	1.77355863e-02	2.77204340e-04
2.32000000e-01	1.79619956e-02	2.79733210e-04
2.32500000e-01	1.78071172e-02	2.78298313e-04
2.33000000e-01	1.77376504e-02	2.75660269e-04
2.33500000e-01	1.77182429e-02	2.75640533e-04
2.34000000e-01	1.76256771e-02	2.73579384e-04
2.34500000e-01	1.76792258e-02	2.72694181e-04
2.35000000e-01	1.77104870e-02	2.73626222e-04
2.35500000e-01	1.80050050e-02	2.77144383e-04
2.36000000e-01	1.78233280e-02	2.74168891e-04
2.36500000e-01	1.77493780e-02	2.73207291e-04
2.37000000e-01	1.76260594e-02	2.70098457e-04
2.37500000e-01	1.75111474e-02	2.69378311e-04
2.38000000e-01	1.76239662e-02	2.69399084e-04
2.38500000e-01	1.76578471e-02	2.69707741e-04
2.39000000e-01	1.75949031e-02	2.68786970e-04
2.39500000e-01	1.77607087e-02	2.70131304e-04
2.40000000e-01	1.76301559e-02	2.68775136e-04
2.40500000e-01	1.76260609e-02	2.66167533e-04
2.41000000e-01	1.75876223e-02	2.66079705e-04
2.41500000e-01	1.77862989e-02	2.67637837e-04
2.42000000e-01	1.76104556e-02	2.66055238e-04
2.42500000e-01	1.77353531e-02	2.66155671e-04
2.43000000e-01	1.73909656e-02	2.61743426e-04
2.43500000e-01	1.76594528e-02	2.65083445e-04
2.44000000e-01	1.76772696e-02	2.64454267e-04
2.44500000e-01	1.77668944e-02	2.66333960e-04
2.45000000e-01	1.74511313e-02	2.59288239e-04
2.45500000e-01	1.76874852e-02	2.64331068e-04
2.46000000e-01	1.75650699e-02	2.62267036e-04
2.46500000e-01	1.74129300e-02	2.59413761e-04
2.47000000e-01	1.74464171e-02	2.58981191e-04
2.47500000e-01	1.74857747e-02	2.58929015e-04
2.48000000e-01	1.71939123e-02	2.55888314e-04
2.48500000e-01	1.73301603e-02	2.58019882e-04
2.49000000e-01	1.73884473e-02	2.57357514e-04
2.49500000e-01	1.72695463e-02	2.55558333e-04
2.50000000e-01	1.72948250e-02	2.55731210e-04
2.50500000e-01	1.76184028e-02	2.60407545e-04
2.51000000e-01	1.75081104e-02	2.57931974e-04
2.51500000e-01	1.75881675e-02	2.58530339e-04
2.52000000e-01	1.72649791e-02	2.54497099e-04
2.52500000e-01	1.74161256e-02	2.55262646e-04
2.53000000e-01	1.74598773e-02	2.56635253e-04
2.53500000e-01	1.74529094e-02	2.56919113e-04
2.54000000e-01	1.73171987e-02	2.54698831e-04
2.54500000e-01	1.74132620e-02	2.55282246e-04
2.55000000e-01	1.73773904e-02	2.54348693e-04
2.55500000e-01	1.74789166e-02	2.55819919e-04
2.56000000e-01	1.71920062e-02	2.51015801e-04
2.56500000e-01	1.73059503e-02	2.53249608e-04
2.57000000e-01	1.74084046e-02	2.53947988e-04
2.57500000e-01	1.73362772e-02	2.52071563e-04
2.58000000e-01	1.75192282e-02	2.54034910e-04
2.58500000e-01	1.73813386e-02	2.51714297e-04
2.59000000e-01	1.72647331e-02	2.50021725e-04
2.59500000e-01	1.73920039e-02	2.51779334e-04
2.60000000e-01	1.73399625e-02	2.50425202e-04
2.60500000e-01	1.70955845e-02	2.46931490e-04
2.61000000e-01	1.71104760e-02	2.46449051e-04
2.61500000e-01	1.73102042e-02	2.50093690e-04
2.62000000e-01	1.73913245e-02	2.50497139e-04
2.62500000e-01	1.74888471e-02	2.52119370e-04
2.63000000e-01	1.73606592e-02	2.48567577e-04
2.63500000e-01	1.71635672e-02	2.45907253e-04
2.64000000e-01	1.72541822e-02	2.47780672e-04
2.64500000e-01	1.72310618e-02	2.47766579e-04
2.65000000e-01	1.71009086e-02	2.46332006e-04
2.65500000e-01	1.71643417e-02	2.45505569e-04
2.66000000e-01	1.72772388e-02	2.46431808e-04
2.66500000e-01	1.72431018e-02	2.45527959e-04
2.67000000e-01	1.73411157e-02	2.47805462e-04
2.67500000e-01	1.73477351e-02	2.46611933e-04
2.68000000e-01	1.72533317e-02	2.45287350e-04
2.68500000e-01	1.73063731e-02	2.45973374e-04
2.69000000e-01	1.70268872e-02	2.41672018e-04
2.69500000e-01	1.71989565e-02	2.43110071e-04
2.70000000e-01	1.71654651e-02	2.42518911e-04
2.70500000e-01	1.72087963e-02	2.42445017e-04
2.71000000e-01	1.72503657e-02	2.42701199e-04
2.71500000e-01	1.72160459e-02	2.42649885e-04
2.72000000e-01	1.71993420e-02	2.41978902e-04
2.72500000e-01	1.69680688e-02	2.38945563e-04
2.73000000e-01	1.71923447e-02	2.42876913e-04
2.73500000e-01	1.72544914e-02	2.41647687e-04
2.74000000e-01	1.70523892e-02	2.39775486e-04
2.74500000e-01	1.70099210e-02	2.39266558e-04
2.75000000e-01	1.69038214e-02	2.36951966e-04
2.75500000e-01	1.71024962e-02	2.39524136e-04
2.76000000e-01	1.70595766e-02	2.39059021e-04
2.76500000e-01	1.69800120e-02	2.37895916e-04
2.77000000e-01	1.72832779e-02	2.41760094e-04
2.77500000e-01	1.70147437e-02	2.38120802e-04
2.78000000e-01	1.70558179e-02	2.38144030e-04
2.78500000e-01	1.69537891e-02	2.36891108e-04
2.79000000e-01	1.70896553e-02	2.37771416e-04
2.79500000e-01	1.69436232e-02	2.37288036e-04
2.80000000e-01	1.69947511e-02	2.36845638e-04
2.80500000e-01	1.70916139e-02	2.37237033e-04
2.81000000e-01	1.69414471e-02	2.35481003e-04
2.81500000e-01	1.72043425e-02	2.38429002e-04
2.82000000e-01	1.68332068e-02	2.33200448e-04
2.82500000e-01	1.71149629e-02	2.37383794e-04
2.83000000e-01	1.68610733e-02	2.32974366e-04
2.83500000e-01	1.68280077e-02	2.32077875e-04
2.84000000e-01	1.71086598e-02	2.35928462e-04
2.84500000e-01	1.68424719e-02	2.32197021e-04
2.85000000e-01	1.67982109e-02	2.32165462e-04
2.85500000e-01	1.69000700e-02	2.32149501e-04
2.86000000e-01	1.67055298e-02	2.30347703e-04
2.86500000e-01	1.69937535e-02	2.33247796e-04
2.87000000e-01	1.70479214e-02	2.33265480e-04
2.87500000e-01	1.68332940e-02	2.30330412e-04
2.88000000e-01	1.68508945e-02	2.29897913e-04
2.88500000e-01	1.68397387e-02	2.31760162e-04
2.89000000e-01	1.66389513e-02	2.28442491e-04
2.89500000e-01	1.65997100e-02	2.28304149e-04
2.90000000e-01	1.71108190e-02	2.33599980e-04
2.90500000e-01	1.70564565e-02	2.32415448e-04
2.91000000e-01	1.69534910e-02	2.30094987e-04
2.91500000e-01	1.67319880e-02	2.27883787e-04
2.92000000e-01	1.68777857e-02	2.28755845e-04
2.92500000e-01	1.68178029e-02	2.27787973e-04
2.93000000e-01	1.66848045e-02	2.27105739e-04
2.93500000e-01	1.66487037e-02	2.25278216e-04
2.94000000e-01	1.67115179e-02	2.26118066e-04
2.94500000e-01	1.68465220e-02	2.28715685e-04
2.95000000e-01	1.67173156e-02	2.25560840e-04
2.95500000e-01	1.68389974e-02	2.26987198e-04
2.96000000e-01	1.67266664e-02	2.26410187e-04
2.96500000e-01	1.67226581e-02	2.24897423e-04
2.97000000e-01	1.66528272e-02	2.25197745e-04
2.97500000e-01	1.67206208e-02	2.25202736e-04
2.98000000e-01	1.66947352e-02	2.24683372e-04
2.98500000e-01	1.67011695e-02	2.24856382e-04
2.99000000e-01	1.68190202e-02	2.25739826e-04
2.99500000e-01	1.67100306e-02	2.24429550e-04
3.00000000e-01	1.68096373e-02	2.25265675e-04
3.00500000e-01	1.67818783e-02	2.24628345e-04
3.01000000e-01	1.65609899e-02	2.22527780e-04
3.01500000e-01	1.65629762e-02	2.21549923e-04
3.02000000e-01	1.68744503e-02	2.25740930e-04
3.02500000e-01	1.68186528e-02	2.25584381e-04
3.03000000e-01	1.65996172e-02	2.23120883e-04
3.03500000e-01	1.66989969e-02	2.23158640e-04
3.04000000e-01	1.66349638e-02	2.22414057e-04
3.04500000e-01	1.65978877e-02	2.20935713e-04
3.05000000e-01	1.67928269e-02	2.23203488e-04
3.05500000e-01	1.68529234e-02	2.24540562e-04
3.06000000e-01	1.64584832e-02	2.17664685e-04
3.06500000e-01	1.65964652e-02	2.20549053e-04
3.07000000e-01	1.66423161e-02	2.20874520e-04
3.07500000e-01	1.67678423e-02	2.21243175e-04
3.08000000e-01	1.65987916e-02	2.20666258e-04
3.08500000e-01	1.67197282e-02	2.20654000e-04
3.09000000e-01	1.66402565e-02	2.20011327e-04
3.09500000e-01	1.65159543e-02	2.18500306e-04
3.10000000e-01	1.66048352e-02	2.20136403e-04
3.10500000e-01	1.66013063e-02	2.18516444e-04
3.11000000e-01	1.66744754e-02	2.19513949e-04
3.11500000e-01	1.65401546e-02	2.17110692e-04
3.12000000e-01	1.63882467e-02	2.15793489e-04
3.12500000e-01	1.65541065e-02	2.17785531e-04
3.13000000e-01	1.64827108e-02	2.15658626e-04
3.13500000e-01	1.65278198e-02	2.16636283e-04
3.14000000e-01	1.64419777e-02	2.16280148e-04
3.14500000e-01	1.65625926e-02	2.16913353e-04
3.15000000e-01	1.65713711e-02	2.17125922e-04
3.15500000e-01	1.63201967e-02	2.14259612e-04
3.16000000e-01	1.63092277e-02	2.14355508e-04
3.16500000e-01	1.65364793e-02	2.16449121e-04
3.17000000e-01	1.64522600e-02	2.14459286e-04
3.17500000e-01	1.64958018e-02	2.15792376e-04
3.18000000e-01	1.65281470e-02	2.15335838e-04
3.18500000e-01	1.65077854e-02	2.14983567e-04
3.19000000e-01	1.63607312e-02	2.12717229e-04
3.19500000e-01	1.62120971e-02	2.12008342e-04
3.20000000e-01	1.65219532e-02	2.14207254e-04
3.20500000e-01	1.65140867e-02	2.14497071e-04
3.21000000e-01	1.63783232e-02	2.13253217e-04
3.21500000e-01	1.61489560e-02	2.10187347e-04
3.22000000e-01	1.63252229e-02	2.11730690e-04
3.22500000e-01	1.62291390e-02	2.10721577e-04
3.23000000e-01	1.63018641e-02	2.10880259e-04
3.23500000e-01	1.63913507e-02	2.13088325e-04
3.24000000e-01	1.63567125e-02	2.11553766e-04
3.24500000e-01	1.63736639e-02	2.12019421e-04
3.25000000e-01	1.62580062e-02	2.10233816e-04
3.25500000e-01	1.63249334e-02	2.10167146e-04
3.26000000e-01	1.62372683e-02	2.08714584e-04
3.26500000e-01	1.65299338e-02	2.12013557e-04
3.27000000e-01	1.60589424e-02	2.07671440e-04
3.27500000e-01	1.64292241e-02	2.11496373e-04
3.28000000e-01	1.60781687e-02	2.08108114e-04
3.28500000e-01	1.61637565e-02	2.07739077e-04
3.29000000e-01	1.63573170e-02	2.09124419e-04
3.29500000e-01	1.61552849e-02	2.07965940e-04
3.30000000e-01	1.65077341e-02	2.10536485e-04
3.30500000e-01	1.62287647e-02	2.07861940e-04
3.31000000e-01	1.60533334e-02	2.05386804e-04
3.31500000e-01	1.61151720e-02	2.06012690e-04
3.32000000e-01	1.60373684e-02	2.04840056e-04
3.32500000e-01	1.61131836e-02	2.05467015e-04
3.33000000e-01	1.60323892e-02	2.05220136e-04
3.33500000e-01	1.61863944e-02	2.06158032e-04
3.34000000e-01	1.61051227e-02	2.05728541e-04
3.34500000e-01	1.61380568e-02	2.05850097e-04
3.35000000e-01	1.61658046e-02	2.05375149e-04
3.35500000e-01	1.62296912e-02	2.06609961e-04
3.36000000e-01	1.62346561e-02	2.06102008e-04
3.36500000e-01	1.60623300e-02	2.04666076e-04
3.37000000e-01	1.61349717e-02	2.03993848e-04
3.37500000e-01	1.59838440e-02	2.02846848e-04
3.38000000e-01	1.61217641e-02	2.04924300e-04
3.38500000e-01	1.58999027e-02	2.01407805e-04
3.39000000e-01	1.62120465e-02	2.04601767e-04
3.39500000e-01	1.59746534e-02	2.02744856e-04
3.40000000e-01	1.60011640e-02	2.02911694e-04
3.40500000e-01	1.59581667e-02	2.00896373e-04
3.41000000e-01	1.58360459e-02	2.00230492e-04
3.41500000e-01	1.60874345e-02	2.03420953e-04
3.42000000e-01	1.58194260e-02	1.99545918e-04
3.42500000e-01	1.60541090e-02	2.02314028e-04
3.43000000e-01	1.58612801e-02	1.99932915e-04
3.43500000e-01	1.59601999e-02	2.00873240e-04
3.44000000e-01	1.59757589e-02	2.01451584e-04
3.44500000e-01	1.60120508e-02	2.01331896e-04
3.45000000e-01	1.59414968e-02	2.00061702e-04
3.45500000e-01	1.58941726e-02	1.99312238e-04
3.46000000e-01	1.59758636e-02	2.01384273e-04
3.46500000e-01	1.59661761e-02	1.99890427e-04
3.47000000e-01	1.57977201e-02	1.97227839e-04
3.47500000e-01	1.58497726e-02	1.97852151e-04
3.48000000e-01	1.58474161e-02	1.98143723e-04
3.48500000e-01	1.58561549e-02	1.98279174e-04
3.49000000e-01	1.59997313e-02	1.99715183e-04
3.49500000e-01	1.59812663e-02	1.99337865e-04
3.50000000e-01	1.58727458e-02	1.61483108e-04
3.51000000e-01	1.57337189e-02	1.38586202e-04
3.52000000e-01	1.58082891e-02	1.38720151e-04
3.53000000e-01	1.59046539e-02	1.39244110e-04
3.54000000e-01	1.57488783e-02	1.37786199e-04
3.55000000e-01	1.57716246e-02	1.37825393e-04
3.56000000e-01	1.57505633e-02	1.38515493e-04
3.57000000e-01	1.58683359e-02	1.42027490e-04
3.58000000e-01	1.56973271e-02	1.41664035e-04
3.59000000e-01	1.55368003e-02	1.41341481e-04
3.60000000e-01	1.55501778e-02	1.42507087e-04
3.61000000e-01	1.54300303e-02	1.41714327e-04
3.62000000e-01	1.55758034e-02	1.44368003e-04
3.63000000e-01	1.57029207e-02	1.45506636e-04
3.64000000e-01	1.55204315e-02	1.44548077e-04
3.65000000e-01	1.55765090e-02	1.45156149e-04
3.66000000e-01	1.56019464e-02	1.43729314e-04
3.67000000e-01	1.55644017e-02	1.41718520e-04
3.68000000e-01	1.56041278e-02	1.41169677e-04
3.69000000e-01	1.55602868e-02	1.39832231e-04
3.70000000e-01	1.54764712e-02	1.38281177e-04
3.71000000e-01	1.54512558e-02	1.40415230e-04
3.72000000e-01	1.54972836e-02	1.41799862e-04
3.73000000e-01	1.56426662e-02	1.42654098e-04
3.74000000e-01	1.55635051e-02	1.42316531e-04
3.75000000e-01	1.53979871e-02	1.40972814e-04
3.76000000e-01	1.55286723e-02	1.41956165e-04
3.77000000e-01	1.55021328e-02	1.42227816e-04
3.78000000e-01	1.53559751e-02	1.40967315e-04
3.79000000e-01	1.52881365e-02	1.40085141e-04
3.80000000e-01	1.53777309e-02	1.40598623e-04
3.81000000e-01	1.53016732e-02	1.40010265e-04
3.82000000e-01	1.53898677e-02	1.40600836e-04
3.83000000e-01	1.53442070e-02	1.40215600e-04
3.84000000e-01	1.52377577e-02	1.39141976e-04
3.85000000e-01	1.53212233e-02	1.40283373e-04
3.86000000e-01	1.53333125e-02	1.40436202e-04
3.87000000e-01	1.53673298e-02	1.40717967e-04
3.88000000e-01	1.53548326e-02	1.40106758e-04
3.89000000e-01	1.53405446e-02	1.39571550e-04
3.90000000e-01	1.52087916e-02	1.38363878e-04
3.91000000e-01	1.52412011e-02	1.38999532e-04
3.92000000e-01	1.52192271e-02	1.38389751e-04
3.93000000e-01	1.52031624e-02	1.38771031e-04
3.94000000e-01	1.52772898e-02	1.39145457e-04
3.95000000e-01	1.51222151e-02	1.37706174e-04
3.96000000e-01	1.52928737e-02	1.39110766e-04
3.97000000e-01	1.51344965e-02	1.37762710e-04
3.98000000e-01	1.52321282e-02	1.38899393e-04
3.99000000e-01	1.50918409e-02	1.37575856e-04
4.00000000e-01	1.51648411e-02	1.38307625e-04
4.01000000e-01	1.50325584e-02	1.37401931e-04
4.02000000e-01	1.51020649e-02	1.37584019e-04
4.03000000e-01	1.49640797e-02	1.36579965e-04
4.04000000e-01	1.50398571e-02	1.36844466e-04
4.05000000e-01	1.49998035e-02	1.36036370e-04
4.06000000e-01	1.50375973e-02	1.36739872e-04
4.07000000e-01	1.49023879e-02	1.35729982e-04
4.08000000e-01	1.50370850e-02	1.36720978e-04
4.09000000e-01	1.50934073e-02	1.37266831e-04
4.10000000e-01	1.50518726e-02	1.36585866e-04
4.11000000e-01	1.49137877e-02	1.35648956e-04
4.12000000e-01	1.49059812e-02	1.35561633e-04
4.13000000e-01	1.51079164e-02	1.37285734e-04
4.14000000e-01	1.49261497e-02	1.35563874e-04
4.15000000e-01	1.49442389e-02	1.35670685e-04
4.16000000e-01	1.48702915e-02	1.34905381e-04
4.17000000e-01	1.49680738e-02	1.35946797e-04
4.18000000e-01	1.50741630e-02	1.37878976e-04
4.19000000e-01	1.49034476e-02	1.38313322e-04
4.20000000e-01	1.49307851e-02	1.39745780e-04
4.21000000e-01	1.50488077e-02	1.40494069e-04
4.22000000e-01	1.50006820e-02	1.40649300e-04
4.23000000e-01	1.49602456e-02	1.41240984e-04
4.24000000e-01	1.50320193e-02	1.42059774e-04
4.25000000e-01	1.50143422e-02	1.42373888e-04
4.26000000e-01	1.49171851e-02	1.40904834e-04
4.27000000e-01	1.49713721e-02	1.41528907e-04
4.28000000e-01	1.49449429e-02	1.41769957e-04
4.29000000e-01	1.49710769e-02	1.42451212e-04
4.30000000e-01	1.49844136e-02	1.42142971e-04
4.31000000e-01	1.50524481e-02	1.42619260e-04
4.32000000e-01	1.48680651e-02	1.41414755e-04
4.33000000e-01	1.48840707e-02	1.41494726e-04
4.34000000e-01	1.47783583e-02	1.40632972e-04
4.35000000e-01	1.48329633e-02	1.41459678e-04
4.36000000e-01	1.47229168e-02	1.40640130e-04
4.37000000e-01	1.47821982e-02	1.41006288e-04
4.38000000e-01	1.47141036e-02	1.40694932e-04
4.39000000e-01	1.48086196e-02	1.41994879e-04
4.40000000e-01	1.46854017e-02	1.40927668e-04
4.41000000e-01	1.47112935e-02	1.41088247e-04
4.42000000e-01	1.47273613e-02	1.42123756e-04
4.43000000e-01	1.48972382e-02	1.43305180e-04
4.44000000e-01	1.47264941e-02	1.41472439e-04
4.45000000e-01	1.47376071e-02	1.42171896e-04
4.46000000e-01	1.45953034e-02	1.40996927e-04
4.47000000e-01	1.48949055e-02	1.43804448e-04
4.48000000e-01	1.47757633e-02	1.42907913e-04
4.49000000e-01	1.47932726e-02	1.43399723e-04
4.50000000e-01	1.45172122e-02	1.41388515e-04
4.51000000e-01	1.45607687e-02	1.41449994e-04
4.52000000e-01	1.44958320e-02	1.41217338e-04
4.53000000e-01	1.46147003e-02	1.42178186e-04
4.54000000e-01	1.46755294e-02	1.42798302e-04
4.55000000e-01	1.46594778e-02	1.42526972e-04
4.56000000e-01	1.46153727e-02	1.42403729e-04
4.57000000e-01	1.45776916e-02	1.42158526e-04
4.58000000e-01	1.45554181e-02	1.42008412e-04
4.59000000e-01	1.45704425e-02	1.42577160e-04
4.60000000e-01	1.46294624e-02	1.42876055e-04
4.61000000e-01	1.45360717e-02	1.42189732e-04
4.62000000e-01	1.45396456e-02	1.42475051e-04
4.63000000e-01	1.46196908e-02	1.43235343e-04
4.64000000e-01	1.46073334e-02	1.43579925e-04
4.65000000e-01	1.49566319e-02	1.46898597e-04
4.66000000e-01	1.45637482e-02	1.43264520e-04
4.67000000e-01	1.44720456e-02	1.42577047e-04
4.68000000e-01	1.45006836e-02	1.42600297e-04
4.69000000e-01	1.45621575e-02	1.43635078e-04
4.70000000e-01	1.45455131e-02	1.43489234e-04
4.71000000e-01	1.44724149e-02	1.42726513e-04
4.72000000e-01	1.45612725e-02	1.43116367e-04
4.73000000e-01	1.45109601e-02	1.42854957e-04
4.74000000e-01	1.44746854e-02	1.42544207e-04
4.75000000e-01	1.45268522e-02	1.43027928e-04
4.76000000e-01	1.43793746e-02	1.41834158e-04
4.77000000e-01	1.43749785e-02	1.42003999e-04
4.78000000e-01	1.43451507e-02	1.41940059e-04
4.79000000e-01	1.44068620e-02	1.42244406e-04
4.80000000e-01	1.44461685e-02	1.42877493e-04
4.81000000e-01	1.42368156e-02	1.41106282e-04
4.82000000e-01	1.45038853e-02	1.43231266e-04
4.83000000e-01	1.43890389e-02	1.42549033e-04
4.84000000e-01	1.44324590e-02	1.42680443e-04
4.85000000e-01	1.42885263e-02	1.41713847e-04
4.86000000e-01	1.43525863e-02	1.42199542e-04
4.87000000e-01	1.44000640e-02	1.42476107e-04
4.88000000e-01	1.43542772e-02	1.42175848e-04
4.89000000e-01	1.44391243e-02	1.43252141e-04
4.90000000e-01	1.43987179e-02	1.42849293e-04
4.91000000e-01	1.42374143e-02	1.41413205e-04
4.92000000e-01	1.41609525e-02	1.40917283e-04
4.93000000e-01	1.43230570e-02	1.42650660e-04
4.94000000e-01	1.43154195e-02	1.42916431e-04
4.95000000e-01	1.43154944e-02	1.43587561e-04
4.96000000e-01	1.43369579e-02	1.47515399e-04
4.97000000e-01	1.43127309e-02	1.49745931e-04
4.98000000e-01	1.41661614e-02	1.50609476e-04
4.99000000e-01	1.43141824e-02	1.54411436e-04
5.00000000e-01	1.43223434e-02	1.55629278e-04
5.01000000e-01	1.40887016e-02	1.55496912e-04
5.02000000e-01	1.42331775e-02	1.57760050e-04
5.03000000e-01	1.42119475e-02	1.59273490e-04
5.04000000e-01	1.42265436e-02	1.61152243e-04
5.05000000e-01	1.42940787e-02	1.58852585e-04
5.06000000e-01	1.44120039e-02	1.56678547e-04
5.07000000e-01	1.44021767e-02	1.55299407e-04
5.08000000e-01	1.43427999e-02	1.53264051e-04
5.09000000e-01	1.43254752e-02	1.52486542e-04
5.10000000e-01	1.42393109e-02	1.51409494e-04
5.11000000e-01	1.40879910e-02	1.49356699e-04
5.12000000e-01	1.40835129e-02	1.49545517e-04
5.13000000e-01	1.42511158e-02	1.50965787e-04
5.14000000e-01	1.42716349e-02	1.50093430e-04
5.15000000e-01	1.42611163e-02	1.49209992e-04
5.16000000e-01	1.41756181e-02	1.48341152e-04
5.17000000e-01	1.41301916e-02	1.48138084e-04
5.18000000e-01	1.40561765e-02	1.47175469e-04
5.19000000e-01	1.39674763e-02	1.45369649e-04
5.20000000e-01	1.42678863e-02	1.47984085e-04
5.21000000e-01	1.41727806e-02	1.47677221e-04
5.22000000e-01	1.39322602e-02	1.44637171e-04
5.23000000e-01	1.41827646e-02	1.46950355e-04
5.24000000e-01	1.40807313e-02	1.46431268e-04
5.25000000e-01	1.40820583e-02	1.46176793e-04
5.26000000e-01	1.40941218e-02	1.46083620e-04
5.27000000e-01	1.40401977e-02	1.45844839e-04
5.28000000e-01	1.40531209e-02	1.45691100e-04
5.29000000e-01	1.39219386e-02	1.44800679e-04
5.30000000e-01	1.39753294e-02	1.45319473e-04
5.31000000e-01	1.38785666e-02	1.44259389e-04
5.32000000e-01	1.38890105e-02	1.43863960e-04
5.33000000e-01	1.40185223e-02	1.45820138e-04
5.34000000e-01	1.39603012e-02	1.45568091e-04
5.35000000e-01	1.39513003e-02	1.44612369e-04
5.36000000e-01	1.38551601e-02	1.43530473e-04
5.37000000e-01	1.37934027e-02	1.43969909e-04
5.38000000e-01	1.37991645e-02	1.43486147e-04
5.39000000e-01	1.39511155e-02	1.44427548e-04
5.40000000e-01	1.39286287e-02	1.44058275e-04
5.41000000e-01	1.39299475e-02	1.44724884e-04
5.42000000e-01	1.39504120e-02	1.44544317e-04
5.43000000e-01	1.38987008e-02	1.44234988e-04
5.44000000e-01	1.38257201e-02	1.43256889e-04
5.45000000e-01	1.37652511e-02	1.43233876e-04
5.46000000e-01	1.39465342e-02	1.44901856e-04
5.47000000e-01	1.37137181e-02	1.43036691e-04
5.48000000e-01	1.39344323e-02	1.44398196e-04
5.49000000e-01	1.37372932e-02	1.42413484e-04
5.50000000e-01	1.36951327e-02	1.42240245e-04
5.51000000e-01	1.36618903e-02	1.41451894e-04
5.52000000e-01	1.37673091e-02	1.42391543e-04
5.53000000e-01	1.37589506e-02	1.42201178e-04
5.54000000e-01	1.37451167e-02	1.42588981e-04
5.55000000e-01	1.37389947e-02	1.41909578e-04
5.56000000e-01	1.37162202e-02	1.41295397e-04
5.57000000e-01	1.37061562e-02	1.41926451e-04
5.58000000e-01	1.35624536e-02	1.40400721e-04
5.59000000e-01	1.36738983e-02	1.41389906e-04
5.60000000e-01	1.36281768e-02	1.40837751e-04
5.61000000e-01	1.37902521e-02	1.42409948e-04
5.62000000e-01	1.36148465e-02	1.40784274e-04
5.63000000e-01	1.35783652e-02	1.40249522e-04
5.64000000e-01	1.36656216e-02	1.41395321e-04
5.65000000e-01	1.35917560e-02	1.40644762e-04
5.66000000e-01	1.35916159e-02	1.41005087e-04
5.67000000e-01	1.36458548e-02	1.41366543e-04
5.68000000e-01	1.36215209e-02	1.40610355e-04
5.69000000e-01	1.37417114e-02	1.41594448e-04
5.70000000e-01	1.34473836e-02	1.39079066e-04
5.71000000e-01	1.35154944e-02	1.39584957e-04
5.72000000e-01	1.34337869e-02	1.38587733e-04
5.73000000e-01	1.34946600e-02	1.39679449e-04
5.74000000e-01	1.34523318e-02	1.39085651e-04
5.75000000e-01	1.36420923e-02	1.41527541e-04
5.76000000e-01	1.34268765e-02	1.39051959e-04
5.77000000e-01	1.35295200e-02	1.39864006e-04
5.78000000e-01	1.34053907e-02	1.39112454e-04
5.79000000e-01	1.32999749e-02	1.37993573e-04
5.80000000e-01	1.33430707e-02	1.38421958e-04
5.81000000e-01	1.34626490e-02	1.39876832e-04
5.82000000e-01	1.34691940e-02	1.39647184e-04
5.83000000e-01	1.33368318e-02	1.38595923e-04
5.84000000e-01	1.32679892e-02	1.37235472e-04
5.85000000e-01	1.33367615e-02	1.38697427e-04
5.86000000e-01	1.33335191e-02	1.38348424e-04
5.87000000e-01	1.34407808e-02	1.39210664e-04
5.88000000e-01	1.33000196e-02	1.37882696e-04
5.89000000e-01	1.33261983e-02	1.38493803e-04
5.90000000e-01	1.33525104e-02	1.38862352e-04
5.91000000e-01	1.32835434e-02	1.37914001e-04
5.92000000e-01	1.32769092e-02	1.37916689e-04
5.93000000e-01	1.33951124e-02	1.39299399e-04
5.94000000e-01	1.33060375e-02	1.38720165e-04
5.95000000e-01	1.32318138e-02	1.37918037e-04
5.96000000e-01	1.32095503e-02	1.38054110e-04
5.97000000e-01	1.33279828e-02	1.38805483e-04
5.98000000e-01	1.31878373e-02	1.37378733e-04
5.99000000e-01	1.32904904e-02	1.38206578e-04
6.00000000e-01	1.32365357e-02	1.37595140e-04
6.01000000e-01	1.31909627e-02	1.37494148e-04
6.02000000e-01	1.31729751e-02	1.37201207e-04
6.03000000e-01	1.33195395e-02	1.38174009e-04
6.04000000e-01	1.33017671e-02	1.38384809e-04
6.05000000e-01	1.32044545e-02	1.37556618e-04
6.06000000e-01	1.32403637e-02	1.37964498e-04
6.07000000e-01	1.31578203e-02	1.37492025e-04
6.08000000e-01	1.31760911e-02	1.37011383e-04
6.09000000e-01	1.30963774e-02	1.36442453e-04
6.10000000e-01	1.30832219e-02	1.36425796e-04
6.11000000e-01	1.31332026e-02	1.37088629e-04
6.12000000e-01	1.30679262e-02	1.36404596e-04
6.13000000e-01	1.29407174e-02	1.35334854e-04
6.14000000e-01	1.31176293e-02	1.37038213e-04
6.15000000e-01	1.32510456e-02	1.38157276e-04
6.16000000e-01	1.30486985e-02	1.36385421e-04
6.17000000e-01	1.31749344e-02	1.37388663e-04
6.18000000e-01	1.29673599e-02	1.35808038e-04
6.19000000e-01	1.30557002e-02	1.36354783e-04
6.20000000e-01	1.30420095e-02	1.36357624e-04
6.21000000e-01	1.30713516e-02	1.36013121e-04
6.22000000e-01	1.30725405e-02	1.35995827e-04
6.23000000e-01	1.29928246e-02	1.35262955e-04
6.24000000e-01	1.28919362e-02	1.33867669e-04
6.25000000e-01	1.29717841e-02	1.34585632e-04
6.26000000e-01	1.30957214e-02	1.35631366e-04
6.27000000e-01	1.29639695e-02	1.34351447e-04
6.28000000e-01	1.28771094e-02	1.33728664e-04
6.29000000e-01	1.29667829e-02	1.34827094e-04
6.30000000e-01	1.29616966e-02	1.34320540e-04
6.31000000e-01	1.30001459e-02	1.35085900e-04
6.32000000e-01	1.28876996e-02	1.33733038e-04
6.33000000e-01	1.29223838e-02	1.34061602e-04
6.34000000e-01	1.29807454e-02	1.38574948e-04
6.35000000e-01	1.30904773e-02	1.43323993e-04
6.36000000e-01	1.29739096e-02	1.44619318e-04
6.37000000e-01	1.28448651e-02	1.45364235e-04
6.38000000e-01	1.30178758e-02	1.49042497e-04
6.39000000e-01	1.29862399e-02	1.50508909e-04
6.40000000e-01	1.33335731e-02	1.55958243e-04
6.41000000e-01	1.31891462e-02	1.55926830e-04
6.42000000e-01	1.29239906e-02	1.55520506e-04
6.43000000e-01	1.29662328e-02	1.55616682e-04
6.44000000e-01	1.31540138e-02	1.52084863e-04
6.45000000e-01	1.30366724e-02	1.48470075e-04
6.46000000e-01	1.30524083e-02	1.47823740e-04
6.47000000e-01	1.29938408e-02	1.46024152e-04
6.48000000e-01	1.30165571e-02	1.45001381e-04
6.49000000e-01	1.29708519e-02	1.43535387e-04
6.50000000e-01	1.29632206e-02	1.42807145e-04
6.51000000e-01	1.30964463e-02	1.43816941e-04
6.52000000e-01	1.30965844e-02	1.43722996e-04
6.53000000e-01	1.28092134e-02	1.40061607e-04
6.54000000e-01	1.30554450e-02	1.42104261e-04
6.55000000e-01	1.29397168e-02	1.40745193e-04
6.56000000e-01	1.29908809e-02	1.41027635e-04
6.57000000e-01	1.29326109e-02	1.39907471e-04
6.58000000e-01	1.29580951e-02	1.40024261e-04
6.59000000e-01	1.30860019e-02	1.41372575e-04
6.60000000e-01	1.29898601e-02	1.40677102e-04
6.61000000e-01	1.29582237e-02	1.39316028e-04
6.62000000e-01	1.29315984e-02	1.39631403e-04
6.63000000e-01	1.30296579e-02	1.40953603e-04
6.64000000e-01	1.29792228e-02	1.39578431e-04
6.65000000e-01	1.29683474e-02	1.39535190e-04
6.66000000e-01	1.28132537e-02	1.38471844e-04
6.67000000e-01	1.28054913e-02	1.38244542e-04
6.68000000e-01	1.28608526e-02	1.38239333e-04
6.69000000e-01	1.29319978e-02	1.39366804e-04
6.70000000e-01	1.29425140e-02	1.39185699e-04
6.71000000e-01	1.29217718e-02	1.38746061e-04
6.72000000e-01	1.29536977e-02	1.39083834e-04
6.73000000e-01	1.27811691e-02	1.37403661e-04
6.74000000e-01	1.28768897e-02	1.38300129e-04
6.75000000e-01	1.27154183e-02	1.36489261e-04
6.76000000e-01	1.29539360e-02	1.38823238e-04
6.77000000e-01	1.27804718e-02	1.37257898e-04
6.78000000e-01	1.27971848e-02	1.37255739e-04
6.79000000e-01	1.27203912e-02	1.36419433e-04
6.80000000e-01	1.26390897e-02	1.35504049e-04
6.81000000e-01	1.26964748e-02	1.36407590e-04
6.82000000e-01	1.28275565e-02	1.37640096e-04
6.83000000e-01	1.27638486e-02	1.36602149e-04
6.84000000e-01	1.26433079e-02	1.35979881e-04
6.85000000e-01	1.26646143e-02	1.35697046e-04
6.86000000e-01	1.27178173e-02	1.35944443e-04
6.87000000e-01	1.28271930e-02	1.37344947e-04
6.88000000e-01	1.27614240e-02	1.36208592e-04
6.89000000e-01	1.27166823e-02	1.35980994e-04
6.90000000e-01	1.25891071e-02	1.35082184e-04
6.91000000e-01	1.26519752e-02	1.35615366e-04
6.92000000e-01	1.25992000e-02	1.35324337e-04
6.93000000e-01	1.25648885e-02	1.34646875e-04
6.94000000e-01	1.27366967e-02	1.36633890e-04
6.95000000e-01	1.25926973e-02	1.34899834e-04
6.96000000e-01	1.27007597e-02	1.35619444e-04
6.97000000e-01	1.25526397e-02	1.34411811e-04
6.98000000e-01	1.26076764e-02	1.35190422e-04
6.99000000e-01	1.26414667e-02	1.35717228e-04
7.00000000e-01	1.26019563e-02	1.34911581e-04
7.01000000e-01	1.25999850e-02	1.35119964e-04
7.02000000e-01	1.24200874e-02	1.33136801e-04
7.03000000e-01	1.27087587e-02	1.35773322e-04
7.04000000e-01	1.25304544e-02	1.34149674e-04
7.05000000e-01	1.25396054e-02	1.34055499e-04
7.06000000e-01	1.24991054e-02	1.33724767e-04
7.07000000e-01	1.25142228e-02	1.33980460e-04
7.08000000e-01	1.25652290e-02	1.33752361e-04
7.09000000e-01	1.24001277e-02	1.32945565e-04
7.10000000e-01	1.23868355e-02	1.32580391e-04
7.11000000e-01	1.23691635e-02	1.32475295e-04
7.12000000e-01	1.22759496e-02	1.31826139e-04
7.13000000e-01	1.23289108e-02	1.31893063e-04
7.14000000e-01	1.23815397e-02	1.32982111e-04
7.15000000e-01	1.23895403e-02	1.32465921e-04
7.16000000e-01	1.23308792e-02	1.32339038e-04
7.17000000e-01	1.23546654e-02	1.32226745e-04
7.18000000e-01	1.22854032e-02	1.32179127e-04
7.19000000e-01	1.23948578e-02	1.32576721e-04
7.20000000e-01	1.23656567e-02	1.32059313e-04
7.21000000e-01	1.23395354e-02	1.31896104e-04
7.22000000e-01	1.23481595e-02	1.32231769e-04
7.23000000e-01	1.24876956e-02	1.34062434e-04
7.24000000e-01	1.22597240e-02	1.31586622e-04
7.25000000e-01	1.21440887e-02	1.30324035e-04
7.26000000e-01	1.23471967e-02	1.32650089e-04
7.27000000e-01	1.22609178e-02	1.31381291e-04
7.28000000e-01	1.21842588e-02	1.31143562e-04
7.29000000e-01	1.22706271e-02	1.31607070e-04
7.30000000e-01	1.22339036e-02	1.30809177e-04
7.31000000e-01	1.23174665e-02	1.31912621e-04
7.32000000e-01	1.21779234e-02	1.30359095e-04
7.33000000e-01	1.21692333e-02	1.30580776e-04
7.34000000e-01	1.21251129e-02	1.29614437e-04
7.35000000e-01	1.20384923e-02	1.29169941e-04
7.36000000e-01	1.22093078e-02	1.30039523e-04
7.37000000e-01	1.22717788e-02	1.30693704e-04
7.38000000e-01	1.21635649e-02	1.29019637e-04
7.39000000e-01	1.21774221e-02	1.29743250e-04
7.40000000e-01	1.21620971e-02	1.29233024e-04
7.41000000e-01	1.18895113e-02	1.26550454e-04
7.42000000e-01	1.22079783e-02	1.29677723e-04
7.43000000e-01	1.20978583e-02	1.28907849e-04
7.44000000e-01	1.20430376e-02	1.28080095e-04
7.45000000e-01	1.20781260e-02	1.28722609e-04
7.46000000e-01	1.20585373e-02	1.28351915e-04
7.47000000e-01	1.21069704e-02	1.28312696e-04
7.48000000e-01	1.22637571e-02	1.29755697e-04
7.49000000e-01	1.21473669e-02	1.28964073e-04
7.50000000e-01	1.20405661e-02	1.28216753e-04
7.51000000e-01	1.20865794e-02	1.28350929e-04
7.52000000e-01	1.20851905e-02	1.28639422e-04
7.53000000e-01	1.20617357e-02	1.28394218e-04
7.54000000e-01	1.19242843e-02	1.27298751e-04
7.55000000e-01	1.20041506e-02	1.27397123e-04
7.56000000e-01	1.20626009e-02	1.28551428e-04
7.57000000e-01	1.19715002e-02	1.27118900e-04
7.58000000e-01	1.18822083e-02	1.26837549e-04
7.59000000e-01	1.18694198e-02	1.26265546e-04
7.60000000e-01	1.19415088e-02	1.26772283e-04
7.61000000e-01	1.20027099e-02	1.27056883e-04
7.62000000e-01	1.19967543e-02	1.27411274e-04
7.63000000e-01	1.19312097e-02	1.26543531e-04
7.64000000e-01	1.18304638e-02	1.24999400e-04
7.65000000e-01	1.18883592e-02	1.25156606e-04
7.66000000e-01	1.18332340e-02	1.24364367e-04
7.67000000e-01	1.17267048e-02	1.24390629e-04
7.68000000e-01	1.18570755e-02	1.24952321e-04
7.69000000e-01	1.18528319e-02	1.24837642e-04
7.70000000e-01	1.17590993e-02	1.24045963e-04
7.71000000e-01	1.19061584e-02	1.25350818e-04
7.72000000e-01	1.17858448e-02	1.28562776e-04
7.73000000e-01	1.16984977e-02	1.31197121e-04
7.74000000e-01	1.19137537e-02	1.36330182e-04
7.75000000e-01	1.17915160e-02	1.37454282e-04
7.76000000e-01	1.17482299e-02	1.39050967e-04
7.77000000e-01	1.16680780e-02	1.40203865e-04
7.78000000e-01	1.17230653e-02	1.43296534e-04
7.79000000e-01	1.15147113e-02	1.42129791e-04
7.80000000e-01	1.17123436e-02	1.45388863e-04
7.81000000e-01	1.16595617e-02	1.47091039e-04
7.82000000e-01	1.16217652e-02	1.48312776e-04
7.83000000e-01	1.16249351e-02	1.49974727e-04
7.84000000e-01	1.17112830e-02	1.52451765e-04
7.85000000e-01	1.17106281e-02	1.53922614e-04
7.86000000e-01	1.17198356e-02	1.56070494e-04
7.87000000e-01	1.14735942e-02	1.54080216e-04
7.88000000e-01	1.17746303e-02	1.59284360e-04
7.89000000e-01	1.16908852e-02	1.60818087e-04
7.90000000e-01	1.15996403e-02	1.60390440e-04
7.91000000e-01	1.15483636e-02	1.61715631e-04
7.92000000e-01	1.17703845e-02	1.65554832e-04
7.93000000e-01	1.16503966e-02	1.66004248e-04
7.94000000e-01	1.14743630e-02	1.65929582e-04
7.95000000e-01	1.15644507e-02	1.69038580e-04
7.96000000e-01	1.13538338e-02	1.67542808e-04
7.97000000e-01	1.14870912e-02	1.71573900e-04
7.98000000e-01	1.16460897e-02	1.74894573e-04
7.99000000e-01	1.14553491e-02	1.74268797e-04
8.00000000e-01	1.14892350e-02	1.75672865e-04
8.01000000e-01	1.14258898e-02	1.76552705e-04
8.02000000e-01	1.15222392e-02	1.80277448e-04
8.03000000e-01	1.15436371e-02	1.82293292e-04
8.04000000e-01	1.13000341e-02	1.81246646e-04
8.05000000e-01	1.14405788e-02	1.83931248e-04
8.06000000e-01	1.11887055e-02	1.83642536e-04
8.07000000e-01	1.13872053e-02	1.88538945e-04
8.08000000e-01	1.15232982e-02	1.92606822e-04
8.09000000e-01	1.11155839e-02	1.87849854e-04
8.10000000e-01	1.13615207e-02	1.96006552e-04
8.11000000e-01	1.13195087e-02	1.96151242e-04
8.12000000e-01	1.14442498e-02	1.99379123e-04
8.13000000e-01	1.12124265e-02	1.97968577e-04
8.14000000e-01	1.14184443e-02	2.04820257e-04
8.15000000e-01	1.12882700e-02	2.04160842e-04
8.16000000e-01	1.11602433e-02	2.04033304e-04
8.17000000e-01	1.12131648e-02	2.08705813e-04
8.18000000e-01	1.12038888e-02	2.10064187e-04
8.19000000e-01	1.12670932e-02	2.14982204e-04
8.20000000e-01	1.13494046e-02	2.17521352e-04
8.21000000e-01	1.10177341e-02	2.14818476e-04
8.22000000e-01	1.11538758e-02	2.19041413e-04
8.23000000e-01	1.10806957e-02	2.21906558e-04
8.24000000e-01	1.10164449e-02	2.25478704e-04
8.25000000e-01	1.10728483e-02	2.28147169e-04
8.26000000e-01	1.10078239e-02	2.30388876e-04
8.27000000e-01	1.07988836e-02	2.29826919e-04
8.28000000e-01	1.09080310e-02	2.35361476e-04
8.29000000e-01	1.11018183e-02	2.43102571e-04
8.30000000e-01	1.11008298e-02	2.44297206e-04
8.31000000e-01	1.10140436e-02	2.49521395e-04
8.32000000e-01	1.11404441e-02	2.55324767e-04
8.33000000e-01	1.09546720e-02	2.57783091e-04
8.34000000e-01	1.09994469e-02	2.62764388e-04
8.35000000e-01	1.09907343e-02	2.66629425e-04
8.36000000e-01	1.11892898e-02	2.74897315e-04
8.37000000e-01	1.07730580e-02	2.69824238e-04
8.38000000e-01	1.05329152e-02	2.72737588e-04
8.39000000e-01	1.08285570e-02	2.83436668e-04
8.40000000e-01	1.07767126e-02	2.86401340e-04
8.41000000e-01	1.09693117e-02	3.02411788e-04
8.42000000e-01	1.06635118e-02	3.01260999e-04
8.43000000e-01	1.06582348e-02	3.04396232e-04
8.44000000e-01	1.07171693e-02	3.15661146e-04
8.45000000e-01	1.10842885e-02	3.35289121e-04
8.46000000e-01	1.07997440e-02	3.34794272e-04
8.47000000e-01	1.09356642e-02	3.53567304e-04
8.48000000e-01	1.06796246e-02	3.51418251e-04
8.49000000e-01	1.08121700e-02	3.68080907e-04
8.50000000e-01	1.06915125e-02	3.74271632e-04
8.51000000e-01	1.06990273e-02	3.87671000e-04
8.52000000e-01	1.06048580e-02	3.97278858e-04
8.53000000e-01	1.06221627e-02	4.20644537e-04
8.54000000e-01	1.07034846e-02	4.34375513e-04
8.55000000e-01	1.09840860e-02	4.72475325e-04
8.56000000e-01	1.01829820e-02	4.53423666e-04
8.57000000e-01	1.04197478e-02	4.71058754e-04
8.58000000e-01	1.10997705e-02	5.14247553e-04
8.59000000e-01	1.06580589e-02	5.18582876e-04
8.60000000e-01	1.10191041e-02	5.43637357e-04
8.61000000e-01	1.02380268e-02	5.27979398e-04
8.62000000e-01	1.05907838e-02	5.75510693e-04
8.63000000e-01	1.06441400e-02	5.84388213e-04
8.64000000e-01	1.10038694e-02	6.24636724e-04
8.65000000e-01	1.07035553e-02	6.47011058e-04
8.66000000e-01	1.01387792e-02	6.55728856e-04
8.67000000e-01	1.06139650e-02	7.14480722e-04
8.68000000e-01	1.07615054e-02	7.60736858e-04
8.69000000e-01	9.98081895e-03	7.60073623e-04
8.70000000e-01	1.07415943e-02	9.26682026e-04
8.71000000e-01	1.07725532e-02	1.03983830e-03
8.72000000e-01	1.02577959e-02	1.05071958e-03
8.73000000e-01	1.06176464e-02	1.26693938e-03
8.74000000e-01	1.17980705e-02	1.83934623e-03
8.75000000e-01	9.29140131e-03	3.28128300e-03
