% Filename : SDL7_00012_00011.h5
% Date & Time : 30-Oct-2025 14:46:42
% X-ray Energy (keV) : 13.30001
% Exposure Time (s) : 0.500
% Beam Center : 1461.24000, 208.98300
% Sample to Detector Distance (SDD) (mm) : 1990.750
% Detector Pixel Size (mm) : 0.075
% Photodiode Value : 135753.000
% I0 of Sample : 0
% I0 of Standard : 1
% 
% q(A^-1)   I(q)    I(q)_SE
0.00000000e+00	1.06468228e-02	5.64633298e-03
2.50000000e-04	0.00000000e+00	0.00000000e+00
5.00000000e-04	0.00000000e+00	0.00000000e+00
7.50000000e-04	0.00000000e+00	0.00000000e+00
1.00000000e-03	0.00000000e+00	0.00000000e+00
1.25000000e-03	0.00000000e+00	0.00000000e+00
1.50000000e-03	0.00000000e+00	0.00000000e+00
1.75000000e-03	0.00000000e+00	0.00000000e+00
2.00000000e-03	0.00000000e+00	0.00000000e+00
2.25000000e-03	0.00000000e+00	0.00000000e+00
2.50000000e-03	0.00000000e+00	0.00000000e+00
2.75000000e-03	0.00000000e+00	0.00000000e+00
3.00000000e-03	0.00000000e+00	0.00000000e+00
3.25000000e-03	1.42602025e+01	8.30339724e+00
3.50000000e-03	7.97102778e+00	2.70343758e+00
3.75000000e-03	5.83420464e+00	1.70817096e+00
4.00000000e-03	5.29338519e+00	1.36086332e+00
4.25000000e-03	3.61439507e+00	8.04641739e-01
4.50000000e-03	7.25008677e+00	2.27667419e+00
4.75000000e-03	9.48507098e+00	2.62604849e+00
5.00000000e-03	7.10223616e+00	1.92195665e+00
5.25000000e-03	5.87875939e+00	1.58021840e+00
5.50000000e-03	4.49898170e+00	1.15290945e+00
5.75000000e-03	3.80618990e+00	9.68011688e-01
6.00000000e-03	2.94435916e+00	7.12289317e-01
6.25000000e-03	2.57451383e+00	6.33653101e-01
6.50000000e-03	2.03928235e+00	4.73433596e-01
6.75000000e-03	1.73626364e+00	4.06313953e-01
7.00000000e-03	1.49827452e+00	3.36638364e-01
7.25000000e-03	1.32964953e+00	3.02274194e-01
7.50000000e-03	1.05756230e+00	2.40312523e-01
7.75000000e-03	1.00431447e+00	2.26393028e-01
8.00000000e-03	8.73341762e-01	1.89673173e-01
8.25000000e-03	7.36527634e-01	1.55800530e-01
8.50000000e-03	6.72944580e-01	1.41543320e-01
8.75000000e-03	6.10683289e-01	1.27571395e-01
9.00000000e-03	5.37730070e-01	1.12047580e-01
9.25000000e-03	4.80786575e-01	9.82846718e-02
9.50000000e-03	4.31074955e-01	8.73187714e-02
9.75000000e-03	3.86014042e-01	7.53920546e-02
1.00000000e-02	3.30396141e-01	6.52106921e-02
1.02500000e-02	3.17694007e-01	6.00698635e-02
1.05000000e-02	2.86472355e-01	5.28039668e-02
1.07500000e-02	2.61454349e-01	4.73686346e-02
1.10000000e-02	2.38228909e-01	4.31150320e-02
1.12500000e-02	2.13826003e-01	3.91022056e-02
1.15000000e-02	2.11480505e-01	3.74831403e-02
1.17500000e-02	1.75922185e-01	3.09691066e-02
1.20000000e-02	1.69238475e-01	2.93769293e-02
1.22500000e-02	1.64587841e-01	2.81049475e-02
1.25000000e-02	1.51392134e-01	2.50692356e-02
1.27500000e-02	1.45479879e-01	2.38588477e-02
1.30000000e-02	1.34012771e-01	2.13806307e-02
1.32500000e-02	1.23741324e-01	1.96060816e-02
1.35000000e-02	1.17812114e-01	1.79155114e-02
1.37500000e-02	1.10691379e-01	1.68288749e-02
1.40000000e-02	1.03555987e-01	1.54833099e-02
1.42500000e-02	9.70413614e-02	1.41384986e-02
1.45000000e-02	9.14304154e-02	1.30161521e-02
1.47500000e-02	8.94460793e-02	1.29796486e-02
1.50000000e-02	8.35251046e-02	1.15386726e-02
1.52500000e-02	7.81905999e-02	1.05038331e-02
1.55000000e-02	7.36110884e-02	9.65259054e-03
1.57500000e-02	7.21578196e-02	9.33147570e-03
1.60000000e-02	6.71098200e-02	8.30288511e-03
1.62500000e-02	6.68173844e-02	7.99366782e-03
1.65000000e-02	6.30385655e-02	7.57678065e-03
1.67500000e-02	5.86084530e-02	6.61848468e-03
1.70000000e-02	5.68401288e-02	6.37853122e-03
1.72500000e-02	5.60491919e-02	6.34752577e-03
1.75000000e-02	5.36470745e-02	5.68212541e-03
1.77500000e-02	5.24337366e-02	5.48972880e-03
1.80000000e-02	4.97937733e-02	5.17445852e-03
1.82500000e-02	4.80694467e-02	4.84131233e-03
1.85000000e-02	4.68596083e-02	4.73300176e-03
1.87500000e-02	4.46981950e-02	4.14679405e-03
1.90000000e-02	4.45631567e-02	4.19798228e-03
1.92500000e-02	4.35319273e-02	4.07087452e-03
1.95000000e-02	4.14859651e-02	3.84587949e-03
1.97500000e-02	4.13137489e-02	3.59291749e-03
2.00000000e-02	3.93881815e-02	3.25620871e-03
2.02500000e-02	3.64959920e-02	3.13106055e-03
2.05000000e-02	3.78583567e-02	3.17173236e-03
2.07500000e-02	3.71154242e-02	3.06869792e-03
2.10000000e-02	3.76113874e-02	2.92854238e-03
2.12500000e-02	3.72293625e-02	3.00751286e-03
2.15000000e-02	3.59996928e-02	2.77076471e-03
2.17500000e-02	3.57558161e-02	2.73860129e-03
2.20000000e-02	3.51366054e-02	2.66866634e-03
2.22500000e-02	3.46649731e-02	2.49167257e-03
2.25000000e-02	3.42364788e-02	2.47617101e-03
2.27500000e-02	3.41622824e-02	2.44806607e-03
2.30000000e-02	3.31110169e-02	2.38526317e-03
2.32500000e-02	3.24483639e-02	2.19608152e-03
2.35000000e-02	3.26025904e-02	2.29021998e-03
2.37500000e-02	3.11401591e-02	2.15666441e-03
2.40000000e-02	3.17507629e-02	2.17741083e-03
2.42500000e-02	3.11616746e-02	2.01492826e-03
2.45000000e-02	3.08374444e-02	2.01781185e-03
2.47500000e-02	3.06645438e-02	1.97354147e-03
2.50000000e-02	3.00682511e-02	1.93862655e-03
2.52500000e-02	2.94893490e-02	1.78910831e-03
2.55000000e-02	2.93345672e-02	1.77595525e-03
2.57500000e-02	2.86444453e-02	1.72127971e-03
2.60000000e-02	2.84525722e-02	1.76734026e-03
2.62500000e-02	2.80474428e-02	1.61935408e-03
2.65000000e-02	2.80612833e-02	1.70124424e-03
2.67500000e-02	2.89218219e-02	1.69267963e-03
2.70000000e-02	2.82099598e-02	1.61300899e-03
2.72500000e-02	2.79981997e-02	1.57756080e-03
2.75000000e-02	2.72530230e-02	1.52994812e-03
2.77500000e-02	2.78150014e-02	1.58742449e-03
2.80000000e-02	2.80816014e-02	1.54538160e-03
2.82500000e-02	2.78780715e-02	1.51250131e-03
2.85000000e-02	2.69943241e-02	1.45166248e-03
2.87500000e-02	2.76469180e-02	1.53308300e-03
2.90000000e-02	2.71751063e-02	1.45153945e-03
2.92500000e-02	2.77182221e-02	1.43041558e-03
2.95000000e-02	2.68598942e-02	1.43807900e-03
2.97500000e-02	2.73421610e-02	1.45273644e-03
3.00000000e-02	2.68023774e-02	1.39691522e-03
3.02500000e-02	2.71113734e-02	1.42831734e-03
3.05000000e-02	2.69381471e-02	1.33799172e-03
3.07500000e-02	2.63996939e-02	1.34325592e-03
3.10000000e-02	2.58552417e-02	1.30410975e-03
3.12500000e-02	2.67071730e-02	1.34419108e-03
3.15000000e-02	2.58559619e-02	1.29750558e-03
3.17500000e-02	2.60508488e-02	1.27778398e-03
3.20000000e-02	2.56314244e-02	1.27699572e-03
3.22500000e-02	2.54642601e-02	1.24824752e-03
3.25000000e-02	2.48900071e-02	1.23109469e-03
3.27500000e-02	2.48868701e-02	1.21526826e-03
3.30000000e-02	2.51172652e-02	1.21546698e-03
3.32500000e-02	2.54460018e-02	1.21513200e-03
3.35000000e-02	2.55157879e-02	1.23347895e-03
3.37500000e-02	2.44909024e-02	1.18406720e-03
3.40000000e-02	2.46057197e-02	1.19393204e-03
3.42500000e-02	2.37174860e-02	1.12619826e-03
3.45000000e-02	2.41547750e-02	1.17359994e-03
3.47500000e-02	2.44424394e-02	1.16764125e-03
3.50000000e-02	2.41853454e-02	1.14998939e-03
3.52500000e-02	2.38339152e-02	1.12098395e-03
3.55000000e-02	2.33213978e-02	1.08655679e-03
3.57500000e-02	2.38342880e-02	1.12827058e-03
3.60000000e-02	2.39478487e-02	1.11547961e-03
3.62500000e-02	2.40284955e-02	1.11875851e-03
3.65000000e-02	2.32005240e-02	1.06345734e-03
3.67500000e-02	2.42974543e-02	1.11089502e-03
3.70000000e-02	2.29097764e-02	1.05773235e-03
3.72500000e-02	2.34149255e-02	1.06333754e-03
3.75000000e-02	2.37641754e-02	1.09250298e-03
3.77500000e-02	2.30161997e-02	1.05538271e-03
3.80000000e-02	2.33599630e-02	1.05379014e-03
3.82500000e-02	2.30237394e-02	1.03135801e-03
3.85000000e-02	2.32804862e-02	1.04928382e-03
3.87500000e-02	2.26050605e-02	1.02915097e-03
3.90000000e-02	2.26707522e-02	1.02382346e-03
3.92500000e-02	2.24988870e-02	1.00916138e-03
3.95000000e-02	2.32013206e-02	1.04218289e-03
3.97500000e-02	2.20847504e-02	1.00057037e-03
4.00000000e-02	2.30496639e-02	1.02730292e-03
4.02500000e-02	2.24828521e-02	1.01057462e-03
4.05000000e-02	2.29682655e-02	1.00175489e-03
4.07500000e-02	2.24439588e-02	9.81049093e-04
4.10000000e-02	2.23872994e-02	9.85586406e-04
4.12500000e-02	2.22990214e-02	9.74623442e-04
4.15000000e-02	2.24211512e-02	9.72221475e-04
4.17500000e-02	2.24676109e-02	9.65877389e-04
4.20000000e-02	2.23886345e-02	9.60990625e-04
4.22500000e-02	2.21485837e-02	9.57087893e-04
4.25000000e-02	2.21932788e-02	9.56804062e-04
4.27500000e-02	2.23363099e-02	9.54087369e-04
4.30000000e-02	2.20756467e-02	9.43248968e-04
4.32500000e-02	2.26442565e-02	9.68220139e-04
4.35000000e-02	2.12432966e-02	9.20636348e-04
4.37500000e-02	2.23677159e-02	9.44157696e-04
4.40000000e-02	2.19060679e-02	9.27206235e-04
4.42500000e-02	2.16796263e-02	9.22986530e-04
4.45000000e-02	2.17314953e-02	9.14032900e-04
4.47500000e-02	2.18329163e-02	9.25290410e-04
4.50000000e-02	2.13525917e-02	9.05220169e-04
4.52500000e-02	2.14682255e-02	9.15810511e-04
4.55000000e-02	2.12250745e-02	8.86277443e-04
4.57500000e-02	2.17244484e-02	9.10848033e-04
4.60000000e-02	2.17876622e-02	9.14781346e-04
4.62500000e-02	2.11221241e-02	8.78438719e-04
4.65000000e-02	2.11456681e-02	8.79512925e-04
4.67500000e-02	2.20623101e-02	9.04299513e-04
4.70000000e-02	2.20711351e-02	9.07141518e-04
4.72500000e-02	2.18431543e-02	8.97828597e-04
4.75000000e-02	2.18306992e-02	9.12193128e-04
4.77500000e-02	2.20138798e-02	8.97390271e-04
4.80000000e-02	2.20779368e-02	9.05695213e-04
4.82500000e-02	2.16113960e-02	8.85041480e-04
4.85000000e-02	2.15229569e-02	8.84973182e-04
4.87500000e-02	2.21228620e-02	8.99231045e-04
4.90000000e-02	2.13719937e-02	8.59926495e-04
4.92500000e-02	2.10056338e-02	8.49532832e-04
4.95000000e-02	2.07410183e-02	8.37494963e-04
4.97500000e-02	2.14950594e-02	8.67852492e-04
5.00000000e-02	2.11341090e-02	8.55566142e-04
5.02500000e-02	2.08610098e-02	8.35798253e-04
5.05000000e-02	2.12671959e-02	8.47008514e-04
5.07500000e-02	2.16455226e-02	8.67804850e-04
5.10000000e-02	2.20524421e-02	8.77311977e-04
5.12500000e-02	2.19438845e-02	8.83356057e-04
5.15000000e-02	2.13469194e-02	8.50838284e-04
5.17500000e-02	2.12376164e-02	8.55425157e-04
5.20000000e-02	2.06508619e-02	8.28920441e-04
5.22500000e-02	2.16651289e-02	8.59727726e-04
5.25000000e-02	2.10195170e-02	8.26866266e-04
5.27500000e-02	2.14600888e-02	8.45188431e-04
5.30000000e-02	2.10673458e-02	8.31911732e-04
5.32500000e-02	2.13711680e-02	8.45796760e-04
5.35000000e-02	2.11214135e-02	8.27497544e-04
5.37500000e-02	2.08060082e-02	8.15756986e-04
5.40000000e-02	2.11990071e-02	8.29247104e-04
5.42500000e-02	2.09562997e-02	8.18150524e-04
5.45000000e-02	2.17392985e-02	8.43900813e-04
5.47500000e-02	2.08553519e-02	8.07279123e-04
5.50000000e-02	2.20907483e-02	8.49443542e-04
5.52500000e-02	2.04579502e-02	7.97651504e-04
5.55000000e-02	2.15253146e-02	8.31508491e-04
5.57500000e-02	2.08741436e-02	8.05375514e-04
5.60000000e-02	2.12760190e-02	8.08737993e-04
5.62500000e-02	2.08051937e-02	8.07403202e-04
5.65000000e-02	2.08288423e-02	7.94851375e-04
5.67500000e-02	2.17865257e-02	8.37038620e-04
5.70000000e-02	2.05808825e-02	7.88683367e-04
5.72500000e-02	2.13736808e-02	8.11830650e-04
5.75000000e-02	2.04159525e-02	7.83692042e-04
5.77500000e-02	2.04013895e-02	7.73579075e-04
5.80000000e-02	2.07319876e-02	7.92197167e-04
5.82500000e-02	2.08333108e-02	7.88094664e-04
5.85000000e-02	2.06845946e-02	7.84791900e-04
5.87500000e-02	2.01147413e-02	7.60183628e-04
5.90000000e-02	2.06144796e-02	7.74100409e-04
5.92500000e-02	2.08967169e-02	7.81623856e-04
5.95000000e-02	2.05528973e-02	7.76264149e-04
5.97500000e-02	2.10920988e-02	7.88821004e-04
6.00000000e-02	2.04541255e-02	7.65638749e-04
6.02500000e-02	2.08663660e-02	7.79148071e-04
6.05000000e-02	2.00766831e-02	7.52914790e-04
6.07500000e-02	2.04616820e-02	7.64727522e-04
6.10000000e-02	2.02460812e-02	7.57120713e-04
6.12500000e-02	2.02318259e-02	7.50732896e-04
6.15000000e-02	2.05462748e-02	7.62960053e-04
6.17500000e-02	2.04679928e-02	7.59717123e-04
6.20000000e-02	2.08246189e-02	7.77538167e-04
6.22500000e-02	2.03730811e-02	7.50803420e-04
6.25000000e-02	2.06160243e-02	7.65144632e-04
6.27500000e-02	1.99915914e-02	7.39677274e-04
6.30000000e-02	2.08625806e-02	7.57311354e-04
6.32500000e-02	2.03452098e-02	7.52659164e-04
6.35000000e-02	2.04849103e-02	7.48069081e-04
6.37500000e-02	2.06623646e-02	7.58334782e-04
6.40000000e-02	2.04367321e-02	7.43374074e-04
6.42500000e-02	2.04642368e-02	7.44414148e-04
6.45000000e-02	2.04034705e-02	7.37762211e-04
6.47500000e-02	2.04669238e-02	7.48224554e-04
6.50000000e-02	2.10734006e-02	7.63818120e-04
6.52500000e-02	2.07302977e-02	7.48505203e-04
6.55000000e-02	2.02020903e-02	7.32061941e-04
6.57500000e-02	2.04775996e-02	7.32108207e-04
6.60000000e-02	2.03346087e-02	7.28433538e-04
6.62500000e-02	2.01058162e-02	7.25773247e-04
6.65000000e-02	2.04558602e-02	7.35117996e-04
6.67500000e-02	2.07152498e-02	7.35805336e-04
6.70000000e-02	2.01813105e-02	7.29572846e-04
6.72500000e-02	2.03545618e-02	7.24132412e-04
6.75000000e-02	2.00317568e-02	7.10888658e-04
6.77500000e-02	2.01276934e-02	7.19605236e-04
6.80000000e-02	2.02264623e-02	7.24533969e-04
6.82500000e-02	2.06168421e-02	7.29533477e-04
6.85000000e-02	2.02685802e-02	7.24077354e-04
6.87500000e-02	2.04372457e-02	7.23679087e-04
6.90000000e-02	2.00229163e-02	7.01742735e-04
6.92500000e-02	2.05781732e-02	7.24060175e-04
6.95000000e-02	2.04470266e-02	7.24163164e-04
6.97500000e-02	2.01302853e-02	7.12001912e-04
7.00000000e-02	2.05139620e-02	7.24270058e-04
7.02500000e-02	1.99283285e-02	6.97862804e-04
7.05000000e-02	2.03905584e-02	7.13259856e-04
7.07500000e-02	1.96994229e-02	6.96341198e-04
7.10000000e-02	1.99649777e-02	7.00642646e-04
7.12500000e-02	2.03159767e-02	7.06701693e-04
7.15000000e-02	1.99271210e-02	6.88923353e-04
7.17500000e-02	2.05833939e-02	7.20182464e-04
7.20000000e-02	1.95646205e-02	6.79584780e-04
7.22500000e-02	2.05892760e-02	7.21701824e-04
7.25000000e-02	2.03727745e-02	7.02954800e-04
7.27500000e-02	2.04311737e-02	7.08031463e-04
7.30000000e-02	2.02991106e-02	7.05147378e-04
7.32500000e-02	2.04225350e-02	6.99306673e-04
7.35000000e-02	1.98982802e-02	6.85613715e-04
7.37500000e-02	2.00745673e-02	6.92662561e-04
7.40000000e-02	2.04177401e-02	6.96233831e-04
7.42500000e-02	2.02663445e-02	6.94993891e-04
7.45000000e-02	2.02458873e-02	6.92741552e-04
7.47500000e-02	2.01915910e-02	6.91767781e-04
7.50000000e-02	1.98896228e-02	6.75453495e-04
7.52500000e-02	1.99568749e-02	6.81266936e-04
7.55000000e-02	2.05590356e-02	6.98606744e-04
7.57500000e-02	2.00002836e-02	6.77792849e-04
7.60000000e-02	2.01392434e-02	6.92581424e-04
7.62500000e-02	1.96731344e-02	6.67285516e-04
7.65000000e-02	2.01990868e-02	6.83085951e-04
7.67500000e-02	1.98624214e-02	6.70086452e-04
7.70000000e-02	1.97396239e-02	6.69299189e-04
7.72500000e-02	1.98385936e-02	6.81077419e-04
7.75000000e-02	2.01242631e-02	7.01561118e-04
7.77500000e-02	2.01971204e-02	7.01639994e-04
7.80000000e-02	2.00677246e-02	7.08772608e-04
7.82500000e-02	1.99243503e-02	7.05053555e-04
7.85000000e-02	1.97039225e-02	6.97412031e-04
7.87500000e-02	2.01671865e-02	7.11122029e-04
7.90000000e-02	2.03771561e-02	7.20953072e-04
7.92500000e-02	2.03445497e-02	7.26249653e-04
7.95000000e-02	1.99674639e-02	7.17786735e-04
7.97500000e-02	2.00484449e-02	7.26079878e-04
8.00000000e-02	1.96665146e-02	7.05534942e-04
8.02500000e-02	2.00791320e-02	7.23631913e-04
8.05000000e-02	2.04074446e-02	7.28824586e-04
8.07500000e-02	1.98164014e-02	7.22798278e-04
8.10000000e-02	2.02060976e-02	7.29747786e-04
8.12500000e-02	1.98773027e-02	7.26152010e-04
8.15000000e-02	2.06184262e-02	7.36282570e-04
8.17500000e-02	2.01154168e-02	7.41817656e-04
8.20000000e-02	2.04131354e-02	7.40535007e-04
8.22500000e-02	2.00534757e-02	7.37674014e-04
8.25000000e-02	1.94818145e-02	7.07755061e-04
8.27500000e-02	2.07479340e-02	7.53133801e-04
8.30000000e-02	2.04525304e-02	7.45529622e-04
8.32500000e-02	2.02671516e-02	7.45910673e-04
8.35000000e-02	1.95901133e-02	7.33269472e-04
8.37500000e-02	2.09957342e-02	7.60355691e-04
8.40000000e-02	2.01443024e-02	7.44614969e-04
8.42500000e-02	1.91790289e-02	7.10087559e-04
8.45000000e-02	1.90134505e-02	7.07401665e-04
8.47500000e-02	1.96161061e-02	7.29383349e-04
8.50000000e-02	1.96085856e-02	7.23935767e-04
8.52500000e-02	2.02896546e-02	7.55301157e-04
8.55000000e-02	2.00360448e-02	7.38472869e-04
8.57500000e-02	2.03359724e-02	7.60254585e-04
8.60000000e-02	2.01345118e-02	7.53114381e-04
8.62500000e-02	1.99355897e-02	7.44403270e-04
8.65000000e-02	1.97243321e-02	7.34404082e-04
8.67500000e-02	1.97750039e-02	7.25162730e-04
8.70000000e-02	1.96859259e-02	7.21597788e-04
8.72500000e-02	1.99475046e-02	7.18681931e-04
8.75000000e-02	1.98806883e-02	7.05892200e-04
8.77500000e-02	2.02309827e-02	7.11901723e-04
8.80000000e-02	2.04045246e-02	7.17282920e-04
8.82500000e-02	2.01447509e-02	7.10520016e-04
8.85000000e-02	1.97888650e-02	6.98595917e-04
8.87500000e-02	2.01676323e-02	6.90242863e-04
8.90000000e-02	1.97079422e-02	6.78831597e-04
8.92500000e-02	1.98383393e-02	6.83477203e-04
8.95000000e-02	2.03272715e-02	6.97225567e-04
8.97500000e-02	1.99821946e-02	6.79050816e-04
9.00000000e-02	2.02590354e-02	6.85692246e-04
9.02500000e-02	1.97433509e-02	6.71242925e-04
9.05000000e-02	1.98545743e-02	6.76134937e-04
9.07500000e-02	1.97736007e-02	6.73813700e-04
9.10000000e-02	2.01698218e-02	6.81473121e-04
9.12500000e-02	1.99204320e-02	6.64255254e-04
9.15000000e-02	1.97804073e-02	6.64387488e-04
9.17500000e-02	2.02496362e-02	6.79229639e-04
9.20000000e-02	1.95949168e-02	6.61387648e-04
9.22500000e-02	1.97134935e-02	6.58631794e-04
9.25000000e-02	1.97300431e-02	6.60462133e-04
9.27500000e-02	1.97922289e-02	6.59254332e-04
9.30000000e-02	1.98192740e-02	6.57075658e-04
9.32500000e-02	1.95694169e-02	6.49063797e-04
9.35000000e-02	1.97552704e-02	6.53461819e-04
9.37500000e-02	1.94433139e-02	6.47180676e-04
9.40000000e-02	1.98832767e-02	6.53382434e-04
9.42500000e-02	2.04152754e-02	6.71035637e-04
9.45000000e-02	2.05179974e-02	6.75684644e-04
9.47500000e-02	1.97861011e-02	6.49256962e-04
9.50000000e-02	2.02603864e-02	6.66559375e-04
9.52500000e-02	2.00242987e-02	6.57221557e-04
9.55000000e-02	2.00859780e-02	6.55813503e-04
9.57500000e-02	2.00705976e-02	6.52990738e-04
9.60000000e-02	2.00417419e-02	6.52369712e-04
9.62500000e-02	2.02382665e-02	6.52477602e-04
9.65000000e-02	1.95673962e-02	6.35035966e-04
9.67500000e-02	2.01878723e-02	6.52476960e-04
9.70000000e-02	1.98701900e-02	6.43776598e-04
9.72500000e-02	2.00111466e-02	6.44935312e-04
9.75000000e-02	2.01504345e-02	6.47505227e-04
9.77500000e-02	1.97807952e-02	6.31468250e-04
9.80000000e-02	1.98904637e-02	6.41275433e-04
9.82500000e-02	1.96780527e-02	6.31064772e-04
9.85000000e-02	2.01289548e-02	6.44495561e-04
9.87500000e-02	1.97623889e-02	6.29876366e-04
9.90000000e-02	1.97022428e-02	6.28510833e-04
9.92500000e-02	1.93879079e-02	6.21149146e-04
9.95000000e-02	1.96543122e-02	6.23326663e-04
9.97500000e-02	1.96652852e-02	6.26696241e-04
1.00000000e-01	1.98258899e-02	5.14993538e-04
1.00500000e-01	1.93276175e-02	4.35584920e-04
1.01000000e-01	1.92224176e-02	4.30163361e-04
1.01500000e-01	1.96621229e-02	4.38191686e-04
1.02000000e-01	2.00849495e-02	4.43514493e-04
1.02500000e-01	1.96946956e-02	4.34379691e-04
1.03000000e-01	1.98081478e-02	4.37806018e-04
1.03500000e-01	1.94057112e-02	4.24314829e-04
1.04000000e-01	1.96992238e-02	4.31764632e-04
1.04500000e-01	1.99329853e-02	4.36080634e-04
1.05000000e-01	2.00361181e-02	4.35315980e-04
1.05500000e-01	1.97266577e-02	4.28765971e-04
1.06000000e-01	1.94304482e-02	4.21128072e-04
1.06500000e-01	1.97176263e-02	4.24768163e-04
1.07000000e-01	1.96688291e-02	4.31333103e-04
1.07500000e-01	1.98025582e-02	4.42435563e-04
1.08000000e-01	1.98376950e-02	4.44057382e-04
1.08500000e-01	1.95076710e-02	4.44340485e-04
1.09000000e-01	1.96575799e-02	4.45429102e-04
1.09500000e-01	1.99226840e-02	4.57085237e-04
1.10000000e-01	1.98610428e-02	4.48463013e-04
1.10500000e-01	1.98095952e-02	4.36931912e-04
1.11000000e-01	2.00105473e-02	4.34678319e-04
1.11500000e-01	1.99366652e-02	4.30458936e-04
1.12000000e-01	1.95823696e-02	4.19099996e-04
1.12500000e-01	1.95706513e-02	4.18371389e-04
1.13000000e-01	1.98004209e-02	4.22120839e-04
1.13500000e-01	1.94769846e-02	4.13376979e-04
1.14000000e-01	1.96164429e-02	4.12927556e-04
1.14500000e-01	1.98364518e-02	4.16921058e-04
1.15000000e-01	1.98319579e-02	4.14891332e-04
1.15500000e-01	1.97567627e-02	4.14587284e-04
1.16000000e-01	1.98322296e-02	4.12177544e-04
1.16500000e-01	1.96827717e-02	4.08366393e-04
1.17000000e-01	1.97882235e-02	4.13485963e-04
1.17500000e-01	2.00780553e-02	4.14434645e-04
1.18000000e-01	1.97791612e-02	4.09915269e-04
1.18500000e-01	1.96630410e-02	4.04621805e-04
1.19000000e-01	1.95635634e-02	4.04725320e-04
1.19500000e-01	1.94912809e-02	3.98936531e-04
1.20000000e-01	2.00315002e-02	4.06639150e-04
1.20500000e-01	1.96808599e-02	4.00316618e-04
1.21000000e-01	1.94482018e-02	3.98999419e-04
1.21500000e-01	1.93334483e-02	3.94382951e-04
1.22000000e-01	2.00428428e-02	4.04094376e-04
1.22500000e-01	1.97547061e-02	3.97661152e-04
1.23000000e-01	1.97272299e-02	3.97145516e-04
1.23500000e-01	1.94949332e-02	3.92083244e-04
1.24000000e-01	1.96760379e-02	3.96499354e-04
1.24500000e-01	1.96563558e-02	3.94847277e-04
1.25000000e-01	1.95914195e-02	3.94007364e-04
1.25500000e-01	1.96932986e-02	3.93652111e-04
1.26000000e-01	1.94168540e-02	3.88034952e-04
1.26500000e-01	1.96391646e-02	3.92539090e-04
1.27000000e-01	1.96416513e-02	3.90450116e-04
1.27500000e-01	1.94017309e-02	3.86278107e-04
1.28000000e-01	1.93548986e-02	3.84025086e-04
1.28500000e-01	1.95160179e-02	3.87542610e-04
1.29000000e-01	1.98546630e-02	3.90032535e-04
1.29500000e-01	1.98586690e-02	3.89912271e-04
1.30000000e-01	1.97574171e-02	3.87207914e-04
1.30500000e-01	1.97604973e-02	3.85384843e-04
1.31000000e-01	1.95432838e-02	3.81762967e-04
1.31500000e-01	1.92733861e-02	3.74817758e-04
1.32000000e-01	1.92064872e-02	3.74244367e-04
1.32500000e-01	1.94951345e-02	3.79151812e-04
1.33000000e-01	1.93373972e-02	3.75763925e-04
1.33500000e-01	1.96086755e-02	3.77430824e-04
1.34000000e-01	1.98506920e-02	3.81750175e-04
1.34500000e-01	1.96094150e-02	3.76289838e-04
1.35000000e-01	1.98414001e-02	3.77443058e-04
1.35500000e-01	1.98357303e-02	3.78985563e-04
1.36000000e-01	1.97741289e-02	3.73975935e-04
1.36500000e-01	1.97596056e-02	3.76699253e-04
1.37000000e-01	1.92886232e-02	3.67158110e-04
1.37500000e-01	1.97774623e-02	3.74373382e-04
1.38000000e-01	1.95444395e-02	3.70445019e-04
1.38500000e-01	1.97362885e-02	3.72406808e-04
1.39000000e-01	1.95361323e-02	3.71634896e-04
1.39500000e-01	1.95730445e-02	3.69596878e-04
1.40000000e-01	1.98222554e-02	3.75063708e-04
1.40500000e-01	1.94501565e-02	3.67423702e-04
1.41000000e-01	1.94358071e-02	3.67718407e-04
1.41500000e-01	1.95868531e-02	3.69910792e-04
1.42000000e-01	1.94378178e-02	3.64249876e-04
1.42500000e-01	1.96266161e-02	3.68715191e-04
1.43000000e-01	1.92072173e-02	3.61610222e-04
1.43500000e-01	1.91869499e-02	3.59474860e-04
1.44000000e-01	1.92737894e-02	3.58904186e-04
1.44500000e-01	1.95752106e-02	3.63093881e-04
1.45000000e-01	1.95300161e-02	3.63117282e-04
1.45500000e-01	2.00021074e-02	3.70075420e-04
1.46000000e-01	1.94969965e-02	3.61749853e-04
1.46500000e-01	1.95434117e-02	3.61727082e-04
1.47000000e-01	1.95631092e-02	3.62252941e-04
1.47500000e-01	1.96099922e-02	3.59841240e-04
1.48000000e-01	1.93403737e-02	3.57036868e-04
1.48500000e-01	1.92228099e-02	3.54705635e-04
1.49000000e-01	1.93281183e-02	3.55506186e-04
1.49500000e-01	1.93969984e-02	3.55723131e-04
1.50000000e-01	1.89738363e-02	3.47962300e-04
1.50500000e-01	1.92485494e-02	3.52750813e-04
1.51000000e-01	1.95098592e-02	3.55497321e-04
1.51500000e-01	1.94861352e-02	3.53291319e-04
1.52000000e-01	1.96940635e-02	3.55382668e-04
1.52500000e-01	1.91172320e-02	3.45807129e-04
1.53000000e-01	1.91425844e-02	3.46360026e-04
1.53500000e-01	1.92875010e-02	3.47857867e-04
1.54000000e-01	1.90060599e-02	3.42046772e-04
1.54500000e-01	1.94965636e-02	3.57627720e-04
1.55000000e-01	1.89698164e-02	3.53262671e-04
1.55500000e-01	1.91470698e-02	3.58699604e-04
1.56000000e-01	1.90474598e-02	3.58443035e-04
1.56500000e-01	1.94888243e-02	3.63935017e-04
1.57000000e-01	1.89783679e-02	3.58138726e-04
1.57500000e-01	1.91070240e-02	3.53085466e-04
1.58000000e-01	1.90938463e-02	3.47393345e-04
1.58500000e-01	1.92119495e-02	3.48442096e-04
1.59000000e-01	1.92565263e-02	3.46132190e-04
1.59500000e-01	1.91097987e-02	3.46102765e-04
1.60000000e-01	1.91187537e-02	3.44184197e-04
1.60500000e-01	1.91826427e-02	3.43324610e-04
1.61000000e-01	1.90285322e-02	3.42141270e-04
1.61500000e-01	1.91390445e-02	3.40809584e-04
1.62000000e-01	1.89988401e-02	3.38701077e-04
1.62500000e-01	1.90364108e-02	3.38780095e-04
1.63000000e-01	1.93281398e-02	3.41616423e-04
1.63500000e-01	1.88301110e-02	3.35276782e-04
1.64000000e-01	1.93525865e-02	3.41483611e-04
1.64500000e-01	1.91689808e-02	3.38718226e-04
1.65000000e-01	1.90557327e-02	3.36151358e-04
1.65500000e-01	1.87377148e-02	3.29518405e-04
1.66000000e-01	1.88678546e-02	3.31728388e-04
1.66500000e-01	1.90050612e-02	3.32564695e-04
1.67000000e-01	1.89519846e-02	3.30391992e-04
1.67500000e-01	1.91666726e-02	3.33762509e-04
1.68000000e-01	1.90881334e-02	3.33699660e-04
1.68500000e-01	1.86312843e-02	3.25634073e-04
1.69000000e-01	1.91441060e-02	3.32983858e-04
1.69500000e-01	1.88831430e-02	3.27984954e-04
1.70000000e-01	1.89547100e-02	3.28794144e-04
1.70500000e-01	1.87762550e-02	3.26028501e-04
1.71000000e-01	1.87500440e-02	3.23515569e-04
1.71500000e-01	1.87623333e-02	3.23732968e-04
1.72000000e-01	1.88472961e-02	3.24074271e-04
1.72500000e-01	1.86999412e-02	3.22444587e-04
1.73000000e-01	1.85548235e-02	3.20292621e-04
1.73500000e-01	1.87659441e-02	3.20307633e-04
1.74000000e-01	1.91285757e-02	3.26604267e-04
1.74500000e-01	1.88608892e-02	3.20438909e-04
1.75000000e-01	1.86944165e-02	3.16902645e-04
1.75500000e-01	1.91573434e-02	3.23245983e-04
1.76000000e-01	1.87356694e-02	3.17918778e-04
1.76500000e-01	1.88373983e-02	3.19781512e-04
1.77000000e-01	1.85382055e-02	3.13823596e-04
1.77500000e-01	1.86880537e-02	3.16032795e-04
1.78000000e-01	1.89739156e-02	3.20081941e-04
1.78500000e-01	1.86609349e-02	3.14761305e-04
1.79000000e-01	1.87872843e-02	3.17825091e-04
1.79500000e-01	1.88623400e-02	3.16969849e-04
1.80000000e-01	1.85263142e-02	3.12916707e-04
1.80500000e-01	1.87604342e-02	3.14491867e-04
1.81000000e-01	1.88641015e-02	3.17805506e-04
1.81500000e-01	1.85301749e-02	3.10076487e-04
1.82000000e-01	1.88645903e-02	3.16756318e-04
1.82500000e-01	1.86327628e-02	3.11334336e-04
1.83000000e-01	1.87796231e-02	3.14351071e-04
1.83500000e-01	1.86966031e-02	3.11946067e-04
1.84000000e-01	1.86235154e-02	3.09943331e-04
1.84500000e-01	1.87047632e-02	3.12751174e-04
1.85000000e-01	1.84738273e-02	3.07735902e-04
1.85500000e-01	1.83836117e-02	3.05657869e-04
1.86000000e-01	1.87697327e-02	3.10889201e-04
1.86500000e-01	1.86623966e-02	3.09409782e-04
1.87000000e-01	1.87520672e-02	3.11234932e-04
1.87500000e-01	1.83967733e-02	3.03526770e-04
1.88000000e-01	1.84683603e-02	3.04168427e-04
1.88500000e-01	1.84014363e-02	3.02738646e-04
1.89000000e-01	1.85607955e-02	3.06141749e-04
1.89500000e-01	1.86538369e-02	3.06962505e-04
1.90000000e-01	1.83887138e-02	3.01785003e-04
1.90500000e-01	1.86816704e-02	3.05514437e-04
1.91000000e-01	1.85720989e-02	3.04013413e-04
1.91500000e-01	1.86619254e-02	3.04800510e-04
1.92000000e-01	1.83810950e-02	2.99110278e-04
1.92500000e-01	1.83922572e-02	3.00549208e-04
1.93000000e-01	1.84571933e-02	3.00349134e-04
1.93500000e-01	1.83220542e-02	2.98500568e-04
1.94000000e-01	1.84532781e-02	3.00446091e-04
1.94500000e-01	1.85225956e-02	3.01213926e-04
1.95000000e-01	1.83822603e-02	2.98828440e-04
1.95500000e-01	1.84635421e-02	2.98022234e-04
1.96000000e-01	1.86525657e-02	3.01111757e-04
1.96500000e-01	1.80711324e-02	2.92702680e-04
1.97000000e-01	1.83084103e-02	2.94617665e-04
1.97500000e-01	1.83497413e-02	2.95675664e-04
1.98000000e-01	1.84095009e-02	2.95728146e-04
1.98500000e-01	1.83996210e-02	2.95053268e-04
1.99000000e-01	1.85606184e-02	2.97698358e-04
1.99500000e-01	1.82510576e-02	2.92715067e-04
2.00000000e-01	1.81544264e-02	2.91570522e-04
2.00500000e-01	1.84945828e-02	2.95372822e-04
2.01000000e-01	1.81740171e-02	2.91136081e-04
2.01500000e-01	1.82537659e-02	2.91007735e-04
2.02000000e-01	1.83851653e-02	2.91926403e-04
2.02500000e-01	1.84608238e-02	2.92050964e-04
2.03000000e-01	1.80387515e-02	2.88917755e-04
2.03500000e-01	1.83992555e-02	2.92437956e-04
2.04000000e-01	1.81367271e-02	2.87886421e-04
2.04500000e-01	1.80806092e-02	2.88067744e-04
2.05000000e-01	1.80969970e-02	2.86651839e-04
2.05500000e-01	1.80242397e-02	2.86505330e-04
2.06000000e-01	1.83748749e-02	2.89175131e-04
2.06500000e-01	1.82282060e-02	2.88402530e-04
2.07000000e-01	1.81418260e-02	2.86264855e-04
2.07500000e-01	1.82891479e-02	2.87938984e-04
2.08000000e-01	1.82676479e-02	2.89254749e-04
2.08500000e-01	1.82614107e-02	2.85831188e-04
2.09000000e-01	1.82748725e-02	2.86510202e-04
2.09500000e-01	1.80577726e-02	2.83519216e-04
2.10000000e-01	1.81188504e-02	2.84032518e-04
2.10500000e-01	1.81621122e-02	2.84952788e-04
2.11000000e-01	1.79955801e-02	2.80912037e-04
2.11500000e-01	1.79664004e-02	2.80063145e-04
2.12000000e-01	1.82010413e-02	2.83039519e-04
2.12500000e-01	1.82952311e-02	2.84367792e-04
2.13000000e-01	1.81500283e-02	2.81164553e-04
2.13500000e-01	1.82286423e-02	2.82673428e-04
2.14000000e-01	1.81049856e-02	2.81616286e-04
2.14500000e-01	1.82459894e-02	2.81249892e-04
2.15000000e-01	1.81065919e-02	2.81298464e-04
2.15500000e-01	1.79411865e-02	2.77897672e-04
2.16000000e-01	1.78803514e-02	2.76970084e-04
2.16500000e-01	1.80488566e-02	2.76998191e-04
2.17000000e-01	1.78309271e-02	2.78448618e-04
2.17500000e-01	1.80937635e-02	2.87793813e-04
2.18000000e-01	1.81043360e-02	2.87545546e-04
2.18500000e-01	1.79057886e-02	2.87902326e-04
2.19000000e-01	1.82522155e-02	2.93993160e-04
2.19500000e-01	1.78920248e-02	2.89805452e-04
2.20000000e-01	1.79849471e-02	2.92168444e-04
2.20500000e-01	1.78969788e-02	2.91081666e-04
2.21000000e-01	1.80515279e-02	2.93904423e-04
2.21500000e-01	1.79629467e-02	2.95923829e-04
2.22000000e-01	1.79431609e-02	2.93366026e-04
2.22500000e-01	1.79410042e-02	2.94751586e-04
2.23000000e-01	1.78665552e-02	2.93869398e-04
2.23500000e-01	1.78674996e-02	2.95577691e-04
2.24000000e-01	1.80783650e-02	2.99177423e-04
2.24500000e-01	1.79902787e-02	2.99076630e-04
2.25000000e-01	1.79282563e-02	2.97071387e-04
2.25500000e-01	1.77979671e-02	2.95817488e-04
2.26000000e-01	1.76338747e-02	2.96077143e-04
2.26500000e-01	1.81922955e-02	2.98301997e-04
2.27000000e-01	1.80363103e-02	2.93647409e-04
2.27500000e-01	1.80030705e-02	2.89459252e-04
2.28000000e-01	1.78149432e-02	2.86074867e-04
2.28500000e-01	1.78823181e-02	2.85650140e-04
2.29000000e-01	1.75844251e-02	2.81439763e-04
2.29500000e-01	1.77062860e-02	2.80018294e-04
2.30000000e-01	1.79089171e-02	2.83157100e-04
2.30500000e-01	1.79114851e-02	2.81344236e-04
2.31000000e-01	1.77879694e-02	2.79809102e-04
2.31500000e-01	1.79813381e-02	2.82620259e-04
2.32000000e-01	1.76252558e-02	2.76781794e-04
2.32500000e-01	1.77505000e-02	2.76443324e-04
2.33000000e-01	1.79851503e-02	2.79356667e-04
2.33500000e-01	1.79076731e-02	2.78533310e-04
2.34000000e-01	1.79630613e-02	2.77540522e-04
2.34500000e-01	1.79335245e-02	2.76426291e-04
2.35000000e-01	1.78339595e-02	2.75709000e-04
2.35500000e-01	1.76018010e-02	2.72559466e-04
2.36000000e-01	1.75529220e-02	2.71114132e-04
2.36500000e-01	1.76578162e-02	2.71971079e-04
2.37000000e-01	1.76268540e-02	2.69633357e-04
2.37500000e-01	1.76648621e-02	2.71181543e-04
2.38000000e-01	1.76617483e-02	2.69067818e-04
2.38500000e-01	1.74454856e-02	2.66819952e-04
2.39000000e-01	1.75692534e-02	2.67437360e-04
2.39500000e-01	1.76842571e-02	2.68801789e-04
2.40000000e-01	1.76977724e-02	2.68008543e-04
2.40500000e-01	1.79185298e-02	2.70868909e-04
2.41000000e-01	1.76827919e-02	2.69163191e-04
2.41500000e-01	1.73826469e-02	2.62910946e-04
2.42000000e-01	1.79308031e-02	2.70594267e-04
2.42500000e-01	1.78292928e-02	2.68565999e-04
2.43000000e-01	1.75983917e-02	2.63739804e-04
2.43500000e-01	1.77348045e-02	2.66542921e-04
2.44000000e-01	1.77236271e-02	2.64486753e-04
2.44500000e-01	1.75869586e-02	2.63264725e-04
2.45000000e-01	1.76761217e-02	2.62898624e-04
2.45500000e-01	1.75956740e-02	2.62974456e-04
2.46000000e-01	1.77545897e-02	2.64876866e-04
2.46500000e-01	1.76527167e-02	2.62856720e-04
2.47000000e-01	1.76270469e-02	2.62075036e-04
2.47500000e-01	1.74292451e-02	2.58233034e-04
2.48000000e-01	1.75348056e-02	2.59731483e-04
2.48500000e-01	1.76539548e-02	2.60906511e-04
2.49000000e-01	1.74067764e-02	2.57694786e-04
2.49500000e-01	1.74812039e-02	2.58835646e-04
2.50000000e-01	1.74398563e-02	2.58172794e-04
2.50500000e-01	1.74843009e-02	2.58285815e-04
2.51000000e-01	1.76184448e-02	2.58546808e-04
2.51500000e-01	1.71907044e-02	2.54101431e-04
2.52000000e-01	1.72022675e-02	2.53694949e-04
2.52500000e-01	1.73778011e-02	2.56501282e-04
2.53000000e-01	1.75221583e-02	2.57529291e-04
2.53500000e-01	1.74150146e-02	2.56169482e-04
2.54000000e-01	1.76125012e-02	2.57702673e-04
2.54500000e-01	1.73891083e-02	2.54938084e-04
2.55000000e-01	1.74392472e-02	2.55934517e-04
2.55500000e-01	1.75015834e-02	2.54876486e-04
2.56000000e-01	1.72260245e-02	2.51009519e-04
2.56500000e-01	1.75389800e-02	2.54943100e-04
2.57000000e-01	1.72631769e-02	2.51252057e-04
2.57500000e-01	1.74545805e-02	2.53387444e-04
2.58000000e-01	1.74447216e-02	2.53636709e-04
2.58500000e-01	1.73711996e-02	2.51613548e-04
2.59000000e-01	1.74155055e-02	2.53124742e-04
2.59500000e-01	1.71111039e-02	2.47895693e-04
2.60000000e-01	1.72654253e-02	2.50558223e-04
2.60500000e-01	1.74125529e-02	2.52418373e-04
2.61000000e-01	1.75037885e-02	2.51457900e-04
2.61500000e-01	1.72553255e-02	2.49515698e-04
2.62000000e-01	1.71971715e-02	2.47083038e-04
2.62500000e-01	1.72717937e-02	2.49114437e-04
2.63000000e-01	1.71782914e-02	2.47636800e-04
2.63500000e-01	1.72785604e-02	2.48533387e-04
2.64000000e-01	1.69780297e-02	2.43922982e-04
2.64500000e-01	1.72861085e-02	2.48005617e-04
2.65000000e-01	1.73347382e-02	2.48474210e-04
2.65500000e-01	1.71577685e-02	2.44749443e-04
2.66000000e-01	1.72032781e-02	2.45840632e-04
2.66500000e-01	1.69937541e-02	2.41693019e-04
2.67000000e-01	1.71209173e-02	2.44314766e-04
2.67500000e-01	1.72154575e-02	2.44827802e-04
2.68000000e-01	1.72113200e-02	2.44551836e-04
2.68500000e-01	1.72502099e-02	2.44847450e-04
2.69000000e-01	1.71678344e-02	2.43321505e-04
2.69500000e-01	1.73899510e-02	2.45959886e-04
2.70000000e-01	1.70896235e-02	2.42443853e-04
2.70500000e-01	1.71534631e-02	2.41835387e-04
2.71000000e-01	1.71809474e-02	2.42685468e-04
2.71500000e-01	1.69838924e-02	2.41218197e-04
2.72000000e-01	1.71969404e-02	2.41875947e-04
2.72500000e-01	1.72222938e-02	2.41798366e-04
2.73000000e-01	1.71495967e-02	2.41345598e-04
2.73500000e-01	1.72146166e-02	2.41474934e-04
2.74000000e-01	1.71759138e-02	2.41062116e-04
2.74500000e-01	1.70867125e-02	2.39396473e-04
2.75000000e-01	1.72286030e-02	2.41340001e-04
2.75500000e-01	1.69483517e-02	2.38221489e-04
2.76000000e-01	1.68749305e-02	2.36588466e-04
2.76500000e-01	1.69963270e-02	2.37950011e-04
2.77000000e-01	1.68812407e-02	2.36154175e-04
2.77500000e-01	1.70562390e-02	2.38540863e-04
2.78000000e-01	1.69568104e-02	2.36781997e-04
2.78500000e-01	1.70223639e-02	2.38406165e-04
2.79000000e-01	1.70492983e-02	2.38726682e-04
2.79500000e-01	1.72883675e-02	2.40304438e-04
2.80000000e-01	1.68878231e-02	2.35435325e-04
2.80500000e-01	1.70995322e-02	2.36915472e-04
2.81000000e-01	1.69234616e-02	2.35543393e-04
2.81500000e-01	1.70591789e-02	2.36200355e-04
2.82000000e-01	1.72689023e-02	2.39440756e-04
2.82500000e-01	1.69486587e-02	2.35328780e-04
2.83000000e-01	1.68184475e-02	2.31491594e-04
2.83500000e-01	1.69338143e-02	2.33823669e-04
2.84000000e-01	1.69824243e-02	2.34816101e-04
2.84500000e-01	1.69412573e-02	2.33708850e-04
2.85000000e-01	1.68604605e-02	2.32660645e-04
2.85500000e-01	1.68080389e-02	2.31718574e-04
2.86000000e-01	1.70575482e-02	2.35496932e-04
2.86500000e-01	1.71534113e-02	2.36157780e-04
2.87000000e-01	1.66818202e-02	2.29233478e-04
2.87500000e-01	1.68107750e-02	2.30485770e-04
2.88000000e-01	1.68868776e-02	2.30233780e-04
2.88500000e-01	1.69183996e-02	2.32321941e-04
2.89000000e-01	1.68741761e-02	2.31023867e-04
2.89500000e-01	1.70552057e-02	2.32634023e-04
2.90000000e-01	1.67128287e-02	2.28518593e-04
2.90500000e-01	1.67702046e-02	2.28733704e-04
2.91000000e-01	1.68348011e-02	2.28932356e-04
2.91500000e-01	1.70287346e-02	2.30747983e-04
2.92000000e-01	1.67071888e-02	2.27969404e-04
2.92500000e-01	1.68773414e-02	2.29632091e-04
2.93000000e-01	1.69159093e-02	2.29626415e-04
2.93500000e-01	1.66828278e-02	2.26842248e-04
2.94000000e-01	1.67056686e-02	2.25847921e-04
2.94500000e-01	1.67049193e-02	2.26667778e-04
2.95000000e-01	1.68927491e-02	2.28772472e-04
2.95500000e-01	1.68612625e-02	2.28176111e-04
2.96000000e-01	1.68417129e-02	2.27294272e-04
2.96500000e-01	1.69201331e-02	2.27522584e-04
2.97000000e-01	1.68432834e-02	2.26635644e-04
2.97500000e-01	1.66621676e-02	2.24701099e-04
2.98000000e-01	1.68295693e-02	2.26868775e-04
2.98500000e-01	1.67001996e-02	2.25884996e-04
2.99000000e-01	1.69248806e-02	2.26884733e-04
2.99500000e-01	1.67999417e-02	2.26692115e-04
3.00000000e-01	1.67455115e-02	2.23944125e-04
3.00500000e-01	1.66946765e-02	2.23504632e-04
3.01000000e-01	1.69691178e-02	2.27362030e-04
3.01500000e-01	1.67200413e-02	2.23619285e-04
3.02000000e-01	1.67445897e-02	2.24023909e-04
3.02500000e-01	1.68087775e-02	2.25165501e-04
3.03000000e-01	1.67754060e-02	2.23922860e-04
3.03500000e-01	1.67258525e-02	2.23367404e-04
3.04000000e-01	1.68043104e-02	2.25155457e-04
3.04500000e-01	1.65710461e-02	2.21098933e-04
3.05000000e-01	1.67783399e-02	2.23002065e-04
3.05500000e-01	1.68173424e-02	2.24196519e-04
3.06000000e-01	1.66818603e-02	2.21248601e-04
3.06500000e-01	1.65830256e-02	2.20494720e-04
3.07000000e-01	1.66007735e-02	2.19896164e-04
3.07500000e-01	1.67559543e-02	2.22538743e-04
3.08000000e-01	1.64999710e-02	2.18052774e-04
3.08500000e-01	1.66545177e-02	2.19938804e-04
3.09000000e-01	1.63368051e-02	2.17330208e-04
3.09500000e-01	1.65606515e-02	2.19156545e-04
3.10000000e-01	1.64791783e-02	2.18006373e-04
3.10500000e-01	1.67908313e-02	2.21197725e-04
3.11000000e-01	1.64870307e-02	2.17572989e-04
3.11500000e-01	1.64526415e-02	2.17437915e-04
3.12000000e-01	1.65845422e-02	2.17102032e-04
3.12500000e-01	1.65583384e-02	2.18180232e-04
3.13000000e-01	1.64725393e-02	2.16399651e-04
3.13500000e-01	1.64034657e-02	2.15735908e-04
3.14000000e-01	1.64844112e-02	2.16708354e-04
3.14500000e-01	1.65672148e-02	2.16782883e-04
3.15000000e-01	1.64940848e-02	2.16164745e-04
3.15500000e-01	1.65627421e-02	2.16793587e-04
3.16000000e-01	1.66205082e-02	2.17230521e-04
3.16500000e-01	1.64904980e-02	2.15116851e-04
3.17000000e-01	1.63310524e-02	2.13581907e-04
3.17500000e-01	1.65573526e-02	2.17269648e-04
3.18000000e-01	1.64940413e-02	2.15243040e-04
3.18500000e-01	1.64196102e-02	2.14251884e-04
3.19000000e-01	1.66406103e-02	2.16332937e-04
3.19500000e-01	1.64338087e-02	2.14056207e-04
3.20000000e-01	1.66069409e-02	2.15289725e-04
3.20500000e-01	1.65273070e-02	2.14813118e-04
3.21000000e-01	1.63630024e-02	2.12940989e-04
3.21500000e-01	1.64994438e-02	2.14902296e-04
3.22000000e-01	1.64752931e-02	2.14141691e-04
3.22500000e-01	1.64131860e-02	2.12462315e-04
3.23000000e-01	1.62558069e-02	2.11595258e-04
3.23500000e-01	1.64097508e-02	2.11957340e-04
3.24000000e-01	1.63640160e-02	2.11398776e-04
3.24500000e-01	1.63389404e-02	2.12076356e-04
3.25000000e-01	1.64454020e-02	2.11572435e-04
3.25500000e-01	1.62201272e-02	2.10346988e-04
3.26000000e-01	1.62877355e-02	2.10369620e-04
3.26500000e-01	1.64744328e-02	2.11633062e-04
3.27000000e-01	1.62768294e-02	2.09972972e-04
3.27500000e-01	1.61173265e-02	2.08062194e-04
3.28000000e-01	1.62847122e-02	2.09939741e-04
3.28500000e-01	1.62224396e-02	2.07919455e-04
3.29000000e-01	1.62493162e-02	2.08383645e-04
3.29500000e-01	1.61702298e-02	2.07749467e-04
3.30000000e-01	1.62653268e-02	2.08218937e-04
3.30500000e-01	1.63174128e-02	2.08947216e-04
3.31000000e-01	1.63355079e-02	2.08254370e-04
3.31500000e-01	1.63303495e-02	2.07818799e-04
3.32000000e-01	1.62502074e-02	2.07942888e-04
3.32500000e-01	1.63258749e-02	2.07915569e-04
3.33000000e-01	1.62630887e-02	2.07312950e-04
3.33500000e-01	1.60569183e-02	2.04347900e-04
3.34000000e-01	1.60909243e-02	2.05288806e-04
3.34500000e-01	1.63182874e-02	2.07436866e-04
3.35000000e-01	1.60577972e-02	2.03818265e-04
3.35500000e-01	1.61815564e-02	2.06390241e-04
3.36000000e-01	1.61518341e-02	2.05041246e-04
3.36500000e-01	1.62256010e-02	2.06370422e-04
3.37000000e-01	1.60707882e-02	2.03895197e-04
3.37500000e-01	1.60257601e-02	2.03541106e-04
3.38000000e-01	1.60573481e-02	2.03940602e-04
3.38500000e-01	1.59825839e-02	2.02658243e-04
3.39000000e-01	1.60302028e-02	2.04025067e-04
3.39500000e-01	1.61636872e-02	2.04620077e-04
3.40000000e-01	1.59661783e-02	2.02365516e-04
3.40500000e-01	1.59515838e-02	2.01836223e-04
3.41000000e-01	1.60547019e-02	2.02553488e-04
3.41500000e-01	1.61289937e-02	2.03753306e-04
3.42000000e-01	1.60112664e-02	2.01458310e-04
3.42500000e-01	1.61162505e-02	2.03460482e-04
3.43000000e-01	1.58542457e-02	2.00530877e-04
3.43500000e-01	1.58815516e-02	1.99535054e-04
3.44000000e-01	1.59427756e-02	2.01257613e-04
3.44500000e-01	1.58530469e-02	1.99593725e-04
3.45000000e-01	1.58621877e-02	2.00327504e-04
3.45500000e-01	1.60038024e-02	2.00225972e-04
3.46000000e-01	1.59458387e-02	1.99959151e-04
3.46500000e-01	1.58790929e-02	1.99331827e-04
3.47000000e-01	1.59148072e-02	1.98669926e-04
3.47500000e-01	1.59578565e-02	1.99729861e-04
3.48000000e-01	1.59166158e-02	1.99420640e-04
3.48500000e-01	1.60608819e-02	2.00767437e-04
3.49000000e-01	1.58508916e-02	1.97552066e-04
3.49500000e-01	1.57657558e-02	1.97394434e-04
3.50000000e-01	1.58761481e-02	1.61667443e-04
3.51000000e-01	1.57929549e-02	1.39185605e-04
3.52000000e-01	1.58795291e-02	1.39639347e-04
3.53000000e-01	1.59100429e-02	1.39201866e-04
3.54000000e-01	1.57705930e-02	1.37996621e-04
3.55000000e-01	1.57551821e-02	1.37858504e-04
3.56000000e-01	1.57645299e-02	1.38455542e-04
3.57000000e-01	1.57382970e-02	1.41107273e-04
3.58000000e-01	1.56233948e-02	1.41120782e-04
3.59000000e-01	1.56372078e-02	1.42444767e-04
3.60000000e-01	1.55962113e-02	1.42862681e-04
3.61000000e-01	1.57236974e-02	1.44421833e-04
3.62000000e-01	1.57261807e-02	1.45508067e-04
3.63000000e-01	1.57225567e-02	1.45493888e-04
3.64000000e-01	1.55587587e-02	1.44787833e-04
3.65000000e-01	1.55846501e-02	1.45389197e-04
3.66000000e-01	1.55638519e-02	1.43257325e-04
3.67000000e-01	1.56395624e-02	1.41888289e-04
3.68000000e-01	1.55569149e-02	1.40648805e-04
3.69000000e-01	1.54685526e-02	1.39054832e-04
3.70000000e-01	1.54888861e-02	1.38777298e-04
3.71000000e-01	1.54590246e-02	1.40440312e-04
3.72000000e-01	1.55353190e-02	1.41509360e-04
3.73000000e-01	1.54938378e-02	1.41840388e-04
3.74000000e-01	1.54872601e-02	1.41177920e-04
3.75000000e-01	1.56026988e-02	1.42822271e-04
3.76000000e-01	1.54496261e-02	1.40890906e-04
3.77000000e-01	1.54047886e-02	1.41180627e-04
3.78000000e-01	1.54807296e-02	1.41847422e-04
3.79000000e-01	1.53635169e-02	1.40522415e-04
3.80000000e-01	1.54841285e-02	1.41457570e-04
3.81000000e-01	1.55447890e-02	1.41674814e-04
3.82000000e-01	1.54220882e-02	1.40736744e-04
3.83000000e-01	1.53057869e-02	1.39776880e-04
3.84000000e-01	1.54173515e-02	1.40799826e-04
3.85000000e-01	1.52365812e-02	1.39832183e-04
3.86000000e-01	1.52737048e-02	1.39779296e-04
3.87000000e-01	1.52750934e-02	1.39883678e-04
3.88000000e-01	1.53256883e-02	1.39902337e-04
3.89000000e-01	1.53130344e-02	1.39747889e-04
3.90000000e-01	1.53657017e-02	1.40048569e-04
3.91000000e-01	1.54050641e-02	1.40479482e-04
3.92000000e-01	1.53354401e-02	1.39700183e-04
3.93000000e-01	1.52285173e-02	1.38751175e-04
3.94000000e-01	1.51539997e-02	1.38303881e-04
3.95000000e-01	1.53343456e-02	1.39573963e-04
3.96000000e-01	1.52523394e-02	1.38780860e-04
3.97000000e-01	1.51471179e-02	1.38002154e-04
3.98000000e-01	1.51961851e-02	1.38141535e-04
3.99000000e-01	1.51685273e-02	1.38099972e-04
4.00000000e-01	1.50548297e-02	1.37199493e-04
4.01000000e-01	1.50297844e-02	1.36953649e-04
4.02000000e-01	1.49909260e-02	1.36604084e-04
4.03000000e-01	1.50950204e-02	1.37401901e-04
4.04000000e-01	1.50172288e-02	1.37233861e-04
4.05000000e-01	1.50491103e-02	1.37060813e-04
4.06000000e-01	1.51567732e-02	1.37934478e-04
4.07000000e-01	1.51578853e-02	1.37543347e-04
4.08000000e-01	1.49488839e-02	1.35910923e-04
4.09000000e-01	1.51147502e-02	1.37538615e-04
4.10000000e-01	1.49143637e-02	1.35380560e-04
4.11000000e-01	1.50108222e-02	1.36599404e-04
4.12000000e-01	1.49357912e-02	1.35938601e-04
4.13000000e-01	1.49351887e-02	1.35574138e-04
4.14000000e-01	1.50744022e-02	1.36945927e-04
4.15000000e-01	1.49356982e-02	1.35440122e-04
4.16000000e-01	1.50290015e-02	1.35898435e-04
4.17000000e-01	1.49722956e-02	1.35965833e-04
4.18000000e-01	1.50192284e-02	1.37208166e-04
4.19000000e-01	1.48606889e-02	1.38229929e-04
4.20000000e-01	1.49089097e-02	1.39112654e-04
4.21000000e-01	1.50363359e-02	1.40538588e-04
4.22000000e-01	1.50198543e-02	1.41199832e-04
4.23000000e-01	1.50280619e-02	1.41487726e-04
4.24000000e-01	1.49703194e-02	1.41699599e-04
4.25000000e-01	1.50159387e-02	1.41795293e-04
4.26000000e-01	1.50498994e-02	1.42477886e-04
4.27000000e-01	1.49433641e-02	1.41576854e-04
4.28000000e-01	1.47990974e-02	1.40430095e-04
4.29000000e-01	1.48898828e-02	1.41796057e-04
4.30000000e-01	1.50856224e-02	1.43183403e-04
4.31000000e-01	1.48827096e-02	1.41500366e-04
4.32000000e-01	1.50293603e-02	1.42451415e-04
4.33000000e-01	1.48512104e-02	1.41041978e-04
4.34000000e-01	1.48304520e-02	1.41136283e-04
4.35000000e-01	1.48919092e-02	1.42104698e-04
4.36000000e-01	1.47223951e-02	1.40318452e-04
4.37000000e-01	1.48450119e-02	1.41415847e-04
4.38000000e-01	1.47856867e-02	1.41463581e-04
4.39000000e-01	1.47883957e-02	1.42268531e-04
4.40000000e-01	1.48182470e-02	1.42398294e-04
4.41000000e-01	1.46813834e-02	1.41269221e-04
4.42000000e-01	1.48680549e-02	1.42639986e-04
4.43000000e-01	1.47551123e-02	1.42334733e-04
4.44000000e-01	1.46846003e-02	1.41445760e-04
4.45000000e-01	1.47571516e-02	1.42310732e-04
4.46000000e-01	1.45903211e-02	1.41178132e-04
4.47000000e-01	1.47108939e-02	1.42296680e-04
4.48000000e-01	1.48105281e-02	1.43317904e-04
4.49000000e-01	1.47870150e-02	1.43466032e-04
4.50000000e-01	1.47591471e-02	1.43290775e-04
4.51000000e-01	1.47501001e-02	1.43183243e-04
4.52000000e-01	1.46854301e-02	1.43102773e-04
4.53000000e-01	1.47463035e-02	1.43736758e-04
4.54000000e-01	1.46825387e-02	1.42861810e-04
4.55000000e-01	1.47166313e-02	1.43654566e-04
4.56000000e-01	1.46672874e-02	1.43097476e-04
4.57000000e-01	1.45835457e-02	1.42138605e-04
4.58000000e-01	1.46576665e-02	1.43386927e-04
4.59000000e-01	1.45765660e-02	1.42390931e-04
4.60000000e-01	1.45672531e-02	1.43182909e-04
4.61000000e-01	1.44816144e-02	1.41727174e-04
4.62000000e-01	1.45266954e-02	1.42508767e-04
4.63000000e-01	1.46420577e-02	1.43527834e-04
4.64000000e-01	1.44574614e-02	1.42372112e-04
4.65000000e-01	1.45162880e-02	1.42848947e-04
4.66000000e-01	1.44160998e-02	1.41751131e-04
4.67000000e-01	1.45361374e-02	1.43176109e-04
4.68000000e-01	1.45458070e-02	1.43324695e-04
4.69000000e-01	1.47220186e-02	1.45052773e-04
4.70000000e-01	1.44648232e-02	1.42463318e-04
4.71000000e-01	1.45058775e-02	1.43233748e-04
4.72000000e-01	1.44865788e-02	1.43098770e-04
4.73000000e-01	1.44306370e-02	1.41935157e-04
4.74000000e-01	1.46162840e-02	1.43710328e-04
4.75000000e-01	1.45600987e-02	1.43672095e-04
4.76000000e-01	1.44826966e-02	1.42877895e-04
4.77000000e-01	1.42560976e-02	1.40835501e-04
4.78000000e-01	1.44085852e-02	1.42125717e-04
4.79000000e-01	1.44102401e-02	1.42163747e-04
4.80000000e-01	1.45615745e-02	1.43829156e-04
4.81000000e-01	1.44399374e-02	1.42863703e-04
4.82000000e-01	1.44822936e-02	1.43238681e-04
4.83000000e-01	1.43602696e-02	1.41762987e-04
4.84000000e-01	1.44157334e-02	1.42810315e-04
4.85000000e-01	1.43911744e-02	1.42598530e-04
4.86000000e-01	1.43363507e-02	1.41716224e-04
4.87000000e-01	1.43756104e-02	1.42562314e-04
4.88000000e-01	1.43549234e-02	1.42552698e-04
4.89000000e-01	1.42922991e-02	1.41795111e-04
4.90000000e-01	1.44436663e-02	1.43548928e-04
4.91000000e-01	1.43220714e-02	1.42256807e-04
4.92000000e-01	1.42708820e-02	1.41790544e-04
4.93000000e-01	1.42634860e-02	1.41883809e-04
4.94000000e-01	1.42621117e-02	1.42221882e-04
4.95000000e-01	1.43619251e-02	1.43675919e-04
4.96000000e-01	1.42907053e-02	1.47451929e-04
4.97000000e-01	1.42282544e-02	1.49580543e-04
4.98000000e-01	1.42659168e-02	1.51902997e-04
4.99000000e-01	1.42304211e-02	1.53165880e-04
5.00000000e-01	1.43594458e-02	1.56684654e-04
5.01000000e-01	1.41618188e-02	1.56035666e-04
5.02000000e-01	1.43325974e-02	1.59460395e-04
5.03000000e-01	1.43819496e-02	1.61264074e-04
5.04000000e-01	1.41565711e-02	1.60534099e-04
5.05000000e-01	1.42711461e-02	1.58674780e-04
5.06000000e-01	1.42529902e-02	1.55382387e-04
5.07000000e-01	1.44172046e-02	1.54998306e-04
5.08000000e-01	1.42509521e-02	1.52748396e-04
5.09000000e-01	1.43216098e-02	1.52359855e-04
5.10000000e-01	1.41218358e-02	1.50265686e-04
5.11000000e-01	1.41766204e-02	1.50393653e-04
5.12000000e-01	1.42438798e-02	1.50711201e-04
5.13000000e-01	1.41657010e-02	1.50042055e-04
5.14000000e-01	1.42303683e-02	1.49976992e-04
5.15000000e-01	1.40483518e-02	1.48184886e-04
5.16000000e-01	1.42439753e-02	1.49321179e-04
5.17000000e-01	1.41987942e-02	1.48695019e-04
5.18000000e-01	1.40343819e-02	1.47040665e-04
5.19000000e-01	1.39525506e-02	1.45733063e-04
5.20000000e-01	1.40838702e-02	1.46654006e-04
5.21000000e-01	1.42517345e-02	1.47937830e-04
5.22000000e-01	1.41747725e-02	1.46855934e-04
5.23000000e-01	1.41651201e-02	1.46924962e-04
5.24000000e-01	1.39871168e-02	1.45373848e-04
5.25000000e-01	1.39598160e-02	1.45183006e-04
5.26000000e-01	1.41721997e-02	1.47009374e-04
5.27000000e-01	1.40313174e-02	1.45825100e-04
5.28000000e-01	1.38971166e-02	1.44464639e-04
5.29000000e-01	1.41143445e-02	1.46671235e-04
5.30000000e-01	1.39365496e-02	1.45043180e-04
5.31000000e-01	1.40024972e-02	1.45490937e-04
5.32000000e-01	1.40202475e-02	1.45365522e-04
5.33000000e-01	1.39089136e-02	1.44644852e-04
5.34000000e-01	1.40340057e-02	1.45827544e-04
5.35000000e-01	1.39126340e-02	1.44448853e-04
5.36000000e-01	1.39354824e-02	1.44679311e-04
5.37000000e-01	1.39680362e-02	1.44763344e-04
5.38000000e-01	1.38727232e-02	1.43977853e-04
5.39000000e-01	1.38588124e-02	1.43990758e-04
5.40000000e-01	1.37891928e-02	1.43568626e-04
5.41000000e-01	1.38336783e-02	1.43634374e-04
5.42000000e-01	1.38039312e-02	1.43557085e-04
5.43000000e-01	1.37871739e-02	1.43430732e-04
5.44000000e-01	1.37317258e-02	1.43414409e-04
5.45000000e-01	1.38441292e-02	1.43868474e-04
5.46000000e-01	1.38548804e-02	1.44038329e-04
5.47000000e-01	1.38666556e-02	1.43770962e-04
5.48000000e-01	1.37721805e-02	1.43739575e-04
5.49000000e-01	1.37507806e-02	1.42815736e-04
5.50000000e-01	1.36478584e-02	1.41814418e-04
5.51000000e-01	1.38755884e-02	1.43999448e-04
5.52000000e-01	1.38070756e-02	1.42597328e-04
5.53000000e-01	1.36389599e-02	1.41455099e-04
5.54000000e-01	1.35910353e-02	1.40947952e-04
5.55000000e-01	1.38860447e-02	1.43341658e-04
5.56000000e-01	1.37359926e-02	1.41905288e-04
5.57000000e-01	1.37656044e-02	1.41708736e-04
5.58000000e-01	1.36757890e-02	1.41119295e-04
5.59000000e-01	1.37304179e-02	1.41922107e-04
5.60000000e-01	1.36460456e-02	1.40900678e-04
5.61000000e-01	1.36394680e-02	1.40742459e-04
5.62000000e-01	1.34864968e-02	1.39744586e-04
5.63000000e-01	1.36808801e-02	1.41214141e-04
5.64000000e-01	1.36264925e-02	1.41220095e-04
5.65000000e-01	1.36480843e-02	1.41000210e-04
5.66000000e-01	1.36341562e-02	1.40924202e-04
5.67000000e-01	1.36698555e-02	1.41375055e-04
5.68000000e-01	1.36304770e-02	1.40851879e-04
5.69000000e-01	1.36277526e-02	1.40609489e-04
5.70000000e-01	1.35050026e-02	1.39670464e-04
5.71000000e-01	1.36089683e-02	1.40695647e-04
5.72000000e-01	1.34868694e-02	1.39151267e-04
5.73000000e-01	1.35988370e-02	1.40422040e-04
5.74000000e-01	1.35338068e-02	1.39596324e-04
5.75000000e-01	1.35056675e-02	1.40019350e-04
5.76000000e-01	1.35340348e-02	1.40477407e-04
5.77000000e-01	1.35686553e-02	1.40226640e-04
5.78000000e-01	1.34132580e-02	1.39053862e-04
5.79000000e-01	1.34055495e-02	1.39165624e-04
5.80000000e-01	1.35123765e-02	1.40007830e-04
5.81000000e-01	1.35333550e-02	1.40521409e-04
5.82000000e-01	1.33568168e-02	1.38228985e-04
5.83000000e-01	1.33754713e-02	1.38752105e-04
5.84000000e-01	1.34277542e-02	1.39258690e-04
5.85000000e-01	1.32816790e-02	1.37769679e-04
5.86000000e-01	1.34533548e-02	1.39378157e-04
5.87000000e-01	1.35065504e-02	1.39936598e-04
5.88000000e-01	1.34197145e-02	1.39763483e-04
5.89000000e-01	1.34019303e-02	1.39109525e-04
5.90000000e-01	1.34531309e-02	1.39964566e-04
5.91000000e-01	1.32865251e-02	1.37958111e-04
5.92000000e-01	1.32795042e-02	1.38259750e-04
5.93000000e-01	1.31701353e-02	1.37357734e-04
5.94000000e-01	1.32939742e-02	1.38094406e-04
5.95000000e-01	1.31750492e-02	1.37340888e-04
5.96000000e-01	1.33288824e-02	1.39254686e-04
5.97000000e-01	1.31544262e-02	1.37211032e-04
5.98000000e-01	1.33474803e-02	1.38952341e-04
5.99000000e-01	1.30919520e-02	1.36645254e-04
6.00000000e-01	1.32467325e-02	1.38067274e-04
6.01000000e-01	1.32104116e-02	1.38018040e-04
6.02000000e-01	1.33080215e-02	1.38600518e-04
6.03000000e-01	1.31547692e-02	1.37202683e-04
6.04000000e-01	1.31599832e-02	1.37103500e-04
6.05000000e-01	1.32599487e-02	1.37987122e-04
6.06000000e-01	1.32325087e-02	1.38207506e-04
6.07000000e-01	1.32140327e-02	1.37525465e-04
6.08000000e-01	1.31811666e-02	1.37093417e-04
6.09000000e-01	1.30836156e-02	1.36412757e-04
6.10000000e-01	1.31765053e-02	1.37262164e-04
6.11000000e-01	1.33483928e-02	1.39413425e-04
6.12000000e-01	1.31517779e-02	1.37388840e-04
6.13000000e-01	1.31465867e-02	1.37563650e-04
6.14000000e-01	1.30889054e-02	1.36613960e-04
6.15000000e-01	1.30209803e-02	1.36641039e-04
6.16000000e-01	1.32130726e-02	1.38078485e-04
6.17000000e-01	1.31191807e-02	1.36763237e-04
6.18000000e-01	1.31289590e-02	1.37475011e-04
6.19000000e-01	1.31315903e-02	1.36766013e-04
6.20000000e-01	1.31672380e-02	1.37480282e-04
6.21000000e-01	1.32139056e-02	1.37182656e-04
6.22000000e-01	1.31104819e-02	1.36641334e-04
6.23000000e-01	1.31532678e-02	1.36927464e-04
6.24000000e-01	1.30117887e-02	1.34915415e-04
6.25000000e-01	1.30239625e-02	1.34719306e-04
6.26000000e-01	1.31860832e-02	1.36011544e-04
6.27000000e-01	1.30586058e-02	1.35212375e-04
6.28000000e-01	1.29157193e-02	1.33703770e-04
6.29000000e-01	1.30411269e-02	1.35165010e-04
6.30000000e-01	1.29758943e-02	1.34686717e-04
6.31000000e-01	1.30382777e-02	1.35310076e-04
6.32000000e-01	1.29894076e-02	1.34582486e-04
6.33000000e-01	1.30576977e-02	1.35245759e-04
6.34000000e-01	1.30386064e-02	1.38774192e-04
6.35000000e-01	1.30293732e-02	1.42153032e-04
6.36000000e-01	1.29939222e-02	1.44897756e-04
6.37000000e-01	1.29960825e-02	1.46989850e-04
6.38000000e-01	1.31581879e-02	1.50735685e-04
6.39000000e-01	1.29462788e-02	1.50535239e-04
6.40000000e-01	1.30344837e-02	1.54007979e-04
6.41000000e-01	1.31272792e-02	1.55795818e-04
6.42000000e-01	1.30707831e-02	1.57230426e-04
6.43000000e-01	1.30154332e-02	1.56115375e-04
6.44000000e-01	1.30950029e-02	1.52244776e-04
6.45000000e-01	1.30777234e-02	1.49236813e-04
6.46000000e-01	1.29691384e-02	1.46921228e-04
6.47000000e-01	1.31297718e-02	1.46599378e-04
6.48000000e-01	1.31591972e-02	1.46836817e-04
6.49000000e-01	1.28585627e-02	1.43136664e-04
6.50000000e-01	1.29816659e-02	1.43270756e-04
6.51000000e-01	1.29892654e-02	1.42852970e-04
6.52000000e-01	1.29343363e-02	1.41487155e-04
6.53000000e-01	1.28955786e-02	1.40768901e-04
6.54000000e-01	1.30407053e-02	1.41903917e-04
6.55000000e-01	1.29878255e-02	1.41397682e-04
6.56000000e-01	1.28913828e-02	1.39987738e-04
6.57000000e-01	1.30912340e-02	1.41618328e-04
6.58000000e-01	1.31014675e-02	1.41633555e-04
6.59000000e-01	1.30764329e-02	1.41589694e-04
6.60000000e-01	1.30497734e-02	1.40643273e-04
6.61000000e-01	1.29454815e-02	1.39772147e-04
6.62000000e-01	1.30119475e-02	1.40655403e-04
6.63000000e-01	1.29644284e-02	1.39963341e-04
6.64000000e-01	1.30672922e-02	1.40384727e-04
6.65000000e-01	1.30316173e-02	1.40847564e-04
6.66000000e-01	1.29852453e-02	1.39825897e-04
6.67000000e-01	1.30004689e-02	1.39981340e-04
6.68000000e-01	1.29966892e-02	1.40028202e-04
6.69000000e-01	1.28052568e-02	1.37675754e-04
6.70000000e-01	1.28542654e-02	1.37951339e-04
6.71000000e-01	1.30246008e-02	1.39608401e-04
6.72000000e-01	1.29525848e-02	1.38954654e-04
6.73000000e-01	1.28021603e-02	1.37481346e-04
6.74000000e-01	1.28185538e-02	1.37478523e-04
6.75000000e-01	1.28157022e-02	1.37588636e-04
6.76000000e-01	1.28604697e-02	1.38346136e-04
6.77000000e-01	1.28566752e-02	1.37544172e-04
6.78000000e-01	1.28178148e-02	1.37558974e-04
6.79000000e-01	1.26128254e-02	1.36312661e-04
6.80000000e-01	1.27195793e-02	1.36591023e-04
6.81000000e-01	1.30236590e-02	1.39355614e-04
6.82000000e-01	1.27750829e-02	1.37203467e-04
6.83000000e-01	1.26009474e-02	1.35521767e-04
6.84000000e-01	1.27985146e-02	1.37433393e-04
6.85000000e-01	1.27485219e-02	1.36635004e-04
6.86000000e-01	1.27335689e-02	1.36162301e-04
6.87000000e-01	1.27856580e-02	1.36798318e-04
6.88000000e-01	1.27953198e-02	1.37029567e-04
6.89000000e-01	1.27924426e-02	1.36953399e-04
6.90000000e-01	1.26774884e-02	1.35973302e-04
6.91000000e-01	1.28120401e-02	1.37637935e-04
6.92000000e-01	1.28559782e-02	1.37839284e-04
6.93000000e-01	1.27440164e-02	1.36973560e-04
6.94000000e-01	1.27760972e-02	1.36616436e-04
6.95000000e-01	1.27596678e-02	1.35832548e-04
6.96000000e-01	1.26865075e-02	1.35538994e-04
6.97000000e-01	1.26086382e-02	1.35112205e-04
6.98000000e-01	1.25893782e-02	1.34904157e-04
6.99000000e-01	1.26510903e-02	1.35334935e-04
7.00000000e-01	1.26110607e-02	1.35299208e-04
7.01000000e-01	1.25252698e-02	1.34377964e-04
7.02000000e-01	1.26522649e-02	1.35709909e-04
7.03000000e-01	1.25651676e-02	1.34505848e-04
7.04000000e-01	1.26265933e-02	1.35029131e-04
7.05000000e-01	1.25908684e-02	1.35032864e-04
7.06000000e-01	1.25549467e-02	1.34741883e-04
7.07000000e-01	1.25333783e-02	1.34054704e-04
7.08000000e-01	1.26583924e-02	1.34607337e-04
7.09000000e-01	1.24942100e-02	1.34228868e-04
7.10000000e-01	1.25895387e-02	1.34569847e-04
7.11000000e-01	1.25016433e-02	1.33792122e-04
7.12000000e-01	1.24795602e-02	1.33140882e-04
7.13000000e-01	1.23945530e-02	1.32792217e-04
7.14000000e-01	1.24908363e-02	1.33744248e-04
7.15000000e-01	1.25334689e-02	1.34170040e-04
7.16000000e-01	1.23986124e-02	1.33296697e-04
7.17000000e-01	1.25203033e-02	1.33775839e-04
7.18000000e-01	1.23261504e-02	1.32083195e-04
7.19000000e-01	1.23445339e-02	1.32509591e-04
7.20000000e-01	1.23469304e-02	1.32184466e-04
7.21000000e-01	1.23650648e-02	1.32480211e-04
7.22000000e-01	1.22670887e-02	1.31673966e-04
7.23000000e-01	1.22362080e-02	1.31014493e-04
7.24000000e-01	1.23430520e-02	1.32275892e-04
7.25000000e-01	1.25068009e-02	1.33469765e-04
7.26000000e-01	1.22654029e-02	1.31693819e-04
7.27000000e-01	1.23528118e-02	1.32527915e-04
7.28000000e-01	1.22132237e-02	1.30784952e-04
7.29000000e-01	1.22383935e-02	1.31267095e-04
7.30000000e-01	1.22194738e-02	1.31290283e-04
7.31000000e-01	1.24192388e-02	1.33286707e-04
7.32000000e-01	1.22329016e-02	1.31428954e-04
7.33000000e-01	1.22727133e-02	1.31148964e-04
7.34000000e-01	1.23344950e-02	1.32062242e-04
7.35000000e-01	1.21458833e-02	1.29892566e-04
7.36000000e-01	1.22438583e-02	1.30827247e-04
7.37000000e-01	1.22399569e-02	1.30095343e-04
7.38000000e-01	1.20493395e-02	1.29360722e-04
7.39000000e-01	1.21101743e-02	1.28609679e-04
7.40000000e-01	1.21831255e-02	1.29604240e-04
7.41000000e-01	1.22455713e-02	1.30173070e-04
7.42000000e-01	1.20895073e-02	1.28365380e-04
7.43000000e-01	1.22938215e-02	1.30388983e-04
7.44000000e-01	1.20946295e-02	1.28382178e-04
7.45000000e-01	1.20468904e-02	1.27950572e-04
7.46000000e-01	1.20193784e-02	1.27561454e-04
7.47000000e-01	1.20570831e-02	1.28096449e-04
7.48000000e-01	1.21075563e-02	1.28888955e-04
7.49000000e-01	1.20658216e-02	1.28529670e-04
7.50000000e-01	1.20767258e-02	1.28441372e-04
7.51000000e-01	1.21116087e-02	1.28660509e-04
7.52000000e-01	1.19901533e-02	1.27639970e-04
7.53000000e-01	1.19570732e-02	1.27301300e-04
7.54000000e-01	1.19809633e-02	1.27276551e-04
7.55000000e-01	1.20398042e-02	1.28125928e-04
7.56000000e-01	1.20458819e-02	1.27781094e-04
7.57000000e-01	1.19649336e-02	1.27534834e-04
7.58000000e-01	1.19812400e-02	1.27341192e-04
7.59000000e-01	1.20243092e-02	1.27564397e-04
7.60000000e-01	1.20250255e-02	1.27471500e-04
7.61000000e-01	1.19293180e-02	1.26677562e-04
7.62000000e-01	1.18127640e-02	1.25390252e-04
7.63000000e-01	1.20163702e-02	1.27184914e-04
7.64000000e-01	1.18418245e-02	1.25462379e-04
7.65000000e-01	1.19076657e-02	1.25942325e-04
7.66000000e-01	1.19773868e-02	1.26086390e-04
7.67000000e-01	1.18126686e-02	1.24875678e-04
7.68000000e-01	1.18588025e-02	1.25309186e-04
7.69000000e-01	1.18094697e-02	1.24564730e-04
7.70000000e-01	1.17334909e-02	1.24343027e-04
7.71000000e-01	1.18106143e-02	1.24387613e-04
7.72000000e-01	1.18376343e-02	1.28943951e-04
7.73000000e-01	1.18222417e-02	1.32889437e-04
7.74000000e-01	1.18920206e-02	1.36015810e-04
7.75000000e-01	1.17800763e-02	1.37083791e-04
7.76000000e-01	1.18155223e-02	1.40087272e-04
7.77000000e-01	1.17140200e-02	1.41089419e-04
7.78000000e-01	1.17228576e-02	1.42589730e-04
7.79000000e-01	1.18507826e-02	1.45888831e-04
7.80000000e-01	1.18368243e-02	1.47217351e-04
7.81000000e-01	1.17826396e-02	1.48486561e-04
7.82000000e-01	1.17508141e-02	1.49732003e-04
7.83000000e-01	1.15818641e-02	1.49583237e-04
7.84000000e-01	1.17419953e-02	1.52950073e-04
7.85000000e-01	1.16665358e-02	1.53916900e-04
7.86000000e-01	1.17680708e-02	1.56403072e-04
7.87000000e-01	1.16268966e-02	1.55686659e-04
7.88000000e-01	1.16648681e-02	1.58213630e-04
7.89000000e-01	1.16735985e-02	1.60364571e-04
7.90000000e-01	1.15438916e-02	1.60598854e-04
7.91000000e-01	1.16443102e-02	1.62682330e-04
7.92000000e-01	1.16142631e-02	1.64069122e-04
7.93000000e-01	1.16223298e-02	1.65405968e-04
7.94000000e-01	1.16584051e-02	1.68185286e-04
7.95000000e-01	1.16435300e-02	1.69610695e-04
7.96000000e-01	1.14183249e-02	1.68137744e-04
7.97000000e-01	1.15373683e-02	1.72255991e-04
7.98000000e-01	1.16124500e-02	1.75020875e-04
7.99000000e-01	1.14316833e-02	1.73905762e-04
8.00000000e-01	1.14124340e-02	1.74960090e-04
8.01000000e-01	1.14532250e-02	1.77746907e-04
8.02000000e-01	1.14083728e-02	1.78420105e-04
8.03000000e-01	1.15684452e-02	1.82421587e-04
8.04000000e-01	1.16076069e-02	1.85619683e-04
8.05000000e-01	1.13111620e-02	1.82721266e-04
8.06000000e-01	1.13444012e-02	1.85865514e-04
8.07000000e-01	1.15259627e-02	1.90782773e-04
8.08000000e-01	1.13789984e-02	1.90260146e-04
8.09000000e-01	1.12625249e-02	1.91390172e-04
8.10000000e-01	1.14326549e-02	1.94714315e-04
8.11000000e-01	1.14010922e-02	1.95998837e-04
8.12000000e-01	1.12961509e-02	1.96975570e-04
8.13000000e-01	1.11398736e-02	1.97528441e-04
8.14000000e-01	1.14854259e-02	2.05455057e-04
8.15000000e-01	1.13618386e-02	2.05759146e-04
8.16000000e-01	1.13558823e-02	2.08485089e-04
8.17000000e-01	1.11740336e-02	2.07595424e-04
8.18000000e-01	1.11936822e-02	2.10789258e-04
8.19000000e-01	1.14301908e-02	2.16323995e-04
8.20000000e-01	1.11472679e-02	2.14825274e-04
8.21000000e-01	1.13522524e-02	2.20864583e-04
8.22000000e-01	1.12170469e-02	2.21662140e-04
8.23000000e-01	1.12199094e-02	2.25042114e-04
8.24000000e-01	1.11216141e-02	2.25906764e-04
8.25000000e-01	1.14018953e-02	2.33037794e-04
8.26000000e-01	1.10746745e-02	2.32430905e-04
8.27000000e-01	1.09878850e-02	2.32914143e-04
8.28000000e-01	1.10689493e-02	2.38796896e-04
8.29000000e-01	1.10704022e-02	2.42108740e-04
8.30000000e-01	1.09272286e-02	2.42524942e-04
8.31000000e-01	1.12046723e-02	2.50040539e-04
8.32000000e-01	1.08866676e-02	2.51581060e-04
8.33000000e-01	1.10109490e-02	2.60057080e-04
8.34000000e-01	1.09592064e-02	2.58949163e-04
8.35000000e-01	1.09055162e-02	2.63835686e-04
8.36000000e-01	1.09808643e-02	2.69975425e-04
8.37000000e-01	1.09447551e-02	2.73741791e-04
8.38000000e-01	1.11628487e-02	2.84482271e-04
8.39000000e-01	1.11136839e-02	2.92506892e-04
8.40000000e-01	1.06690801e-02	2.87621425e-04
8.41000000e-01	1.07554778e-02	2.97812824e-04
8.42000000e-01	1.11844994e-02	3.11303406e-04
8.43000000e-01	1.08334560e-02	3.09372884e-04
8.44000000e-01	1.09151950e-02	3.20698226e-04
8.45000000e-01	1.05308352e-02	3.19184424e-04
8.46000000e-01	1.08280621e-02	3.31898329e-04
8.47000000e-01	1.08552138e-02	3.42302041e-04
8.48000000e-01	1.06573439e-02	3.50273952e-04
8.49000000e-01	1.03307686e-02	3.56183022e-04
8.50000000e-01	1.06226557e-02	3.76388249e-04
8.51000000e-01	1.06368146e-02	3.88251386e-04
8.52000000e-01	1.06633747e-02	4.02830990e-04
8.53000000e-01	1.05663290e-02	4.19267799e-04
8.54000000e-01	1.03042411e-02	4.23013779e-04
8.55000000e-01	1.05170495e-02	4.52670226e-04
8.56000000e-01	1.05527538e-02	4.66470626e-04
8.57000000e-01	1.05413956e-02	4.78989806e-04
8.58000000e-01	1.08748988e-02	5.00970724e-04
8.59000000e-01	1.04978223e-02	5.06969396e-04
8.60000000e-01	1.04715898e-02	5.28003921e-04
8.61000000e-01	1.07407860e-02	5.51834047e-04
8.62000000e-01	1.04368815e-02	5.53039027e-04
8.63000000e-01	1.09118832e-02	5.98165021e-04
8.64000000e-01	1.02948255e-02	5.99936702e-04
8.65000000e-01	1.01202469e-02	6.07350666e-04
8.66000000e-01	1.06556034e-02	6.65930255e-04
8.67000000e-01	1.04957993e-02	7.03567293e-04
8.68000000e-01	1.14157346e-02	8.24253696e-04
8.69000000e-01	1.10034391e-02	8.48313936e-04
8.70000000e-01	1.06436290e-02	9.00246925e-04
8.71000000e-01	1.01746629e-02	9.36587031e-04
8.72000000e-01	1.11651015e-02	1.13541937e-03
8.73000000e-01	1.15979794e-02	1.44049819e-03
8.74000000e-01	1.26175808e-02	1.95665018e-03
8.75000000e-01	7.09771175e-03	2.42973281e-03
