% Filename : SDL7c_00027_00002.h5
% Date & Time : 30-Oct-2025 17:06:24
% X-ray Energy (keV) : 13.30001
% Exposure Time (s) : 0.500
% Beam Center : 1461.24000, 208.98300
% Sample to Detector Distance (SDD) (mm) : 1990.750
% Detector Pixel Size (mm) : 0.075
% Photodiode Value : 140717.000
% I0 of Sample : 0
% I0 of Standard : 1
% 
% q(A^-1)   I(q)    I(q)_SE
0.00000000e+00	1.15551209e-02	6.15737633e-03
2.50000000e-04	0.00000000e+00	0.00000000e+00
5.00000000e-04	0.00000000e+00	0.00000000e+00
7.50000000e-04	0.00000000e+00	0.00000000e+00
1.00000000e-03	0.00000000e+00	0.00000000e+00
1.25000000e-03	0.00000000e+00	0.00000000e+00
1.50000000e-03	0.00000000e+00	0.00000000e+00
1.75000000e-03	0.00000000e+00	0.00000000e+00
2.00000000e-03	0.00000000e+00	0.00000000e+00
2.25000000e-03	0.00000000e+00	0.00000000e+00
2.50000000e-03	0.00000000e+00	0.00000000e+00
2.75000000e-03	0.00000000e+00	0.00000000e+00
3.00000000e-03	0.00000000e+00	0.00000000e+00
3.25000000e-03	1.92397863e+03	1.76148292e+03
3.50000000e-03	3.48556383e+02	3.21211475e+02
3.75000000e-03	1.97593243e+02	1.81669260e+02
4.00000000e-03	1.49668326e+02	1.30858454e+02
4.25000000e-03	1.29548457e+01	6.75120086e+00
4.50000000e-03	6.73999905e+01	5.66869153e+01
4.75000000e-03	7.05928445e+01	3.99010092e+01
5.00000000e-03	5.07717496e+01	2.73817677e+01
5.25000000e-03	4.87109466e+01	2.73978990e+01
5.50000000e-03	3.84504145e+01	2.13151355e+01
5.75000000e-03	3.73081597e+01	2.12413788e+01
6.00000000e-03	2.51516660e+01	1.34193737e+01
6.25000000e-03	2.34322229e+01	1.24926744e+01
6.50000000e-03	1.84003648e+01	9.56678129e+00
6.75000000e-03	1.68082843e+01	8.76121988e+00
7.00000000e-03	1.48396693e+01	7.69435101e+00
7.25000000e-03	1.35265779e+01	6.91610547e+00
7.50000000e-03	1.14206710e+01	5.77708958e+00
7.75000000e-03	1.08407885e+01	5.42043474e+00
8.00000000e-03	8.23820929e+00	4.09016498e+00
8.25000000e-03	7.59430680e+00	3.73767208e+00
8.50000000e-03	6.29746165e+00	3.04414220e+00
8.75000000e-03	6.04407608e+00	2.99712985e+00
9.00000000e-03	5.37869534e+00	2.63594420e+00
9.25000000e-03	4.46631128e+00	2.19367072e+00
9.50000000e-03	3.91329932e+00	1.86622645e+00
9.75000000e-03	4.02308283e+00	1.94339048e+00
1.00000000e-02	3.27905480e+00	1.65124983e+00
1.02500000e-02	3.40108541e+00	1.71141350e+00
1.05000000e-02	2.93723759e+00	1.43640108e+00
1.07500000e-02	2.74267534e+00	1.35666348e+00
1.10000000e-02	2.17702527e+00	1.02505325e+00
1.12500000e-02	2.29800957e+00	1.17420739e+00
1.15000000e-02	1.79812592e+00	8.22757888e-01
1.17500000e-02	1.13827775e+00	5.82514647e-01
1.20000000e-02	1.66298324e+00	7.81349658e-01
1.22500000e-02	1.47477237e+00	6.88091682e-01
1.25000000e-02	1.32953785e+00	6.07403967e-01
1.27500000e-02	1.25979858e+00	5.80486845e-01
1.30000000e-02	1.22100321e+00	5.57640633e-01
1.32500000e-02	1.12419667e+00	5.17280768e-01
1.35000000e-02	9.93945913e-01	4.41569091e-01
1.37500000e-02	9.63719471e-01	4.22653690e-01
1.40000000e-02	8.98202922e-01	3.83023408e-01
1.42500000e-02	8.08679332e-01	3.54118734e-01
1.45000000e-02	7.67926790e-01	3.17999743e-01
1.47500000e-02	6.99373941e-01	2.90412294e-01
1.50000000e-02	6.77964376e-01	2.80299777e-01
1.52500000e-02	6.26661827e-01	2.55376112e-01
1.55000000e-02	5.85583261e-01	2.34233695e-01
1.57500000e-02	5.72431188e-01	2.32794086e-01
1.60000000e-02	5.38594466e-01	2.16442552e-01
1.62500000e-02	5.28486932e-01	2.13614938e-01
1.65000000e-02	4.88296206e-01	1.93600037e-01
1.67500000e-02	4.37447092e-01	1.68059667e-01
1.70000000e-02	4.29971884e-01	1.65976510e-01
1.72500000e-02	3.86823555e-01	1.43948230e-01
1.75000000e-02	3.65478593e-01	1.39667499e-01
1.77500000e-02	3.17782409e-01	1.12250660e-01
1.80000000e-02	3.24384304e-01	1.17149355e-01
1.82500000e-02	2.98212946e-01	1.02730591e-01
1.85000000e-02	2.94853699e-01	1.05278052e-01
1.87500000e-02	2.95372988e-01	1.06241719e-01
1.90000000e-02	2.74344381e-01	9.75967428e-02
1.92500000e-02	2.73207389e-01	9.86952473e-02
1.95000000e-02	2.45054380e-01	8.60653173e-02
1.97500000e-02	2.36783839e-01	8.12511512e-02
2.00000000e-02	1.88895241e-01	6.84299348e-02
2.02500000e-02	1.82149220e-01	6.64603075e-02
2.05000000e-02	2.11396318e-01	7.11827301e-02
2.07500000e-02	1.98812542e-01	6.48368242e-02
2.10000000e-02	2.01866136e-01	6.82229739e-02
2.12500000e-02	1.90012160e-01	6.13740193e-02
2.15000000e-02	1.91908083e-01	6.39693622e-02
2.17500000e-02	1.98092367e-01	6.78315786e-02
2.20000000e-02	1.83006360e-01	6.01460605e-02
2.22500000e-02	1.71988015e-01	5.65567823e-02
2.25000000e-02	1.66887068e-01	5.16179759e-02
2.27500000e-02	1.53164755e-01	4.70652457e-02
2.30000000e-02	1.55362862e-01	4.61797124e-02
2.32500000e-02	1.46939109e-01	4.34048768e-02
2.35000000e-02	1.47874417e-01	4.42344594e-02
2.37500000e-02	1.45044811e-01	4.32312770e-02
2.40000000e-02	1.39268740e-01	4.01941445e-02
2.42500000e-02	1.36504031e-01	3.89515187e-02
2.45000000e-02	1.32767536e-01	3.76837913e-02
2.47500000e-02	1.30619157e-01	3.64437135e-02
2.50000000e-02	1.28061213e-01	3.44241106e-02
2.52500000e-02	1.23976734e-01	3.33888315e-02
2.55000000e-02	1.16344513e-01	3.03097595e-02
2.57500000e-02	1.14615999e-01	2.89273635e-02
2.60000000e-02	1.06835001e-01	2.65388495e-02
2.62500000e-02	1.07700763e-01	2.76406508e-02
2.65000000e-02	1.05782042e-01	2.61761781e-02
2.67500000e-02	1.02996234e-01	2.49977753e-02
2.70000000e-02	9.90344454e-02	2.45011567e-02
2.72500000e-02	1.00517109e-01	2.47384671e-02
2.75000000e-02	8.67875237e-02	2.10416723e-02
2.77500000e-02	8.58581194e-02	2.09324000e-02
2.80000000e-02	9.15343875e-02	2.19328519e-02
2.82500000e-02	8.58148517e-02	1.91278137e-02
2.85000000e-02	8.92719842e-02	1.99681822e-02
2.87500000e-02	8.77916985e-02	1.92216462e-02
2.90000000e-02	8.36563768e-02	1.81475893e-02
2.92500000e-02	8.18720165e-02	1.69399687e-02
2.95000000e-02	8.28776242e-02	1.73017232e-02
2.97500000e-02	7.60652767e-02	1.52452729e-02
3.00000000e-02	7.81280329e-02	1.53925324e-02
3.02500000e-02	7.77872989e-02	1.57341557e-02
3.05000000e-02	7.34150410e-02	1.41968626e-02
3.07500000e-02	7.26983738e-02	1.39076052e-02
3.10000000e-02	6.94641729e-02	1.25225471e-02
3.12500000e-02	7.02104302e-02	1.33505086e-02
3.15000000e-02	6.80096250e-02	1.22539062e-02
3.17500000e-02	6.63407362e-02	1.15497412e-02
3.20000000e-02	6.71012676e-02	1.17387088e-02
3.22500000e-02	6.42793033e-02	1.12867994e-02
3.25000000e-02	6.25560862e-02	1.05308239e-02
3.27500000e-02	6.48259325e-02	1.04085755e-02
3.30000000e-02	6.27058109e-02	1.05996885e-02
3.32500000e-02	6.10057964e-02	1.01221968e-02
3.35000000e-02	5.85135629e-02	9.41434817e-03
3.37500000e-02	5.77373820e-02	9.13502272e-03
3.40000000e-02	5.79336145e-02	8.96714782e-03
3.42500000e-02	5.63888248e-02	8.84596456e-03
3.45000000e-02	5.48262698e-02	8.21149232e-03
3.47500000e-02	5.47865120e-02	8.05245211e-03
3.50000000e-02	5.21567723e-02	7.36307680e-03
3.52500000e-02	5.15230886e-02	7.30625766e-03
3.55000000e-02	5.02605965e-02	6.78099087e-03
3.57500000e-02	4.93673983e-02	6.90389250e-03
3.60000000e-02	4.65337499e-02	6.08646985e-03
3.62500000e-02	4.66820254e-02	6.45402631e-03
3.65000000e-02	4.73093012e-02	6.69865222e-03
3.67500000e-02	4.81961360e-02	6.32374855e-03
3.70000000e-02	4.80302095e-02	5.95628175e-03
3.72500000e-02	4.80646734e-02	6.20741931e-03
3.75000000e-02	4.65330081e-02	5.41668114e-03
3.77500000e-02	4.50475674e-02	5.48285910e-03
3.80000000e-02	4.47744397e-02	5.57044500e-03
3.82500000e-02	4.52852852e-02	5.40855476e-03
3.85000000e-02	4.36263111e-02	5.22717083e-03
3.87500000e-02	4.23871110e-02	4.77513198e-03
3.90000000e-02	4.25242889e-02	4.83174565e-03
3.92500000e-02	4.28670036e-02	4.85466781e-03
3.95000000e-02	4.27173578e-02	4.76325728e-03
3.97500000e-02	4.10363501e-02	4.35239717e-03
4.00000000e-02	4.03367960e-02	4.13522830e-03
4.02500000e-02	4.09030855e-02	4.23355224e-03
4.05000000e-02	4.05912448e-02	4.03366002e-03
4.07500000e-02	3.89921128e-02	3.88102578e-03
4.10000000e-02	3.91494132e-02	3.91618780e-03
4.12500000e-02	3.81317966e-02	3.54675983e-03
4.15000000e-02	3.78266758e-02	3.44716407e-03
4.17500000e-02	3.87038053e-02	3.72638468e-03
4.20000000e-02	3.68202494e-02	3.32332209e-03
4.22500000e-02	3.69581858e-02	3.25744016e-03
4.25000000e-02	3.58300681e-02	3.12746813e-03
4.27500000e-02	3.61513269e-02	2.84591643e-03
4.30000000e-02	3.67069051e-02	3.08737573e-03
4.32500000e-02	3.46503970e-02	2.85941446e-03
4.35000000e-02	3.45183880e-02	2.82730390e-03
4.37500000e-02	3.56715778e-02	2.90937418e-03
4.40000000e-02	3.37347909e-02	2.65897641e-03
4.42500000e-02	3.30905555e-02	2.55753826e-03
4.45000000e-02	3.40714827e-02	2.63292090e-03
4.47500000e-02	3.38958351e-02	2.51629632e-03
4.50000000e-02	3.35096026e-02	2.58543771e-03
4.52500000e-02	3.34820384e-02	2.51784443e-03
4.55000000e-02	3.22320342e-02	2.33258160e-03
4.57500000e-02	3.22208036e-02	2.27908736e-03
4.60000000e-02	3.28815245e-02	2.31949235e-03
4.62500000e-02	3.14569217e-02	2.31369123e-03
4.65000000e-02	3.23236019e-02	2.23876112e-03
4.67500000e-02	3.18683730e-02	2.19511186e-03
4.70000000e-02	3.08517672e-02	2.13883026e-03
4.72500000e-02	3.15372780e-02	2.02086006e-03
4.75000000e-02	3.17215668e-02	2.13753594e-03
4.77500000e-02	3.00433462e-02	1.93824360e-03
4.80000000e-02	3.07453181e-02	1.99482922e-03
4.82500000e-02	3.04301045e-02	1.90830358e-03
4.85000000e-02	3.03631736e-02	1.84276801e-03
4.87500000e-02	3.07768595e-02	1.81334509e-03
4.90000000e-02	2.98471039e-02	1.69676617e-03
4.92500000e-02	2.91140411e-02	1.78492141e-03
4.95000000e-02	2.97879100e-02	1.74927854e-03
4.97500000e-02	2.99773940e-02	1.74908500e-03
5.00000000e-02	3.00501019e-02	1.73427395e-03
5.02500000e-02	2.85964774e-02	1.65971390e-03
5.05000000e-02	3.01142303e-02	1.67060761e-03
5.07500000e-02	2.92360154e-02	1.65051634e-03
5.10000000e-02	2.90165315e-02	1.57887914e-03
5.12500000e-02	2.90190344e-02	1.68462268e-03
5.15000000e-02	2.80295071e-02	1.49066995e-03
5.17500000e-02	2.80408254e-02	1.55724257e-03
5.20000000e-02	2.75621090e-02	1.47026757e-03
5.22500000e-02	2.76260371e-02	1.40500681e-03
5.25000000e-02	2.77734260e-02	1.45043951e-03
5.27500000e-02	2.72187336e-02	1.41107652e-03
5.30000000e-02	2.78727803e-02	1.39716023e-03
5.32500000e-02	2.70914990e-02	1.35891878e-03
5.35000000e-02	2.81413891e-02	1.41798975e-03
5.37500000e-02	2.74059442e-02	1.34489888e-03
5.40000000e-02	2.82036759e-02	1.36574042e-03
5.42500000e-02	2.69257726e-02	1.26580439e-03
5.45000000e-02	2.69349784e-02	1.29070747e-03
5.47500000e-02	2.75644599e-02	1.33465626e-03
5.50000000e-02	2.63127644e-02	1.26045484e-03
5.52500000e-02	2.65443503e-02	1.25642461e-03
5.55000000e-02	2.68365806e-02	1.23713106e-03
5.57500000e-02	2.71071577e-02	1.27662370e-03
5.60000000e-02	2.59757104e-02	1.20586065e-03
5.62500000e-02	2.68034575e-02	1.21143925e-03
5.65000000e-02	2.63166035e-02	1.16198055e-03
5.67500000e-02	2.58241116e-02	1.16463821e-03
5.70000000e-02	2.63586394e-02	1.18558417e-03
5.72500000e-02	2.58666420e-02	1.16444440e-03
5.75000000e-02	2.59857395e-02	1.13099147e-03
5.77500000e-02	2.57612988e-02	1.13939645e-03
5.80000000e-02	2.56687390e-02	1.14320444e-03
5.82500000e-02	2.57130994e-02	1.10897118e-03
5.85000000e-02	2.53935064e-02	1.08963637e-03
5.87500000e-02	2.52357974e-02	1.08237952e-03
5.90000000e-02	2.55555167e-02	1.06014238e-03
5.92500000e-02	2.56242555e-02	1.08844099e-03
5.95000000e-02	2.57997738e-02	1.09497139e-03
5.97500000e-02	2.40311536e-02	9.87283080e-04
6.00000000e-02	2.53119772e-02	1.03836071e-03
6.02500000e-02	2.48976767e-02	1.02379550e-03
6.05000000e-02	2.44648232e-02	1.01664183e-03
6.07500000e-02	2.52101505e-02	1.04245733e-03
6.10000000e-02	2.42350120e-02	9.67930162e-04
6.12500000e-02	2.48007210e-02	1.00957884e-03
6.15000000e-02	2.42804834e-02	9.69136847e-04
6.17500000e-02	2.47261279e-02	9.97414606e-04
6.20000000e-02	2.39944163e-02	9.86019648e-04
6.22500000e-02	2.38944266e-02	9.38174038e-04
6.25000000e-02	2.48636701e-02	1.00521223e-03
6.27500000e-02	2.47111485e-02	9.79059359e-04
6.30000000e-02	2.37601483e-02	9.31388901e-04
6.32500000e-02	2.47799231e-02	9.87240958e-04
6.35000000e-02	2.43413386e-02	9.52173182e-04
6.37500000e-02	2.42056934e-02	9.41374396e-04
6.40000000e-02	2.47393023e-02	9.65553059e-04
6.42500000e-02	2.39545160e-02	9.29477375e-04
6.45000000e-02	2.44865326e-02	9.25922224e-04
6.47500000e-02	2.44725063e-02	9.42827459e-04
6.50000000e-02	2.37542833e-02	9.23131055e-04
6.52500000e-02	2.39821673e-02	8.99335759e-04
6.55000000e-02	2.39301934e-02	8.98163374e-04
6.57500000e-02	2.40155419e-02	8.98643182e-04
6.60000000e-02	2.39950253e-02	8.91833154e-04
6.62500000e-02	2.32769039e-02	8.66405175e-04
6.65000000e-02	2.34656870e-02	8.66499047e-04
6.67500000e-02	2.40241781e-02	9.03841167e-04
6.70000000e-02	2.36586740e-02	8.84053267e-04
6.72500000e-02	2.31761123e-02	8.61495952e-04
6.75000000e-02	2.32848396e-02	8.54650819e-04
6.77500000e-02	2.43649935e-02	8.94529723e-04
6.80000000e-02	2.34043709e-02	8.49076489e-04
6.82500000e-02	2.35987126e-02	8.70729393e-04
6.85000000e-02	2.31000084e-02	8.47804122e-04
6.87500000e-02	2.30031714e-02	8.25848633e-04
6.90000000e-02	2.31441961e-02	8.49000682e-04
6.92500000e-02	2.35423484e-02	8.37698533e-04
6.95000000e-02	2.35739184e-02	8.53252805e-04
6.97500000e-02	2.38272902e-02	8.51481003e-04
7.00000000e-02	2.31794215e-02	8.24478971e-04
7.02500000e-02	2.30469650e-02	8.20955431e-04
7.05000000e-02	2.27797947e-02	8.05019292e-04
7.07500000e-02	2.33461260e-02	8.35671045e-04
7.10000000e-02	2.29074763e-02	8.04757511e-04
7.12500000e-02	2.34144500e-02	8.22312606e-04
7.15000000e-02	2.30267440e-02	8.15334701e-04
7.17500000e-02	2.30334856e-02	8.06768523e-04
7.20000000e-02	2.31902685e-02	8.19770438e-04
7.22500000e-02	2.29951763e-02	8.05095785e-04
7.25000000e-02	2.31451885e-02	8.13000412e-04
7.27500000e-02	2.30919620e-02	8.14643212e-04
7.30000000e-02	2.32042221e-02	8.08572966e-04
7.32500000e-02	2.21026182e-02	7.68829295e-04
7.35000000e-02	2.28430744e-02	7.96530744e-04
7.37500000e-02	2.22914930e-02	7.70092356e-04
7.40000000e-02	2.27321911e-02	7.82460433e-04
7.42500000e-02	2.29557552e-02	7.93196416e-04
7.45000000e-02	2.27192921e-02	7.94005489e-04
7.47500000e-02	2.20017357e-02	7.55688721e-04
7.50000000e-02	2.23473805e-02	7.79699544e-04
7.52500000e-02	2.27365421e-02	7.72927706e-04
7.55000000e-02	2.29412774e-02	7.85804366e-04
7.57500000e-02	2.22405065e-02	7.59273039e-04
7.60000000e-02	2.21327393e-02	7.60094525e-04
7.62500000e-02	2.27189119e-02	7.66508270e-04
7.65000000e-02	2.22422056e-02	7.54792493e-04
7.67500000e-02	2.27901393e-02	7.70339154e-04
7.70000000e-02	2.29457759e-02	7.71357400e-04
7.72500000e-02	2.27607466e-02	7.87981784e-04
7.75000000e-02	2.21550304e-02	7.71271304e-04
7.77500000e-02	2.21941966e-02	7.73055326e-04
7.80000000e-02	2.22701036e-02	7.74863494e-04
7.82500000e-02	2.25946337e-02	7.88572662e-04
7.85000000e-02	2.23825050e-02	8.03109521e-04
7.87500000e-02	2.22401167e-02	7.86460342e-04
7.90000000e-02	2.26993602e-02	8.04905051e-04
7.92500000e-02	2.22066857e-02	7.92938459e-04
7.95000000e-02	2.27339993e-02	8.10257717e-04
7.97500000e-02	2.25819148e-02	8.15979095e-04
8.00000000e-02	2.22260975e-02	7.98794036e-04
8.02500000e-02	2.19315576e-02	7.92013962e-04
8.05000000e-02	2.20502519e-02	7.87534782e-04
8.07500000e-02	2.18183703e-02	7.93160152e-04
8.10000000e-02	2.18770315e-02	7.92046160e-04
8.12500000e-02	2.20895250e-02	8.06190725e-04
8.15000000e-02	2.19286528e-02	8.02115824e-04
8.17500000e-02	2.21007733e-02	8.08178072e-04
8.20000000e-02	2.20699600e-02	8.02970616e-04
8.22500000e-02	2.18659916e-02	7.96755390e-04
8.25000000e-02	2.29172088e-02	8.36104969e-04
8.27500000e-02	2.17118441e-02	7.89689088e-04
8.30000000e-02	2.26434069e-02	8.17212610e-04
8.32500000e-02	2.21451419e-02	8.11516117e-04
8.35000000e-02	2.20844603e-02	8.20490930e-04
8.37500000e-02	2.19916837e-02	7.96519200e-04
8.40000000e-02	2.19296032e-02	8.01828802e-04
8.42500000e-02	2.14201769e-02	7.91519500e-04
8.45000000e-02	2.11802408e-02	7.78237996e-04
8.47500000e-02	2.15515545e-02	7.96911004e-04
8.50000000e-02	2.21057682e-02	8.05064036e-04
8.52500000e-02	2.23788564e-02	8.28582649e-04
8.55000000e-02	2.23373470e-02	8.19324476e-04
8.57500000e-02	2.20233435e-02	8.18729543e-04
8.60000000e-02	2.16297780e-02	8.01169172e-04
8.62500000e-02	2.22185490e-02	8.20194197e-04
8.65000000e-02	2.16943861e-02	8.05107686e-04
8.67500000e-02	2.10036007e-02	7.74116165e-04
8.70000000e-02	2.20876810e-02	8.04987172e-04
8.72500000e-02	2.16813095e-02	7.79567802e-04
8.75000000e-02	2.18992048e-02	7.69791339e-04
8.77500000e-02	2.18058822e-02	7.66997374e-04
8.80000000e-02	2.15528361e-02	7.61573545e-04
8.82500000e-02	2.17444298e-02	7.62064863e-04
8.85000000e-02	2.19112362e-02	7.60643889e-04
8.87500000e-02	2.08783147e-02	7.09566084e-04
8.90000000e-02	2.19473705e-02	7.46668077e-04
8.92500000e-02	2.11836323e-02	7.26671049e-04
8.95000000e-02	2.16609362e-02	7.43566449e-04
8.97500000e-02	2.14969330e-02	7.26757181e-04
9.00000000e-02	2.11891912e-02	7.15475236e-04
9.02500000e-02	2.17592614e-02	7.32014069e-04
9.05000000e-02	2.10779160e-02	7.12484486e-04
9.07500000e-02	2.16946096e-02	7.29781918e-04
9.10000000e-02	2.16977481e-02	7.26739912e-04
9.12500000e-02	2.13705250e-02	7.09330422e-04
9.15000000e-02	2.09922377e-02	6.96810190e-04
9.17500000e-02	2.09966022e-02	7.04766900e-04
9.20000000e-02	2.13497726e-02	7.08741577e-04
9.22500000e-02	2.11676316e-02	6.98443520e-04
9.25000000e-02	2.14545499e-02	7.09970253e-04
9.27500000e-02	2.11220252e-02	7.00676355e-04
9.30000000e-02	2.08670911e-02	6.89173881e-04
9.32500000e-02	2.13589927e-02	7.04289935e-04
9.35000000e-02	2.11552716e-02	6.93338228e-04
9.37500000e-02	2.15244867e-02	7.04165631e-04
9.40000000e-02	2.08498526e-02	6.85675035e-04
9.42500000e-02	2.17455095e-02	7.07920579e-04
9.45000000e-02	2.08530728e-02	6.85119224e-04
9.47500000e-02	2.08202899e-02	6.77194422e-04
9.50000000e-02	2.06864361e-02	6.70550141e-04
9.52500000e-02	2.09690156e-02	6.84548209e-04
9.55000000e-02	2.07104543e-02	6.64110473e-04
9.57500000e-02	2.09026389e-02	6.80610686e-04
9.60000000e-02	2.09205151e-02	6.79114847e-04
9.62500000e-02	2.07305166e-02	6.71516716e-04
9.65000000e-02	2.07656719e-02	6.70229830e-04
9.67500000e-02	2.09509604e-02	6.68877553e-04
9.70000000e-02	2.13446484e-02	6.81798284e-04
9.72500000e-02	2.06756436e-02	6.64400481e-04
9.75000000e-02	2.12795939e-02	6.84592956e-04
9.77500000e-02	2.13727966e-02	6.75636003e-04
9.80000000e-02	2.12582988e-02	6.73345188e-04
9.82500000e-02	2.03524196e-02	6.49558155e-04
9.85000000e-02	2.04221849e-02	6.39230287e-04
9.87500000e-02	2.10508680e-02	6.65483096e-04
9.90000000e-02	2.08753272e-02	6.57709942e-04
9.92500000e-02	2.07453595e-02	6.56680336e-04
9.95000000e-02	2.08386588e-02	6.56258265e-04
9.97500000e-02	2.12241868e-02	6.65863232e-04
1.00000000e-01	2.05711100e-02	5.28558122e-04
1.00500000e-01	2.04609210e-02	4.56591814e-04
1.01000000e-01	2.07398401e-02	4.55934354e-04
1.01500000e-01	2.10194274e-02	4.64526727e-04
1.02000000e-01	2.07988491e-02	4.54636459e-04
1.02500000e-01	2.06207564e-02	4.50354991e-04
1.03000000e-01	2.08438003e-02	4.55503579e-04
1.03500000e-01	2.05544538e-02	4.50063152e-04
1.04000000e-01	2.05306554e-02	4.47038170e-04
1.04500000e-01	2.04531053e-02	4.45132129e-04
1.05000000e-01	2.06745645e-02	4.44613852e-04
1.05500000e-01	2.10032103e-02	4.51548802e-04
1.06000000e-01	2.08042483e-02	4.45106290e-04
1.06500000e-01	2.06133905e-02	4.42014749e-04
1.07000000e-01	2.05468740e-02	4.48785306e-04
1.07500000e-01	2.05928716e-02	4.54435546e-04
1.08000000e-01	2.05277714e-02	4.57845826e-04
1.08500000e-01	2.07049098e-02	4.63534213e-04
1.09000000e-01	2.09750419e-02	4.74386903e-04
1.09500000e-01	2.03299578e-02	4.62551142e-04
1.10000000e-01	2.03857907e-02	4.57712173e-04
1.10500000e-01	2.06876120e-02	4.53540008e-04
1.11000000e-01	2.06383389e-02	4.44532509e-04
1.11500000e-01	2.04469725e-02	4.38517754e-04
1.12000000e-01	2.04444295e-02	4.34695177e-04
1.12500000e-01	2.05379153e-02	4.33633215e-04
1.13000000e-01	2.04758483e-02	4.34227391e-04
1.13500000e-01	2.07239768e-02	4.35169683e-04
1.14000000e-01	2.02865240e-02	4.25761307e-04
1.14500000e-01	2.04514259e-02	4.26484342e-04
1.15000000e-01	2.05453834e-02	4.29957073e-04
1.15500000e-01	2.04243371e-02	4.25253989e-04
1.16000000e-01	2.05390979e-02	4.25983736e-04
1.16500000e-01	2.01464953e-02	4.16114693e-04
1.17000000e-01	2.05884413e-02	4.24835922e-04
1.17500000e-01	2.06692542e-02	4.26724235e-04
1.18000000e-01	2.05167430e-02	4.23658385e-04
1.18500000e-01	2.01491116e-02	4.12757987e-04
1.19000000e-01	2.04077453e-02	4.17614273e-04
1.19500000e-01	2.06050789e-02	4.19354659e-04
1.20000000e-01	2.04078461e-02	4.15176402e-04
1.20500000e-01	2.05655012e-02	4.15746240e-04
1.21000000e-01	2.01061678e-02	4.07833875e-04
1.21500000e-01	2.03179113e-02	4.11233795e-04
1.22000000e-01	2.07305313e-02	4.16743084e-04
1.22500000e-01	2.00989400e-02	4.04481573e-04
1.23000000e-01	2.07474735e-02	4.17896766e-04
1.23500000e-01	2.02269970e-02	4.07388015e-04
1.24000000e-01	2.03754897e-02	4.07597168e-04
1.24500000e-01	2.01489283e-02	4.03160059e-04
1.25000000e-01	2.05945060e-02	4.08702673e-04
1.25500000e-01	2.07163866e-02	4.09799474e-04
1.26000000e-01	2.07082401e-02	4.10571335e-04
1.26500000e-01	2.02324582e-02	4.00389621e-04
1.27000000e-01	2.06935100e-02	4.07629488e-04
1.27500000e-01	2.06339982e-02	4.05390259e-04
1.28000000e-01	2.06172688e-02	4.04137089e-04
1.28500000e-01	2.06506290e-02	4.04512567e-04
1.29000000e-01	2.01921606e-02	3.94653104e-04
1.29500000e-01	2.02068995e-02	3.94531912e-04
1.30000000e-01	2.03986897e-02	3.97914983e-04
1.30500000e-01	2.06150015e-02	4.02071709e-04
1.31000000e-01	2.02545857e-02	3.93865619e-04
1.31500000e-01	2.05768748e-02	3.97537339e-04
1.32000000e-01	2.09715863e-02	4.05611463e-04
1.32500000e-01	2.03755684e-02	3.91187252e-04
1.33000000e-01	2.03731749e-02	3.91566839e-04
1.33500000e-01	2.05044583e-02	3.92694621e-04
1.34000000e-01	2.04506316e-02	3.89932557e-04
1.34500000e-01	2.01890124e-02	3.83603232e-04
1.35000000e-01	2.02175937e-02	3.83693936e-04
1.35500000e-01	2.05663597e-02	3.90173212e-04
1.36000000e-01	2.02814633e-02	3.82273370e-04
1.36500000e-01	2.05304607e-02	3.88408046e-04
1.37000000e-01	2.02715379e-02	3.82380638e-04
1.37500000e-01	2.05954530e-02	3.87286502e-04
1.38000000e-01	2.00129914e-02	3.77452350e-04
1.38500000e-01	2.03819300e-02	3.83187879e-04
1.39000000e-01	2.02759718e-02	3.81858967e-04
1.39500000e-01	2.04082985e-02	3.82099198e-04
1.40000000e-01	2.02003283e-02	3.79008317e-04
1.40500000e-01	2.02091401e-02	3.78072425e-04
1.41000000e-01	1.99887038e-02	3.74739499e-04
1.41500000e-01	1.99479332e-02	3.74126497e-04
1.42000000e-01	2.02696008e-02	3.77419523e-04
1.42500000e-01	2.01383804e-02	3.76055729e-04
1.43000000e-01	1.97589454e-02	3.68553811e-04
1.43500000e-01	1.99238865e-02	3.70255392e-04
1.44000000e-01	2.01470363e-02	3.72564204e-04
1.44500000e-01	1.97319762e-02	3.65234019e-04
1.45000000e-01	1.98688601e-02	3.66633027e-04
1.45500000e-01	1.99204188e-02	3.67091798e-04
1.46000000e-01	2.00563880e-02	3.69361728e-04
1.46500000e-01	1.99034648e-02	3.66735322e-04
1.47000000e-01	1.99068884e-02	3.65557180e-04
1.47500000e-01	1.97025693e-02	3.60122595e-04
1.48000000e-01	1.99321434e-02	3.63225387e-04
1.48500000e-01	1.99499826e-02	3.64465826e-04
1.49000000e-01	2.02183736e-02	3.67431297e-04
1.49500000e-01	2.00964667e-02	3.65910835e-04
1.50000000e-01	2.01528610e-02	3.65102919e-04
1.50500000e-01	1.97629050e-02	3.59872529e-04
1.51000000e-01	2.00359181e-02	3.61864872e-04
1.51500000e-01	1.99315177e-02	3.58927484e-04
1.52000000e-01	1.96538499e-02	3.54142343e-04
1.52500000e-01	1.97121149e-02	3.55121775e-04
1.53000000e-01	1.98185363e-02	3.56441958e-04
1.53500000e-01	1.97223221e-02	3.53581288e-04
1.54000000e-01	1.96438111e-02	3.51625200e-04
1.54500000e-01	1.98634170e-02	3.61922289e-04
1.55000000e-01	1.96540558e-02	3.62883013e-04
1.55500000e-01	1.96884301e-02	3.65949951e-04
1.56000000e-01	1.95145584e-02	3.65229214e-04
1.56500000e-01	1.99669114e-02	3.74251520e-04
1.57000000e-01	1.98221130e-02	3.72817478e-04
1.57500000e-01	1.97990034e-02	3.63556477e-04
1.58000000e-01	1.96628790e-02	3.55294410e-04
1.58500000e-01	1.97441309e-02	3.56614208e-04
1.59000000e-01	1.95222418e-02	3.49405222e-04
1.59500000e-01	1.95481031e-02	3.49950358e-04
1.60000000e-01	1.95813337e-02	3.49606658e-04
1.60500000e-01	1.97054882e-02	3.50831929e-04
1.61000000e-01	1.95353203e-02	3.49278890e-04
1.61500000e-01	1.99733626e-02	3.53491419e-04
1.62000000e-01	1.95171956e-02	3.43442646e-04
1.62500000e-01	1.95461149e-02	3.46369427e-04
1.63000000e-01	1.92432691e-02	3.37830361e-04
1.63500000e-01	1.96170730e-02	3.47713836e-04
1.64000000e-01	1.91952740e-02	3.37014401e-04
1.64500000e-01	1.92985092e-02	3.37851199e-04
1.65000000e-01	1.94156218e-02	3.40010448e-04
1.65500000e-01	1.96417808e-02	3.42540231e-04
1.66000000e-01	1.97814162e-02	3.45033212e-04
1.66500000e-01	1.92939576e-02	3.36713099e-04
1.67000000e-01	1.94422421e-02	3.37917600e-04
1.67500000e-01	1.97440139e-02	3.43203480e-04
1.68000000e-01	1.92922370e-02	3.35835795e-04
1.68500000e-01	1.93745508e-02	3.36089756e-04
1.69000000e-01	1.95359494e-02	3.37685642e-04
1.69500000e-01	1.97791467e-02	3.39427823e-04
1.70000000e-01	1.93721437e-02	3.34761971e-04
1.70500000e-01	1.93060802e-02	3.30911716e-04
1.71000000e-01	1.96447692e-02	3.37105750e-04
1.71500000e-01	1.93099045e-02	3.30934919e-04
1.72000000e-01	1.89485341e-02	3.23355147e-04
1.72500000e-01	1.90885697e-02	3.26766083e-04
1.73000000e-01	1.92839989e-02	3.28986236e-04
1.73500000e-01	1.92761698e-02	3.28108968e-04
1.74000000e-01	1.90466612e-02	3.24002504e-04
1.74500000e-01	1.93713961e-02	3.25892651e-04
1.75000000e-01	1.93483713e-02	3.25183165e-04
1.75500000e-01	1.92878380e-02	3.23182831e-04
1.76000000e-01	1.93370578e-02	3.25143507e-04
1.76500000e-01	1.94549683e-02	3.28229671e-04
1.77000000e-01	1.93896472e-02	3.24526587e-04
1.77500000e-01	1.92739537e-02	3.22744109e-04
1.78000000e-01	1.96523998e-02	3.27464814e-04
1.78500000e-01	1.92702293e-02	3.23564960e-04
1.79000000e-01	1.89905839e-02	3.19262362e-04
1.79500000e-01	1.89378741e-02	3.18881678e-04
1.80000000e-01	1.89255589e-02	3.17320306e-04
1.80500000e-01	1.89284356e-02	3.17013453e-04
1.81000000e-01	1.92744458e-02	3.20507661e-04
1.81500000e-01	1.89016628e-02	3.15272331e-04
1.82000000e-01	1.90236333e-02	3.17001819e-04
1.82500000e-01	1.91915774e-02	3.18513694e-04
1.83000000e-01	1.89921132e-02	3.16136454e-04
1.83500000e-01	1.90187652e-02	3.15346406e-04
1.84000000e-01	1.89454860e-02	3.12709667e-04
1.84500000e-01	1.92043330e-02	3.18060283e-04
1.85000000e-01	1.91312597e-02	3.17143108e-04
1.85500000e-01	1.91005874e-02	3.13657922e-04
1.86000000e-01	1.90956633e-02	3.14129595e-04
1.86500000e-01	1.89045783e-02	3.12060085e-04
1.87000000e-01	1.90243912e-02	3.12672949e-04
1.87500000e-01	1.86759917e-02	3.06210164e-04
1.88000000e-01	1.88809377e-02	3.09845249e-04
1.88500000e-01	1.89329511e-02	3.10310201e-04
1.89000000e-01	1.91555164e-02	3.11649091e-04
1.89500000e-01	1.91554466e-02	3.11969156e-04
1.90000000e-01	1.88898507e-02	3.07753949e-04
1.90500000e-01	1.89779776e-02	3.08926637e-04
1.91000000e-01	1.87718267e-02	3.05679124e-04
1.91500000e-01	1.87332466e-02	3.04624229e-04
1.92000000e-01	1.88381037e-02	3.05001542e-04
1.92500000e-01	1.88158658e-02	3.05088591e-04
1.93000000e-01	1.90254693e-02	3.08885298e-04
1.93500000e-01	1.87670400e-02	3.04322689e-04
1.94000000e-01	1.87374782e-02	3.02532734e-04
1.94500000e-01	1.88117837e-02	3.02168338e-04
1.95000000e-01	1.87502541e-02	3.02221249e-04
1.95500000e-01	1.85552849e-02	2.98548704e-04
1.96000000e-01	1.88473146e-02	3.03565418e-04
1.96500000e-01	1.88185864e-02	3.02076166e-04
1.97000000e-01	1.87075795e-02	2.99508802e-04
1.97500000e-01	1.89057414e-02	3.03085684e-04
1.98000000e-01	1.85356498e-02	2.98074812e-04
1.98500000e-01	1.85746760e-02	2.96314798e-04
1.99000000e-01	1.85753278e-02	2.97901384e-04
1.99500000e-01	1.86879828e-02	2.97488492e-04
2.00000000e-01	1.87327346e-02	2.98399256e-04
2.00500000e-01	1.88282069e-02	2.98816377e-04
2.01000000e-01	1.87875320e-02	2.97886926e-04
2.01500000e-01	1.87302823e-02	2.97105872e-04
2.02000000e-01	1.86736669e-02	2.95559755e-04
2.02500000e-01	1.86243192e-02	2.94855247e-04
2.03000000e-01	1.86192209e-02	2.94634138e-04
2.03500000e-01	1.85907440e-02	2.93849299e-04
2.04000000e-01	1.86918445e-02	2.94690237e-04
2.04500000e-01	1.83815153e-02	2.91278828e-04
2.05000000e-01	1.85370241e-02	2.91936501e-04
2.05500000e-01	1.88055528e-02	2.94979238e-04
2.06000000e-01	1.87032374e-02	2.92453686e-04
2.06500000e-01	1.86816357e-02	2.93519571e-04
2.07000000e-01	1.83921814e-02	2.87680502e-04
2.07500000e-01	1.85685879e-02	2.89968798e-04
2.08000000e-01	1.85573536e-02	2.91073954e-04
2.08500000e-01	1.85711265e-02	2.88462701e-04
2.09000000e-01	1.82005940e-02	2.85031182e-04
2.09500000e-01	1.84870815e-02	2.89114914e-04
2.10000000e-01	1.83214302e-02	2.85921739e-04
2.10500000e-01	1.85294172e-02	2.88323794e-04
2.11000000e-01	1.84113481e-02	2.85774929e-04
2.11500000e-01	1.81883283e-02	2.81981344e-04
2.12000000e-01	1.84263391e-02	2.84763369e-04
2.12500000e-01	1.83634701e-02	2.85067109e-04
2.13000000e-01	1.82092842e-02	2.82789292e-04
2.13500000e-01	1.86736020e-02	2.87670294e-04
2.14000000e-01	1.84078622e-02	2.84312080e-04
2.14500000e-01	1.81036880e-02	2.79006719e-04
2.15000000e-01	1.82486625e-02	2.82061876e-04
2.15500000e-01	1.81776806e-02	2.79020028e-04
2.16000000e-01	1.84310235e-02	2.83259874e-04
2.16500000e-01	1.81827041e-02	2.79268370e-04
2.17000000e-01	1.85849017e-02	2.88472207e-04
2.17500000e-01	1.84458260e-02	2.90975343e-04
2.18000000e-01	1.86167741e-02	2.93740015e-04
2.18500000e-01	1.82618584e-02	2.91489611e-04
2.19000000e-01	1.84148306e-02	2.95716474e-04
2.19500000e-01	1.83345182e-02	2.94658755e-04
2.20000000e-01	1.83199589e-02	2.96147960e-04
2.20500000e-01	1.80988804e-02	2.93061078e-04
2.21000000e-01	1.84321959e-02	2.98865379e-04
2.21500000e-01	1.84777346e-02	3.01250869e-04
2.22000000e-01	1.83904410e-02	2.99091849e-04
2.22500000e-01	1.83779416e-02	2.99420397e-04
2.23000000e-01	1.85403336e-02	3.02762261e-04
2.23500000e-01	1.81747408e-02	2.97465810e-04
2.24000000e-01	1.81853853e-02	2.98543689e-04
2.24500000e-01	1.83110205e-02	3.01517081e-04
2.25000000e-01	1.81644710e-02	2.99056473e-04
2.25500000e-01	1.84104739e-02	3.04088805e-04
2.26000000e-01	1.81583230e-02	3.01692938e-04
2.26500000e-01	1.83913238e-02	2.99701448e-04
2.27000000e-01	1.83628811e-02	2.96353433e-04
2.27500000e-01	1.82932371e-02	2.92474716e-04
2.28000000e-01	1.81147601e-02	2.89639579e-04
2.28500000e-01	1.83341229e-02	2.91281000e-04
2.29000000e-01	1.79691850e-02	2.84848291e-04
2.29500000e-01	1.83920345e-02	2.90475871e-04
2.30000000e-01	1.81032074e-02	2.85274075e-04
2.30500000e-01	1.81439977e-02	2.83581050e-04
2.31000000e-01	1.84293031e-02	2.87757456e-04
2.31500000e-01	1.81063107e-02	2.82154477e-04
2.32000000e-01	1.80353986e-02	2.79872722e-04
2.32500000e-01	1.81343185e-02	2.82057474e-04
2.33000000e-01	1.80368565e-02	2.78473108e-04
2.33500000e-01	1.80959817e-02	2.79945480e-04
2.34000000e-01	1.80423465e-02	2.78463805e-04
2.34500000e-01	1.81005098e-02	2.78606073e-04
2.35000000e-01	1.80844956e-02	2.78087959e-04
2.35500000e-01	1.82411060e-02	2.79029040e-04
2.36000000e-01	1.79935134e-02	2.75809126e-04
2.36500000e-01	1.79335645e-02	2.74283524e-04
2.37000000e-01	1.81088849e-02	2.77086863e-04
2.37500000e-01	1.81062436e-02	2.75322529e-04
2.38000000e-01	1.80305566e-02	2.73128092e-04
2.38500000e-01	1.81086360e-02	2.75810390e-04
2.39000000e-01	1.80800969e-02	2.73869741e-04
2.39500000e-01	1.80189095e-02	2.72101604e-04
2.40000000e-01	1.78654233e-02	2.69863676e-04
2.40500000e-01	1.81616434e-02	2.72393319e-04
2.41000000e-01	1.79446304e-02	2.70327342e-04
2.41500000e-01	1.78603385e-02	2.68025039e-04
2.42000000e-01	1.78891775e-02	2.68636130e-04
2.42500000e-01	1.78690987e-02	2.67708104e-04
2.43000000e-01	1.78844337e-02	2.68076382e-04
2.43500000e-01	1.77789467e-02	2.66305678e-04
2.44000000e-01	1.78513840e-02	2.66326664e-04
2.44500000e-01	1.79425625e-02	2.67257184e-04
2.45000000e-01	1.79473433e-02	2.66977185e-04
2.45500000e-01	1.78527967e-02	2.65874919e-04
2.46000000e-01	1.77804628e-02	2.65250461e-04
2.46500000e-01	1.78761644e-02	2.64343301e-04
2.47000000e-01	1.80418789e-02	2.66857177e-04
2.47500000e-01	1.77816973e-02	2.61842992e-04
2.48000000e-01	1.79825290e-02	2.65154205e-04
2.48500000e-01	1.77662408e-02	2.62778325e-04
2.49000000e-01	1.76829416e-02	2.60300435e-04
2.49500000e-01	1.78164973e-02	2.62177369e-04
2.50000000e-01	1.76875493e-02	2.59920009e-04
2.50500000e-01	1.77202680e-02	2.60814142e-04
2.51000000e-01	1.77670734e-02	2.59815848e-04
2.51500000e-01	1.74940663e-02	2.56051390e-04
2.52000000e-01	1.76430961e-02	2.59043489e-04
2.52500000e-01	1.76912307e-02	2.57799927e-04
2.53000000e-01	1.78185857e-02	2.61199724e-04
2.53500000e-01	1.74979632e-02	2.54848377e-04
2.54000000e-01	1.76560277e-02	2.57662467e-04
2.54500000e-01	1.78309186e-02	2.59442155e-04
2.55000000e-01	1.76186993e-02	2.56016508e-04
2.55500000e-01	1.77045978e-02	2.56868594e-04
2.56000000e-01	1.77458954e-02	2.56271522e-04
2.56500000e-01	1.76377918e-02	2.55723751e-04
2.57000000e-01	1.75634662e-02	2.53530462e-04
2.57500000e-01	1.76559466e-02	2.54529663e-04
2.58000000e-01	1.74496108e-02	2.53329595e-04
2.58500000e-01	1.76551299e-02	2.54299263e-04
2.59000000e-01	1.75062504e-02	2.52423662e-04
2.59500000e-01	1.74475995e-02	2.51043501e-04
2.60000000e-01	1.77355885e-02	2.54118273e-04
2.60500000e-01	1.76666889e-02	2.53959201e-04
2.61000000e-01	1.75859589e-02	2.51932641e-04
2.61500000e-01	1.78348570e-02	2.56114010e-04
2.62000000e-01	1.76029621e-02	2.52318147e-04
2.62500000e-01	1.76377423e-02	2.52950029e-04
2.63000000e-01	1.75028904e-02	2.50051487e-04
2.63500000e-01	1.77254439e-02	2.51518890e-04
2.64000000e-01	1.75930505e-02	2.51320326e-04
2.64500000e-01	1.75577715e-02	2.49429812e-04
2.65000000e-01	1.75492051e-02	2.49556643e-04
2.65500000e-01	1.76102384e-02	2.50773559e-04
2.66000000e-01	1.75539377e-02	2.49109059e-04
2.66500000e-01	1.74697463e-02	2.47627455e-04
2.67000000e-01	1.75688075e-02	2.48802130e-04
2.67500000e-01	1.75724509e-02	2.48191011e-04
2.68000000e-01	1.75924808e-02	2.48187709e-04
2.68500000e-01	1.74736117e-02	2.47272979e-04
2.69000000e-01	1.74927446e-02	2.46311845e-04
2.69500000e-01	1.73905137e-02	2.44627260e-04
2.70000000e-01	1.74967226e-02	2.47027317e-04
2.70500000e-01	1.74652231e-02	2.45314868e-04
2.71000000e-01	1.74881793e-02	2.44696001e-04
2.71500000e-01	1.74463798e-02	2.45389422e-04
2.72000000e-01	1.71730920e-02	2.41384613e-04
2.72500000e-01	1.74416961e-02	2.44657625e-04
2.73000000e-01	1.74263176e-02	2.43386078e-04
2.73500000e-01	1.73281807e-02	2.42029804e-04
2.74000000e-01	1.73986983e-02	2.42896508e-04
2.74500000e-01	1.74176931e-02	2.42512902e-04
2.75000000e-01	1.73385415e-02	2.41942093e-04
2.75500000e-01	1.73634621e-02	2.42273729e-04
2.76000000e-01	1.75288432e-02	2.43811173e-04
2.76500000e-01	1.73199107e-02	2.40794172e-04
2.77000000e-01	1.73398668e-02	2.41495295e-04
2.77500000e-01	1.73983665e-02	2.41793960e-04
2.78000000e-01	1.72265968e-02	2.39003427e-04
2.78500000e-01	1.73666788e-02	2.40716963e-04
2.79000000e-01	1.74189395e-02	2.40293544e-04
2.79500000e-01	1.73815625e-02	2.40325911e-04
2.80000000e-01	1.71876266e-02	2.38578515e-04
2.80500000e-01	1.73210993e-02	2.39387802e-04
2.81000000e-01	1.73247958e-02	2.39780055e-04
2.81500000e-01	1.72634587e-02	2.38206768e-04
2.82000000e-01	1.71816029e-02	2.37410427e-04
2.82500000e-01	1.74116804e-02	2.40043053e-04
2.83000000e-01	1.72422556e-02	2.36681599e-04
2.83500000e-01	1.72179523e-02	2.36881937e-04
2.84000000e-01	1.75204645e-02	2.39778004e-04
2.84500000e-01	1.71632620e-02	2.36199521e-04
2.85000000e-01	1.72956378e-02	2.37383450e-04
2.85500000e-01	1.68793540e-02	2.30793545e-04
2.86000000e-01	1.73916629e-02	2.37796338e-04
2.86500000e-01	1.71245106e-02	2.33681072e-04
2.87000000e-01	1.71426734e-02	2.34255375e-04
2.87500000e-01	1.71701211e-02	2.33709825e-04
2.88000000e-01	1.71426880e-02	2.32312778e-04
2.88500000e-01	1.72629009e-02	2.35405831e-04
2.89000000e-01	1.71146159e-02	2.33041564e-04
2.89500000e-01	1.73375402e-02	2.34812985e-04
2.90000000e-01	1.72286321e-02	2.33919754e-04
2.90500000e-01	1.71078892e-02	2.31612283e-04
2.91000000e-01	1.71001578e-02	2.31725767e-04
2.91500000e-01	1.72447490e-02	2.32817989e-04
2.92000000e-01	1.72190266e-02	2.31742404e-04
2.92500000e-01	1.71853405e-02	2.32295917e-04
2.93000000e-01	1.71846085e-02	2.31336006e-04
2.93500000e-01	1.69618319e-02	2.28446787e-04
2.94000000e-01	1.71748482e-02	2.30136622e-04
2.94500000e-01	1.70939438e-02	2.30269360e-04
2.95000000e-01	1.72289818e-02	2.30746098e-04
2.95500000e-01	1.72197448e-02	2.31422770e-04
2.96000000e-01	1.71634375e-02	2.30339807e-04
2.96500000e-01	1.69873654e-02	2.28354775e-04
2.97000000e-01	1.69922006e-02	2.28449944e-04
2.97500000e-01	1.69514985e-02	2.27229561e-04
2.98000000e-01	1.72300142e-02	2.30091610e-04
2.98500000e-01	1.69030810e-02	2.26227036e-04
2.99000000e-01	1.67621766e-02	2.23185245e-04
2.99500000e-01	1.72494350e-02	2.30292924e-04
3.00000000e-01	1.70099537e-02	2.27251219e-04
3.00500000e-01	1.69606990e-02	2.26479441e-04
3.01000000e-01	1.71909910e-02	2.28194006e-04
3.01500000e-01	1.69906427e-02	2.27133666e-04
3.02000000e-01	1.68628014e-02	2.24369613e-04
3.02500000e-01	1.71299116e-02	2.27020160e-04
3.03000000e-01	1.68613764e-02	2.24800418e-04
3.03500000e-01	1.69970082e-02	2.25202051e-04
3.04000000e-01	1.70262695e-02	2.27039400e-04
3.04500000e-01	1.68547386e-02	2.23075534e-04
3.05000000e-01	1.67020851e-02	2.22038652e-04
3.05500000e-01	1.67982392e-02	2.22619462e-04
3.06000000e-01	1.68184678e-02	2.21675841e-04
3.06500000e-01	1.68922042e-02	2.22930788e-04
3.07000000e-01	1.68066521e-02	2.22020739e-04
3.07500000e-01	1.68357894e-02	2.22236487e-04
3.08000000e-01	1.66200322e-02	2.19419102e-04
3.08500000e-01	1.66131597e-02	2.18998827e-04
3.09000000e-01	1.66368666e-02	2.19318281e-04
3.09500000e-01	1.69235149e-02	2.21537525e-04
3.10000000e-01	1.69869647e-02	2.23464304e-04
3.10500000e-01	1.69240654e-02	2.21551510e-04
3.11000000e-01	1.68953546e-02	2.21483361e-04
3.11500000e-01	1.68618158e-02	2.20295193e-04
3.12000000e-01	1.67052219e-02	2.19231914e-04
3.12500000e-01	1.66399776e-02	2.17918808e-04
3.13000000e-01	1.70405595e-02	2.22189447e-04
3.13500000e-01	1.67492716e-02	2.18852348e-04
3.14000000e-01	1.69122836e-02	2.20664610e-04
3.14500000e-01	1.66147095e-02	2.16615269e-04
3.15000000e-01	1.67335417e-02	2.18226818e-04
3.15500000e-01	1.67492720e-02	2.17614057e-04
3.16000000e-01	1.66834323e-02	2.17194012e-04
3.16500000e-01	1.66871346e-02	2.17741243e-04
3.17000000e-01	1.67134537e-02	2.17430938e-04
3.17500000e-01	1.65170607e-02	2.15079238e-04
3.18000000e-01	1.66008881e-02	2.14857576e-04
3.18500000e-01	1.68068726e-02	2.17509444e-04
3.19000000e-01	1.65244191e-02	2.14611777e-04
3.19500000e-01	1.67417708e-02	2.17132200e-04
3.20000000e-01	1.67127718e-02	2.16094453e-04
3.20500000e-01	1.66434564e-02	2.15219739e-04
3.21000000e-01	1.67110790e-02	2.16731735e-04
3.21500000e-01	1.66483494e-02	2.14592570e-04
3.22000000e-01	1.65560893e-02	2.13112791e-04
3.22500000e-01	1.66018964e-02	2.14849023e-04
3.23000000e-01	1.65761923e-02	2.13406407e-04
3.23500000e-01	1.64923884e-02	2.12619146e-04
3.24000000e-01	1.64518182e-02	2.11351270e-04
3.24500000e-01	1.65521286e-02	2.13186398e-04
3.25000000e-01	1.66949338e-02	2.13903897e-04
3.25500000e-01	1.64985832e-02	2.11728758e-04
3.26000000e-01	1.64461590e-02	2.11590268e-04
3.26500000e-01	1.63151391e-02	2.08808865e-04
3.27000000e-01	1.63954882e-02	2.10658761e-04
3.27500000e-01	1.65130727e-02	2.11053370e-04
3.28000000e-01	1.63085566e-02	2.09294377e-04
3.28500000e-01	1.65474646e-02	2.11427869e-04
3.29000000e-01	1.63845116e-02	2.10072422e-04
3.29500000e-01	1.64400041e-02	2.09738547e-04
3.30000000e-01	1.63277805e-02	2.08024869e-04
3.30500000e-01	1.63379721e-02	2.08436304e-04
3.31000000e-01	1.65536853e-02	2.10816023e-04
3.31500000e-01	1.66088991e-02	2.10275642e-04
3.32000000e-01	1.63216354e-02	2.08001261e-04
3.32500000e-01	1.62395049e-02	2.06852288e-04
3.33000000e-01	1.64726733e-02	2.09131584e-04
3.33500000e-01	1.64522215e-02	2.08284924e-04
3.34000000e-01	1.63621899e-02	2.07039747e-04
3.34500000e-01	1.65056333e-02	2.09357775e-04
3.35000000e-01	1.65057695e-02	2.08200589e-04
3.35500000e-01	1.63834083e-02	2.07062359e-04
3.36000000e-01	1.63121852e-02	2.06377236e-04
3.36500000e-01	1.64215160e-02	2.07436644e-04
3.37000000e-01	1.64762225e-02	2.07519922e-04
3.37500000e-01	1.64803894e-02	2.07105570e-04
3.38000000e-01	1.64362609e-02	2.07720680e-04
3.38500000e-01	1.63403606e-02	2.05809461e-04
3.39000000e-01	1.62980825e-02	2.05896070e-04
3.39500000e-01	1.63833252e-02	2.05675273e-04
3.40000000e-01	1.62438603e-02	2.04116076e-04
3.40500000e-01	1.62031839e-02	2.03376939e-04
3.41000000e-01	1.63210031e-02	2.04277282e-04
3.41500000e-01	1.60724733e-02	2.02031707e-04
3.42000000e-01	1.64593956e-02	2.05927342e-04
3.42500000e-01	1.62667175e-02	2.03672565e-04
3.43000000e-01	1.62506741e-02	2.03439845e-04
3.43500000e-01	1.63477999e-02	2.03595317e-04
3.44000000e-01	1.62128973e-02	2.02021296e-04
3.44500000e-01	1.59814453e-02	1.99841168e-04
3.45000000e-01	1.63655828e-02	2.04601815e-04
3.45500000e-01	1.62854578e-02	2.02427106e-04
3.46000000e-01	1.61471386e-02	2.01496407e-04
3.46500000e-01	1.60730947e-02	2.00904366e-04
3.47000000e-01	1.61556838e-02	2.00485094e-04
3.47500000e-01	1.61958909e-02	2.01038082e-04
3.48000000e-01	1.63222371e-02	2.02729112e-04
3.48500000e-01	1.60472548e-02	1.99697456e-04
3.49000000e-01	1.62515905e-02	2.01248547e-04
3.49500000e-01	1.62993318e-02	2.01857424e-04
3.50000000e-01	1.60743856e-02	1.62889693e-04
3.51000000e-01	1.60644552e-02	1.40796743e-04
3.52000000e-01	1.61845694e-02	1.41824121e-04
3.53000000e-01	1.61245689e-02	1.40550343e-04
3.54000000e-01	1.60802507e-02	1.39961352e-04
3.55000000e-01	1.61404081e-02	1.40354607e-04
3.56000000e-01	1.61209694e-02	1.40835719e-04
3.57000000e-01	1.61120890e-02	1.43401680e-04
3.58000000e-01	1.59972510e-02	1.43497856e-04
3.59000000e-01	1.58813879e-02	1.43806880e-04
3.60000000e-01	1.59334597e-02	1.45059964e-04
3.61000000e-01	1.58829913e-02	1.45145520e-04
3.62000000e-01	1.58624473e-02	1.45670578e-04
3.63000000e-01	1.58070207e-02	1.45630113e-04
3.64000000e-01	1.57799413e-02	1.45953817e-04
3.65000000e-01	1.58441088e-02	1.47041074e-04
3.66000000e-01	1.57439099e-02	1.44657474e-04
3.67000000e-01	1.57289667e-02	1.41975910e-04
3.68000000e-01	1.57955100e-02	1.41717601e-04
3.69000000e-01	1.58676672e-02	1.41479803e-04
3.70000000e-01	1.57952450e-02	1.40465228e-04
3.71000000e-01	1.56366789e-02	1.40628660e-04
3.72000000e-01	1.59234434e-02	1.44124318e-04
3.73000000e-01	1.57441877e-02	1.43040422e-04
3.74000000e-01	1.57806322e-02	1.43244502e-04
3.75000000e-01	1.57019040e-02	1.42854930e-04
3.76000000e-01	1.57440520e-02	1.43307343e-04
3.77000000e-01	1.56898564e-02	1.42634561e-04
3.78000000e-01	1.55964540e-02	1.42073617e-04
3.79000000e-01	1.55783998e-02	1.41862976e-04
3.80000000e-01	1.57018483e-02	1.42282493e-04
3.81000000e-01	1.54800270e-02	1.40663115e-04
3.82000000e-01	1.56775172e-02	1.42473160e-04
3.83000000e-01	1.56469751e-02	1.41517596e-04
3.84000000e-01	1.55344612e-02	1.40899098e-04
3.85000000e-01	1.55938876e-02	1.41253160e-04
3.86000000e-01	1.55394624e-02	1.41076670e-04
3.87000000e-01	1.55914663e-02	1.41335702e-04
3.88000000e-01	1.56614977e-02	1.41783385e-04
3.89000000e-01	1.55145186e-02	1.40689674e-04
3.90000000e-01	1.54386678e-02	1.39769740e-04
3.91000000e-01	1.56059259e-02	1.41077500e-04
3.92000000e-01	1.54790986e-02	1.39883708e-04
3.93000000e-01	1.55209243e-02	1.40286701e-04
3.94000000e-01	1.56362803e-02	1.41206100e-04
3.95000000e-01	1.55161848e-02	1.40365554e-04
3.96000000e-01	1.54551864e-02	1.39547123e-04
3.97000000e-01	1.54120282e-02	1.39441628e-04
3.98000000e-01	1.55040594e-02	1.40174929e-04
3.99000000e-01	1.53049298e-02	1.38998038e-04
4.00000000e-01	1.52711426e-02	1.38390005e-04
4.01000000e-01	1.54262430e-02	1.39396853e-04
4.02000000e-01	1.53759823e-02	1.39036828e-04
4.03000000e-01	1.52956919e-02	1.38554541e-04
4.04000000e-01	1.54163851e-02	1.39419592e-04
4.05000000e-01	1.54090585e-02	1.38957412e-04
4.06000000e-01	1.52992570e-02	1.38540317e-04
4.07000000e-01	1.52225670e-02	1.37535823e-04
4.08000000e-01	1.53682304e-02	1.38836566e-04
4.09000000e-01	1.53130869e-02	1.38364778e-04
4.10000000e-01	1.52459364e-02	1.37481621e-04
4.11000000e-01	1.52451078e-02	1.37348959e-04
4.12000000e-01	1.51871595e-02	1.36808499e-04
4.13000000e-01	1.53380366e-02	1.38485519e-04
4.14000000e-01	1.52095912e-02	1.37032874e-04
4.15000000e-01	1.52164892e-02	1.37116918e-04
4.16000000e-01	1.51460157e-02	1.36508645e-04
4.17000000e-01	1.52223254e-02	1.37028720e-04
4.18000000e-01	1.51713226e-02	1.38390996e-04
4.19000000e-01	1.52752046e-02	1.41279322e-04
4.20000000e-01	1.53435538e-02	1.41697966e-04
4.21000000e-01	1.53033116e-02	1.41942521e-04
4.22000000e-01	1.52058198e-02	1.41774601e-04
4.23000000e-01	1.53173034e-02	1.43359292e-04
4.24000000e-01	1.51825544e-02	1.42750290e-04
4.25000000e-01	1.51763521e-02	1.42951740e-04
4.26000000e-01	1.51249533e-02	1.42299284e-04
4.27000000e-01	1.52146992e-02	1.43298149e-04
4.28000000e-01	1.52290854e-02	1.43553999e-04
4.29000000e-01	1.51811026e-02	1.43306367e-04
4.30000000e-01	1.51045202e-02	1.42602914e-04
4.31000000e-01	1.51879767e-02	1.42871068e-04
4.32000000e-01	1.50441739e-02	1.42349277e-04
4.33000000e-01	1.50591058e-02	1.42278903e-04
4.34000000e-01	1.51590528e-02	1.42872313e-04
4.35000000e-01	1.51381935e-02	1.43659274e-04
4.36000000e-01	1.49577470e-02	1.41709662e-04
4.37000000e-01	1.52316632e-02	1.44258049e-04
4.38000000e-01	1.51229382e-02	1.43576351e-04
4.39000000e-01	1.50880437e-02	1.43762955e-04
4.40000000e-01	1.50970516e-02	1.43849200e-04
4.41000000e-01	1.49711556e-02	1.43391542e-04
4.42000000e-01	1.49495900e-02	1.43318558e-04
4.43000000e-01	1.51657167e-02	1.45021747e-04
4.44000000e-01	1.49914839e-02	1.43649616e-04
4.45000000e-01	1.50273759e-02	1.44299586e-04
4.46000000e-01	1.50121702e-02	1.44050101e-04
4.47000000e-01	1.49871884e-02	1.44217688e-04
4.48000000e-01	1.49269957e-02	1.43605153e-04
4.49000000e-01	1.50491198e-02	1.44833336e-04
4.50000000e-01	1.50771722e-02	1.45523803e-04
4.51000000e-01	1.48513261e-02	1.43117400e-04
4.52000000e-01	1.49020887e-02	1.43715152e-04
4.53000000e-01	1.50158549e-02	1.45084054e-04
4.54000000e-01	1.49325636e-02	1.44562554e-04
4.55000000e-01	1.49753946e-02	1.44983920e-04
4.56000000e-01	1.48899641e-02	1.44030148e-04
4.57000000e-01	1.49627600e-02	1.44856084e-04
4.58000000e-01	1.47498897e-02	1.43521255e-04
4.59000000e-01	1.48639977e-02	1.44667193e-04
4.60000000e-01	1.48673679e-02	1.44055782e-04
4.61000000e-01	1.47338270e-02	1.44027947e-04
4.62000000e-01	1.47623239e-02	1.43939250e-04
4.63000000e-01	1.48056062e-02	1.44602995e-04
4.64000000e-01	1.49125617e-02	1.45461353e-04
4.65000000e-01	1.48727049e-02	1.45172814e-04
4.66000000e-01	1.47543857e-02	1.43679748e-04
4.67000000e-01	1.46656257e-02	1.44063130e-04
4.68000000e-01	1.48795876e-02	1.45557291e-04
4.69000000e-01	1.48863747e-02	1.45739895e-04
4.70000000e-01	1.47617543e-02	1.44650225e-04
4.71000000e-01	1.48145656e-02	1.45411903e-04
4.72000000e-01	1.46465921e-02	1.43217524e-04
4.73000000e-01	1.47901642e-02	1.44532563e-04
4.74000000e-01	1.47063347e-02	1.43729284e-04
4.75000000e-01	1.47302752e-02	1.44493204e-04
4.76000000e-01	1.47119638e-02	1.43637127e-04
4.77000000e-01	1.47734434e-02	1.45005391e-04
4.78000000e-01	1.47741921e-02	1.44853460e-04
4.79000000e-01	1.47229445e-02	1.44183384e-04
4.80000000e-01	1.45497334e-02	1.42752000e-04
4.81000000e-01	1.46835604e-02	1.44005421e-04
4.82000000e-01	1.45546059e-02	1.42857851e-04
4.83000000e-01	1.45050531e-02	1.42524457e-04
4.84000000e-01	1.45625644e-02	1.43441532e-04
4.85000000e-01	1.47023839e-02	1.44160514e-04
4.86000000e-01	1.45774995e-02	1.43411552e-04
4.87000000e-01	1.46487828e-02	1.44450939e-04
4.88000000e-01	1.46599802e-02	1.44308850e-04
4.89000000e-01	1.47111215e-02	1.44751410e-04
4.90000000e-01	1.45791792e-02	1.43519911e-04
4.91000000e-01	1.46524530e-02	1.44455611e-04
4.92000000e-01	1.45585885e-02	1.43950330e-04
4.93000000e-01	1.44532230e-02	1.42843368e-04
4.94000000e-01	1.45620910e-02	1.44184089e-04
4.95000000e-01	1.45562352e-02	1.44946509e-04
4.96000000e-01	1.45647325e-02	1.49137357e-04
4.97000000e-01	1.44329788e-02	1.51019362e-04
4.98000000e-01	1.45025135e-02	1.53391076e-04
4.99000000e-01	1.44141970e-02	1.54400376e-04
5.00000000e-01	1.42810312e-02	1.55024464e-04
5.01000000e-01	1.44111367e-02	1.57471135e-04
5.02000000e-01	1.45069549e-02	1.60024939e-04
5.03000000e-01	1.44482702e-02	1.60794736e-04
5.04000000e-01	1.45995072e-02	1.64093856e-04
5.05000000e-01	1.44877868e-02	1.60318910e-04
5.06000000e-01	1.46366669e-02	1.57977469e-04
5.07000000e-01	1.44643772e-02	1.54506346e-04
5.08000000e-01	1.45111933e-02	1.54441061e-04
5.09000000e-01	1.43587507e-02	1.52604323e-04
5.10000000e-01	1.44486843e-02	1.52879397e-04
5.11000000e-01	1.43189190e-02	1.50457174e-04
5.12000000e-01	1.43144616e-02	1.50911293e-04
5.13000000e-01	1.44790687e-02	1.51779519e-04
5.14000000e-01	1.44325568e-02	1.50798033e-04
5.15000000e-01	1.44936623e-02	1.51157435e-04
5.16000000e-01	1.43606407e-02	1.49788732e-04
5.17000000e-01	1.43406849e-02	1.49256414e-04
5.18000000e-01	1.42352992e-02	1.48150297e-04
5.19000000e-01	1.42914010e-02	1.48180630e-04
5.20000000e-01	1.43912111e-02	1.48376941e-04
5.21000000e-01	1.42726652e-02	1.47801587e-04
5.22000000e-01	1.43636518e-02	1.48377026e-04
5.23000000e-01	1.44084395e-02	1.48089440e-04
5.24000000e-01	1.43429600e-02	1.48177817e-04
5.25000000e-01	1.43026011e-02	1.47186228e-04
5.26000000e-01	1.43037639e-02	1.47641021e-04
5.27000000e-01	1.42488447e-02	1.47013463e-04
5.28000000e-01	1.42759136e-02	1.47732455e-04
5.29000000e-01	1.42383186e-02	1.47254247e-04
5.30000000e-01	1.43185270e-02	1.47868206e-04
5.31000000e-01	1.42092203e-02	1.47064431e-04
5.32000000e-01	1.41281734e-02	1.45905883e-04
5.33000000e-01	1.41988621e-02	1.46303451e-04
5.34000000e-01	1.42033778e-02	1.46800711e-04
5.35000000e-01	1.41414768e-02	1.45906349e-04
5.36000000e-01	1.42339116e-02	1.47156659e-04
5.37000000e-01	1.42103580e-02	1.46810500e-04
5.38000000e-01	1.43128052e-02	1.47062218e-04
5.39000000e-01	1.42220524e-02	1.46781406e-04
5.40000000e-01	1.41412218e-02	1.45518203e-04
5.41000000e-01	1.40838180e-02	1.45234467e-04
5.42000000e-01	1.42051714e-02	1.46607375e-04
5.43000000e-01	1.40760499e-02	1.45294079e-04
5.44000000e-01	1.40448762e-02	1.44864278e-04
5.45000000e-01	1.40890765e-02	1.45239720e-04
5.46000000e-01	1.42590270e-02	1.46844885e-04
5.47000000e-01	1.42214523e-02	1.46749190e-04
5.48000000e-01	1.39956177e-02	1.44308338e-04
5.49000000e-01	1.39432357e-02	1.43368921e-04
5.50000000e-01	1.40891337e-02	1.45024661e-04
5.51000000e-01	1.40500595e-02	1.45063015e-04
5.52000000e-01	1.39189889e-02	1.43251984e-04
5.53000000e-01	1.38832172e-02	1.42767223e-04
5.54000000e-01	1.40079647e-02	1.43699969e-04
5.55000000e-01	1.39547752e-02	1.43284530e-04
5.56000000e-01	1.40131689e-02	1.43585571e-04
5.57000000e-01	1.38254190e-02	1.41990093e-04
5.58000000e-01	1.38849856e-02	1.42404355e-04
5.59000000e-01	1.40116279e-02	1.43356923e-04
5.60000000e-01	1.39009307e-02	1.42777310e-04
5.61000000e-01	1.41026311e-02	1.44547871e-04
5.62000000e-01	1.39262568e-02	1.42573216e-04
5.63000000e-01	1.39759467e-02	1.43229565e-04
5.64000000e-01	1.39010746e-02	1.43228177e-04
5.65000000e-01	1.38235306e-02	1.41971368e-04
5.66000000e-01	1.38991663e-02	1.42391707e-04
5.67000000e-01	1.38301731e-02	1.42265646e-04
5.68000000e-01	1.37670049e-02	1.41614044e-04
5.69000000e-01	1.38013128e-02	1.41259616e-04
5.70000000e-01	1.37426229e-02	1.40926918e-04
5.71000000e-01	1.37674065e-02	1.41492461e-04
5.72000000e-01	1.36804630e-02	1.40793021e-04
5.73000000e-01	1.39158457e-02	1.43109359e-04
5.74000000e-01	1.38386865e-02	1.41757707e-04
5.75000000e-01	1.37090528e-02	1.40734119e-04
5.76000000e-01	1.37177459e-02	1.40808410e-04
5.77000000e-01	1.36101060e-02	1.40181322e-04
5.78000000e-01	1.38296055e-02	1.42567723e-04
5.79000000e-01	1.35813600e-02	1.39957360e-04
5.80000000e-01	1.36023060e-02	1.40237259e-04
5.81000000e-01	1.37319632e-02	1.41033643e-04
5.82000000e-01	1.35219298e-02	1.39490749e-04
5.83000000e-01	1.36871005e-02	1.41428242e-04
5.84000000e-01	1.36452477e-02	1.40396295e-04
5.85000000e-01	1.35648049e-02	1.39646009e-04
5.86000000e-01	1.35790505e-02	1.39993396e-04
5.87000000e-01	1.36634145e-02	1.40546366e-04
5.88000000e-01	1.36843027e-02	1.40675818e-04
5.89000000e-01	1.35457120e-02	1.39643500e-04
5.90000000e-01	1.35135752e-02	1.39771739e-04
5.91000000e-01	1.36510971e-02	1.40967019e-04
5.92000000e-01	1.36661419e-02	1.40945663e-04
5.93000000e-01	1.36915250e-02	1.41327756e-04
5.94000000e-01	1.35675785e-02	1.40160150e-04
5.95000000e-01	1.35308188e-02	1.39720111e-04
5.96000000e-01	1.36634895e-02	1.41256277e-04
5.97000000e-01	1.36485194e-02	1.40466248e-04
5.98000000e-01	1.34435969e-02	1.38970081e-04
5.99000000e-01	1.35189150e-02	1.39603144e-04
6.00000000e-01	1.35051266e-02	1.39318691e-04
6.01000000e-01	1.35873878e-02	1.40260413e-04
6.02000000e-01	1.33521023e-02	1.38297345e-04
6.03000000e-01	1.34897579e-02	1.39670868e-04
6.04000000e-01	1.35045169e-02	1.39903826e-04
6.05000000e-01	1.35429478e-02	1.39769863e-04
6.06000000e-01	1.35741804e-02	1.40228734e-04
6.07000000e-01	1.33895700e-02	1.38849434e-04
6.08000000e-01	1.34066148e-02	1.38862149e-04
6.09000000e-01	1.33732634e-02	1.38279189e-04
6.10000000e-01	1.35148801e-02	1.39759897e-04
6.11000000e-01	1.35073874e-02	1.40036022e-04
6.12000000e-01	1.34056869e-02	1.38438979e-04
6.13000000e-01	1.35355218e-02	1.39917947e-04
6.14000000e-01	1.34271739e-02	1.38769245e-04
6.15000000e-01	1.34198124e-02	1.38899962e-04
6.16000000e-01	1.33161602e-02	1.38053927e-04
6.17000000e-01	1.33545166e-02	1.38521068e-04
6.18000000e-01	1.34621555e-02	1.39539298e-04
6.19000000e-01	1.33117005e-02	1.37648531e-04
6.20000000e-01	1.34336372e-02	1.38779648e-04
6.21000000e-01	1.33261923e-02	1.37424398e-04
6.22000000e-01	1.33485444e-02	1.37745608e-04
6.23000000e-01	1.32476505e-02	1.36814937e-04
6.24000000e-01	1.31962007e-02	1.36108272e-04
6.25000000e-01	1.32509353e-02	1.36521592e-04
6.26000000e-01	1.30805568e-02	1.34748106e-04
6.27000000e-01	1.33853660e-02	1.37988550e-04
6.28000000e-01	1.32937281e-02	1.36631661e-04
6.29000000e-01	1.33598113e-02	1.37740288e-04
6.30000000e-01	1.30707376e-02	1.35043000e-04
6.31000000e-01	1.32928403e-02	1.36702541e-04
6.32000000e-01	1.33083890e-02	1.37297583e-04
6.33000000e-01	1.32297660e-02	1.36011527e-04
6.34000000e-01	1.32503817e-02	1.39985872e-04
6.35000000e-01	1.32424369e-02	1.44226681e-04
6.36000000e-01	1.34248885e-02	1.47934413e-04
6.37000000e-01	1.33369115e-02	1.50061642e-04
6.38000000e-01	1.30756201e-02	1.48814706e-04
6.39000000e-01	1.30916133e-02	1.51210939e-04
6.40000000e-01	1.34287197e-02	1.56363147e-04
6.41000000e-01	1.31718888e-02	1.55800289e-04
6.42000000e-01	1.33747240e-02	1.59720292e-04
6.43000000e-01	1.30302052e-02	1.56109215e-04
6.44000000e-01	1.32484237e-02	1.52152205e-04
6.45000000e-01	1.32719688e-02	1.49870066e-04
6.46000000e-01	1.33195376e-02	1.49192002e-04
6.47000000e-01	1.32520555e-02	1.47101351e-04
6.48000000e-01	1.32472595e-02	1.46763118e-04
6.49000000e-01	1.33156886e-02	1.46381707e-04
6.50000000e-01	1.31714563e-02	1.44572599e-04
6.51000000e-01	1.33410205e-02	1.45539660e-04
6.52000000e-01	1.32140808e-02	1.43729425e-04
6.53000000e-01	1.30995272e-02	1.42060217e-04
6.54000000e-01	1.31592401e-02	1.42382872e-04
6.55000000e-01	1.32459357e-02	1.42478064e-04
6.56000000e-01	1.31261200e-02	1.41279168e-04
6.57000000e-01	1.31450884e-02	1.41409887e-04
6.58000000e-01	1.32050994e-02	1.41841964e-04
6.59000000e-01	1.31799371e-02	1.41058618e-04
6.60000000e-01	1.33079473e-02	1.42630832e-04
6.61000000e-01	1.32698615e-02	1.41461268e-04
6.62000000e-01	1.32388589e-02	1.42090785e-04
6.63000000e-01	1.31660910e-02	1.41038897e-04
6.64000000e-01	1.30237764e-02	1.39456486e-04
6.65000000e-01	1.30606773e-02	1.39926617e-04
6.66000000e-01	1.31779249e-02	1.40795938e-04
6.67000000e-01	1.30870285e-02	1.39553216e-04
6.68000000e-01	1.29812875e-02	1.38782157e-04
6.69000000e-01	1.31481702e-02	1.40838572e-04
6.70000000e-01	1.31661940e-02	1.40447171e-04
6.71000000e-01	1.30804963e-02	1.39553281e-04
6.72000000e-01	1.30994488e-02	1.39851503e-04
6.73000000e-01	1.32722831e-02	1.40902843e-04
6.74000000e-01	1.31489571e-02	1.40268321e-04
6.75000000e-01	1.31918785e-02	1.40629213e-04
6.76000000e-01	1.30056740e-02	1.38806949e-04
6.77000000e-01	1.30928469e-02	1.39559288e-04
6.78000000e-01	1.31355907e-02	1.39713237e-04
6.79000000e-01	1.30833802e-02	1.38979593e-04
6.80000000e-01	1.29962844e-02	1.38426122e-04
6.81000000e-01	1.31333495e-02	1.39505189e-04
6.82000000e-01	1.29665849e-02	1.37905751e-04
6.83000000e-01	1.30816863e-02	1.39266824e-04
6.84000000e-01	1.28441264e-02	1.37204988e-04
6.85000000e-01	1.29984394e-02	1.38940387e-04
6.86000000e-01	1.29300450e-02	1.37651646e-04
6.87000000e-01	1.28078861e-02	1.36628547e-04
6.88000000e-01	1.29223164e-02	1.37500454e-04
6.89000000e-01	1.30086061e-02	1.37926247e-04
6.90000000e-01	1.28277696e-02	1.36504997e-04
6.91000000e-01	1.30304358e-02	1.38481285e-04
6.92000000e-01	1.30247798e-02	1.38313157e-04
6.93000000e-01	1.28353751e-02	1.36981461e-04
6.94000000e-01	1.28375639e-02	1.36930369e-04
6.95000000e-01	1.27661633e-02	1.35534490e-04
6.96000000e-01	1.27899544e-02	1.36134254e-04
6.97000000e-01	1.28911808e-02	1.36481612e-04
6.98000000e-01	1.29673698e-02	1.37821544e-04
6.99000000e-01	1.29859697e-02	1.38068251e-04
7.00000000e-01	1.29643949e-02	1.37615532e-04
7.01000000e-01	1.28185512e-02	1.36136870e-04
7.02000000e-01	1.29667200e-02	1.37966251e-04
7.03000000e-01	1.28813088e-02	1.36708309e-04
7.04000000e-01	1.28745615e-02	1.36524020e-04
7.05000000e-01	1.27883069e-02	1.35987146e-04
7.06000000e-01	1.27033588e-02	1.35483400e-04
7.07000000e-01	1.28174456e-02	1.35855226e-04
7.08000000e-01	1.26954932e-02	1.34442331e-04
7.09000000e-01	1.27987547e-02	1.36160547e-04
7.10000000e-01	1.26561816e-02	1.34172365e-04
7.11000000e-01	1.26063097e-02	1.34370843e-04
7.12000000e-01	1.28151796e-02	1.35899781e-04
7.13000000e-01	1.26634761e-02	1.34284313e-04
7.14000000e-01	1.27407023e-02	1.34992265e-04
7.15000000e-01	1.27808545e-02	1.35591557e-04
7.16000000e-01	1.27425210e-02	1.35455520e-04
7.17000000e-01	1.26533313e-02	1.34687996e-04
7.18000000e-01	1.27120565e-02	1.34913217e-04
7.19000000e-01	1.27031675e-02	1.34740441e-04
7.20000000e-01	1.27215031e-02	1.35759929e-04
7.21000000e-01	1.26224260e-02	1.34290113e-04
7.22000000e-01	1.25219182e-02	1.33379163e-04
7.23000000e-01	1.26745305e-02	1.34620724e-04
7.24000000e-01	1.26256068e-02	1.33969497e-04
7.25000000e-01	1.26509287e-02	1.34625668e-04
7.26000000e-01	1.25729106e-02	1.33055688e-04
7.27000000e-01	1.25901311e-02	1.34118182e-04
7.28000000e-01	1.24933267e-02	1.33114850e-04
7.29000000e-01	1.26959426e-02	1.34985693e-04
7.30000000e-01	1.25936286e-02	1.33896554e-04
7.31000000e-01	1.24433060e-02	1.32327750e-04
7.32000000e-01	1.25267301e-02	1.33170869e-04
7.33000000e-01	1.24048437e-02	1.31940081e-04
7.34000000e-01	1.25584282e-02	1.33684394e-04
7.35000000e-01	1.24051400e-02	1.31649389e-04
7.36000000e-01	1.24374582e-02	1.31748947e-04
7.37000000e-01	1.24276688e-02	1.31194613e-04
7.38000000e-01	1.23335834e-02	1.31127667e-04
7.39000000e-01	1.24452012e-02	1.31471588e-04
7.40000000e-01	1.24837751e-02	1.31223678e-04
7.41000000e-01	1.24303912e-02	1.30666609e-04
7.42000000e-01	1.23483078e-02	1.30253106e-04
7.43000000e-01	1.23596083e-02	1.30403823e-04
7.44000000e-01	1.23391375e-02	1.29865625e-04
7.45000000e-01	1.23598680e-02	1.30579024e-04
7.46000000e-01	1.23677879e-02	1.30351950e-04
7.47000000e-01	1.23385454e-02	1.29936814e-04
7.48000000e-01	1.23393656e-02	1.30251887e-04
7.49000000e-01	1.23388105e-02	1.29997136e-04
7.50000000e-01	1.24265321e-02	1.31039985e-04
7.51000000e-01	1.22838433e-02	1.29339814e-04
7.52000000e-01	1.22359886e-02	1.29370295e-04
7.53000000e-01	1.23209637e-02	1.30262327e-04
7.54000000e-01	1.22575563e-02	1.29244320e-04
7.55000000e-01	1.22659990e-02	1.29246303e-04
7.56000000e-01	1.23757299e-02	1.30689279e-04
7.57000000e-01	1.22386515e-02	1.29165106e-04
7.58000000e-01	1.21791908e-02	1.28422217e-04
7.59000000e-01	1.22752600e-02	1.29340019e-04
7.60000000e-01	1.22587040e-02	1.29209199e-04
7.61000000e-01	1.22656608e-02	1.28919559e-04
7.62000000e-01	1.21535356e-02	1.27994901e-04
7.63000000e-01	1.22284330e-02	1.27846443e-04
7.64000000e-01	1.21943605e-02	1.27681372e-04
7.65000000e-01	1.21109594e-02	1.26919326e-04
7.66000000e-01	1.21210088e-02	1.26923290e-04
7.67000000e-01	1.20658919e-02	1.26326257e-04
7.68000000e-01	1.22163851e-02	1.27854602e-04
7.69000000e-01	1.20558220e-02	1.25929776e-04
7.70000000e-01	1.21221968e-02	1.27005712e-04
7.71000000e-01	1.21391903e-02	1.26870576e-04
7.72000000e-01	1.21621003e-02	1.30876606e-04
7.73000000e-01	1.20408257e-02	1.34320611e-04
7.74000000e-01	1.19919231e-02	1.35837527e-04
7.75000000e-01	1.19530077e-02	1.37721123e-04
7.76000000e-01	1.19643089e-02	1.40192213e-04
7.77000000e-01	1.21461679e-02	1.44548944e-04
7.78000000e-01	1.21228863e-02	1.46094111e-04
7.79000000e-01	1.21059042e-02	1.47851039e-04
7.80000000e-01	1.19970777e-02	1.48426897e-04
7.81000000e-01	1.20096180e-02	1.50341562e-04
7.82000000e-01	1.20449125e-02	1.52007209e-04
7.83000000e-01	1.18776041e-02	1.51472249e-04
7.84000000e-01	1.19171930e-02	1.54264622e-04
7.85000000e-01	1.19117861e-02	1.55268862e-04
7.86000000e-01	1.18183150e-02	1.56906101e-04
7.87000000e-01	1.19293094e-02	1.58497148e-04
7.88000000e-01	1.20096572e-02	1.61342100e-04
7.89000000e-01	1.19080448e-02	1.61200915e-04
7.90000000e-01	1.19111875e-02	1.63776269e-04
7.91000000e-01	1.18477160e-02	1.64189092e-04
7.92000000e-01	1.18832967e-02	1.65596643e-04
7.93000000e-01	1.18744556e-02	1.67208601e-04
7.94000000e-01	1.18704717e-02	1.69812187e-04
7.95000000e-01	1.19487937e-02	1.72333437e-04
7.96000000e-01	1.17980552e-02	1.71786608e-04
7.97000000e-01	1.18139656e-02	1.73889171e-04
7.98000000e-01	1.17267062e-02	1.74758920e-04
7.99000000e-01	1.20403417e-02	1.81003156e-04
8.00000000e-01	1.17113175e-02	1.77983583e-04
8.01000000e-01	1.17193077e-02	1.80616569e-04
8.02000000e-01	1.18948433e-02	1.84934448e-04
8.03000000e-01	1.17068167e-02	1.83231979e-04
8.04000000e-01	1.16097543e-02	1.83145835e-04
8.05000000e-01	1.16499956e-02	1.86481992e-04
8.06000000e-01	1.15593043e-02	1.87988130e-04
8.07000000e-01	1.14679490e-02	1.88137652e-04
8.08000000e-01	1.17772895e-02	1.93941849e-04
8.09000000e-01	1.17773052e-02	1.97149169e-04
8.10000000e-01	1.15569930e-02	1.95819952e-04
8.11000000e-01	1.15725788e-02	1.98658294e-04
8.12000000e-01	1.14697067e-02	1.97654071e-04
8.13000000e-01	1.16823637e-02	2.03730207e-04
8.14000000e-01	1.14845189e-02	2.05273074e-04
8.15000000e-01	1.17279158e-02	2.10787410e-04
8.16000000e-01	1.15504411e-02	2.08765197e-04
8.17000000e-01	1.16935019e-02	2.15040501e-04
8.18000000e-01	1.15355695e-02	2.14484282e-04
8.19000000e-01	1.13642205e-02	2.14219508e-04
8.20000000e-01	1.14381193e-02	2.19508375e-04
8.21000000e-01	1.15335074e-02	2.21770329e-04
8.22000000e-01	1.13763238e-02	2.23098057e-04
8.23000000e-01	1.15218527e-02	2.28198741e-04
8.24000000e-01	1.12559350e-02	2.28199248e-04
8.25000000e-01	1.13836116e-02	2.33747264e-04
8.26000000e-01	1.11466585e-02	2.32686712e-04
8.27000000e-01	1.14160356e-02	2.38742829e-04
8.28000000e-01	1.12908448e-02	2.42685102e-04
8.29000000e-01	1.14623849e-02	2.48271348e-04
8.30000000e-01	1.11884914e-02	2.44433154e-04
8.31000000e-01	1.12403000e-02	2.51825238e-04
8.32000000e-01	1.13088266e-02	2.59123388e-04
8.33000000e-01	1.14064891e-02	2.64209338e-04
8.34000000e-01	1.15585211e-02	2.69799606e-04
8.35000000e-01	1.13724165e-02	2.71126603e-04
8.36000000e-01	1.12290218e-02	2.72630096e-04
8.37000000e-01	1.14636195e-02	2.85960704e-04
8.38000000e-01	1.11427639e-02	2.84808181e-04
8.39000000e-01	1.10217095e-02	2.88941344e-04
8.40000000e-01	1.12054773e-02	2.96462549e-04
8.41000000e-01	1.14552785e-02	3.09854683e-04
8.42000000e-01	1.09258410e-02	3.04280195e-04
8.43000000e-01	1.10139211e-02	3.13088762e-04
8.44000000e-01	1.08609848e-02	3.17448932e-04
8.45000000e-01	1.11545657e-02	3.34895626e-04
8.46000000e-01	1.09359555e-02	3.33694540e-04
8.47000000e-01	1.07495267e-02	3.41755182e-04
8.48000000e-01	1.13151345e-02	3.68042406e-04
8.49000000e-01	1.09102191e-02	3.69851584e-04
8.50000000e-01	1.10721832e-02	3.87170564e-04
8.51000000e-01	1.12057177e-02	4.06452817e-04
8.52000000e-01	1.09437367e-02	4.12024524e-04
8.53000000e-01	1.11462080e-02	4.36344018e-04
8.54000000e-01	1.12127842e-02	4.56848887e-04
8.55000000e-01	1.11216271e-02	4.71383562e-04
8.56000000e-01	1.01804920e-02	4.43147449e-04
8.57000000e-01	1.13103564e-02	4.99925072e-04
8.58000000e-01	1.06991588e-02	4.85119564e-04
8.59000000e-01	1.02537872e-02	4.97547276e-04
8.60000000e-01	1.07341011e-02	5.33408972e-04
8.61000000e-01	1.13161438e-02	5.61268016e-04
8.62000000e-01	1.08477054e-02	5.73776125e-04
8.63000000e-01	1.09160635e-02	5.91357368e-04
8.64000000e-01	1.11257488e-02	6.38137635e-04
8.65000000e-01	1.06542374e-02	6.43198058e-04
8.66000000e-01	1.05022808e-02	6.62311650e-04
8.67000000e-01	1.15809979e-02	7.54453422e-04
8.68000000e-01	1.06400082e-02	7.59249113e-04
8.69000000e-01	1.12084403e-02	8.55625340e-04
8.70000000e-01	1.10954648e-02	9.22699058e-04
8.71000000e-01	1.15674629e-02	1.05621545e-03
8.72000000e-01	1.00377130e-02	1.05869265e-03
8.73000000e-01	9.89159279e-03	1.23377029e-03
8.74000000e-01	1.16018916e-02	1.86836670e-03
8.75000000e-01	9.84301843e-03	3.17381386e-03
