% Filename : SDL7_00012_00207.h5
% Date & Time : 30-Oct-2025 14:58:35
% X-ray Energy (keV) : 13.30001
% Exposure Time (s) : 0.500
% Beam Center : 1461.24000, 208.98300
% Sample to Detector Distance (SDD) (mm) : 1990.750
% Detector Pixel Size (mm) : 0.075
% Photodiode Value : 136121.000
% I0 of Sample : 0
% I0 of Standard : 1
% 
% q(A^-1)   I(q)    I(q)_SE
0.00000000e+00	1.06180210e-02	5.63105531e-03
2.50000000e-04	0.00000000e+00	0.00000000e+00
5.00000000e-04	0.00000000e+00	0.00000000e+00
7.50000000e-04	0.00000000e+00	0.00000000e+00
1.00000000e-03	0.00000000e+00	0.00000000e+00
1.25000000e-03	0.00000000e+00	0.00000000e+00
1.50000000e-03	0.00000000e+00	0.00000000e+00
1.75000000e-03	0.00000000e+00	0.00000000e+00
2.00000000e-03	0.00000000e+00	0.00000000e+00
2.25000000e-03	0.00000000e+00	0.00000000e+00
2.50000000e-03	0.00000000e+00	0.00000000e+00
2.75000000e-03	0.00000000e+00	0.00000000e+00
3.00000000e-03	0.00000000e+00	0.00000000e+00
3.25000000e-03	5.57099468e+00	3.86755724e+00
3.50000000e-03	2.33738989e+00	7.99730442e-01
3.75000000e-03	1.65485069e+00	4.16996200e-01
4.00000000e-03	1.32365060e+00	2.89844154e-01
4.25000000e-03	8.61160307e-01	1.25254647e-01
4.50000000e-03	1.08313554e+00	1.89419186e-01
4.75000000e-03	1.15200069e+00	2.00542338e-01
5.00000000e-03	9.02159938e-01	1.46441434e-01
5.25000000e-03	7.53879616e-01	1.20144500e-01
5.50000000e-03	6.29605608e-01	9.53134064e-02
5.75000000e-03	5.48144997e-01	8.17263901e-02
6.00000000e-03	4.50690009e-01	6.37878225e-02
6.25000000e-03	3.88497390e-01	5.34527487e-02
6.50000000e-03	3.42478494e-01	4.60416233e-02
6.75000000e-03	2.97526614e-01	3.94660890e-02
7.00000000e-03	2.60408638e-01	3.34327700e-02
7.25000000e-03	2.32085158e-01	2.86694329e-02
7.50000000e-03	2.01157534e-01	2.44159038e-02
7.75000000e-03	1.87915952e-01	2.26583521e-02
8.00000000e-03	1.71846158e-01	2.09401126e-02
8.25000000e-03	1.49879978e-01	1.64240878e-02
8.50000000e-03	1.36477786e-01	1.49280530e-02
8.75000000e-03	1.22443499e-01	1.28866051e-02
9.00000000e-03	1.13688925e-01	1.23083110e-02
9.25000000e-03	1.01201435e-01	1.04757882e-02
9.50000000e-03	9.40686831e-02	9.39408226e-03
9.75000000e-03	8.79670323e-02	8.48818676e-03
1.00000000e-02	8.02380999e-02	7.75733404e-03
1.02500000e-02	7.58904442e-02	7.34219313e-03
1.05000000e-02	7.13126454e-02	6.71705844e-03
1.07500000e-02	6.74142202e-02	6.13603320e-03
1.10000000e-02	6.51759925e-02	5.60897048e-03
1.12500000e-02	5.91533783e-02	5.25452546e-03
1.15000000e-02	5.73965565e-02	4.78676807e-03
1.17500000e-02	5.14345365e-02	4.09185357e-03
1.20000000e-02	5.00975920e-02	4.13363030e-03
1.22500000e-02	4.81985031e-02	3.93973289e-03
1.25000000e-02	4.47662504e-02	3.54685564e-03
1.27500000e-02	4.48877781e-02	3.36968591e-03
1.30000000e-02	4.18779614e-02	3.17670817e-03
1.32500000e-02	4.03922173e-02	2.98974484e-03
1.35000000e-02	3.78844691e-02	2.74814233e-03
1.37500000e-02	3.73299481e-02	2.66550964e-03
1.40000000e-02	3.70079170e-02	2.49354187e-03
1.42500000e-02	3.71541342e-02	2.45619523e-03
1.45000000e-02	3.37985451e-02	2.24810608e-03
1.47500000e-02	3.43116955e-02	2.30935170e-03
1.50000000e-02	3.24025790e-02	2.15061826e-03
1.52500000e-02	3.13661886e-02	2.04106656e-03
1.55000000e-02	3.25796671e-02	2.02668228e-03
1.57500000e-02	2.96258302e-02	1.87584282e-03
1.60000000e-02	2.89714768e-02	1.76396991e-03
1.62500000e-02	2.99525946e-02	1.85264599e-03
1.65000000e-02	2.96096516e-02	1.75252888e-03
1.67500000e-02	2.82899084e-02	1.66853294e-03
1.70000000e-02	2.70066573e-02	1.56713501e-03
1.72500000e-02	2.66970045e-02	1.51803689e-03
1.75000000e-02	2.63960612e-02	1.51844187e-03
1.77500000e-02	2.56444937e-02	1.43836230e-03
1.80000000e-02	2.60423019e-02	1.44794833e-03
1.82500000e-02	2.61981187e-02	1.43086263e-03
1.85000000e-02	2.52950039e-02	1.42053811e-03
1.87500000e-02	2.65208545e-02	1.45685668e-03
1.90000000e-02	2.58445127e-02	1.41480802e-03
1.92500000e-02	2.50931566e-02	1.32480022e-03
1.95000000e-02	2.38568996e-02	1.25992260e-03
1.97500000e-02	2.42344883e-02	1.28799656e-03
2.00000000e-02	2.37649253e-02	1.23475099e-03
2.02500000e-02	2.49638421e-02	1.28636623e-03
2.05000000e-02	2.44614898e-02	1.23225525e-03
2.07500000e-02	2.40169360e-02	1.22468594e-03
2.10000000e-02	2.38073342e-02	1.21989957e-03
2.12500000e-02	2.45939910e-02	1.25458964e-03
2.15000000e-02	2.40730803e-02	1.24650422e-03
2.17500000e-02	2.29299148e-02	1.16912601e-03
2.20000000e-02	2.35212333e-02	1.19819536e-03
2.22500000e-02	2.31625265e-02	1.17799831e-03
2.25000000e-02	2.30117062e-02	1.18685018e-03
2.27500000e-02	2.32599929e-02	1.18547553e-03
2.30000000e-02	2.33574712e-02	1.20192328e-03
2.32500000e-02	2.26610035e-02	1.15838444e-03
2.35000000e-02	2.24475814e-02	1.14484065e-03
2.37500000e-02	2.23214801e-02	1.14048624e-03
2.40000000e-02	2.25851820e-02	1.14971071e-03
2.42500000e-02	2.30294468e-02	1.16443935e-03
2.45000000e-02	2.41546738e-02	1.21608118e-03
2.47500000e-02	2.37294994e-02	1.18034753e-03
2.50000000e-02	2.22282457e-02	1.10934379e-03
2.52500000e-02	2.23396931e-02	1.12707591e-03
2.55000000e-02	2.26386127e-02	1.12696169e-03
2.57500000e-02	2.31722884e-02	1.13202436e-03
2.60000000e-02	2.31482872e-02	1.14351210e-03
2.62500000e-02	2.20561693e-02	1.09461474e-03
2.65000000e-02	2.17002542e-02	1.08506508e-03
2.67500000e-02	2.17798857e-02	1.07914641e-03
2.70000000e-02	2.23505432e-02	1.10590865e-03
2.72500000e-02	2.20156305e-02	1.08417493e-03
2.75000000e-02	2.22215830e-02	1.09296332e-03
2.77500000e-02	2.28427216e-02	1.11727278e-03
2.80000000e-02	2.24065151e-02	1.08373671e-03
2.82500000e-02	2.17393484e-02	1.06263697e-03
2.85000000e-02	2.15866557e-02	1.06256283e-03
2.87500000e-02	2.23861237e-02	1.09955451e-03
2.90000000e-02	2.32171043e-02	1.13521240e-03
2.92500000e-02	2.24295291e-02	1.06621308e-03
2.95000000e-02	2.18281327e-02	1.05773441e-03
2.97500000e-02	2.26223277e-02	1.10611581e-03
3.00000000e-02	2.30676164e-02	1.10939194e-03
3.02500000e-02	2.29906368e-02	1.09856395e-03
3.05000000e-02	2.30645886e-02	1.09062130e-03
3.07500000e-02	2.35639445e-02	1.11353073e-03
3.10000000e-02	2.16349947e-02	1.03298841e-03
3.12500000e-02	2.31423356e-02	1.11919697e-03
3.15000000e-02	2.27879010e-02	1.08465007e-03
3.17500000e-02	2.16594476e-02	1.01285268e-03
3.20000000e-02	2.23329342e-02	1.05190622e-03
3.22500000e-02	2.21685304e-02	1.04989880e-03
3.25000000e-02	2.20989578e-02	1.04769292e-03
3.27500000e-02	2.19571972e-02	1.03750665e-03
3.30000000e-02	2.29536340e-02	1.05403641e-03
3.32500000e-02	2.22589755e-02	1.02777876e-03
3.35000000e-02	2.18853606e-02	1.03337284e-03
3.37500000e-02	2.29689156e-02	1.05961848e-03
3.40000000e-02	2.23787409e-02	1.03588446e-03
3.42500000e-02	2.19808170e-02	1.00209993e-03
3.45000000e-02	2.21282857e-02	1.01431168e-03
3.47500000e-02	2.12441522e-02	9.77658753e-04
3.50000000e-02	2.16199357e-02	9.97023770e-04
3.52500000e-02	2.11549262e-02	9.73510217e-04
3.55000000e-02	2.21821273e-02	1.00575264e-03
3.57500000e-02	2.15802934e-02	9.96593357e-04
3.60000000e-02	2.09389706e-02	9.46958134e-04
3.62500000e-02	2.19941680e-02	1.01285170e-03
3.65000000e-02	2.15643283e-02	9.74220106e-04
3.67500000e-02	2.20134254e-02	9.94174583e-04
3.70000000e-02	2.03910835e-02	9.22779818e-04
3.72500000e-02	2.17751784e-02	9.77938270e-04
3.75000000e-02	2.06281880e-02	9.35290207e-04
3.77500000e-02	2.12899170e-02	9.60950933e-04
3.80000000e-02	2.09787607e-02	9.39586438e-04
3.82500000e-02	2.14323643e-02	9.59520508e-04
3.85000000e-02	2.12389216e-02	9.46898369e-04
3.87500000e-02	2.08673945e-02	9.28657769e-04
3.90000000e-02	2.16736127e-02	9.72862338e-04
3.92500000e-02	2.07768745e-02	9.24903141e-04
3.95000000e-02	2.09237167e-02	9.36458433e-04
3.97500000e-02	2.16362244e-02	9.47264484e-04
4.00000000e-02	2.06323519e-02	9.03034119e-04
4.02500000e-02	2.14510357e-02	9.42220813e-04
4.05000000e-02	2.09966662e-02	9.17372308e-04
4.07500000e-02	2.05954300e-02	8.98609969e-04
4.10000000e-02	2.07285984e-02	9.18381444e-04
4.12500000e-02	2.13183498e-02	9.27852792e-04
4.15000000e-02	2.10297361e-02	9.04889760e-04
4.17500000e-02	2.04249929e-02	8.79652448e-04
4.20000000e-02	2.14934832e-02	9.11581034e-04
4.22500000e-02	2.05213172e-02	8.80893957e-04
4.25000000e-02	2.14728141e-02	9.13157699e-04
4.27500000e-02	2.10387944e-02	9.03148679e-04
4.30000000e-02	2.12808370e-02	9.05386510e-04
4.32500000e-02	2.11556342e-02	9.00328219e-04
4.35000000e-02	2.12469422e-02	9.08895852e-04
4.37500000e-02	2.08008973e-02	8.78454918e-04
4.40000000e-02	2.08852235e-02	8.91067308e-04
4.42500000e-02	2.18370027e-02	9.14960739e-04
4.45000000e-02	2.11375246e-02	8.82528396e-04
4.47500000e-02	2.07269290e-02	8.67981588e-04
4.50000000e-02	2.04911465e-02	8.64596082e-04
4.52500000e-02	2.09667161e-02	8.79280887e-04
4.55000000e-02	2.09652696e-02	8.76458939e-04
4.57500000e-02	2.09774614e-02	8.70062589e-04
4.60000000e-02	2.11375991e-02	8.83187880e-04
4.62500000e-02	2.13097956e-02	8.89625227e-04
4.65000000e-02	2.06908729e-02	8.56663542e-04
4.67500000e-02	2.02912687e-02	8.31822446e-04
4.70000000e-02	2.10352079e-02	8.64111696e-04
4.72500000e-02	2.02890451e-02	8.47110095e-04
4.75000000e-02	2.13308431e-02	8.98768763e-04
4.77500000e-02	2.07465652e-02	8.46129274e-04
4.80000000e-02	2.16796135e-02	8.80134514e-04
4.82500000e-02	2.06017996e-02	8.40352890e-04
4.85000000e-02	2.06911381e-02	8.54041205e-04
4.87500000e-02	2.08292865e-02	8.54120186e-04
4.90000000e-02	2.08473321e-02	8.43742677e-04
4.92500000e-02	2.03736997e-02	8.28023306e-04
4.95000000e-02	2.05426645e-02	8.35752772e-04
4.97500000e-02	2.06916123e-02	8.34733199e-04
5.00000000e-02	2.13472777e-02	8.55818198e-04
5.02500000e-02	2.04339289e-02	8.22532299e-04
5.05000000e-02	2.00616160e-02	8.04529763e-04
5.07500000e-02	2.11127849e-02	8.44192444e-04
5.10000000e-02	2.10571003e-02	8.45215219e-04
5.12500000e-02	2.09452225e-02	8.37767111e-04
5.15000000e-02	2.08805489e-02	8.18167782e-04
5.17500000e-02	2.05141985e-02	8.19393007e-04
5.20000000e-02	2.02313236e-02	8.01286519e-04
5.22500000e-02	2.09751332e-02	8.42233295e-04
5.25000000e-02	2.10398543e-02	8.30028486e-04
5.27500000e-02	2.04946088e-02	8.07012329e-04
5.30000000e-02	2.08287636e-02	8.25391556e-04
5.32500000e-02	2.04559929e-02	8.10793260e-04
5.35000000e-02	2.04877343e-02	8.09392410e-04
5.37500000e-02	2.11222073e-02	8.30254635e-04
5.40000000e-02	2.01177934e-02	7.88023321e-04
5.42500000e-02	2.06930895e-02	8.04892202e-04
5.45000000e-02	2.06175709e-02	8.07140191e-04
5.47500000e-02	2.05687688e-02	8.00201674e-04
5.50000000e-02	2.10057459e-02	8.15171214e-04
5.52500000e-02	2.00934178e-02	7.77649277e-04
5.55000000e-02	2.00732322e-02	7.75088270e-04
5.57500000e-02	1.95733766e-02	7.65189640e-04
5.60000000e-02	2.03333782e-02	7.84181067e-04
5.62500000e-02	2.05144958e-02	7.95613721e-04
5.65000000e-02	2.04387635e-02	7.86054453e-04
5.67500000e-02	2.06568476e-02	7.93880743e-04
5.70000000e-02	1.96103346e-02	7.50100840e-04
5.72500000e-02	2.05125498e-02	7.81921332e-04
5.75000000e-02	2.04576279e-02	7.86528944e-04
5.77500000e-02	2.05348989e-02	7.73152991e-04
5.80000000e-02	2.00288799e-02	7.50778111e-04
5.82500000e-02	1.99359585e-02	7.58758838e-04
5.85000000e-02	2.01294498e-02	7.65006025e-04
5.87500000e-02	2.04653250e-02	7.75312626e-04
5.90000000e-02	1.96577209e-02	7.42490255e-04
5.92500000e-02	2.02099391e-02	7.63619619e-04
5.95000000e-02	2.02654626e-02	7.64425010e-04
5.97500000e-02	2.01713464e-02	7.60968124e-04
6.00000000e-02	2.04104216e-02	7.63348780e-04
6.02500000e-02	2.03482802e-02	7.67077239e-04
6.05000000e-02	2.06658811e-02	7.70835669e-04
6.07500000e-02	2.00086132e-02	7.53873576e-04
6.10000000e-02	1.99167896e-02	7.38690564e-04
6.12500000e-02	1.98016882e-02	7.38169918e-04
6.15000000e-02	2.00938409e-02	7.41338408e-04
6.17500000e-02	2.03674971e-02	7.55135436e-04
6.20000000e-02	2.13554104e-02	7.85358896e-04
6.22500000e-02	2.05205639e-02	7.65292836e-04
6.25000000e-02	2.05490605e-02	7.55770582e-04
6.27500000e-02	1.98767090e-02	7.27637281e-04
6.30000000e-02	2.07950825e-02	7.61676679e-04
6.32500000e-02	1.97964064e-02	7.31705424e-04
6.35000000e-02	1.93111653e-02	7.14181616e-04
6.37500000e-02	2.00294780e-02	7.37656933e-04
6.40000000e-02	1.97977380e-02	7.26655457e-04
6.42500000e-02	2.00789509e-02	7.31942934e-04
6.45000000e-02	2.06630305e-02	7.47243333e-04
6.47500000e-02	1.94832960e-02	7.12849527e-04
6.50000000e-02	2.06194827e-02	7.41872537e-04
6.52500000e-02	2.02764651e-02	7.30754580e-04
6.55000000e-02	2.03356180e-02	7.35740567e-04
6.57500000e-02	1.99877232e-02	7.23656234e-04
6.60000000e-02	1.95751842e-02	7.05177836e-04
6.62500000e-02	1.95574236e-02	7.10988636e-04
6.65000000e-02	2.02105891e-02	7.23187838e-04
6.67500000e-02	1.94216930e-02	6.97685145e-04
6.70000000e-02	1.98873368e-02	7.16644628e-04
6.72500000e-02	1.96544329e-02	7.00996132e-04
6.75000000e-02	2.03369482e-02	7.17466130e-04
6.77500000e-02	1.99642411e-02	7.15458813e-04
6.80000000e-02	1.99567406e-02	7.11391141e-04
6.82500000e-02	2.04310373e-02	7.25418821e-04
6.85000000e-02	1.96578269e-02	7.03948683e-04
6.87500000e-02	2.02479359e-02	7.20432230e-04
6.90000000e-02	2.07786074e-02	7.32564081e-04
6.92500000e-02	1.94216556e-02	6.92806568e-04
6.95000000e-02	1.96064569e-02	6.98304318e-04
6.97500000e-02	2.01425607e-02	7.11058707e-04
7.00000000e-02	1.96827532e-02	6.95273117e-04
7.02500000e-02	1.96978581e-02	6.86566769e-04
7.05000000e-02	1.92709611e-02	6.80168383e-04
7.07500000e-02	1.99776824e-02	7.05182297e-04
7.10000000e-02	1.99961137e-02	6.98730527e-04
7.12500000e-02	1.95544467e-02	6.80405875e-04
7.15000000e-02	2.01065260e-02	6.98740099e-04
7.17500000e-02	1.99447989e-02	6.93744216e-04
7.20000000e-02	2.04920659e-02	7.17621121e-04
7.22500000e-02	2.02063449e-02	6.99972706e-04
7.25000000e-02	2.02536035e-02	7.00100219e-04
7.27500000e-02	2.01089399e-02	6.92518373e-04
7.30000000e-02	1.95398710e-02	6.83595047e-04
7.32500000e-02	2.02070653e-02	6.91728794e-04
7.35000000e-02	2.03837379e-02	7.01422155e-04
7.37500000e-02	1.98219315e-02	6.83825262e-04
7.40000000e-02	2.03382597e-02	6.95759715e-04
7.42500000e-02	1.99004583e-02	6.82049731e-04
7.45000000e-02	2.03455417e-02	6.94766093e-04
7.47500000e-02	1.93940289e-02	6.59364679e-04
7.50000000e-02	1.92946997e-02	6.62902776e-04
7.52500000e-02	1.95293827e-02	6.66612351e-04
7.55000000e-02	1.93171870e-02	6.66256056e-04
7.57500000e-02	1.94799132e-02	6.64338862e-04
7.60000000e-02	1.96236790e-02	6.72221357e-04
7.62500000e-02	1.94964627e-02	6.62015077e-04
7.65000000e-02	2.02817094e-02	6.83781956e-04
7.67500000e-02	2.00675694e-02	6.84047435e-04
7.70000000e-02	2.00360501e-02	6.76247251e-04
7.72500000e-02	2.02754563e-02	6.93649194e-04
7.75000000e-02	1.99066880e-02	6.87770088e-04
7.77500000e-02	1.99974637e-02	6.94413342e-04
7.80000000e-02	2.02348378e-02	7.03950021e-04
7.82500000e-02	1.97326375e-02	7.01384415e-04
7.85000000e-02	1.97750248e-02	7.00604638e-04
7.87500000e-02	1.98202106e-02	7.00328241e-04
7.90000000e-02	1.96703843e-02	7.02154539e-04
7.92500000e-02	1.94110321e-02	6.95590547e-04
7.95000000e-02	1.94031499e-02	6.99595512e-04
7.97500000e-02	2.02285935e-02	7.29114132e-04
8.00000000e-02	1.99147652e-02	7.17928352e-04
8.02500000e-02	1.99394546e-02	7.16168197e-04
8.05000000e-02	1.99062540e-02	7.18466313e-04
8.07500000e-02	2.00887682e-02	7.32136644e-04
8.10000000e-02	2.01730868e-02	7.35915217e-04
8.12500000e-02	2.06212829e-02	7.53347716e-04
8.15000000e-02	2.04387809e-02	7.35180781e-04
8.17500000e-02	1.96716600e-02	7.21140162e-04
8.20000000e-02	1.97340764e-02	7.19012831e-04
8.22500000e-02	2.03290104e-02	7.45913572e-04
8.25000000e-02	1.93188781e-02	7.10049518e-04
8.27500000e-02	1.99741749e-02	7.31932943e-04
8.30000000e-02	1.95640166e-02	7.15255044e-04
8.32500000e-02	1.99727317e-02	7.35729483e-04
8.35000000e-02	2.00067681e-02	7.42732667e-04
8.37500000e-02	2.03131094e-02	7.37382712e-04
8.40000000e-02	2.04297815e-02	7.51436152e-04
8.42500000e-02	2.02526382e-02	7.49233840e-04
8.45000000e-02	2.02619795e-02	7.52294353e-04
8.47500000e-02	2.02775520e-02	7.49573429e-04
8.50000000e-02	1.93540855e-02	7.18629945e-04
8.52500000e-02	1.93101088e-02	7.25722482e-04
8.55000000e-02	1.95030335e-02	7.30353507e-04
8.57500000e-02	1.99674004e-02	7.41485855e-04
8.60000000e-02	1.98629350e-02	7.44572381e-04
8.62500000e-02	1.97287581e-02	7.39598003e-04
8.65000000e-02	1.96766786e-02	7.33581135e-04
8.67500000e-02	1.94466974e-02	7.21307376e-04
8.70000000e-02	1.98632910e-02	7.31651265e-04
8.72500000e-02	1.97082986e-02	7.10159913e-04
8.75000000e-02	1.97231898e-02	6.98303375e-04
8.77500000e-02	1.96641999e-02	6.93005462e-04
8.80000000e-02	2.04931732e-02	7.23812267e-04
8.82500000e-02	1.98215404e-02	6.94729010e-04
8.85000000e-02	1.98317109e-02	6.94841062e-04
8.87500000e-02	1.96246901e-02	6.78990753e-04
8.90000000e-02	1.96845023e-02	6.82382177e-04
8.92500000e-02	2.03107909e-02	7.00949795e-04
8.95000000e-02	2.03361127e-02	6.96638173e-04
8.97500000e-02	1.96678630e-02	6.72497603e-04
9.00000000e-02	1.97851295e-02	6.71452124e-04
9.02500000e-02	1.98335233e-02	6.69394047e-04
9.05000000e-02	2.01976803e-02	6.91656583e-04
9.07500000e-02	1.99189064e-02	6.75349794e-04
9.10000000e-02	1.98393567e-02	6.71324802e-04
9.12500000e-02	1.94428936e-02	6.58109476e-04
9.15000000e-02	1.96943401e-02	6.62902051e-04
9.17500000e-02	1.97178469e-02	6.64022213e-04
9.20000000e-02	1.98787925e-02	6.62803765e-04
9.22500000e-02	1.95914725e-02	6.53502954e-04
9.25000000e-02	1.96994512e-02	6.54531305e-04
9.27500000e-02	1.96658002e-02	6.54432139e-04
9.30000000e-02	2.02920523e-02	6.69042867e-04
9.32500000e-02	2.00765979e-02	6.72801325e-04
9.35000000e-02	2.02079571e-02	6.63152203e-04
9.37500000e-02	1.99432428e-02	6.59096801e-04
9.40000000e-02	1.97531861e-02	6.53793925e-04
9.42500000e-02	1.96697608e-02	6.41645736e-04
9.45000000e-02	1.92972754e-02	6.35990216e-04
9.47500000e-02	1.94186918e-02	6.34155687e-04
9.50000000e-02	2.00258710e-02	6.52457440e-04
9.52500000e-02	1.99395277e-02	6.51708181e-04
9.55000000e-02	1.92709243e-02	6.35086003e-04
9.57500000e-02	2.01515534e-02	6.56969976e-04
9.60000000e-02	2.01432733e-02	6.52644546e-04
9.62500000e-02	1.95449970e-02	6.32316233e-04
9.65000000e-02	1.95962008e-02	6.29937690e-04
9.67500000e-02	2.00905761e-02	6.40793827e-04
9.70000000e-02	1.96198030e-02	6.29413566e-04
9.72500000e-02	1.99017407e-02	6.38319163e-04
9.75000000e-02	2.00661041e-02	6.48999825e-04
9.77500000e-02	1.92923722e-02	6.20189869e-04
9.80000000e-02	1.96088279e-02	6.27540948e-04
9.82500000e-02	1.93630201e-02	6.22978667e-04
9.85000000e-02	1.96772279e-02	6.26785343e-04
9.87500000e-02	2.01178269e-02	6.34651833e-04
9.90000000e-02	1.97155709e-02	6.27529792e-04
9.92500000e-02	1.97450193e-02	6.28981367e-04
9.95000000e-02	1.96756747e-02	6.24692626e-04
9.97500000e-02	1.97483736e-02	6.26350713e-04
1.00000000e-01	1.91924421e-02	4.97741958e-04
1.00500000e-01	1.98382855e-02	4.44751869e-04
1.01000000e-01	1.94501034e-02	4.34091483e-04
1.01500000e-01	1.97022946e-02	4.38877481e-04
1.02000000e-01	1.97217148e-02	4.36969734e-04
1.02500000e-01	1.96116373e-02	4.31015731e-04
1.03000000e-01	1.97705345e-02	4.36976777e-04
1.03500000e-01	1.96674696e-02	4.31724345e-04
1.04000000e-01	1.96322123e-02	4.31962670e-04
1.04500000e-01	1.94464744e-02	4.26713773e-04
1.05000000e-01	1.95951158e-02	4.23053832e-04
1.05500000e-01	1.97313092e-02	4.27467003e-04
1.06000000e-01	1.97141403e-02	4.29570125e-04
1.06500000e-01	1.98897758e-02	4.30178669e-04
1.07000000e-01	1.97140179e-02	4.33009598e-04
1.07500000e-01	2.04028559e-02	4.52996828e-04
1.08000000e-01	1.97571497e-02	4.44397942e-04
1.08500000e-01	1.96647339e-02	4.43814122e-04
1.09000000e-01	1.95535267e-02	4.45165918e-04
1.09500000e-01	1.96478915e-02	4.50994147e-04
1.10000000e-01	1.95498112e-02	4.40101626e-04
1.10500000e-01	1.95990707e-02	4.34652596e-04
1.11000000e-01	1.98902392e-02	4.31662227e-04
1.11500000e-01	1.96518625e-02	4.27878394e-04
1.12000000e-01	1.96350654e-02	4.19734045e-04
1.12500000e-01	1.96424026e-02	4.19321818e-04
1.13000000e-01	2.00402351e-02	4.23184642e-04
1.13500000e-01	1.97855068e-02	4.19946825e-04
1.14000000e-01	1.96965569e-02	4.15130110e-04
1.14500000e-01	1.98865325e-02	4.19523108e-04
1.15000000e-01	1.96597586e-02	4.12104507e-04
1.15500000e-01	1.97897142e-02	4.13998533e-04
1.16000000e-01	1.98107653e-02	4.12952725e-04
1.16500000e-01	1.94659063e-02	4.07751594e-04
1.17000000e-01	1.97825748e-02	4.10968238e-04
1.17500000e-01	1.95736439e-02	4.05810732e-04
1.18000000e-01	1.96834456e-02	4.08314189e-04
1.18500000e-01	1.95942691e-02	4.06163103e-04
1.19000000e-01	1.97206524e-02	4.07067219e-04
1.19500000e-01	1.97831201e-02	4.05255602e-04
1.20000000e-01	1.97736350e-02	4.06431258e-04
1.20500000e-01	1.94688702e-02	3.97408474e-04
1.21000000e-01	1.97969715e-02	4.04673632e-04
1.21500000e-01	1.94135691e-02	3.95966553e-04
1.22000000e-01	1.94822536e-02	3.95712318e-04
1.22500000e-01	1.93291343e-02	3.90386589e-04
1.23000000e-01	1.96153737e-02	3.97948621e-04
1.23500000e-01	1.98091572e-02	3.99845224e-04
1.24000000e-01	1.95513125e-02	3.94835623e-04
1.24500000e-01	1.95424069e-02	3.92374610e-04
1.25000000e-01	2.00202972e-02	4.00660804e-04
1.25500000e-01	1.95550297e-02	3.91913062e-04
1.26000000e-01	1.98192833e-02	3.95060064e-04
1.26500000e-01	1.94352833e-02	3.87288708e-04
1.27000000e-01	1.98224773e-02	3.93235589e-04
1.27500000e-01	1.94538173e-02	3.85438553e-04
1.28000000e-01	1.96556299e-02	3.90432495e-04
1.28500000e-01	1.94281792e-02	3.84939441e-04
1.29000000e-01	1.94528755e-02	3.82529682e-04
1.29500000e-01	1.99205226e-02	3.92363036e-04
1.30000000e-01	1.93333015e-02	3.81516154e-04
1.30500000e-01	1.99156074e-02	3.89871127e-04
1.31000000e-01	1.95918729e-02	3.83518444e-04
1.31500000e-01	1.94752384e-02	3.80928494e-04
1.32000000e-01	1.96226922e-02	3.84052256e-04
1.32500000e-01	1.95532745e-02	3.78471369e-04
1.33000000e-01	1.97870475e-02	3.81351039e-04
1.33500000e-01	1.98914479e-02	3.79774715e-04
1.34000000e-01	1.95525057e-02	3.75486901e-04
1.34500000e-01	1.98207584e-02	3.80004120e-04
1.35000000e-01	1.95841327e-02	3.75205776e-04
1.35500000e-01	1.97462950e-02	3.76296241e-04
1.36000000e-01	1.98094287e-02	3.75922117e-04
1.36500000e-01	1.96972327e-02	3.76255233e-04
1.37000000e-01	1.96479839e-02	3.71419011e-04
1.37500000e-01	1.96047134e-02	3.72014241e-04
1.38000000e-01	1.94871950e-02	3.70833728e-04
1.38500000e-01	1.93412702e-02	3.65661740e-04
1.39000000e-01	1.94480741e-02	3.68260503e-04
1.39500000e-01	1.91557028e-02	3.63132450e-04
1.40000000e-01	1.98520852e-02	3.75304483e-04
1.40500000e-01	1.95676005e-02	3.69475175e-04
1.41000000e-01	1.92746369e-02	3.63590568e-04
1.41500000e-01	1.94395200e-02	3.66453684e-04
1.42000000e-01	1.94411907e-02	3.63477315e-04
1.42500000e-01	1.92782092e-02	3.61240459e-04
1.43000000e-01	1.95185809e-02	3.67162826e-04
1.43500000e-01	1.90339407e-02	3.57360725e-04
1.44000000e-01	1.88419712e-02	3.52923609e-04
1.44500000e-01	1.96969098e-02	3.65963667e-04
1.45000000e-01	1.95734223e-02	3.64169431e-04
1.45500000e-01	1.93367760e-02	3.59779962e-04
1.46000000e-01	1.95044816e-02	3.62730169e-04
1.46500000e-01	1.93575879e-02	3.61159068e-04
1.47000000e-01	1.94168573e-02	3.58681670e-04
1.47500000e-01	1.94544097e-02	3.58364842e-04
1.48000000e-01	1.92244484e-02	3.54552580e-04
1.48500000e-01	1.91722197e-02	3.53125879e-04
1.49000000e-01	1.93758959e-02	3.55039912e-04
1.49500000e-01	1.93691982e-02	3.54491971e-04
1.50000000e-01	1.93185752e-02	3.52420980e-04
1.50500000e-01	1.94511864e-02	3.56634709e-04
1.51000000e-01	1.92863073e-02	3.50385990e-04
1.51500000e-01	1.93578174e-02	3.51018589e-04
1.52000000e-01	1.93983086e-02	3.49075856e-04
1.52500000e-01	1.91462948e-02	3.48138953e-04
1.53000000e-01	1.92342727e-02	3.48528650e-04
1.53500000e-01	1.94150777e-02	3.52051871e-04
1.54000000e-01	1.95704859e-02	3.50845786e-04
1.54500000e-01	1.91589079e-02	3.52812164e-04
1.55000000e-01	1.93858488e-02	3.59800865e-04
1.55500000e-01	1.91995352e-02	3.58239550e-04
1.56000000e-01	1.92664687e-02	3.60989312e-04
1.56500000e-01	1.89172630e-02	3.55064151e-04
1.57000000e-01	1.90705898e-02	3.59788504e-04
1.57500000e-01	1.93126274e-02	3.57371277e-04
1.58000000e-01	1.91234419e-02	3.48073941e-04
1.58500000e-01	1.92150333e-02	3.48134407e-04
1.59000000e-01	1.89923804e-02	3.42949515e-04
1.59500000e-01	1.89404935e-02	3.41362289e-04
1.60000000e-01	1.92270496e-02	3.46636519e-04
1.60500000e-01	1.92909987e-02	3.42374149e-04
1.61000000e-01	1.94183860e-02	3.48778671e-04
1.61500000e-01	1.92489057e-02	3.41715071e-04
1.62000000e-01	1.94657740e-02	3.44760436e-04
1.62500000e-01	1.89823615e-02	3.37646671e-04
1.63000000e-01	1.88984783e-02	3.35073140e-04
1.63500000e-01	1.92861576e-02	3.41605054e-04
1.64000000e-01	1.93509076e-02	3.41096513e-04
1.64500000e-01	1.92200069e-02	3.39138609e-04
1.65000000e-01	1.89321586e-02	3.32271461e-04
1.65500000e-01	1.90981349e-02	3.35530396e-04
1.66000000e-01	1.90069020e-02	3.34562356e-04
1.66500000e-01	1.90260328e-02	3.33037471e-04
1.67000000e-01	1.88994980e-02	3.31667495e-04
1.67500000e-01	1.88823094e-02	3.30681072e-04
1.68000000e-01	1.87362331e-02	3.27682514e-04
1.68500000e-01	1.88559230e-02	3.29133268e-04
1.69000000e-01	1.89296423e-02	3.30032133e-04
1.69500000e-01	1.87563002e-02	3.25509054e-04
1.70000000e-01	1.89841878e-02	3.29057379e-04
1.70500000e-01	1.90838885e-02	3.30927466e-04
1.71000000e-01	1.92096673e-02	3.30001631e-04
1.71500000e-01	1.89242421e-02	3.27098509e-04
1.72000000e-01	1.91603845e-02	3.29546980e-04
1.72500000e-01	1.89700339e-02	3.25681225e-04
1.73000000e-01	1.87516617e-02	3.22026612e-04
1.73500000e-01	1.89765795e-02	3.25794127e-04
1.74000000e-01	1.88499970e-02	3.22379855e-04
1.74500000e-01	1.88616754e-02	3.20256490e-04
1.75000000e-01	1.86086710e-02	3.16272424e-04
1.75500000e-01	1.86858671e-02	3.15514051e-04
1.76000000e-01	1.88649295e-02	3.18570925e-04
1.76500000e-01	1.89581281e-02	3.19704875e-04
1.77000000e-01	1.88058285e-02	3.16644533e-04
1.77500000e-01	1.84249360e-02	3.12233610e-04
1.78000000e-01	1.87723027e-02	3.17376793e-04
1.78500000e-01	1.87586565e-02	3.17104207e-04
1.79000000e-01	1.83972985e-02	3.10684237e-04
1.79500000e-01	1.86484530e-02	3.15006936e-04
1.80000000e-01	1.87341446e-02	3.15716476e-04
1.80500000e-01	1.86083893e-02	3.12799314e-04
1.81000000e-01	1.89199492e-02	3.17784367e-04
1.81500000e-01	1.87535706e-02	3.12911738e-04
1.82000000e-01	1.89095665e-02	3.16778987e-04
1.82500000e-01	1.84940476e-02	3.08494908e-04
1.83000000e-01	1.86572645e-02	3.11470295e-04
1.83500000e-01	1.84482846e-02	3.08101594e-04
1.84000000e-01	1.87827791e-02	3.12004843e-04
1.84500000e-01	1.86046304e-02	3.10699103e-04
1.85000000e-01	1.84800851e-02	3.07348230e-04
1.85500000e-01	1.87035601e-02	3.10492468e-04
1.86000000e-01	1.82919104e-02	3.03496663e-04
1.86500000e-01	1.86519831e-02	3.08861802e-04
1.87000000e-01	1.84883256e-02	3.05741411e-04
1.87500000e-01	1.88361889e-02	3.10250708e-04
1.88000000e-01	1.85487534e-02	3.04982261e-04
1.88500000e-01	1.84780246e-02	3.04168313e-04
1.89000000e-01	1.85226683e-02	3.04185731e-04
1.89500000e-01	1.87118908e-02	3.06416878e-04
1.90000000e-01	1.83259145e-02	3.00803146e-04
1.90500000e-01	1.85450508e-02	3.05013938e-04
1.91000000e-01	1.83548990e-02	3.01328155e-04
1.91500000e-01	1.85451742e-02	3.05242648e-04
1.92000000e-01	1.85767390e-02	3.02384221e-04
1.92500000e-01	1.84470409e-02	3.00094683e-04
1.93000000e-01	1.83458829e-02	2.98933932e-04
1.93500000e-01	1.83014480e-02	2.97390728e-04
1.94000000e-01	1.84333333e-02	2.99893266e-04
1.94500000e-01	1.83221984e-02	2.97309528e-04
1.95000000e-01	1.84200395e-02	3.00575673e-04
1.95500000e-01	1.85469431e-02	2.99303480e-04
1.96000000e-01	1.84858692e-02	2.97242549e-04
1.96500000e-01	1.84066765e-02	2.97883340e-04
1.97000000e-01	1.83094553e-02	2.96450724e-04
1.97500000e-01	1.83841124e-02	2.95969229e-04
1.98000000e-01	1.81689860e-02	2.93704534e-04
1.98500000e-01	1.82727118e-02	2.93882115e-04
1.99000000e-01	1.82515673e-02	2.92128304e-04
1.99500000e-01	1.82681083e-02	2.91982706e-04
2.00000000e-01	1.82796963e-02	2.93198272e-04
2.00500000e-01	1.82797046e-02	2.93434989e-04
2.01000000e-01	1.81774651e-02	2.89837859e-04
2.01500000e-01	1.83127156e-02	2.93372732e-04
2.02000000e-01	1.84393253e-02	2.93998129e-04
2.02500000e-01	1.83273036e-02	2.90535869e-04
2.03000000e-01	1.82681534e-02	2.90878632e-04
2.03500000e-01	1.81078044e-02	2.87753589e-04
2.04000000e-01	1.79290933e-02	2.86195835e-04
2.04500000e-01	1.82883355e-02	2.91118116e-04
2.05000000e-01	1.83303098e-02	2.89173878e-04
2.05500000e-01	1.82729617e-02	2.88947589e-04
2.06000000e-01	1.81566082e-02	2.86184991e-04
2.06500000e-01	1.82866371e-02	2.88662044e-04
2.07000000e-01	1.81197925e-02	2.86259443e-04
2.07500000e-01	1.80431481e-02	2.84098752e-04
2.08000000e-01	1.80167051e-02	2.84257310e-04
2.08500000e-01	1.81456386e-02	2.83401382e-04
2.09000000e-01	1.80412010e-02	2.83356075e-04
2.09500000e-01	1.82422715e-02	2.86010929e-04
2.10000000e-01	1.82251129e-02	2.84712450e-04
2.10500000e-01	1.82613086e-02	2.85633592e-04
2.11000000e-01	1.81535652e-02	2.82336745e-04
2.11500000e-01	1.81749381e-02	2.83117428e-04
2.12000000e-01	1.82104404e-02	2.83431241e-04
2.12500000e-01	1.83141690e-02	2.84090116e-04
2.13000000e-01	1.80873343e-02	2.80539528e-04
2.13500000e-01	1.80006474e-02	2.79371300e-04
2.14000000e-01	1.81153541e-02	2.80533255e-04
2.14500000e-01	1.79201809e-02	2.77423861e-04
2.15000000e-01	1.78249347e-02	2.77737751e-04
2.15500000e-01	1.76868997e-02	2.73715548e-04
2.16000000e-01	1.81517437e-02	2.79048739e-04
2.16500000e-01	1.80163962e-02	2.77780812e-04
2.17000000e-01	1.80481350e-02	2.81938602e-04
2.17500000e-01	1.80224805e-02	2.86525576e-04
2.18000000e-01	1.78789872e-02	2.84703139e-04
2.18500000e-01	1.80096098e-02	2.88976187e-04
2.19000000e-01	1.79249648e-02	2.88847606e-04
2.19500000e-01	1.81681221e-02	2.92606833e-04
2.20000000e-01	1.79001911e-02	2.91041132e-04
2.20500000e-01	1.79762059e-02	2.91837191e-04
2.21000000e-01	1.78349061e-02	2.90598445e-04
2.21500000e-01	1.78041946e-02	2.92594040e-04
2.22000000e-01	1.78405474e-02	2.92196477e-04
2.22500000e-01	1.78184080e-02	2.93000014e-04
2.23000000e-01	1.81115046e-02	2.97550997e-04
2.23500000e-01	1.78730395e-02	2.93684901e-04
2.24000000e-01	1.80250850e-02	2.98250667e-04
2.24500000e-01	1.78739506e-02	2.95686852e-04
2.25000000e-01	1.76908545e-02	2.93747786e-04
2.25500000e-01	1.79835918e-02	2.99919676e-04
2.26000000e-01	1.80411913e-02	3.01789408e-04
2.26500000e-01	1.81767527e-02	2.97038082e-04
2.27000000e-01	1.81827758e-02	2.96228680e-04
2.27500000e-01	1.76306796e-02	2.85486317e-04
2.28000000e-01	1.77470273e-02	2.85098710e-04
2.28500000e-01	1.76911208e-02	2.81699470e-04
2.29000000e-01	1.78475708e-02	2.83893378e-04
2.29500000e-01	1.77958998e-02	2.82322022e-04
2.30000000e-01	1.79639785e-02	2.83467135e-04
2.30500000e-01	1.79566998e-02	2.82715188e-04
2.31000000e-01	1.79507030e-02	2.81248297e-04
2.31500000e-01	1.77844397e-02	2.79904281e-04
2.32000000e-01	1.77881989e-02	2.78440254e-04
2.32500000e-01	1.77957347e-02	2.78913225e-04
2.33000000e-01	1.78197663e-02	2.77481160e-04
2.33500000e-01	1.80357867e-02	2.79838555e-04
2.34000000e-01	1.76279822e-02	2.73759311e-04
2.34500000e-01	1.77736739e-02	2.74721076e-04
2.35000000e-01	1.76541907e-02	2.72962687e-04
2.35500000e-01	1.80568269e-02	2.77736350e-04
2.36000000e-01	1.77865081e-02	2.73294233e-04
2.36500000e-01	1.77022184e-02	2.72558239e-04
2.37000000e-01	1.77830725e-02	2.72413088e-04
2.37500000e-01	1.76746280e-02	2.70670252e-04
2.38000000e-01	1.78243030e-02	2.73450337e-04
2.38500000e-01	1.76703615e-02	2.70311353e-04
2.39000000e-01	1.77402657e-02	2.70462882e-04
2.39500000e-01	1.77786624e-02	2.71525566e-04
2.40000000e-01	1.76017133e-02	2.66794664e-04
2.40500000e-01	1.73807734e-02	2.63398051e-04
2.41000000e-01	1.74550191e-02	2.64009067e-04
2.41500000e-01	1.76950979e-02	2.67367160e-04
2.42000000e-01	1.76683433e-02	2.65397639e-04
2.42500000e-01	1.75673220e-02	2.64361801e-04
2.43000000e-01	1.76088397e-02	2.64046730e-04
2.43500000e-01	1.77502132e-02	2.66692975e-04
2.44000000e-01	1.75911212e-02	2.64351323e-04
2.44500000e-01	1.76420197e-02	2.63947028e-04
2.45000000e-01	1.76113538e-02	2.62691547e-04
2.45500000e-01	1.73735897e-02	2.59316726e-04
2.46000000e-01	1.75715685e-02	2.62915329e-04
2.46500000e-01	1.76058809e-02	2.61900779e-04
2.47000000e-01	1.76283880e-02	2.62688485e-04
2.47500000e-01	1.75643352e-02	2.60206243e-04
2.48000000e-01	1.74476548e-02	2.58886215e-04
2.48500000e-01	1.74586458e-02	2.59077670e-04
2.49000000e-01	1.74649917e-02	2.58580428e-04
2.49500000e-01	1.71240503e-02	2.54723216e-04
2.50000000e-01	1.75496663e-02	2.58735699e-04
2.50500000e-01	1.74791360e-02	2.57880103e-04
2.51000000e-01	1.73207699e-02	2.54715416e-04
2.51500000e-01	1.72504723e-02	2.55286904e-04
2.52000000e-01	1.75396450e-02	2.58071518e-04
2.52500000e-01	1.71770990e-02	2.52282001e-04
2.53000000e-01	1.74635323e-02	2.57062059e-04
2.53500000e-01	1.71554688e-02	2.51064109e-04
2.54000000e-01	1.74795153e-02	2.57007435e-04
2.54500000e-01	1.73988327e-02	2.54617712e-04
2.55000000e-01	1.72749907e-02	2.52862526e-04
2.55500000e-01	1.76066029e-02	2.57132448e-04
2.56000000e-01	1.73568857e-02	2.53428358e-04
2.56500000e-01	1.72942167e-02	2.53332973e-04
2.57000000e-01	1.73459535e-02	2.52727514e-04
2.57500000e-01	1.71970644e-02	2.49930073e-04
2.58000000e-01	1.74009440e-02	2.52871785e-04
2.58500000e-01	1.73377085e-02	2.50690252e-04
2.59000000e-01	1.73524308e-02	2.51834923e-04
2.59500000e-01	1.72925313e-02	2.49760547e-04
2.60000000e-01	1.72764986e-02	2.50475836e-04
2.60500000e-01	1.73855201e-02	2.50706107e-04
2.61000000e-01	1.71555224e-02	2.48293717e-04
2.61500000e-01	1.71470083e-02	2.47076662e-04
2.62000000e-01	1.73641420e-02	2.49542714e-04
2.62500000e-01	1.74209242e-02	2.50417364e-04
2.63000000e-01	1.72963172e-02	2.48611614e-04
2.63500000e-01	1.72039311e-02	2.48301775e-04
2.64000000e-01	1.73737868e-02	2.49793420e-04
2.64500000e-01	1.72533065e-02	2.46613288e-04
2.65000000e-01	1.74288189e-02	2.49966267e-04
2.65500000e-01	1.75474551e-02	2.51318944e-04
2.66000000e-01	1.72203156e-02	2.45697928e-04
2.66500000e-01	1.72115561e-02	2.45550591e-04
2.67000000e-01	1.75162235e-02	2.48151624e-04
2.67500000e-01	1.72769014e-02	2.45621769e-04
2.68000000e-01	1.72010484e-02	2.44795414e-04
2.68500000e-01	1.70548797e-02	2.43126289e-04
2.69000000e-01	1.70397915e-02	2.42317689e-04
2.69500000e-01	1.72278189e-02	2.44415332e-04
2.70000000e-01	1.71958804e-02	2.43935723e-04
2.70500000e-01	1.72486281e-02	2.43942071e-04
2.71000000e-01	1.70241234e-02	2.40598775e-04
2.71500000e-01	1.72852558e-02	2.44465674e-04
2.72000000e-01	1.71401836e-02	2.41417104e-04
2.72500000e-01	1.71559264e-02	2.42309295e-04
2.73000000e-01	1.72081906e-02	2.42401192e-04
2.73500000e-01	1.69534860e-02	2.38171284e-04
2.74000000e-01	1.72701618e-02	2.42868273e-04
2.74500000e-01	1.70068554e-02	2.38414033e-04
2.75000000e-01	1.72548879e-02	2.41043040e-04
2.75500000e-01	1.71723702e-02	2.41053589e-04
2.76000000e-01	1.72782475e-02	2.41698276e-04
2.76500000e-01	1.71551542e-02	2.40007167e-04
2.77000000e-01	1.68845705e-02	2.35629865e-04
2.77500000e-01	1.70802090e-02	2.38755905e-04
2.78000000e-01	1.70698109e-02	2.38473235e-04
2.78500000e-01	1.70570252e-02	2.38032331e-04
2.79000000e-01	1.69746343e-02	2.36090565e-04
2.79500000e-01	1.68797653e-02	2.35414839e-04
2.80000000e-01	1.70896091e-02	2.37469972e-04
2.80500000e-01	1.71177106e-02	2.37545519e-04
2.81000000e-01	1.70244854e-02	2.37169534e-04
2.81500000e-01	1.70375458e-02	2.36739485e-04
2.82000000e-01	1.69639252e-02	2.35302690e-04
2.82500000e-01	1.70008709e-02	2.36224647e-04
2.83000000e-01	1.67752584e-02	2.32359685e-04
2.83500000e-01	1.69396730e-02	2.33905128e-04
2.84000000e-01	1.67969667e-02	2.32453173e-04
2.84500000e-01	1.70558397e-02	2.35137916e-04
2.85000000e-01	1.69328460e-02	2.34392944e-04
2.85500000e-01	1.68452396e-02	2.31850472e-04
2.86000000e-01	1.68656752e-02	2.32856690e-04
2.86500000e-01	1.68894767e-02	2.32583239e-04
2.87000000e-01	1.68757738e-02	2.31624474e-04
2.87500000e-01	1.68460024e-02	2.31261496e-04
2.88000000e-01	1.70391548e-02	2.32105652e-04
2.88500000e-01	1.70544176e-02	2.34240591e-04
2.89000000e-01	1.69095948e-02	2.31723381e-04
2.89500000e-01	1.69660065e-02	2.31790879e-04
2.90000000e-01	1.68610594e-02	2.30143948e-04
2.90500000e-01	1.66249524e-02	2.27549131e-04
2.91000000e-01	1.67878090e-02	2.28775345e-04
2.91500000e-01	1.69465652e-02	2.29623876e-04
2.92000000e-01	1.67555369e-02	2.28557823e-04
2.92500000e-01	1.67598777e-02	2.27422034e-04
2.93000000e-01	1.69265967e-02	2.29330082e-04
2.93500000e-01	1.68498588e-02	2.28680254e-04
2.94000000e-01	1.68739619e-02	2.27920587e-04
2.94500000e-01	1.69431696e-02	2.30067971e-04
2.95000000e-01	1.70522753e-02	2.30039166e-04
2.95500000e-01	1.66460949e-02	2.25173466e-04
2.96000000e-01	1.67606868e-02	2.26558215e-04
2.96500000e-01	1.66929987e-02	2.25312600e-04
2.97000000e-01	1.69100760e-02	2.27909958e-04
2.97500000e-01	1.68039286e-02	2.26109426e-04
2.98000000e-01	1.69476666e-02	2.27746095e-04
2.98500000e-01	1.67925892e-02	2.26498999e-04
2.99000000e-01	1.65454087e-02	2.21948678e-04
2.99500000e-01	1.65957986e-02	2.23551910e-04
3.00000000e-01	1.67381175e-02	2.25091553e-04
3.00500000e-01	1.67396406e-02	2.24222353e-04
3.01000000e-01	1.67669594e-02	2.23839987e-04
3.01500000e-01	1.68337755e-02	2.26698183e-04
3.02000000e-01	1.66057681e-02	2.22298068e-04
3.02500000e-01	1.66110373e-02	2.21479985e-04
3.03000000e-01	1.65712061e-02	2.22674780e-04
3.03500000e-01	1.68502413e-02	2.24913150e-04
3.04000000e-01	1.67489632e-02	2.24162049e-04
3.04500000e-01	1.66462500e-02	2.22111247e-04
3.05000000e-01	1.66324201e-02	2.20358623e-04
3.05500000e-01	1.67451221e-02	2.22267305e-04
3.06000000e-01	1.65879975e-02	2.19262714e-04
3.06500000e-01	1.65950013e-02	2.20520677e-04
3.07000000e-01	1.67648007e-02	2.21947962e-04
3.07500000e-01	1.67719349e-02	2.22802855e-04
3.08000000e-01	1.66286439e-02	2.20146910e-04
3.08500000e-01	1.65131988e-02	2.18035183e-04
3.09000000e-01	1.68621561e-02	2.22488840e-04
3.09500000e-01	1.65780631e-02	2.18365201e-04
3.10000000e-01	1.66151296e-02	2.19393375e-04
3.10500000e-01	1.65384317e-02	2.19277013e-04
3.11000000e-01	1.66929627e-02	2.20434439e-04
3.11500000e-01	1.65235826e-02	2.17356655e-04
3.12000000e-01	1.65458774e-02	2.17032368e-04
3.12500000e-01	1.64834124e-02	2.16974051e-04
3.13000000e-01	1.67256664e-02	2.19072724e-04
3.13500000e-01	1.67093065e-02	2.19344888e-04
3.14000000e-01	1.65209519e-02	2.17165630e-04
3.14500000e-01	1.66242857e-02	2.17750406e-04
3.15000000e-01	1.65352139e-02	2.16764350e-04
3.15500000e-01	1.66351864e-02	2.18090262e-04
3.16000000e-01	1.64372760e-02	2.15018483e-04
3.16500000e-01	1.64135147e-02	2.14012144e-04
3.17000000e-01	1.64717197e-02	2.15019876e-04
3.17500000e-01	1.65571844e-02	2.15831521e-04
3.18000000e-01	1.64151950e-02	2.14201437e-04
3.18500000e-01	1.64814529e-02	2.14359158e-04
3.19000000e-01	1.64483326e-02	2.14123548e-04
3.19500000e-01	1.65788024e-02	2.15277888e-04
3.20000000e-01	1.66009117e-02	2.16349533e-04
3.20500000e-01	1.64566212e-02	2.13470436e-04
3.21000000e-01	1.62078803e-02	2.11609664e-04
3.21500000e-01	1.64249060e-02	2.13304258e-04
3.22000000e-01	1.62872408e-02	2.11157698e-04
3.22500000e-01	1.62972671e-02	2.11861000e-04
3.23000000e-01	1.63314920e-02	2.10926918e-04
3.23500000e-01	1.63839421e-02	2.12238441e-04
3.24000000e-01	1.62573342e-02	2.09838265e-04
3.24500000e-01	1.61378782e-02	2.08751168e-04
3.25000000e-01	1.62388543e-02	2.09898531e-04
3.25500000e-01	1.63787014e-02	2.10903656e-04
3.26000000e-01	1.63335046e-02	2.10970117e-04
3.26500000e-01	1.63176026e-02	2.09597802e-04
3.27000000e-01	1.61733029e-02	2.08143961e-04
3.27500000e-01	1.63899612e-02	2.09879778e-04
3.28000000e-01	1.61858243e-02	2.08549494e-04
3.28500000e-01	1.62136842e-02	2.08861852e-04
3.29000000e-01	1.63506857e-02	2.10081624e-04
3.29500000e-01	1.60705194e-02	2.06568970e-04
3.30000000e-01	1.63189130e-02	2.09079393e-04
3.30500000e-01	1.64034232e-02	2.09602606e-04
3.31000000e-01	1.63215951e-02	2.08136653e-04
3.31500000e-01	1.59992135e-02	2.04896134e-04
3.32000000e-01	1.63262744e-02	2.08607430e-04
3.32500000e-01	1.61085556e-02	2.06444731e-04
3.33000000e-01	1.61908677e-02	2.07369816e-04
3.33500000e-01	1.61389042e-02	2.06471186e-04
3.34000000e-01	1.62124259e-02	2.06662602e-04
3.34500000e-01	1.61084864e-02	2.05374158e-04
3.35000000e-01	1.60919249e-02	2.04547001e-04
3.35500000e-01	1.62021443e-02	2.06284152e-04
3.36000000e-01	1.60237391e-02	2.03709993e-04
3.36500000e-01	1.59674370e-02	2.03446116e-04
3.37000000e-01	1.60671688e-02	2.03790612e-04
3.37500000e-01	1.60147128e-02	2.03159490e-04
3.38000000e-01	1.61209763e-02	2.04693710e-04
3.38500000e-01	1.61990895e-02	2.04521197e-04
3.39000000e-01	1.60165727e-02	2.03862858e-04
3.39500000e-01	1.59851596e-02	2.01932949e-04
3.40000000e-01	1.61796535e-02	2.04954383e-04
3.40500000e-01	1.61436895e-02	2.03820779e-04
3.41000000e-01	1.60343935e-02	2.02759587e-04
3.41500000e-01	1.59818223e-02	2.01548684e-04
3.42000000e-01	1.61434387e-02	2.03481135e-04
3.42500000e-01	1.59583806e-02	2.01402322e-04
3.43000000e-01	1.61023691e-02	2.02472756e-04
3.43500000e-01	1.58745450e-02	1.99346261e-04
3.44000000e-01	1.59737286e-02	2.01046072e-04
3.44500000e-01	1.58429787e-02	1.98995485e-04
3.45000000e-01	1.58378879e-02	1.99561112e-04
3.45500000e-01	1.60818971e-02	2.01232361e-04
3.46000000e-01	1.58501716e-02	1.98766599e-04
3.46500000e-01	1.60582990e-02	2.01399518e-04
3.47000000e-01	1.58331347e-02	1.98876920e-04
3.47500000e-01	1.60633642e-02	2.01644820e-04
3.48000000e-01	1.57688316e-02	1.97175014e-04
3.48500000e-01	1.60027264e-02	1.99659047e-04
3.49000000e-01	1.59714864e-02	1.99244469e-04
3.49500000e-01	1.59071193e-02	1.98797571e-04
3.50000000e-01	1.57419815e-02	1.60381009e-04
3.51000000e-01	1.57991828e-02	1.39369294e-04
3.52000000e-01	1.59102497e-02	1.39903832e-04
3.53000000e-01	1.58694452e-02	1.39204980e-04
3.54000000e-01	1.56444139e-02	1.37180548e-04
3.55000000e-01	1.58314839e-02	1.38508774e-04
3.56000000e-01	1.59097358e-02	1.39738868e-04
3.57000000e-01	1.56700396e-02	1.40510485e-04
3.58000000e-01	1.55916794e-02	1.41121244e-04
3.59000000e-01	1.56699566e-02	1.42517538e-04
3.60000000e-01	1.55278458e-02	1.42386087e-04
3.61000000e-01	1.56425679e-02	1.43821304e-04
3.62000000e-01	1.56287151e-02	1.44335685e-04
3.63000000e-01	1.54749314e-02	1.43658392e-04
3.64000000e-01	1.55363096e-02	1.44748398e-04
3.65000000e-01	1.56865858e-02	1.46142980e-04
3.66000000e-01	1.56414641e-02	1.44315696e-04
3.67000000e-01	1.55636753e-02	1.41312723e-04
3.68000000e-01	1.56416032e-02	1.41406298e-04
3.69000000e-01	1.55289452e-02	1.39841614e-04
3.70000000e-01	1.55731247e-02	1.39759228e-04
3.71000000e-01	1.55008102e-02	1.40533166e-04
3.72000000e-01	1.55238447e-02	1.41612432e-04
3.73000000e-01	1.55454779e-02	1.42123139e-04
3.74000000e-01	1.55415898e-02	1.42036598e-04
3.75000000e-01	1.55366841e-02	1.41910251e-04
3.76000000e-01	1.54675811e-02	1.41488600e-04
3.77000000e-01	1.54628468e-02	1.41869970e-04
3.78000000e-01	1.54078521e-02	1.41097417e-04
3.79000000e-01	1.53372969e-02	1.40197425e-04
3.80000000e-01	1.55026420e-02	1.41160245e-04
3.81000000e-01	1.53444466e-02	1.40119671e-04
3.82000000e-01	1.53576729e-02	1.40326244e-04
3.83000000e-01	1.54404225e-02	1.40691371e-04
3.84000000e-01	1.54162454e-02	1.40877275e-04
3.85000000e-01	1.53582248e-02	1.40610247e-04
3.86000000e-01	1.53235313e-02	1.40113510e-04
3.87000000e-01	1.53786106e-02	1.40265173e-04
3.88000000e-01	1.54366104e-02	1.40393950e-04
3.89000000e-01	1.54238796e-02	1.40150915e-04
3.90000000e-01	1.53570446e-02	1.40058608e-04
3.91000000e-01	1.52556658e-02	1.38683300e-04
3.92000000e-01	1.53168745e-02	1.39275114e-04
3.93000000e-01	1.52594056e-02	1.38675627e-04
3.94000000e-01	1.51333162e-02	1.38142894e-04
3.95000000e-01	1.51401722e-02	1.38002960e-04
3.96000000e-01	1.51860137e-02	1.38172952e-04
3.97000000e-01	1.52967375e-02	1.39005531e-04
3.98000000e-01	1.51647661e-02	1.38087690e-04
3.99000000e-01	1.51632415e-02	1.38286836e-04
4.00000000e-01	1.51486958e-02	1.37729985e-04
4.01000000e-01	1.50781355e-02	1.37542228e-04
4.02000000e-01	1.49879807e-02	1.36695626e-04
4.03000000e-01	1.51739004e-02	1.37856365e-04
4.04000000e-01	1.50590578e-02	1.37059253e-04
4.05000000e-01	1.50350487e-02	1.36722265e-04
4.06000000e-01	1.50622448e-02	1.37192919e-04
4.07000000e-01	1.51793507e-02	1.37973176e-04
4.08000000e-01	1.50546290e-02	1.36568568e-04
4.09000000e-01	1.50391072e-02	1.37011931e-04
4.10000000e-01	1.50735254e-02	1.36913533e-04
4.11000000e-01	1.50369459e-02	1.36698515e-04
4.12000000e-01	1.50543385e-02	1.36679122e-04
4.13000000e-01	1.50014948e-02	1.36026835e-04
4.14000000e-01	1.50845576e-02	1.36617213e-04
4.15000000e-01	1.48524779e-02	1.34683083e-04
4.16000000e-01	1.49604277e-02	1.36016681e-04
4.17000000e-01	1.49311835e-02	1.35712766e-04
4.18000000e-01	1.50267033e-02	1.37769557e-04
4.19000000e-01	1.50607085e-02	1.39971411e-04
4.20000000e-01	1.49469563e-02	1.39225976e-04
4.21000000e-01	1.50752408e-02	1.41121432e-04
4.22000000e-01	1.50112896e-02	1.41160905e-04
4.23000000e-01	1.49486202e-02	1.41114841e-04
4.24000000e-01	1.49239770e-02	1.41533704e-04
4.25000000e-01	1.50399802e-02	1.42232898e-04
4.26000000e-01	1.49784444e-02	1.41469344e-04
4.27000000e-01	1.49534528e-02	1.41620319e-04
4.28000000e-01	1.49683002e-02	1.41948599e-04
4.29000000e-01	1.48541677e-02	1.41596701e-04
4.30000000e-01	1.49761152e-02	1.42879373e-04
4.31000000e-01	1.50392582e-02	1.42244278e-04
4.32000000e-01	1.48740935e-02	1.41329263e-04
4.33000000e-01	1.48761146e-02	1.41572603e-04
4.34000000e-01	1.49328535e-02	1.42058899e-04
4.35000000e-01	1.47334372e-02	1.40255629e-04
4.36000000e-01	1.48636640e-02	1.41370344e-04
4.37000000e-01	1.48034695e-02	1.41452848e-04
4.38000000e-01	1.48479807e-02	1.42114480e-04
4.39000000e-01	1.48555677e-02	1.42345415e-04
4.40000000e-01	1.47817371e-02	1.41429051e-04
4.41000000e-01	1.48786240e-02	1.42802057e-04
4.42000000e-01	1.47803546e-02	1.41847966e-04
4.43000000e-01	1.46540352e-02	1.41219714e-04
4.44000000e-01	1.48348821e-02	1.42603433e-04
4.45000000e-01	1.47517674e-02	1.42600992e-04
4.46000000e-01	1.47353069e-02	1.42359836e-04
4.47000000e-01	1.47399916e-02	1.42683557e-04
4.48000000e-01	1.47072913e-02	1.42624924e-04
4.49000000e-01	1.47868966e-02	1.43492347e-04
4.50000000e-01	1.46636996e-02	1.42169614e-04
4.51000000e-01	1.47334697e-02	1.42717591e-04
4.52000000e-01	1.46952683e-02	1.42672167e-04
4.53000000e-01	1.46619301e-02	1.42940938e-04
4.54000000e-01	1.46906619e-02	1.43373771e-04
4.55000000e-01	1.46475750e-02	1.42435011e-04
4.56000000e-01	1.46818399e-02	1.43397929e-04
4.57000000e-01	1.45712709e-02	1.42417541e-04
4.58000000e-01	1.46981035e-02	1.43201920e-04
4.59000000e-01	1.45467216e-02	1.42025982e-04
4.60000000e-01	1.45794962e-02	1.42862472e-04
4.61000000e-01	1.46433657e-02	1.43397899e-04
4.62000000e-01	1.46911861e-02	1.44033917e-04
4.63000000e-01	1.44713516e-02	1.42081586e-04
4.64000000e-01	1.46839327e-02	1.43752075e-04
4.65000000e-01	1.45591712e-02	1.43441847e-04
4.66000000e-01	1.44328387e-02	1.42183303e-04
4.67000000e-01	1.46029655e-02	1.43969391e-04
4.68000000e-01	1.45441119e-02	1.43581046e-04
4.69000000e-01	1.44884421e-02	1.43039863e-04
4.70000000e-01	1.44679649e-02	1.42790121e-04
4.71000000e-01	1.46375518e-02	1.44114721e-04
4.72000000e-01	1.46106825e-02	1.44109033e-04
4.73000000e-01	1.45137780e-02	1.43247188e-04
4.74000000e-01	1.44644859e-02	1.42383170e-04
4.75000000e-01	1.45211077e-02	1.42442169e-04
4.76000000e-01	1.45197611e-02	1.42866083e-04
4.77000000e-01	1.44836526e-02	1.42872532e-04
4.78000000e-01	1.43733643e-02	1.42160353e-04
4.79000000e-01	1.44850229e-02	1.43125176e-04
4.80000000e-01	1.43787862e-02	1.42117443e-04
4.81000000e-01	1.44603764e-02	1.42808557e-04
4.82000000e-01	1.43687167e-02	1.41627655e-04
4.83000000e-01	1.43042102e-02	1.41505810e-04
4.84000000e-01	1.43219625e-02	1.41757963e-04
4.85000000e-01	1.43800734e-02	1.42110745e-04
4.86000000e-01	1.43524487e-02	1.42206378e-04
4.87000000e-01	1.43893940e-02	1.42303167e-04
4.88000000e-01	1.43021829e-02	1.42165784e-04
4.89000000e-01	1.43261281e-02	1.42279515e-04
4.90000000e-01	1.44408462e-02	1.43199637e-04
4.91000000e-01	1.43898200e-02	1.42579790e-04
4.92000000e-01	1.43169973e-02	1.42294133e-04
4.93000000e-01	1.41912483e-02	1.41761565e-04
4.94000000e-01	1.43020263e-02	1.42134446e-04
4.95000000e-01	1.42845544e-02	1.43199342e-04
4.96000000e-01	1.42512548e-02	1.47103079e-04
4.97000000e-01	1.44247004e-02	1.51242786e-04
4.98000000e-01	1.43079923e-02	1.52726931e-04
4.99000000e-01	1.44792575e-02	1.55560562e-04
5.00000000e-01	1.41374998e-02	1.54233414e-04
5.01000000e-01	1.43043604e-02	1.57208949e-04
5.02000000e-01	1.42314495e-02	1.58493026e-04
5.03000000e-01	1.43137035e-02	1.60410438e-04
5.04000000e-01	1.42492270e-02	1.61258685e-04
5.05000000e-01	1.42852265e-02	1.59133028e-04
5.06000000e-01	1.42480787e-02	1.55495569e-04
5.07000000e-01	1.42128094e-02	1.52802510e-04
5.08000000e-01	1.41873925e-02	1.52265156e-04
5.09000000e-01	1.42524438e-02	1.51900630e-04
5.10000000e-01	1.43578571e-02	1.52266548e-04
5.11000000e-01	1.42542754e-02	1.51212307e-04
5.12000000e-01	1.42686292e-02	1.50717628e-04
5.13000000e-01	1.41103390e-02	1.49464813e-04
5.14000000e-01	1.41091736e-02	1.48890770e-04
5.15000000e-01	1.40575735e-02	1.47564208e-04
5.16000000e-01	1.40865342e-02	1.47862363e-04
5.17000000e-01	1.42002596e-02	1.48471512e-04
5.18000000e-01	1.41543807e-02	1.47830071e-04
5.19000000e-01	1.40790215e-02	1.46687180e-04
5.20000000e-01	1.41601340e-02	1.46878894e-04
5.21000000e-01	1.40609489e-02	1.46478784e-04
5.22000000e-01	1.39660233e-02	1.45242379e-04
5.23000000e-01	1.40824168e-02	1.45891742e-04
5.24000000e-01	1.41215122e-02	1.46721764e-04
5.25000000e-01	1.41653153e-02	1.47173406e-04
5.26000000e-01	1.39940532e-02	1.45509625e-04
5.27000000e-01	1.40266412e-02	1.46039867e-04
5.28000000e-01	1.40555792e-02	1.46535378e-04
5.29000000e-01	1.39170106e-02	1.44241838e-04
5.30000000e-01	1.40193145e-02	1.45472870e-04
5.31000000e-01	1.40021156e-02	1.45577728e-04
5.32000000e-01	1.38890223e-02	1.43807262e-04
5.33000000e-01	1.38458885e-02	1.43644101e-04
5.34000000e-01	1.38587727e-02	1.43774058e-04
5.35000000e-01	1.39287459e-02	1.44790262e-04
5.36000000e-01	1.38440995e-02	1.43562323e-04
5.37000000e-01	1.39549316e-02	1.44954553e-04
5.38000000e-01	1.39597258e-02	1.44749801e-04
5.39000000e-01	1.39227817e-02	1.44462704e-04
5.40000000e-01	1.38105462e-02	1.43203385e-04
5.41000000e-01	1.38081706e-02	1.43875549e-04
5.42000000e-01	1.39270269e-02	1.44445354e-04
5.43000000e-01	1.38003209e-02	1.43625036e-04
5.44000000e-01	1.39449788e-02	1.44359471e-04
5.45000000e-01	1.37459871e-02	1.42593607e-04
5.46000000e-01	1.37264313e-02	1.42933736e-04
5.47000000e-01	1.37646764e-02	1.43006968e-04
5.48000000e-01	1.38385829e-02	1.43657934e-04
5.49000000e-01	1.39518436e-02	1.44661450e-04
5.50000000e-01	1.37184473e-02	1.42413150e-04
5.51000000e-01	1.38486544e-02	1.43604377e-04
5.52000000e-01	1.37916607e-02	1.42029947e-04
5.53000000e-01	1.37439578e-02	1.41945814e-04
5.54000000e-01	1.36205973e-02	1.40783048e-04
5.55000000e-01	1.38303207e-02	1.42469601e-04
5.56000000e-01	1.38494830e-02	1.42692706e-04
5.57000000e-01	1.36269401e-02	1.40859599e-04
5.58000000e-01	1.37297042e-02	1.41687025e-04
5.59000000e-01	1.37494517e-02	1.42164889e-04
5.60000000e-01	1.36561427e-02	1.41653680e-04
5.61000000e-01	1.35549753e-02	1.39788801e-04
5.62000000e-01	1.35634289e-02	1.40662287e-04
5.63000000e-01	1.36147790e-02	1.40679041e-04
5.64000000e-01	1.36971527e-02	1.41440047e-04
5.65000000e-01	1.35921758e-02	1.40904303e-04
5.66000000e-01	1.36628411e-02	1.41184693e-04
5.67000000e-01	1.37317837e-02	1.42050082e-04
5.68000000e-01	1.35333675e-02	1.40054212e-04
5.69000000e-01	1.35136880e-02	1.39370533e-04
5.70000000e-01	1.35171334e-02	1.39442596e-04
5.71000000e-01	1.35402039e-02	1.39946492e-04
5.72000000e-01	1.37008911e-02	1.40898669e-04
5.73000000e-01	1.36948125e-02	1.40932068e-04
5.74000000e-01	1.35364219e-02	1.39728959e-04
5.75000000e-01	1.35333030e-02	1.40111016e-04
5.76000000e-01	1.34439354e-02	1.39376724e-04
5.77000000e-01	1.35506122e-02	1.40498740e-04
5.78000000e-01	1.34927512e-02	1.40033947e-04
5.79000000e-01	1.34329273e-02	1.39466253e-04
5.80000000e-01	1.35282082e-02	1.40508605e-04
5.81000000e-01	1.34505026e-02	1.39121207e-04
5.82000000e-01	1.34745007e-02	1.39617218e-04
5.83000000e-01	1.32982895e-02	1.38220160e-04
5.84000000e-01	1.35469417e-02	1.40465203e-04
5.85000000e-01	1.33526568e-02	1.37925743e-04
5.86000000e-01	1.33384484e-02	1.38354784e-04
5.87000000e-01	1.35008850e-02	1.39937915e-04
5.88000000e-01	1.33073886e-02	1.38287983e-04
5.89000000e-01	1.34295568e-02	1.39657528e-04
5.90000000e-01	1.33070389e-02	1.38310884e-04
5.91000000e-01	1.33410214e-02	1.38473236e-04
5.92000000e-01	1.33355384e-02	1.38372349e-04
5.93000000e-01	1.32913111e-02	1.38246237e-04
5.94000000e-01	1.33989385e-02	1.38773117e-04
5.95000000e-01	1.33125001e-02	1.38826932e-04
5.96000000e-01	1.32695915e-02	1.37864527e-04
5.97000000e-01	1.32698372e-02	1.37392615e-04
5.98000000e-01	1.32959091e-02	1.38411195e-04
5.99000000e-01	1.31906717e-02	1.37427540e-04
6.00000000e-01	1.33857354e-02	1.38943138e-04
6.01000000e-01	1.33163340e-02	1.38022647e-04
6.02000000e-01	1.33254165e-02	1.38168758e-04
6.03000000e-01	1.32322532e-02	1.37854669e-04
6.04000000e-01	1.32695988e-02	1.37800451e-04
6.05000000e-01	1.32612332e-02	1.38289384e-04
6.06000000e-01	1.31787679e-02	1.37219274e-04
6.07000000e-01	1.31301095e-02	1.36956446e-04
6.08000000e-01	1.32349531e-02	1.37788688e-04
6.09000000e-01	1.32300252e-02	1.38008858e-04
6.10000000e-01	1.30910536e-02	1.36465108e-04
6.11000000e-01	1.31958102e-02	1.37441713e-04
6.12000000e-01	1.31713889e-02	1.36966827e-04
6.13000000e-01	1.31785706e-02	1.37665210e-04
6.14000000e-01	1.31880161e-02	1.37403145e-04
6.15000000e-01	1.32376135e-02	1.37878694e-04
6.16000000e-01	1.30803060e-02	1.37012456e-04
6.17000000e-01	1.30038877e-02	1.35486829e-04
6.18000000e-01	1.30705516e-02	1.36462000e-04
6.19000000e-01	1.30284848e-02	1.35767344e-04
6.20000000e-01	1.30363809e-02	1.35693131e-04
6.21000000e-01	1.30592416e-02	1.36167675e-04
6.22000000e-01	1.30178658e-02	1.35813296e-04
6.23000000e-01	1.31932463e-02	1.36926612e-04
6.24000000e-01	1.30414751e-02	1.35476950e-04
6.25000000e-01	1.30310132e-02	1.35227020e-04
6.26000000e-01	1.31058197e-02	1.35385722e-04
6.27000000e-01	1.30059669e-02	1.34930607e-04
6.28000000e-01	1.29584501e-02	1.33976276e-04
6.29000000e-01	1.29523627e-02	1.34093517e-04
6.30000000e-01	1.29964086e-02	1.34806225e-04
6.31000000e-01	1.29454356e-02	1.34650045e-04
6.32000000e-01	1.27773138e-02	1.32843932e-04
6.33000000e-01	1.30751899e-02	1.35242687e-04
6.34000000e-01	1.29647540e-02	1.38009051e-04
6.35000000e-01	1.31319717e-02	1.43564964e-04
6.36000000e-01	1.31087638e-02	1.45500851e-04
6.37000000e-01	1.30176330e-02	1.47230198e-04
6.38000000e-01	1.30053996e-02	1.49184671e-04
6.39000000e-01	1.30902547e-02	1.52239972e-04
6.40000000e-01	1.28510611e-02	1.51037740e-04
6.41000000e-01	1.31499318e-02	1.56036705e-04
6.42000000e-01	1.30500598e-02	1.57076954e-04
6.43000000e-01	1.29613002e-02	1.55991388e-04
6.44000000e-01	1.30782517e-02	1.51171553e-04
6.45000000e-01	1.30888208e-02	1.49711901e-04
6.46000000e-01	1.30757543e-02	1.47703830e-04
6.47000000e-01	1.31396317e-02	1.47157214e-04
6.48000000e-01	1.29337835e-02	1.44506884e-04
6.49000000e-01	1.30648247e-02	1.45313427e-04
6.50000000e-01	1.30555860e-02	1.43860786e-04
6.51000000e-01	1.30848544e-02	1.44244015e-04
6.52000000e-01	1.29911032e-02	1.42330348e-04
6.53000000e-01	1.30181691e-02	1.42177465e-04
6.54000000e-01	1.29104285e-02	1.40653883e-04
6.55000000e-01	1.30030811e-02	1.41062507e-04
6.56000000e-01	1.30334016e-02	1.40952415e-04
6.57000000e-01	1.29073010e-02	1.39745269e-04
6.58000000e-01	1.29438098e-02	1.40075000e-04
6.59000000e-01	1.30318884e-02	1.41716735e-04
6.60000000e-01	1.28038915e-02	1.38453385e-04
6.61000000e-01	1.29374842e-02	1.39357522e-04
6.62000000e-01	1.28933218e-02	1.39474780e-04
6.63000000e-01	1.29175875e-02	1.39610201e-04
6.64000000e-01	1.30180598e-02	1.39870253e-04
6.65000000e-01	1.28082165e-02	1.38467038e-04
6.66000000e-01	1.29735774e-02	1.39708350e-04
6.67000000e-01	1.28559921e-02	1.38529580e-04
6.68000000e-01	1.30794197e-02	1.40083272e-04
6.69000000e-01	1.29139710e-02	1.38844305e-04
6.70000000e-01	1.28454404e-02	1.38163465e-04
6.71000000e-01	1.29067937e-02	1.38561162e-04
6.72000000e-01	1.28873295e-02	1.38604549e-04
6.73000000e-01	1.29372724e-02	1.38495287e-04
6.74000000e-01	1.27713927e-02	1.37390713e-04
6.75000000e-01	1.27961318e-02	1.37758430e-04
6.76000000e-01	1.29213457e-02	1.38189871e-04
6.77000000e-01	1.26361435e-02	1.36094980e-04
6.78000000e-01	1.27608123e-02	1.37220701e-04
6.79000000e-01	1.27132524e-02	1.36297667e-04
6.80000000e-01	1.26302500e-02	1.35938802e-04
6.81000000e-01	1.27562911e-02	1.36525117e-04
6.82000000e-01	1.28788111e-02	1.38161440e-04
6.83000000e-01	1.26620146e-02	1.36112612e-04
6.84000000e-01	1.28059170e-02	1.37214562e-04
6.85000000e-01	1.27950381e-02	1.36672565e-04
6.86000000e-01	1.28990871e-02	1.37415853e-04
6.87000000e-01	1.27121065e-02	1.36699286e-04
6.88000000e-01	1.26141464e-02	1.34800872e-04
6.89000000e-01	1.27151367e-02	1.35862298e-04
6.90000000e-01	1.27420926e-02	1.36984279e-04
6.91000000e-01	1.26884808e-02	1.36469963e-04
6.92000000e-01	1.26079210e-02	1.35466947e-04
6.93000000e-01	1.27390617e-02	1.36387024e-04
6.94000000e-01	1.26261766e-02	1.35336643e-04
6.95000000e-01	1.26231701e-02	1.35460658e-04
6.96000000e-01	1.25987999e-02	1.35278616e-04
6.97000000e-01	1.26670456e-02	1.35544822e-04
6.98000000e-01	1.26313228e-02	1.35310533e-04
6.99000000e-01	1.26604016e-02	1.35445528e-04
7.00000000e-01	1.26686504e-02	1.35866157e-04
7.01000000e-01	1.26781951e-02	1.35822284e-04
7.02000000e-01	1.25507086e-02	1.34765810e-04
7.03000000e-01	1.26377423e-02	1.35526994e-04
7.04000000e-01	1.26781651e-02	1.35666924e-04
7.05000000e-01	1.25636479e-02	1.34665080e-04
7.06000000e-01	1.25525281e-02	1.34019332e-04
7.07000000e-01	1.24696871e-02	1.33802093e-04
7.08000000e-01	1.25053499e-02	1.33555987e-04
7.09000000e-01	1.24501996e-02	1.32950245e-04
7.10000000e-01	1.25776271e-02	1.34421687e-04
7.11000000e-01	1.24797851e-02	1.33774709e-04
7.12000000e-01	1.24781445e-02	1.33343670e-04
7.13000000e-01	1.24313180e-02	1.33146946e-04
7.14000000e-01	1.24213121e-02	1.33103883e-04
7.15000000e-01	1.24097424e-02	1.32593873e-04
7.16000000e-01	1.23289409e-02	1.31894684e-04
7.17000000e-01	1.23778538e-02	1.32789369e-04
7.18000000e-01	1.24187113e-02	1.33165450e-04
7.19000000e-01	1.23333027e-02	1.32167813e-04
7.20000000e-01	1.23020740e-02	1.31975792e-04
7.21000000e-01	1.23124772e-02	1.31882418e-04
7.22000000e-01	1.23117669e-02	1.32239985e-04
7.23000000e-01	1.23869971e-02	1.32562554e-04
7.24000000e-01	1.23951771e-02	1.32879606e-04
7.25000000e-01	1.24092039e-02	1.32809708e-04
7.26000000e-01	1.22199252e-02	1.30954508e-04
7.27000000e-01	1.22581349e-02	1.32066828e-04
7.28000000e-01	1.23911645e-02	1.32547298e-04
7.29000000e-01	1.23052789e-02	1.31805687e-04
7.30000000e-01	1.21719698e-02	1.30971300e-04
7.31000000e-01	1.22679206e-02	1.31746054e-04
7.32000000e-01	1.23189899e-02	1.32237439e-04
7.33000000e-01	1.20568539e-02	1.29988798e-04
7.34000000e-01	1.21634480e-02	1.30412855e-04
7.35000000e-01	1.23086304e-02	1.31355953e-04
7.36000000e-01	1.22107573e-02	1.30273451e-04
7.37000000e-01	1.20687065e-02	1.28897506e-04
7.38000000e-01	1.22073019e-02	1.29734159e-04
7.39000000e-01	1.21705040e-02	1.29101895e-04
7.40000000e-01	1.21364393e-02	1.29172579e-04
7.41000000e-01	1.20795428e-02	1.28323957e-04
7.42000000e-01	1.21507766e-02	1.29021531e-04
7.43000000e-01	1.21329596e-02	1.28921282e-04
7.44000000e-01	1.22219815e-02	1.29449273e-04
7.45000000e-01	1.21497749e-02	1.28811159e-04
7.46000000e-01	1.20383732e-02	1.27514414e-04
7.47000000e-01	1.21628092e-02	1.29141147e-04
7.48000000e-01	1.21508782e-02	1.29048101e-04
7.49000000e-01	1.21808067e-02	1.29652619e-04
7.50000000e-01	1.20814991e-02	1.29004583e-04
7.51000000e-01	1.20140709e-02	1.27731907e-04
7.52000000e-01	1.20479548e-02	1.27853768e-04
7.53000000e-01	1.20768833e-02	1.27771117e-04
7.54000000e-01	1.21205610e-02	1.28839312e-04
7.55000000e-01	1.19777101e-02	1.27358061e-04
7.56000000e-01	1.21662924e-02	1.29124882e-04
7.57000000e-01	1.20166215e-02	1.27840151e-04
7.58000000e-01	1.19534152e-02	1.27413741e-04
7.59000000e-01	1.19893175e-02	1.27640946e-04
7.60000000e-01	1.19739218e-02	1.27020049e-04
7.61000000e-01	1.19851814e-02	1.26857373e-04
7.62000000e-01	1.19311982e-02	1.26240193e-04
7.63000000e-01	1.19436932e-02	1.26060277e-04
7.64000000e-01	1.17689550e-02	1.24485233e-04
7.65000000e-01	1.18387436e-02	1.25214032e-04
7.66000000e-01	1.19397120e-02	1.25722450e-04
7.67000000e-01	1.18211106e-02	1.25141042e-04
7.68000000e-01	1.18991481e-02	1.25337985e-04
7.69000000e-01	1.18558680e-02	1.25346856e-04
7.70000000e-01	1.18914552e-02	1.25504101e-04
7.71000000e-01	1.18578026e-02	1.24945070e-04
7.72000000e-01	1.18034628e-02	1.27847317e-04
7.73000000e-01	1.19204982e-02	1.34135776e-04
7.74000000e-01	1.18613140e-02	1.35992041e-04
7.75000000e-01	1.18481296e-02	1.37860260e-04
7.76000000e-01	1.17231109e-02	1.39083113e-04
7.77000000e-01	1.16844631e-02	1.40041416e-04
7.78000000e-01	1.16711248e-02	1.42882147e-04
7.79000000e-01	1.17379148e-02	1.44676843e-04
7.80000000e-01	1.17209479e-02	1.45531788e-04
7.81000000e-01	1.17623869e-02	1.47953160e-04
7.82000000e-01	1.17208218e-02	1.49638044e-04
7.83000000e-01	1.17675847e-02	1.52007338e-04
7.84000000e-01	1.19210016e-02	1.54878807e-04
7.85000000e-01	1.15363739e-02	1.51783178e-04
7.86000000e-01	1.16101674e-02	1.53754249e-04
7.87000000e-01	1.16519753e-02	1.56028667e-04
7.88000000e-01	1.15736039e-02	1.56891373e-04
7.89000000e-01	1.17171806e-02	1.60589085e-04
7.90000000e-01	1.16503232e-02	1.60935429e-04
7.91000000e-01	1.15537514e-02	1.60501601e-04
7.92000000e-01	1.14776515e-02	1.61864025e-04
7.93000000e-01	1.16515865e-02	1.67164696e-04
7.94000000e-01	1.14877212e-02	1.65443678e-04
7.95000000e-01	1.16305786e-02	1.68191592e-04
7.96000000e-01	1.14574908e-02	1.69159381e-04
7.97000000e-01	1.16034549e-02	1.72261821e-04
7.98000000e-01	1.16138780e-02	1.74304447e-04
7.99000000e-01	1.12124811e-02	1.71132699e-04
8.00000000e-01	1.14703093e-02	1.75713371e-04
8.01000000e-01	1.15400500e-02	1.78005747e-04
8.02000000e-01	1.14830822e-02	1.79371179e-04
8.03000000e-01	1.15217292e-02	1.82089282e-04
8.04000000e-01	1.15029887e-02	1.83427183e-04
8.05000000e-01	1.16894096e-02	1.87808499e-04
8.06000000e-01	1.14184171e-02	1.86399214e-04
8.07000000e-01	1.14967759e-02	1.89131383e-04
8.08000000e-01	1.14565029e-02	1.91659709e-04
8.09000000e-01	1.15319447e-02	1.94747216e-04
8.10000000e-01	1.13214069e-02	1.92813424e-04
8.11000000e-01	1.12753823e-02	1.95111773e-04
8.12000000e-01	1.14476541e-02	1.99837229e-04
8.13000000e-01	1.12430702e-02	1.98755429e-04
8.14000000e-01	1.13169984e-02	2.02429407e-04
8.15000000e-01	1.12280261e-02	2.04898132e-04
8.16000000e-01	1.14886847e-02	2.09653278e-04
8.17000000e-01	1.12047184e-02	2.07797360e-04
8.18000000e-01	1.11863442e-02	2.09655311e-04
8.19000000e-01	1.12230109e-02	2.12774911e-04
8.20000000e-01	1.09847856e-02	2.12506600e-04
8.21000000e-01	1.11856354e-02	2.18691349e-04
8.22000000e-01	1.11768569e-02	2.21480482e-04
8.23000000e-01	1.12040300e-02	2.23986373e-04
8.24000000e-01	1.08573664e-02	2.21617078e-04
8.25000000e-01	1.12123164e-02	2.31694901e-04
8.26000000e-01	1.11583840e-02	2.34941400e-04
8.27000000e-01	1.09597999e-02	2.33650948e-04
8.28000000e-01	1.09671998e-02	2.37793707e-04
8.29000000e-01	1.10801390e-02	2.43154503e-04
8.30000000e-01	1.10714785e-02	2.45828654e-04
8.31000000e-01	1.09984072e-02	2.50225537e-04
8.32000000e-01	1.10712740e-02	2.53907233e-04
8.33000000e-01	1.11676024e-02	2.62900536e-04
8.34000000e-01	1.07816671e-02	2.55122288e-04
8.35000000e-01	1.09223719e-02	2.64853241e-04
8.36000000e-01	1.08837405e-02	2.67738640e-04
8.37000000e-01	1.08924512e-02	2.73831127e-04
8.38000000e-01	1.10926211e-02	2.83017857e-04
8.39000000e-01	1.08079037e-02	2.85159881e-04
8.40000000e-01	1.06581422e-02	2.86946700e-04
8.41000000e-01	1.09253388e-02	2.99769044e-04
8.42000000e-01	1.08199128e-02	3.02437546e-04
8.43000000e-01	1.09804225e-02	3.13750686e-04
8.44000000e-01	1.09781196e-02	3.22403207e-04
8.45000000e-01	1.07068413e-02	3.18999613e-04
8.46000000e-01	1.08843294e-02	3.34501965e-04
8.47000000e-01	1.10217717e-02	3.49831142e-04
8.48000000e-01	1.05899546e-02	3.49582491e-04
8.49000000e-01	1.06718206e-02	3.66216977e-04
8.50000000e-01	1.11429628e-02	3.92135817e-04
8.51000000e-01	1.08354862e-02	3.99584657e-04
8.52000000e-01	1.08692790e-02	4.07213974e-04
8.53000000e-01	1.01594235e-02	4.04435648e-04
8.54000000e-01	1.07147085e-02	4.43456720e-04
8.55000000e-01	1.06447749e-02	4.59992975e-04
8.56000000e-01	1.08389926e-02	4.81238786e-04
8.57000000e-01	1.04405340e-02	4.79007336e-04
8.58000000e-01	1.06919871e-02	4.98436087e-04
8.59000000e-01	1.05102433e-02	5.06848493e-04
8.60000000e-01	1.01819826e-02	5.02393981e-04
8.61000000e-01	1.08141168e-02	5.58388453e-04
8.62000000e-01	1.05395076e-02	5.57844519e-04
8.63000000e-01	1.08171550e-02	5.92372809e-04
8.64000000e-01	1.05162509e-02	6.13773554e-04
8.65000000e-01	1.04431605e-02	6.27946267e-04
8.66000000e-01	1.06411744e-02	6.68010488e-04
8.67000000e-01	1.02571076e-02	6.96987017e-04
8.68000000e-01	1.02096567e-02	7.47701634e-04
8.69000000e-01	1.04028275e-02	8.09569008e-04
8.70000000e-01	9.23142189e-03	7.76513910e-04
8.71000000e-01	1.01471687e-02	9.69895921e-04
8.72000000e-01	1.11748429e-02	1.14980187e-03
8.73000000e-01	1.02814412e-02	1.27909081e-03
8.74000000e-01	1.20919644e-02	1.86786792e-03
8.75000000e-01	1.06177661e-02	3.48350853e-03
