% Filename : SDL7_00012_00062.h5
% Date & Time : 30-Oct-2025 14:49:48
% X-ray Energy (keV) : 13.30001
% Exposure Time (s) : 0.500
% Beam Center : 1461.24000, 208.98300
% Sample to Detector Distance (SDD) (mm) : 1990.750
% Detector Pixel Size (mm) : 0.075
% Photodiode Value : 135230.000
% I0 of Sample : 0
% I0 of Standard : 1
% 
% q(A^-1)   I(q)    I(q)_SE
0.00000000e+00	5.34400420e-03	3.27252811e-03
2.50000000e-04	0.00000000e+00	0.00000000e+00
5.00000000e-04	0.00000000e+00	0.00000000e+00
7.50000000e-04	0.00000000e+00	0.00000000e+00
1.00000000e-03	0.00000000e+00	0.00000000e+00
1.25000000e-03	0.00000000e+00	0.00000000e+00
1.50000000e-03	0.00000000e+00	0.00000000e+00
1.75000000e-03	0.00000000e+00	0.00000000e+00
2.00000000e-03	0.00000000e+00	0.00000000e+00
2.25000000e-03	0.00000000e+00	0.00000000e+00
2.50000000e-03	0.00000000e+00	0.00000000e+00
2.75000000e-03	0.00000000e+00	0.00000000e+00
3.00000000e-03	0.00000000e+00	0.00000000e+00
3.25000000e-03	1.20802794e+03	1.13860231e+03
3.50000000e-03	1.59535534e+02	1.49567042e+02
3.75000000e-03	2.02632411e+02	1.91505106e+02
4.00000000e-03	1.88200185e+02	1.29107775e+02
4.25000000e-03	5.18571508e+01	4.67980173e+01
4.50000000e-03	9.22781041e+01	6.21443460e+01
4.75000000e-03	1.16303685e+02	6.20986179e+01
5.00000000e-03	9.30768998e+01	4.89618909e+01
5.25000000e-03	7.85628505e+01	4.12651583e+01
5.50000000e-03	6.10038844e+01	3.18040628e+01
5.75000000e-03	5.22341900e+01	2.74798382e+01
6.00000000e-03	4.18063479e+01	2.19251734e+01
6.25000000e-03	3.57386661e+01	1.83407695e+01
6.50000000e-03	3.07384339e+01	1.56947447e+01
6.75000000e-03	2.67860416e+01	1.35031955e+01
7.00000000e-03	2.33015338e+01	1.18040561e+01
7.25000000e-03	2.03479867e+01	1.03682654e+01
7.50000000e-03	1.74573334e+01	8.68375224e+00
7.75000000e-03	1.55441938e+01	7.63081864e+00
8.00000000e-03	1.44453893e+01	6.99112247e+00
8.25000000e-03	1.15456686e+01	5.45489702e+00
8.50000000e-03	1.03406636e+01	4.74098185e+00
8.75000000e-03	8.83113574e+00	4.06898491e+00
9.00000000e-03	7.80775572e+00	3.54309216e+00
9.25000000e-03	7.32659825e+00	3.31610006e+00
9.50000000e-03	6.45628704e+00	2.87580752e+00
9.75000000e-03	5.79983970e+00	2.54262607e+00
1.00000000e-02	4.99624767e+00	2.22994081e+00
1.02500000e-02	4.89545053e+00	2.09468581e+00
1.05000000e-02	4.16237787e+00	1.73913514e+00
1.07500000e-02	3.87335227e+00	1.62342454e+00
1.10000000e-02	3.40898939e+00	1.38889618e+00
1.12500000e-02	2.70555463e+00	1.20007634e+00
1.15000000e-02	3.17863996e+00	1.29546122e+00
1.17500000e-02	2.36375583e+00	1.01683067e+00
1.20000000e-02	2.74001246e+00	1.08190035e+00
1.22500000e-02	2.40727285e+00	9.51701774e-01
1.25000000e-02	2.15807879e+00	8.48974270e-01
1.27500000e-02	1.95464142e+00	7.55918840e-01
1.30000000e-02	1.92141372e+00	7.31807943e-01
1.32500000e-02	1.69620880e+00	6.35169161e-01
1.35000000e-02	1.64640405e+00	6.05541142e-01
1.37500000e-02	1.49812775e+00	5.43411271e-01
1.40000000e-02	1.34882933e+00	4.86587859e-01
1.42500000e-02	1.28429765e+00	4.62202838e-01
1.45000000e-02	1.20228645e+00	4.30506326e-01
1.47500000e-02	1.16803822e+00	4.15913592e-01
1.50000000e-02	1.07345115e+00	3.74510210e-01
1.52500000e-02	9.97365745e-01	3.45459362e-01
1.55000000e-02	9.66651144e-01	3.39927810e-01
1.57500000e-02	8.66306628e-01	2.99230927e-01
1.60000000e-02	8.04972930e-01	2.74752947e-01
1.62500000e-02	8.30119968e-01	2.89185065e-01
1.65000000e-02	7.22210699e-01	2.38946321e-01
1.67500000e-02	6.92273819e-01	2.32652330e-01
1.70000000e-02	6.51981909e-01	2.13416862e-01
1.72500000e-02	6.09863490e-01	1.97045726e-01
1.75000000e-02	5.71546895e-01	1.88417425e-01
1.77500000e-02	5.17739984e-01	1.64840605e-01
1.80000000e-02	5.05740556e-01	1.60172366e-01
1.82500000e-02	4.70258292e-01	1.45536527e-01
1.85000000e-02	4.40776160e-01	1.40957625e-01
1.87500000e-02	4.37728894e-01	1.31583768e-01
1.90000000e-02	4.07308602e-01	1.20122843e-01
1.92500000e-02	3.87622008e-01	1.13889059e-01
1.95000000e-02	3.21841105e-01	9.74084220e-02
1.97500000e-02	3.63416685e-01	1.05208951e-01
2.00000000e-02	2.97735923e-01	8.56064079e-02
2.02500000e-02	3.15059392e-01	9.11707121e-02
2.05000000e-02	3.14575522e-01	8.84338956e-02
2.07500000e-02	3.04922607e-01	8.38774080e-02
2.10000000e-02	2.94326140e-01	8.06769656e-02
2.12500000e-02	2.83095478e-01	7.74486011e-02
2.15000000e-02	2.76583631e-01	7.49864236e-02
2.17500000e-02	2.75405643e-01	7.42924148e-02
2.20000000e-02	2.67989623e-01	7.16004024e-02
2.22500000e-02	2.56672759e-01	6.73880562e-02
2.25000000e-02	2.47042280e-01	6.37089124e-02
2.27500000e-02	2.37691632e-01	6.17252358e-02
2.30000000e-02	2.29244083e-01	5.74733815e-02
2.32500000e-02	2.19728213e-01	5.54628907e-02
2.35000000e-02	2.20292167e-01	5.39179466e-02
2.37500000e-02	2.16740114e-01	5.33021557e-02
2.40000000e-02	2.08404038e-01	5.20784947e-02
2.42500000e-02	1.98868446e-01	4.73205631e-02
2.45000000e-02	1.91297694e-01	4.47129424e-02
2.47500000e-02	1.84454777e-01	4.27965206e-02
2.50000000e-02	1.80819566e-01	4.19271887e-02
2.52500000e-02	1.74425005e-01	4.14276859e-02
2.55000000e-02	1.71343345e-01	3.89958426e-02
2.57500000e-02	1.67719610e-01	3.73273826e-02
2.60000000e-02	1.63942988e-01	3.62503566e-02
2.62500000e-02	1.50327925e-01	3.36250068e-02
2.65000000e-02	1.52923303e-01	3.30920937e-02
2.67500000e-02	1.48795040e-01	3.18871003e-02
2.70000000e-02	1.34251410e-01	2.86875238e-02
2.72500000e-02	1.42275838e-01	3.00983095e-02
2.75000000e-02	1.24917617e-01	2.54945667e-02
2.77500000e-02	1.34069955e-01	2.85243376e-02
2.80000000e-02	1.27291754e-01	2.59376916e-02
2.82500000e-02	1.24537204e-01	2.50355464e-02
2.85000000e-02	1.25332843e-01	2.51344389e-02
2.87500000e-02	1.21355032e-01	2.35495751e-02
2.90000000e-02	1.19682200e-01	2.27865053e-02
2.92500000e-02	1.10703800e-01	2.10085238e-02
2.95000000e-02	1.12866765e-01	2.12939248e-02
2.97500000e-02	1.06968245e-01	1.91787628e-02
3.00000000e-02	1.08449900e-01	1.98366889e-02
3.02500000e-02	1.06592805e-01	1.92844968e-02
3.05000000e-02	9.95917287e-02	1.77787000e-02
3.07500000e-02	1.00777822e-01	1.78216069e-02
3.10000000e-02	9.87446183e-02	1.65570733e-02
3.12500000e-02	9.92756476e-02	1.75536029e-02
3.15000000e-02	9.33655329e-02	1.58103093e-02
3.17500000e-02	9.02028767e-02	1.52112406e-02
3.20000000e-02	9.27845099e-02	1.54568649e-02
3.22500000e-02	9.18399993e-02	1.53051145e-02
3.25000000e-02	9.01653844e-02	1.54967778e-02
3.27500000e-02	8.41730475e-02	1.31538669e-02
3.30000000e-02	8.33903076e-02	1.29923380e-02
3.32500000e-02	8.29560289e-02	1.28589883e-02
3.35000000e-02	7.78835930e-02	1.20163049e-02
3.37500000e-02	7.83248327e-02	1.15286834e-02
3.40000000e-02	7.56339938e-02	1.12769814e-02
3.42500000e-02	7.60884696e-02	1.13037991e-02
3.45000000e-02	7.10408985e-02	1.02294399e-02
3.47500000e-02	7.31655942e-02	1.03700609e-02
3.50000000e-02	6.82112534e-02	9.67815406e-03
3.52500000e-02	6.95732712e-02	9.70838572e-03
3.55000000e-02	6.64689780e-02	8.87532592e-03
3.57500000e-02	6.31309604e-02	8.31006692e-03
3.60000000e-02	6.36329285e-02	8.31058663e-03
3.62500000e-02	6.45927890e-02	8.67809323e-03
3.65000000e-02	6.25660437e-02	8.20174214e-03
3.67500000e-02	6.39515577e-02	8.19942701e-03
3.70000000e-02	6.17212707e-02	8.13665207e-03
3.72500000e-02	6.08427092e-02	7.76535009e-03
3.75000000e-02	6.13527537e-02	7.74179641e-03
3.77500000e-02	5.91055787e-02	7.48336881e-03
3.80000000e-02	5.77058199e-02	6.87664533e-03
3.82500000e-02	5.70905499e-02	6.86046872e-03
3.85000000e-02	5.67329732e-02	6.74166259e-03
3.87500000e-02	5.27743641e-02	5.96071492e-03
3.90000000e-02	5.52538020e-02	6.38458874e-03
3.92500000e-02	5.29023839e-02	6.06437617e-03
3.95000000e-02	5.27805278e-02	5.86859251e-03
3.97500000e-02	5.24941185e-02	5.85296958e-03
4.00000000e-02	5.14878938e-02	5.51223262e-03
4.02500000e-02	5.02691099e-02	5.43068691e-03
4.05000000e-02	4.84651724e-02	5.01745172e-03
4.07500000e-02	4.95488131e-02	5.03885613e-03
4.10000000e-02	4.82132005e-02	5.01572340e-03
4.12500000e-02	4.86346951e-02	4.79951880e-03
4.15000000e-02	4.73521867e-02	4.64193046e-03
4.17500000e-02	4.69005392e-02	4.64628194e-03
4.20000000e-02	4.48425391e-02	4.19042841e-03
4.22500000e-02	4.44300052e-02	4.22396505e-03
4.25000000e-02	4.36692220e-02	4.03104144e-03
4.27500000e-02	4.40432154e-02	4.19439504e-03
4.30000000e-02	4.38261901e-02	4.08810010e-03
4.32500000e-02	4.19850750e-02	3.82440146e-03
4.35000000e-02	4.20361208e-02	3.80318457e-03
4.37500000e-02	4.20617160e-02	3.55613873e-03
4.40000000e-02	4.23708352e-02	3.74319720e-03
4.42500000e-02	4.13678386e-02	3.72221886e-03
4.45000000e-02	4.04871642e-02	3.34647725e-03
4.47500000e-02	4.25818672e-02	3.66699387e-03
4.50000000e-02	4.10222289e-02	3.43199639e-03
4.52500000e-02	4.05266010e-02	3.36348648e-03
4.55000000e-02	4.02056245e-02	3.10729434e-03
4.57500000e-02	3.86302865e-02	3.10993872e-03
4.60000000e-02	3.86641071e-02	3.11330093e-03
4.62500000e-02	3.91321235e-02	3.01666027e-03
4.65000000e-02	3.71444614e-02	2.73483522e-03
4.67500000e-02	3.61831793e-02	2.64438489e-03
4.70000000e-02	3.67483922e-02	2.75711736e-03
4.72500000e-02	3.74949026e-02	2.70845554e-03
4.75000000e-02	3.65085158e-02	2.77739962e-03
4.77500000e-02	3.63338148e-02	2.57124961e-03
4.80000000e-02	3.72866953e-02	2.62870017e-03
4.82500000e-02	3.59940985e-02	2.52747255e-03
4.85000000e-02	3.56445614e-02	2.47049278e-03
4.87500000e-02	3.48008259e-02	2.33853641e-03
4.90000000e-02	3.40073228e-02	2.24887843e-03
4.92500000e-02	3.46067193e-02	2.24311775e-03
4.95000000e-02	3.42905882e-02	2.20242449e-03
4.97500000e-02	3.33687632e-02	2.20152602e-03
5.00000000e-02	3.41875081e-02	2.22997876e-03
5.02500000e-02	3.30016511e-02	1.95651848e-03
5.05000000e-02	3.38010638e-02	2.07548695e-03
5.07500000e-02	3.27552105e-02	2.01407590e-03
5.10000000e-02	3.36073982e-02	2.12078066e-03
5.12500000e-02	3.23155423e-02	1.97356336e-03
5.15000000e-02	3.10407494e-02	1.85400361e-03
5.17500000e-02	3.27163948e-02	1.87186634e-03
5.20000000e-02	3.23349685e-02	1.90581961e-03
5.22500000e-02	3.16799311e-02	1.90156341e-03
5.25000000e-02	3.15411790e-02	1.73095645e-03
5.27500000e-02	3.22084884e-02	1.82024713e-03
5.30000000e-02	3.09103209e-02	1.76649737e-03
5.32500000e-02	3.11792087e-02	1.68490521e-03
5.35000000e-02	3.12049270e-02	1.72499375e-03
5.37500000e-02	3.02336013e-02	1.62532652e-03
5.40000000e-02	3.01051309e-02	1.64465574e-03
5.42500000e-02	2.95871171e-02	1.57625701e-03
5.45000000e-02	3.01994483e-02	1.58318543e-03
5.47500000e-02	3.08309826e-02	1.63809673e-03
5.50000000e-02	3.02688551e-02	1.59631449e-03
5.52500000e-02	2.94453914e-02	1.47930388e-03
5.55000000e-02	2.97921270e-02	1.49448415e-03
5.57500000e-02	2.98353319e-02	1.46315997e-03
5.60000000e-02	2.89774919e-02	1.43363336e-03
5.62500000e-02	2.99901399e-02	1.54197477e-03
5.65000000e-02	2.91864159e-02	1.42090608e-03
5.67500000e-02	2.87750795e-02	1.41121557e-03
5.70000000e-02	2.90094943e-02	1.38347573e-03
5.72500000e-02	2.89347516e-02	1.38590819e-03
5.75000000e-02	2.88196356e-02	1.40942931e-03
5.77500000e-02	2.77620415e-02	1.26489068e-03
5.80000000e-02	2.75364711e-02	1.33578375e-03
5.82500000e-02	2.79189611e-02	1.27052823e-03
5.85000000e-02	2.89483899e-02	1.34098480e-03
5.87500000e-02	2.78843665e-02	1.24325959e-03
5.90000000e-02	2.80921917e-02	1.28227177e-03
5.92500000e-02	2.75686277e-02	1.22431876e-03
5.95000000e-02	2.78735586e-02	1.25416145e-03
5.97500000e-02	2.65025768e-02	1.19569599e-03
6.00000000e-02	2.74885060e-02	1.24139412e-03
6.02500000e-02	2.73310999e-02	1.21245694e-03
6.05000000e-02	2.70941269e-02	1.19560547e-03
6.07500000e-02	2.67900996e-02	1.18610913e-03
6.10000000e-02	2.75501895e-02	1.19875985e-03
6.12500000e-02	2.72442409e-02	1.18982074e-03
6.15000000e-02	2.68123169e-02	1.15183214e-03
6.17500000e-02	2.60191953e-02	1.09000734e-03
6.20000000e-02	2.63147012e-02	1.14727460e-03
6.22500000e-02	2.67103398e-02	1.13433879e-03
6.25000000e-02	2.59968541e-02	1.08611582e-03
6.27500000e-02	2.61591683e-02	1.09711590e-03
6.30000000e-02	2.65951558e-02	1.10800239e-03
6.32500000e-02	2.65281653e-02	1.10368813e-03
6.35000000e-02	2.52565479e-02	1.01620170e-03
6.37500000e-02	2.54670918e-02	1.04307420e-03
6.40000000e-02	2.59371233e-02	1.05911945e-03
6.42500000e-02	2.59936673e-02	1.05129140e-03
6.45000000e-02	2.59443487e-02	1.01510354e-03
6.47500000e-02	2.59216990e-02	1.03801756e-03
6.50000000e-02	2.62890024e-02	1.03950977e-03
6.52500000e-02	2.63675063e-02	1.03190171e-03
6.55000000e-02	2.56154134e-02	1.00279278e-03
6.57500000e-02	2.54975554e-02	9.86453677e-04
6.60000000e-02	2.51459042e-02	9.89525415e-04
6.62500000e-02	2.50051470e-02	9.63517776e-04
6.65000000e-02	2.54960867e-02	9.85228037e-04
6.67500000e-02	2.50466745e-02	9.58874007e-04
6.70000000e-02	2.52559211e-02	9.91452279e-04
6.72500000e-02	2.52608389e-02	9.91081739e-04
6.75000000e-02	2.54667981e-02	9.52040297e-04
6.77500000e-02	2.50243433e-02	9.50930510e-04
6.80000000e-02	2.51617635e-02	9.47389252e-04
6.82500000e-02	2.52789420e-02	9.51504688e-04
6.85000000e-02	2.50456720e-02	9.40896643e-04
6.87500000e-02	2.48655520e-02	9.29976117e-04
6.90000000e-02	2.43515591e-02	9.06146207e-04
6.92500000e-02	2.46934438e-02	9.05559042e-04
6.95000000e-02	2.49672739e-02	9.53410940e-04
6.97500000e-02	2.46133375e-02	9.24579023e-04
7.00000000e-02	2.55795831e-02	9.43115834e-04
7.02500000e-02	2.48708933e-02	9.08566290e-04
7.05000000e-02	2.47604150e-02	9.03228293e-04
7.07500000e-02	2.47657172e-02	9.19289834e-04
7.10000000e-02	2.42451556e-02	8.85423202e-04
7.12500000e-02	2.47781403e-02	9.06394946e-04
7.15000000e-02	2.41409191e-02	8.86401399e-04
7.17500000e-02	2.46702176e-02	8.74258927e-04
7.20000000e-02	2.44232323e-02	8.73063434e-04
7.22500000e-02	2.45670970e-02	8.91723201e-04
7.25000000e-02	2.45210353e-02	8.79082557e-04
7.27500000e-02	2.40339024e-02	8.66811721e-04
7.30000000e-02	2.43490214e-02	8.69641066e-04
7.32500000e-02	2.38744444e-02	8.52808281e-04
7.35000000e-02	2.39031733e-02	8.51271106e-04
7.37500000e-02	2.42235545e-02	8.56101747e-04
7.40000000e-02	2.38989730e-02	8.42309345e-04
7.42500000e-02	2.41318374e-02	8.46996683e-04
7.45000000e-02	2.39033818e-02	8.46330763e-04
7.47500000e-02	2.39800803e-02	8.40375545e-04
7.50000000e-02	2.42375161e-02	8.36826923e-04
7.52500000e-02	2.41941618e-02	8.48944460e-04
7.55000000e-02	2.36858500e-02	8.16250513e-04
7.57500000e-02	2.32147644e-02	8.04709263e-04
7.60000000e-02	2.33322446e-02	8.19360081e-04
7.62500000e-02	2.30861737e-02	8.02693956e-04
7.65000000e-02	2.34590652e-02	8.06089729e-04
7.67500000e-02	2.31700683e-02	8.06410836e-04
7.70000000e-02	2.29660529e-02	7.89449321e-04
7.72500000e-02	2.33860788e-02	8.10619017e-04
7.75000000e-02	2.37209108e-02	8.23978718e-04
7.77500000e-02	2.37391902e-02	8.34490570e-04
7.80000000e-02	2.32598113e-02	8.28284913e-04
7.82500000e-02	2.35936436e-02	8.42672641e-04
7.85000000e-02	2.33324126e-02	8.33511640e-04
7.87500000e-02	2.42993841e-02	8.68342110e-04
7.90000000e-02	2.39352625e-02	8.60816856e-04
7.92500000e-02	2.28761254e-02	8.29866762e-04
7.95000000e-02	2.30262356e-02	8.29772731e-04
7.97500000e-02	2.32569285e-02	8.41897741e-04
8.00000000e-02	2.34366558e-02	8.45836165e-04
8.02500000e-02	2.31330299e-02	8.43738484e-04
8.05000000e-02	2.38375187e-02	8.60884038e-04
8.07500000e-02	2.36113666e-02	8.61260177e-04
8.10000000e-02	2.27646994e-02	8.37326465e-04
8.12500000e-02	2.30513637e-02	8.45386026e-04
8.15000000e-02	2.30244748e-02	8.43806786e-04
8.17500000e-02	2.41512592e-02	8.90992247e-04
8.20000000e-02	2.26404465e-02	8.36114115e-04
8.22500000e-02	2.30851324e-02	8.57070896e-04
8.25000000e-02	2.27926378e-02	8.43865431e-04
8.27500000e-02	2.22784840e-02	8.26104630e-04
8.30000000e-02	2.30980838e-02	8.56543740e-04
8.32500000e-02	2.29371082e-02	8.59237707e-04
8.35000000e-02	2.34304728e-02	8.77889773e-04
8.37500000e-02	2.20661249e-02	8.09753619e-04
8.40000000e-02	2.31223162e-02	8.59186310e-04
8.42500000e-02	2.26631562e-02	8.48465588e-04
8.45000000e-02	2.32059045e-02	8.61764949e-04
8.47500000e-02	2.22319499e-02	8.29795773e-04
8.50000000e-02	2.29238438e-02	8.51222692e-04
8.52500000e-02	2.25342130e-02	8.48559980e-04
8.55000000e-02	2.33741152e-02	8.63753673e-04
8.57500000e-02	2.25496340e-02	8.50208132e-04
8.60000000e-02	2.24613974e-02	8.40356985e-04
8.62500000e-02	2.23902659e-02	8.37129238e-04
8.65000000e-02	2.17926635e-02	8.21497728e-04
8.67500000e-02	2.29511603e-02	8.57362191e-04
8.70000000e-02	2.25473181e-02	8.24734847e-04
8.72500000e-02	2.24544649e-02	8.08990910e-04
8.75000000e-02	2.21246079e-02	7.90592780e-04
8.77500000e-02	2.22576740e-02	7.91566591e-04
8.80000000e-02	2.14915838e-02	7.62374042e-04
8.82500000e-02	2.22285928e-02	7.83234125e-04
8.85000000e-02	2.20601879e-02	7.73781522e-04
8.87500000e-02	2.25858241e-02	7.81069397e-04
8.90000000e-02	2.19267793e-02	7.64740231e-04
8.92500000e-02	2.22213312e-02	7.64531442e-04
8.95000000e-02	2.22632128e-02	7.64664402e-04
8.97500000e-02	2.23352116e-02	7.66957661e-04
9.00000000e-02	2.17085542e-02	7.29929971e-04
9.02500000e-02	2.20352770e-02	7.50888115e-04
9.05000000e-02	2.19860911e-02	7.53306881e-04
9.07500000e-02	2.15459296e-02	7.29023231e-04
9.10000000e-02	2.21262015e-02	7.41608838e-04
9.12500000e-02	2.18252250e-02	7.27471456e-04
9.15000000e-02	2.20970780e-02	7.41911927e-04
9.17500000e-02	2.16084522e-02	7.36333753e-04
9.20000000e-02	2.13846285e-02	7.16232565e-04
9.22500000e-02	2.16944569e-02	7.21437067e-04
9.25000000e-02	2.20045100e-02	7.30297858e-04
9.27500000e-02	2.19744707e-02	7.32633989e-04
9.30000000e-02	2.12753024e-02	7.01668947e-04
9.32500000e-02	2.11668403e-02	7.07175284e-04
9.35000000e-02	2.15177490e-02	7.14364906e-04
9.37500000e-02	2.10658187e-02	6.90988307e-04
9.40000000e-02	2.18585611e-02	7.18234013e-04
9.42500000e-02	2.17458892e-02	7.13689403e-04
9.45000000e-02	2.21612558e-02	7.26358710e-04
9.47500000e-02	2.13891481e-02	6.96273626e-04
9.50000000e-02	2.13713455e-02	6.99360781e-04
9.52500000e-02	2.21458383e-02	7.22307469e-04
9.55000000e-02	2.17695768e-02	7.00332172e-04
9.57500000e-02	2.13951357e-02	6.97102191e-04
9.60000000e-02	2.22134668e-02	7.19483493e-04
9.62500000e-02	2.13718859e-02	6.87717304e-04
9.65000000e-02	2.14091310e-02	6.94085310e-04
9.67500000e-02	2.16118519e-02	7.00360682e-04
9.70000000e-02	2.11778582e-02	6.84186113e-04
9.72500000e-02	2.13775291e-02	6.86434005e-04
9.75000000e-02	2.17266043e-02	6.92469770e-04
9.77500000e-02	2.17095786e-02	6.90921766e-04
9.80000000e-02	2.13393250e-02	6.81928447e-04
9.82500000e-02	2.12292367e-02	6.80921800e-04
9.85000000e-02	2.12887091e-02	6.74966275e-04
9.87500000e-02	2.12498790e-02	6.78904816e-04
9.90000000e-02	2.15966668e-02	6.83113285e-04
9.92500000e-02	2.13725840e-02	6.74660880e-04
9.95000000e-02	2.11426097e-02	6.71093238e-04
9.97500000e-02	2.14868906e-02	6.76942305e-04
1.00000000e-01	2.08606646e-02	5.34828496e-04
1.00500000e-01	2.15256683e-02	4.78789794e-04
1.01000000e-01	2.13916611e-02	4.73165009e-04
1.01500000e-01	2.13637822e-02	4.74391488e-04
1.02000000e-01	2.06149490e-02	4.57248083e-04
1.02500000e-01	2.09212641e-02	4.61033155e-04
1.03000000e-01	2.13145491e-02	4.67015810e-04
1.03500000e-01	2.09567890e-02	4.57800737e-04
1.04000000e-01	2.11757894e-02	4.61245327e-04
1.04500000e-01	2.08357006e-02	4.54755058e-04
1.05000000e-01	2.10130836e-02	4.54850166e-04
1.05500000e-01	2.12698356e-02	4.60567428e-04
1.06000000e-01	2.13757035e-02	4.60522580e-04
1.06500000e-01	2.13036197e-02	4.54846964e-04
1.07000000e-01	2.10399700e-02	4.58709220e-04
1.07500000e-01	2.06292621e-02	4.58343720e-04
1.08000000e-01	2.08959667e-02	4.68643095e-04
1.08500000e-01	2.04088467e-02	4.62488702e-04
1.09000000e-01	2.09293234e-02	4.74429914e-04
1.09500000e-01	2.08050780e-02	4.77663752e-04
1.10000000e-01	2.06776215e-02	4.65263396e-04
1.10500000e-01	2.05789949e-02	4.54428006e-04
1.11000000e-01	2.03486417e-02	4.43568701e-04
1.11500000e-01	2.08233850e-02	4.49977442e-04
1.12000000e-01	2.07157268e-02	4.42754597e-04
1.12500000e-01	2.11221569e-02	4.47641850e-04
1.13000000e-01	2.10356804e-02	4.46218939e-04
1.13500000e-01	2.05539477e-02	4.35960419e-04
1.14000000e-01	2.09627804e-02	4.39653369e-04
1.14500000e-01	2.08563563e-02	4.38160474e-04
1.15000000e-01	2.07568735e-02	4.32284309e-04
1.15500000e-01	2.12983386e-02	4.41889465e-04
1.16000000e-01	2.07971282e-02	4.32653944e-04
1.16500000e-01	2.05736023e-02	4.27326723e-04
1.17000000e-01	2.05105019e-02	4.26600764e-04
1.17500000e-01	2.08229618e-02	4.30517047e-04
1.18000000e-01	2.05483990e-02	4.24769443e-04
1.18500000e-01	2.08147484e-02	4.27980243e-04
1.19000000e-01	2.07292252e-02	4.22374338e-04
1.19500000e-01	2.06937751e-02	4.22318030e-04
1.20000000e-01	2.09377990e-02	4.26874885e-04
1.20500000e-01	2.06076801e-02	4.20508423e-04
1.21000000e-01	2.03656374e-02	4.13848757e-04
1.21500000e-01	2.05528953e-02	4.17706094e-04
1.22000000e-01	2.08468657e-02	4.22015609e-04
1.22500000e-01	2.09802720e-02	4.23533946e-04
1.23000000e-01	2.05895386e-02	4.13775798e-04
1.23500000e-01	2.06165315e-02	4.11846838e-04
1.24000000e-01	2.04872297e-02	4.11625208e-04
1.24500000e-01	2.04007100e-02	4.10670740e-04
1.25000000e-01	2.06504659e-02	4.11915641e-04
1.25500000e-01	2.07323410e-02	4.12381019e-04
1.26000000e-01	2.07409694e-02	4.11800040e-04
1.26500000e-01	2.07694207e-02	4.13259130e-04
1.27000000e-01	2.05441893e-02	4.06722626e-04
1.27500000e-01	2.07767289e-02	4.07977485e-04
1.28000000e-01	2.06590556e-02	4.08741442e-04
1.28500000e-01	2.10150775e-02	4.11209177e-04
1.29000000e-01	2.04386571e-02	4.01423337e-04
1.29500000e-01	2.07320621e-02	4.06098630e-04
1.30000000e-01	2.07071464e-02	4.05871874e-04
1.30500000e-01	2.05076732e-02	4.00972803e-04
1.31000000e-01	2.05895233e-02	3.98271143e-04
1.31500000e-01	2.06621479e-02	4.00735811e-04
1.32000000e-01	2.10470401e-02	4.08590102e-04
1.32500000e-01	2.06816308e-02	3.99286836e-04
1.33000000e-01	2.05277200e-02	3.95566548e-04
1.33500000e-01	2.07928979e-02	3.96767576e-04
1.34000000e-01	2.04992231e-02	3.93647605e-04
1.34500000e-01	2.07798874e-02	3.95847069e-04
1.35000000e-01	2.04049371e-02	3.88858156e-04
1.35500000e-01	2.09968303e-02	3.98713585e-04
1.36000000e-01	2.08274260e-02	3.91983913e-04
1.36500000e-01	2.10465830e-02	3.99866848e-04
1.37000000e-01	2.09712757e-02	3.94623562e-04
1.37500000e-01	2.06114071e-02	3.90363565e-04
1.38000000e-01	2.09122586e-02	3.94114996e-04
1.38500000e-01	2.04679716e-02	3.85755556e-04
1.39000000e-01	2.03566598e-02	3.83235049e-04
1.39500000e-01	2.06318407e-02	3.87983421e-04
1.40000000e-01	2.06074890e-02	3.89185621e-04
1.40500000e-01	2.07892340e-02	3.90382529e-04
1.41000000e-01	2.02063897e-02	3.78586350e-04
1.41500000e-01	2.01259256e-02	3.78071494e-04
1.42000000e-01	2.02418974e-02	3.79193161e-04
1.42500000e-01	2.03217607e-02	3.80267032e-04
1.43000000e-01	2.03135087e-02	3.78780389e-04
1.43500000e-01	2.05659758e-02	3.81298496e-04
1.44000000e-01	2.03518208e-02	3.77276337e-04
1.44500000e-01	2.02377654e-02	3.75340017e-04
1.45000000e-01	2.05483004e-02	3.82584215e-04
1.45500000e-01	2.00243024e-02	3.70047119e-04
1.46000000e-01	2.04079973e-02	3.77436356e-04
1.46500000e-01	2.02700033e-02	3.74533628e-04
1.47000000e-01	2.01563545e-02	3.70809039e-04
1.47500000e-01	2.00918274e-02	3.67914799e-04
1.48000000e-01	1.99735917e-02	3.66070407e-04
1.48500000e-01	1.96301267e-02	3.60578966e-04
1.49000000e-01	2.02732191e-02	3.69204098e-04
1.49500000e-01	2.03827855e-02	3.72684347e-04
1.50000000e-01	2.00499910e-02	3.66654861e-04
1.50500000e-01	2.01582090e-02	3.68623172e-04
1.51000000e-01	1.99319072e-02	3.62082955e-04
1.51500000e-01	1.99516946e-02	3.61510240e-04
1.52000000e-01	2.00143398e-02	3.60462303e-04
1.52500000e-01	1.98915158e-02	3.59170918e-04
1.53000000e-01	1.99290946e-02	3.58868415e-04
1.53500000e-01	2.00924113e-02	3.60470583e-04
1.54000000e-01	1.99278728e-02	3.56594744e-04
1.54500000e-01	2.02259820e-02	3.69801218e-04
1.55000000e-01	1.98987048e-02	3.70362651e-04
1.55500000e-01	1.99785255e-02	3.73226909e-04
1.56000000e-01	1.99277893e-02	3.71580678e-04
1.56500000e-01	1.98674164e-02	3.71543803e-04
1.57000000e-01	1.99127808e-02	3.73954471e-04
1.57500000e-01	1.98339348e-02	3.66570862e-04
1.58000000e-01	1.98639307e-02	3.59140385e-04
1.58500000e-01	2.02993982e-02	3.65235116e-04
1.59000000e-01	1.98513693e-02	3.57396930e-04
1.59500000e-01	1.96360889e-02	3.51624881e-04
1.60000000e-01	1.96678215e-02	3.53665060e-04
1.60500000e-01	1.95243056e-02	3.48797416e-04
1.61000000e-01	1.99074928e-02	3.55761691e-04
1.61500000e-01	1.96659325e-02	3.49725546e-04
1.62000000e-01	1.97705288e-02	3.49315245e-04
1.62500000e-01	1.98020120e-02	3.51090580e-04
1.63000000e-01	1.99175462e-02	3.50836731e-04
1.63500000e-01	1.96508477e-02	3.49504482e-04
1.64000000e-01	1.97638601e-02	3.48438001e-04
1.64500000e-01	1.97224055e-02	3.47001987e-04
1.65000000e-01	1.93991995e-02	3.43373526e-04
1.65500000e-01	1.95795460e-02	3.42713421e-04
1.66000000e-01	1.97668739e-02	3.45748306e-04
1.66500000e-01	1.95017218e-02	3.39969797e-04
1.67000000e-01	1.94771553e-02	3.40803897e-04
1.67500000e-01	1.95437251e-02	3.42293929e-04
1.68000000e-01	1.95766472e-02	3.40482817e-04
1.68500000e-01	1.95623514e-02	3.39940393e-04
1.69000000e-01	1.94898721e-02	3.38138641e-04
1.69500000e-01	1.92576506e-02	3.32071943e-04
1.70000000e-01	1.94219715e-02	3.36784191e-04
1.70500000e-01	1.96857274e-02	3.40289712e-04
1.71000000e-01	1.96603411e-02	3.39130251e-04
1.71500000e-01	1.94757726e-02	3.36290748e-04
1.72000000e-01	1.97076693e-02	3.37056827e-04
1.72500000e-01	1.94954393e-02	3.35344271e-04
1.73000000e-01	1.93036732e-02	3.31596791e-04
1.73500000e-01	1.94579808e-02	3.31411036e-04
1.74000000e-01	1.95947130e-02	3.32590038e-04
1.74500000e-01	1.91849426e-02	3.26320192e-04
1.75000000e-01	1.93691611e-02	3.26740278e-04
1.75500000e-01	1.93396937e-02	3.25378243e-04
1.76000000e-01	1.92150084e-02	3.26198198e-04
1.76500000e-01	1.93275274e-02	3.27095910e-04
1.77000000e-01	1.95775749e-02	3.30621894e-04
1.77500000e-01	1.94151816e-02	3.27056000e-04
1.78000000e-01	1.93429289e-02	3.25579267e-04
1.78500000e-01	1.93996062e-02	3.25636476e-04
1.79000000e-01	1.93140227e-02	3.25044924e-04
1.79500000e-01	1.91748453e-02	3.22291806e-04
1.80000000e-01	1.92056730e-02	3.23513392e-04
1.80500000e-01	1.95133375e-02	3.27952754e-04
1.81000000e-01	1.90307310e-02	3.18121522e-04
1.81500000e-01	1.93543099e-02	3.22392686e-04
1.82000000e-01	1.93849377e-02	3.22604618e-04
1.82500000e-01	1.89852775e-02	3.17292941e-04
1.83000000e-01	1.91748070e-02	3.21265676e-04
1.83500000e-01	1.91147359e-02	3.19246434e-04
1.84000000e-01	1.90358525e-02	3.16968464e-04
1.84500000e-01	1.92578698e-02	3.21455348e-04
1.85000000e-01	1.91415382e-02	3.17510873e-04
1.85500000e-01	1.91527897e-02	3.16870815e-04
1.86000000e-01	1.92217079e-02	3.18101072e-04
1.86500000e-01	1.92439684e-02	3.18643667e-04
1.87000000e-01	1.89284637e-02	3.12684078e-04
1.87500000e-01	1.91181229e-02	3.15553168e-04
1.88000000e-01	1.90267100e-02	3.14268561e-04
1.88500000e-01	1.88917069e-02	3.10436161e-04
1.89000000e-01	1.92986586e-02	3.15911488e-04
1.89500000e-01	1.90932863e-02	3.13222886e-04
1.90000000e-01	1.88934195e-02	3.09213305e-04
1.90500000e-01	1.90326187e-02	3.12066121e-04
1.91000000e-01	1.92671733e-02	3.13083853e-04
1.91500000e-01	1.86017231e-02	3.04444057e-04
1.92000000e-01	1.91334721e-02	3.12127235e-04
1.92500000e-01	1.88689867e-02	3.08083982e-04
1.93000000e-01	1.88517552e-02	3.06953892e-04
1.93500000e-01	1.88987060e-02	3.07302535e-04
1.94000000e-01	1.89229327e-02	3.07516648e-04
1.94500000e-01	1.90181199e-02	3.07239471e-04
1.95000000e-01	1.90063628e-02	3.07982029e-04
1.95500000e-01	1.91984709e-02	3.10247679e-04
1.96000000e-01	1.89236660e-02	3.06576793e-04
1.96500000e-01	1.89052928e-02	3.05022986e-04
1.97000000e-01	1.93225030e-02	3.10932544e-04
1.97500000e-01	1.88370322e-02	3.03257007e-04
1.98000000e-01	1.90240012e-02	3.05789548e-04
1.98500000e-01	1.88748991e-02	3.02471952e-04
1.99000000e-01	1.88919290e-02	3.02234736e-04
1.99500000e-01	1.87591663e-02	2.98878414e-04
2.00000000e-01	1.86926333e-02	2.97828038e-04
2.00500000e-01	1.92163988e-02	3.06927546e-04
2.01000000e-01	1.87631990e-02	2.99048530e-04
2.01500000e-01	1.89773955e-02	3.02535536e-04
2.02000000e-01	1.90255887e-02	3.02815955e-04
2.02500000e-01	1.90146164e-02	3.00838092e-04
2.03000000e-01	1.87024910e-02	2.97407782e-04
2.03500000e-01	1.85720462e-02	2.94097970e-04
2.04000000e-01	1.89048129e-02	2.99023552e-04
2.04500000e-01	1.85072320e-02	2.93748814e-04
2.05000000e-01	1.87757658e-02	2.94563248e-04
2.05500000e-01	1.85827812e-02	2.93905592e-04
2.06000000e-01	1.88833243e-02	2.97289987e-04
2.06500000e-01	1.84861587e-02	2.91329745e-04
2.07000000e-01	1.88192236e-02	2.95110653e-04
2.07500000e-01	1.89303317e-02	2.96123071e-04
2.08000000e-01	1.85744915e-02	2.91298276e-04
2.08500000e-01	1.86931697e-02	2.92671585e-04
2.09000000e-01	1.87185169e-02	2.92913273e-04
2.09500000e-01	1.87724669e-02	2.92532817e-04
2.10000000e-01	1.86627088e-02	2.92509371e-04
2.10500000e-01	1.84891055e-02	2.88378846e-04
2.11000000e-01	1.88971659e-02	2.92136699e-04
2.11500000e-01	1.85247356e-02	2.90237271e-04
2.12000000e-01	1.85486907e-02	2.87694252e-04
2.12500000e-01	1.87299039e-02	2.91058529e-04
2.13000000e-01	1.85033533e-02	2.86603323e-04
2.13500000e-01	1.85455157e-02	2.87271770e-04
2.14000000e-01	1.84715776e-02	2.86192968e-04
2.14500000e-01	1.85832208e-02	2.85722677e-04
2.15000000e-01	1.85970741e-02	2.88495865e-04
2.15500000e-01	1.83477788e-02	2.82904209e-04
2.16000000e-01	1.85206942e-02	2.85433076e-04
2.16500000e-01	1.85364925e-02	2.85043510e-04
2.17000000e-01	1.86566825e-02	2.91844741e-04
2.17500000e-01	1.83735307e-02	2.91043121e-04
2.18000000e-01	1.85910695e-02	2.94746608e-04
2.18500000e-01	1.82908841e-02	2.93220394e-04
2.19000000e-01	1.85205153e-02	2.98250230e-04
2.19500000e-01	1.85097935e-02	2.99719816e-04
2.20000000e-01	1.84963185e-02	2.98509843e-04
2.20500000e-01	1.84264827e-02	3.00168997e-04
2.21000000e-01	1.83021035e-02	2.97347148e-04
2.21500000e-01	1.81781297e-02	2.97541583e-04
2.22000000e-01	1.84983514e-02	3.01853622e-04
2.22500000e-01	1.83701382e-02	3.00982480e-04
2.23000000e-01	1.85381343e-02	3.04462661e-04
2.23500000e-01	1.84575780e-02	3.02986030e-04
2.24000000e-01	1.86704799e-02	3.06502459e-04
2.24500000e-01	1.84172996e-02	3.04659870e-04
2.25000000e-01	1.85312119e-02	3.06998193e-04
2.25500000e-01	1.85379113e-02	3.06584852e-04
2.26000000e-01	1.86169182e-02	3.09449961e-04
2.26500000e-01	1.84756460e-02	3.02257307e-04
2.27000000e-01	1.85527845e-02	3.01635206e-04
2.27500000e-01	1.83489867e-02	2.95673768e-04
2.28000000e-01	1.84761676e-02	2.95770633e-04
2.28500000e-01	1.84490668e-02	2.93368228e-04
2.29000000e-01	1.82584146e-02	2.90141553e-04
2.29500000e-01	1.82855805e-02	2.89417112e-04
2.30000000e-01	1.83027942e-02	2.88049372e-04
2.30500000e-01	1.82093773e-02	2.86668930e-04
2.31000000e-01	1.81310368e-02	2.83455060e-04
2.31500000e-01	1.84807588e-02	2.88372761e-04
2.32000000e-01	1.82877586e-02	2.85986124e-04
2.32500000e-01	1.84374861e-02	2.87310188e-04
2.33000000e-01	1.81536292e-02	2.82215293e-04
2.33500000e-01	1.80989707e-02	2.80507378e-04
2.34000000e-01	1.85763250e-02	2.86361472e-04
2.34500000e-01	1.80618314e-02	2.78635593e-04
2.35000000e-01	1.81097794e-02	2.79014360e-04
2.35500000e-01	1.81844388e-02	2.79201770e-04
2.36000000e-01	1.81050805e-02	2.78493634e-04
2.36500000e-01	1.81745438e-02	2.79602234e-04
2.37000000e-01	1.82527158e-02	2.78579132e-04
2.37500000e-01	1.80748963e-02	2.77374645e-04
2.38000000e-01	1.81741295e-02	2.76604194e-04
2.38500000e-01	1.80275707e-02	2.76736979e-04
2.39000000e-01	1.80078419e-02	2.73569005e-04
2.39500000e-01	1.82335649e-02	2.75999862e-04
2.40000000e-01	1.81171374e-02	2.73820133e-04
2.40500000e-01	1.83995159e-02	2.76797181e-04
2.41000000e-01	1.79183980e-02	2.70092346e-04
2.41500000e-01	1.82121669e-02	2.74617282e-04
2.42000000e-01	1.79486025e-02	2.71659486e-04
2.42500000e-01	1.80474983e-02	2.71172122e-04
2.43000000e-01	1.80926464e-02	2.71741039e-04
2.43500000e-01	1.79427813e-02	2.69263605e-04
2.44000000e-01	1.79579385e-02	2.68568464e-04
2.44500000e-01	1.80445505e-02	2.70380697e-04
2.45000000e-01	1.81169156e-02	2.69654593e-04
2.45500000e-01	1.81925197e-02	2.70773318e-04
2.46000000e-01	1.79555654e-02	2.67706414e-04
2.46500000e-01	1.80722970e-02	2.67194127e-04
2.47000000e-01	1.80081627e-02	2.68049382e-04
2.47500000e-01	1.81727018e-02	2.68372457e-04
2.48000000e-01	1.80933860e-02	2.67629599e-04
2.48500000e-01	1.78018144e-02	2.64369960e-04
2.49000000e-01	1.81125538e-02	2.67632918e-04
2.49500000e-01	1.80489700e-02	2.66852401e-04
2.50000000e-01	1.81059204e-02	2.66600407e-04
2.50500000e-01	1.77841339e-02	2.61793673e-04
2.51000000e-01	1.75598649e-02	2.59038656e-04
2.51500000e-01	1.78506323e-02	2.63084375e-04
2.52000000e-01	1.77076637e-02	2.60855289e-04
2.52500000e-01	1.78379312e-02	2.61820886e-04
2.53000000e-01	1.78487541e-02	2.62442430e-04
2.53500000e-01	1.78745965e-02	2.61520940e-04
2.54000000e-01	1.78846014e-02	2.61043452e-04
2.54500000e-01	1.77609426e-02	2.59889674e-04
2.55000000e-01	1.79524056e-02	2.61757545e-04
2.55500000e-01	1.77975553e-02	2.59017237e-04
2.56000000e-01	1.77216297e-02	2.58028422e-04
2.56500000e-01	1.78217279e-02	2.59534624e-04
2.57000000e-01	1.77651282e-02	2.57171529e-04
2.57500000e-01	1.77992691e-02	2.58553470e-04
2.58000000e-01	1.79345390e-02	2.60935193e-04
2.58500000e-01	1.77299266e-02	2.56360476e-04
2.59000000e-01	1.78836056e-02	2.58196524e-04
2.59500000e-01	1.76954805e-02	2.55319464e-04
2.60000000e-01	1.77778674e-02	2.56111824e-04
2.60500000e-01	1.78152879e-02	2.56387057e-04
2.61000000e-01	1.78133237e-02	2.56236863e-04
2.61500000e-01	1.76215264e-02	2.53133991e-04
2.62000000e-01	1.78225090e-02	2.56486544e-04
2.62500000e-01	1.77511969e-02	2.55462395e-04
2.63000000e-01	1.77496990e-02	2.55512473e-04
2.63500000e-01	1.76354946e-02	2.52351860e-04
2.64000000e-01	1.77138609e-02	2.53973692e-04
2.64500000e-01	1.74337968e-02	2.48910118e-04
2.65000000e-01	1.76525332e-02	2.52525547e-04
2.65500000e-01	1.76827992e-02	2.52284787e-04
2.66000000e-01	1.76388420e-02	2.51209991e-04
2.66500000e-01	1.75716530e-02	2.49575644e-04
2.67000000e-01	1.75892231e-02	2.49418871e-04
2.67500000e-01	1.75667591e-02	2.49559268e-04
2.68000000e-01	1.77645171e-02	2.51375735e-04
2.68500000e-01	1.77384401e-02	2.51760456e-04
2.69000000e-01	1.76378182e-02	2.50003953e-04
2.69500000e-01	1.75835440e-02	2.47956631e-04
2.70000000e-01	1.74682672e-02	2.47125848e-04
2.70500000e-01	1.76296085e-02	2.48456821e-04
2.71000000e-01	1.76950048e-02	2.49754223e-04
2.71500000e-01	1.74887353e-02	2.45959352e-04
2.72000000e-01	1.76115802e-02	2.46882851e-04
2.72500000e-01	1.75871637e-02	2.47209384e-04
2.73000000e-01	1.76623471e-02	2.48633734e-04
2.73500000e-01	1.73073042e-02	2.43276315e-04
2.74000000e-01	1.76386894e-02	2.48069589e-04
2.74500000e-01	1.75468037e-02	2.46221354e-04
2.75000000e-01	1.76714066e-02	2.47169294e-04
2.75500000e-01	1.74789621e-02	2.44521750e-04
2.76000000e-01	1.73999488e-02	2.43432892e-04
2.76500000e-01	1.75805229e-02	2.46035054e-04
2.77000000e-01	1.77046630e-02	2.45847991e-04
2.77500000e-01	1.75431069e-02	2.44732761e-04
2.78000000e-01	1.73538685e-02	2.40947484e-04
2.78500000e-01	1.75629782e-02	2.43963822e-04
2.79000000e-01	1.73352109e-02	2.40730354e-04
2.79500000e-01	1.75024788e-02	2.42331785e-04
2.80000000e-01	1.74590391e-02	2.42029469e-04
2.80500000e-01	1.77059256e-02	2.45470875e-04
2.81000000e-01	1.75002122e-02	2.42408227e-04
2.81500000e-01	1.74024354e-02	2.40588606e-04
2.82000000e-01	1.72672292e-02	2.39433253e-04
2.82500000e-01	1.74451519e-02	2.41504802e-04
2.83000000e-01	1.74256790e-02	2.39584529e-04
2.83500000e-01	1.73486331e-02	2.39463302e-04
2.84000000e-01	1.73809431e-02	2.39389298e-04
2.84500000e-01	1.73144269e-02	2.38337675e-04
2.85000000e-01	1.72232907e-02	2.36387506e-04
2.85500000e-01	1.73320759e-02	2.37684257e-04
2.86000000e-01	1.71911759e-02	2.36641046e-04
2.86500000e-01	1.72537334e-02	2.36968854e-04
2.87000000e-01	1.74031451e-02	2.38004402e-04
2.87500000e-01	1.74081406e-02	2.37554874e-04
2.88000000e-01	1.71896210e-02	2.34075151e-04
2.88500000e-01	1.72593907e-02	2.35929343e-04
2.89000000e-01	1.73562806e-02	2.36850489e-04
2.89500000e-01	1.72318476e-02	2.35332497e-04
2.90000000e-01	1.72339749e-02	2.35409285e-04
2.90500000e-01	1.72224521e-02	2.35104694e-04
2.91000000e-01	1.72557598e-02	2.34721167e-04
2.91500000e-01	1.72682776e-02	2.34946508e-04
2.92000000e-01	1.72483931e-02	2.34017587e-04
2.92500000e-01	1.70400111e-02	2.31128716e-04
2.93000000e-01	1.71664562e-02	2.33437505e-04
2.93500000e-01	1.73246150e-02	2.34554590e-04
2.94000000e-01	1.72660015e-02	2.33023658e-04
2.94500000e-01	1.72191891e-02	2.33731410e-04
2.95000000e-01	1.73456318e-02	2.32940172e-04
2.95500000e-01	1.70217136e-02	2.30381020e-04
2.96000000e-01	1.71095513e-02	2.30825833e-04
2.96500000e-01	1.71594281e-02	2.30254240e-04
2.97000000e-01	1.70244105e-02	2.29232925e-04
2.97500000e-01	1.69985387e-02	2.28541765e-04
2.98000000e-01	1.71057585e-02	2.30188215e-04
2.98500000e-01	1.71627234e-02	2.29566736e-04
2.99000000e-01	1.71489231e-02	2.29808554e-04
2.99500000e-01	1.72415707e-02	2.31043600e-04
3.00000000e-01	1.71735580e-02	2.30967581e-04
3.00500000e-01	1.69838124e-02	2.27792600e-04
3.01000000e-01	1.71949172e-02	2.30432919e-04
3.01500000e-01	1.70680859e-02	2.29200103e-04
3.02000000e-01	1.71746146e-02	2.28651835e-04
3.02500000e-01	1.70199562e-02	2.27116756e-04
3.03000000e-01	1.71565046e-02	2.28764670e-04
3.03500000e-01	1.73119228e-02	2.29932857e-04
3.04000000e-01	1.72129905e-02	2.30223029e-04
3.04500000e-01	1.69904554e-02	2.25474946e-04
3.05000000e-01	1.72134342e-02	2.28957747e-04
3.05500000e-01	1.70326309e-02	2.25783283e-04
3.06000000e-01	1.68796071e-02	2.23186404e-04
3.06500000e-01	1.68850674e-02	2.24460864e-04
3.07000000e-01	1.71233948e-02	2.25685912e-04
3.07500000e-01	1.69973986e-02	2.25014514e-04
3.08000000e-01	1.69637636e-02	2.24098744e-04
3.08500000e-01	1.70543393e-02	2.25115382e-04
3.09000000e-01	1.70745051e-02	2.25323247e-04
3.09500000e-01	1.67686635e-02	2.20683529e-04
3.10000000e-01	1.69905246e-02	2.24635422e-04
3.10500000e-01	1.67251911e-02	2.20503102e-04
3.11000000e-01	1.69484230e-02	2.23395610e-04
3.11500000e-01	1.69063060e-02	2.22026104e-04
3.12000000e-01	1.70061991e-02	2.23341241e-04
3.12500000e-01	1.67010395e-02	2.19969794e-04
3.13000000e-01	1.68702292e-02	2.21033816e-04
3.13500000e-01	1.70592065e-02	2.22910842e-04
3.14000000e-01	1.69405845e-02	2.22043356e-04
3.14500000e-01	1.70284263e-02	2.22156774e-04
3.15000000e-01	1.70481947e-02	2.23179911e-04
3.15500000e-01	1.68757434e-02	2.21068660e-04
3.16000000e-01	1.67666764e-02	2.19888871e-04
3.16500000e-01	1.67934538e-02	2.19075468e-04
3.17000000e-01	1.68443649e-02	2.20014034e-04
3.17500000e-01	1.66635554e-02	2.17332353e-04
3.18000000e-01	1.68762647e-02	2.18792538e-04
3.18500000e-01	1.69832575e-02	2.21136000e-04
3.19000000e-01	1.68040326e-02	2.18758374e-04
3.19500000e-01	1.71246249e-02	2.22192489e-04
3.20000000e-01	1.68350801e-02	2.19702217e-04
3.20500000e-01	1.67764676e-02	2.18090780e-04
3.21000000e-01	1.65963984e-02	2.15490736e-04
3.21500000e-01	1.66931471e-02	2.15961876e-04
3.22000000e-01	1.67877984e-02	2.17096163e-04
3.22500000e-01	1.68047434e-02	2.17342093e-04
3.23000000e-01	1.67052193e-02	2.15671680e-04
3.23500000e-01	1.68253983e-02	2.17119584e-04
3.24000000e-01	1.66866578e-02	2.15789810e-04
3.24500000e-01	1.68072699e-02	2.17614071e-04
3.25000000e-01	1.67923771e-02	2.16443192e-04
3.25500000e-01	1.66301743e-02	2.14800765e-04
3.26000000e-01	1.67156025e-02	2.14911461e-04
3.26500000e-01	1.66676080e-02	2.14266163e-04
3.27000000e-01	1.66393571e-02	2.14162720e-04
3.27500000e-01	1.66725190e-02	2.13900480e-04
3.28000000e-01	1.65718770e-02	2.13337299e-04
3.28500000e-01	1.64840903e-02	2.11190889e-04
3.29000000e-01	1.66725773e-02	2.13962998e-04
3.29500000e-01	1.68449051e-02	2.15639165e-04
3.30000000e-01	1.67197410e-02	2.13839206e-04
3.30500000e-01	1.65264888e-02	2.11531362e-04
3.31000000e-01	1.66124794e-02	2.11318259e-04
3.31500000e-01	1.66875668e-02	2.12827262e-04
3.32000000e-01	1.66260682e-02	2.12002655e-04
3.32500000e-01	1.66976325e-02	2.12352919e-04
3.33000000e-01	1.65670823e-02	2.11293457e-04
3.33500000e-01	1.65331032e-02	2.09836354e-04
3.34000000e-01	1.64261090e-02	2.09210201e-04
3.34500000e-01	1.62751503e-02	2.07047987e-04
3.35000000e-01	1.64308215e-02	2.08686583e-04
3.35500000e-01	1.65025308e-02	2.09441155e-04
3.36000000e-01	1.66679820e-02	2.11191802e-04
3.36500000e-01	1.64707786e-02	2.09039890e-04
3.37000000e-01	1.66375734e-02	2.10830421e-04
3.37500000e-01	1.65515218e-02	2.09997888e-04
3.38000000e-01	1.63030603e-02	2.06561531e-04
3.38500000e-01	1.63589922e-02	2.06249839e-04
3.39000000e-01	1.64453080e-02	2.08081699e-04
3.39500000e-01	1.64244119e-02	2.07359549e-04
3.40000000e-01	1.64420161e-02	2.07631628e-04
3.40500000e-01	1.65379820e-02	2.07908655e-04
3.41000000e-01	1.63096841e-02	2.05329716e-04
3.41500000e-01	1.65584533e-02	2.08638642e-04
3.42000000e-01	1.64959376e-02	2.07106190e-04
3.42500000e-01	1.63879406e-02	2.05950092e-04
3.43000000e-01	1.63592955e-02	2.05591171e-04
3.43500000e-01	1.63563881e-02	2.04791931e-04
3.44000000e-01	1.62894441e-02	2.04323432e-04
3.44500000e-01	1.64038396e-02	2.05128553e-04
3.45000000e-01	1.64298154e-02	2.06519311e-04
3.45500000e-01	1.62579290e-02	2.03708235e-04
3.46000000e-01	1.63821935e-02	2.05568310e-04
3.46500000e-01	1.61021645e-02	2.01759057e-04
3.47000000e-01	1.62264417e-02	2.02796839e-04
3.47500000e-01	1.63726231e-02	2.05043159e-04
3.48000000e-01	1.62766229e-02	2.03054640e-04
3.48500000e-01	1.64598196e-02	2.06231940e-04
3.49000000e-01	1.62989488e-02	2.03035493e-04
3.49500000e-01	1.64260077e-02	2.04557560e-04
3.50000000e-01	1.62028814e-02	1.64346497e-04
3.51000000e-01	1.62164880e-02	1.42615665e-04
3.52000000e-01	1.61038605e-02	1.41565619e-04
3.53000000e-01	1.62425847e-02	1.41896863e-04
3.54000000e-01	1.60708577e-02	1.40552931e-04
3.55000000e-01	1.61068513e-02	1.40844895e-04
3.56000000e-01	1.61847181e-02	1.42087556e-04
3.57000000e-01	1.61062420e-02	1.43925266e-04
3.58000000e-01	1.60695999e-02	1.44662624e-04
3.59000000e-01	1.60313319e-02	1.45584550e-04
3.60000000e-01	1.60356635e-02	1.46457612e-04
3.61000000e-01	1.60712507e-02	1.47577714e-04
3.62000000e-01	1.59509296e-02	1.47584371e-04
3.63000000e-01	1.59384715e-02	1.47712913e-04
3.64000000e-01	1.59072450e-02	1.47845017e-04
3.65000000e-01	1.58279057e-02	1.47466858e-04
3.66000000e-01	1.60430423e-02	1.47593292e-04
3.67000000e-01	1.58054346e-02	1.43733231e-04
3.68000000e-01	1.58190305e-02	1.42769761e-04
3.69000000e-01	1.59576998e-02	1.43460016e-04
3.70000000e-01	1.59267930e-02	1.41985388e-04
3.71000000e-01	1.58778935e-02	1.43808688e-04
3.72000000e-01	1.59069295e-02	1.44765526e-04
3.73000000e-01	1.58378324e-02	1.44457375e-04
3.74000000e-01	1.59105211e-02	1.45214867e-04
3.75000000e-01	1.59026055e-02	1.45073219e-04
3.76000000e-01	1.58782892e-02	1.44973473e-04
3.77000000e-01	1.58697564e-02	1.44830264e-04
3.78000000e-01	1.58466455e-02	1.44641660e-04
3.79000000e-01	1.58165532e-02	1.44186743e-04
3.80000000e-01	1.58802218e-02	1.44589385e-04
3.81000000e-01	1.59588976e-02	1.45127100e-04
3.82000000e-01	1.57029429e-02	1.43153713e-04
3.83000000e-01	1.57330374e-02	1.43336672e-04
3.84000000e-01	1.57854258e-02	1.43750038e-04
3.85000000e-01	1.56272516e-02	1.42425146e-04
3.86000000e-01	1.56529710e-02	1.42878316e-04
3.87000000e-01	1.57545110e-02	1.43441450e-04
3.88000000e-01	1.55829258e-02	1.41709653e-04
3.89000000e-01	1.57669258e-02	1.43304188e-04
3.90000000e-01	1.56441842e-02	1.42369699e-04
3.91000000e-01	1.56588363e-02	1.42548977e-04
3.92000000e-01	1.56248656e-02	1.41892660e-04
3.93000000e-01	1.55905004e-02	1.41773881e-04
3.94000000e-01	1.55405779e-02	1.41389636e-04
3.95000000e-01	1.54942975e-02	1.40941385e-04
3.96000000e-01	1.55528792e-02	1.41216880e-04
3.97000000e-01	1.54521933e-02	1.40225829e-04
3.98000000e-01	1.55674597e-02	1.41572915e-04
3.99000000e-01	1.54701477e-02	1.40881394e-04
4.00000000e-01	1.55829269e-02	1.41713358e-04
4.01000000e-01	1.54921101e-02	1.40668043e-04
4.02000000e-01	1.54656971e-02	1.40434726e-04
4.03000000e-01	1.54628314e-02	1.40227166e-04
4.04000000e-01	1.54385086e-02	1.40024496e-04
4.05000000e-01	1.54234076e-02	1.40000778e-04
4.06000000e-01	1.53073848e-02	1.39181291e-04
4.07000000e-01	1.53741303e-02	1.39689363e-04
4.08000000e-01	1.53885069e-02	1.39936015e-04
4.09000000e-01	1.53723424e-02	1.39266801e-04
4.10000000e-01	1.54163681e-02	1.39726439e-04
4.11000000e-01	1.53107875e-02	1.38630421e-04
4.12000000e-01	1.54082663e-02	1.39948540e-04
4.13000000e-01	1.54064642e-02	1.39544461e-04
4.14000000e-01	1.53376746e-02	1.38903669e-04
4.15000000e-01	1.52924561e-02	1.38444230e-04
4.16000000e-01	1.52507726e-02	1.38040158e-04
4.17000000e-01	1.53022574e-02	1.38522608e-04
4.18000000e-01	1.52296979e-02	1.39485347e-04
4.19000000e-01	1.53644972e-02	1.42354658e-04
4.20000000e-01	1.53741080e-02	1.42904316e-04
4.21000000e-01	1.53647135e-02	1.43589524e-04
4.22000000e-01	1.55428349e-02	1.45462865e-04
4.23000000e-01	1.53123058e-02	1.44269637e-04
4.24000000e-01	1.54214012e-02	1.45490589e-04
4.25000000e-01	1.52737233e-02	1.44105096e-04
4.26000000e-01	1.52713105e-02	1.43822989e-04
4.27000000e-01	1.54094623e-02	1.45026167e-04
4.28000000e-01	1.52341348e-02	1.44489239e-04
4.29000000e-01	1.53067164e-02	1.45681184e-04
4.30000000e-01	1.53574646e-02	1.45138081e-04
4.31000000e-01	1.51991074e-02	1.43830002e-04
4.32000000e-01	1.52348922e-02	1.44371473e-04
4.33000000e-01	1.52121158e-02	1.44419819e-04
4.34000000e-01	1.53166992e-02	1.45441483e-04
4.35000000e-01	1.52192660e-02	1.44524537e-04
4.36000000e-01	1.52174747e-02	1.45186445e-04
4.37000000e-01	1.52280058e-02	1.44905680e-04
4.38000000e-01	1.52710136e-02	1.45590125e-04
4.39000000e-01	1.53038100e-02	1.46464823e-04
4.40000000e-01	1.51889551e-02	1.45184961e-04
4.41000000e-01	1.52036877e-02	1.45453612e-04
4.42000000e-01	1.52441017e-02	1.46175648e-04
4.43000000e-01	1.51979355e-02	1.45511850e-04
4.44000000e-01	1.51541643e-02	1.45668565e-04
4.45000000e-01	1.50034830e-02	1.44608982e-04
4.46000000e-01	1.51494002e-02	1.45423253e-04
4.47000000e-01	1.50356393e-02	1.44796061e-04
4.48000000e-01	1.51920570e-02	1.46581782e-04
4.49000000e-01	1.49222553e-02	1.44497630e-04
4.50000000e-01	1.50625458e-02	1.45940146e-04
4.51000000e-01	1.49497382e-02	1.45354507e-04
4.52000000e-01	1.50513338e-02	1.46069819e-04
4.53000000e-01	1.49626985e-02	1.45670926e-04
4.54000000e-01	1.50486891e-02	1.46258045e-04
4.55000000e-01	1.50615421e-02	1.46401793e-04
4.56000000e-01	1.49064966e-02	1.45313484e-04
4.57000000e-01	1.48611674e-02	1.44985468e-04
4.58000000e-01	1.49169448e-02	1.45192208e-04
4.59000000e-01	1.49706052e-02	1.45728197e-04
4.60000000e-01	1.50177820e-02	1.47027879e-04
4.61000000e-01	1.49465341e-02	1.46410193e-04
4.62000000e-01	1.48634116e-02	1.45359068e-04
4.63000000e-01	1.48940575e-02	1.45960780e-04
4.64000000e-01	1.49878815e-02	1.47143939e-04
4.65000000e-01	1.50123286e-02	1.47150983e-04
4.66000000e-01	1.49066564e-02	1.46085172e-04
4.67000000e-01	1.47876452e-02	1.45050792e-04
4.68000000e-01	1.48761934e-02	1.46317050e-04
4.69000000e-01	1.48142852e-02	1.46442724e-04
4.70000000e-01	1.49682122e-02	1.47414064e-04
4.71000000e-01	1.49285448e-02	1.46594521e-04
4.72000000e-01	1.47823697e-02	1.44992076e-04
4.73000000e-01	1.47855998e-02	1.45386824e-04
4.74000000e-01	1.47465395e-02	1.44891469e-04
4.75000000e-01	1.48530934e-02	1.45961833e-04
4.76000000e-01	1.48833885e-02	1.45962171e-04
4.77000000e-01	1.48596889e-02	1.46586841e-04
4.78000000e-01	1.47505258e-02	1.45034061e-04
4.79000000e-01	1.47178498e-02	1.44846589e-04
4.80000000e-01	1.46923302e-02	1.44494027e-04
4.81000000e-01	1.46441393e-02	1.44398502e-04
4.82000000e-01	1.45556223e-02	1.43582590e-04
4.83000000e-01	1.47563999e-02	1.45527332e-04
4.84000000e-01	1.46860858e-02	1.45141838e-04
4.85000000e-01	1.47792799e-02	1.46385530e-04
4.86000000e-01	1.48323932e-02	1.46396279e-04
4.87000000e-01	1.47635592e-02	1.45999097e-04
4.88000000e-01	1.46514728e-02	1.44866610e-04
4.89000000e-01	1.46598741e-02	1.45077501e-04
4.90000000e-01	1.46552691e-02	1.45207332e-04
4.91000000e-01	1.45716605e-02	1.44221454e-04
4.92000000e-01	1.45943954e-02	1.44748220e-04
4.93000000e-01	1.46515435e-02	1.45560771e-04
4.94000000e-01	1.46217795e-02	1.45233110e-04
4.95000000e-01	1.47441433e-02	1.47506856e-04
4.96000000e-01	1.46366871e-02	1.50956864e-04
4.97000000e-01	1.46490283e-02	1.53615951e-04
4.98000000e-01	1.45925499e-02	1.55257068e-04
4.99000000e-01	1.45836112e-02	1.56579112e-04
5.00000000e-01	1.48110892e-02	1.61236788e-04
5.01000000e-01	1.47207498e-02	1.61288570e-04
5.02000000e-01	1.47948584e-02	1.63993000e-04
5.03000000e-01	1.46628763e-02	1.64063642e-04
5.04000000e-01	1.45973513e-02	1.64080795e-04
5.05000000e-01	1.46152651e-02	1.61933202e-04
5.06000000e-01	1.45962344e-02	1.58822937e-04
5.07000000e-01	1.47025869e-02	1.58194520e-04
5.08000000e-01	1.46570553e-02	1.56546283e-04
5.09000000e-01	1.46234968e-02	1.55222671e-04
5.10000000e-01	1.46605499e-02	1.55618487e-04
5.11000000e-01	1.46525924e-02	1.55097165e-04
5.12000000e-01	1.44917141e-02	1.52889632e-04
5.13000000e-01	1.45387321e-02	1.53341535e-04
5.14000000e-01	1.45774814e-02	1.53037525e-04
5.15000000e-01	1.46401501e-02	1.53011491e-04
5.16000000e-01	1.45207280e-02	1.52395607e-04
5.17000000e-01	1.44686353e-02	1.51417253e-04
5.18000000e-01	1.43645600e-02	1.49669303e-04
5.19000000e-01	1.44493267e-02	1.49870771e-04
5.20000000e-01	1.44690698e-02	1.49982572e-04
5.21000000e-01	1.43812004e-02	1.49634241e-04
5.22000000e-01	1.44512832e-02	1.49598088e-04
5.23000000e-01	1.43589737e-02	1.48781468e-04
5.24000000e-01	1.42862987e-02	1.48734520e-04
5.25000000e-01	1.44828464e-02	1.50203028e-04
5.26000000e-01	1.43768470e-02	1.48855655e-04
5.27000000e-01	1.42707309e-02	1.47910758e-04
5.28000000e-01	1.43479947e-02	1.48739974e-04
5.29000000e-01	1.42774043e-02	1.48021053e-04
5.30000000e-01	1.43156743e-02	1.48894597e-04
5.31000000e-01	1.42887745e-02	1.48310121e-04
5.32000000e-01	1.42822163e-02	1.48420274e-04
5.33000000e-01	1.41397724e-02	1.46586181e-04
5.34000000e-01	1.42393061e-02	1.47770288e-04
5.35000000e-01	1.44411675e-02	1.49663980e-04
5.36000000e-01	1.43277850e-02	1.47906765e-04
5.37000000e-01	1.44088446e-02	1.49385003e-04
5.38000000e-01	1.42087791e-02	1.46875263e-04
5.39000000e-01	1.41463849e-02	1.46614707e-04
5.40000000e-01	1.43245761e-02	1.48625055e-04
5.41000000e-01	1.44121757e-02	1.48862293e-04
5.42000000e-01	1.42455119e-02	1.47591000e-04
5.43000000e-01	1.42531262e-02	1.47783242e-04
5.44000000e-01	1.42847637e-02	1.47794541e-04
5.45000000e-01	1.42321347e-02	1.47632246e-04
5.46000000e-01	1.40825714e-02	1.46522610e-04
5.47000000e-01	1.41634033e-02	1.46843443e-04
5.48000000e-01	1.41115931e-02	1.46055562e-04
5.49000000e-01	1.41383761e-02	1.46143491e-04
5.50000000e-01	1.40885731e-02	1.45714333e-04
5.51000000e-01	1.42151111e-02	1.46458283e-04
5.52000000e-01	1.41026794e-02	1.45064123e-04
5.53000000e-01	1.41356261e-02	1.46141160e-04
5.54000000e-01	1.40822959e-02	1.45450087e-04
5.55000000e-01	1.40446894e-02	1.44389558e-04
5.56000000e-01	1.40659319e-02	1.44876778e-04
5.57000000e-01	1.39994815e-02	1.44284359e-04
5.58000000e-01	1.40881210e-02	1.45117146e-04
5.59000000e-01	1.40649239e-02	1.44624071e-04
5.60000000e-01	1.40498861e-02	1.45000552e-04
5.61000000e-01	1.40582152e-02	1.44819288e-04
5.62000000e-01	1.40310894e-02	1.44998526e-04
5.63000000e-01	1.41070645e-02	1.45193151e-04
5.64000000e-01	1.40274074e-02	1.44562322e-04
5.65000000e-01	1.39255999e-02	1.43927197e-04
5.66000000e-01	1.39972212e-02	1.44402740e-04
5.67000000e-01	1.40580498e-02	1.45049800e-04
5.68000000e-01	1.39351917e-02	1.43921705e-04
5.69000000e-01	1.39099836e-02	1.43101627e-04
5.70000000e-01	1.39309779e-02	1.43558176e-04
5.71000000e-01	1.39671297e-02	1.43958331e-04
5.72000000e-01	1.40489988e-02	1.44579216e-04
5.73000000e-01	1.38978179e-02	1.43691836e-04
5.74000000e-01	1.39775091e-02	1.44389443e-04
5.75000000e-01	1.39869987e-02	1.44327914e-04
5.76000000e-01	1.37524549e-02	1.41973289e-04
5.77000000e-01	1.38886770e-02	1.43286942e-04
5.78000000e-01	1.38314544e-02	1.43005659e-04
5.79000000e-01	1.38265214e-02	1.43192827e-04
5.80000000e-01	1.38731159e-02	1.42996784e-04
5.81000000e-01	1.37119241e-02	1.41966391e-04
5.82000000e-01	1.37397362e-02	1.42207026e-04
5.83000000e-01	1.36361260e-02	1.41063787e-04
5.84000000e-01	1.37297790e-02	1.42334164e-04
5.85000000e-01	1.37887584e-02	1.42445176e-04
5.86000000e-01	1.37085467e-02	1.42040240e-04
5.87000000e-01	1.37700186e-02	1.42511128e-04
5.88000000e-01	1.36664641e-02	1.41909495e-04
5.89000000e-01	1.37964518e-02	1.42522258e-04
5.90000000e-01	1.37256460e-02	1.42340442e-04
5.91000000e-01	1.37163110e-02	1.42450291e-04
5.92000000e-01	1.37288707e-02	1.42477226e-04
5.93000000e-01	1.35514554e-02	1.40633822e-04
5.94000000e-01	1.36700458e-02	1.41844515e-04
5.95000000e-01	1.36014742e-02	1.41212176e-04
5.96000000e-01	1.37127046e-02	1.42076428e-04
5.97000000e-01	1.36972529e-02	1.42154343e-04
5.98000000e-01	1.34183852e-02	1.39491574e-04
5.99000000e-01	1.37576560e-02	1.42400338e-04
6.00000000e-01	1.35658109e-02	1.41049300e-04
6.01000000e-01	1.35569145e-02	1.40769231e-04
6.02000000e-01	1.36129403e-02	1.41204018e-04
6.03000000e-01	1.36949110e-02	1.42227145e-04
6.04000000e-01	1.36665681e-02	1.41391934e-04
6.05000000e-01	1.35934102e-02	1.41477429e-04
6.06000000e-01	1.35413675e-02	1.41281975e-04
6.07000000e-01	1.34785273e-02	1.40555335e-04
6.08000000e-01	1.36982305e-02	1.41898813e-04
6.09000000e-01	1.36070846e-02	1.41410957e-04
6.10000000e-01	1.35362075e-02	1.40868622e-04
6.11000000e-01	1.35966886e-02	1.41117444e-04
6.12000000e-01	1.36427699e-02	1.41643475e-04
6.13000000e-01	1.35372746e-02	1.40579419e-04
6.14000000e-01	1.33958895e-02	1.39583185e-04
6.15000000e-01	1.35515754e-02	1.40940454e-04
6.16000000e-01	1.34154418e-02	1.39487889e-04
6.17000000e-01	1.33108442e-02	1.38834386e-04
6.18000000e-01	1.34737999e-02	1.40272996e-04
6.19000000e-01	1.35058299e-02	1.40414600e-04
6.20000000e-01	1.36287587e-02	1.41401414e-04
6.21000000e-01	1.34787192e-02	1.40104628e-04
6.22000000e-01	1.34983288e-02	1.39798344e-04
6.23000000e-01	1.34704658e-02	1.39468385e-04
6.24000000e-01	1.34368224e-02	1.39055898e-04
6.25000000e-01	1.34045232e-02	1.38744377e-04
6.26000000e-01	1.34482630e-02	1.38969730e-04
6.27000000e-01	1.33574779e-02	1.38357572e-04
6.28000000e-01	1.34949726e-02	1.39378985e-04
6.29000000e-01	1.34005492e-02	1.38636758e-04
6.30000000e-01	1.32989828e-02	1.37792180e-04
6.31000000e-01	1.32905885e-02	1.37578923e-04
6.32000000e-01	1.34486787e-02	1.39033721e-04
6.33000000e-01	1.34331237e-02	1.38830360e-04
6.34000000e-01	1.33798163e-02	1.41491888e-04
6.35000000e-01	1.35425084e-02	1.47447928e-04
6.36000000e-01	1.35261137e-02	1.50231565e-04
6.37000000e-01	1.34201342e-02	1.51434944e-04
6.38000000e-01	1.34544703e-02	1.53533193e-04
6.39000000e-01	1.33418944e-02	1.54787494e-04
6.40000000e-01	1.34442335e-02	1.57984161e-04
6.41000000e-01	1.34094787e-02	1.58725616e-04
6.42000000e-01	1.33322036e-02	1.59560579e-04
6.43000000e-01	1.33387697e-02	1.59525561e-04
6.44000000e-01	1.34272529e-02	1.54666304e-04
6.45000000e-01	1.34393691e-02	1.52980659e-04
6.46000000e-01	1.34727518e-02	1.51947513e-04
6.47000000e-01	1.34031187e-02	1.49182660e-04
6.48000000e-01	1.34880400e-02	1.50001891e-04
6.49000000e-01	1.33874789e-02	1.48076985e-04
6.50000000e-01	1.34969857e-02	1.47734433e-04
6.51000000e-01	1.35365245e-02	1.48388860e-04
6.52000000e-01	1.33215855e-02	1.45643262e-04
6.53000000e-01	1.34083496e-02	1.45839154e-04
6.54000000e-01	1.35438960e-02	1.46549514e-04
6.55000000e-01	1.35419150e-02	1.46410131e-04
6.56000000e-01	1.32942065e-02	1.44256490e-04
6.57000000e-01	1.33449116e-02	1.44070055e-04
6.58000000e-01	1.33369256e-02	1.43943978e-04
6.59000000e-01	1.33869370e-02	1.44078140e-04
6.60000000e-01	1.34494534e-02	1.44793721e-04
6.61000000e-01	1.33861375e-02	1.43983801e-04
6.62000000e-01	1.31876084e-02	1.42385403e-04
6.63000000e-01	1.32774351e-02	1.43026218e-04
6.64000000e-01	1.32293798e-02	1.42247448e-04
6.65000000e-01	1.34169928e-02	1.44072534e-04
6.66000000e-01	1.33233632e-02	1.43405996e-04
6.67000000e-01	1.33922575e-02	1.43522685e-04
6.68000000e-01	1.33016917e-02	1.42756310e-04
6.69000000e-01	1.33468983e-02	1.43128078e-04
6.70000000e-01	1.33137229e-02	1.42693088e-04
6.71000000e-01	1.32708509e-02	1.42326934e-04
6.72000000e-01	1.33266033e-02	1.42734810e-04
6.73000000e-01	1.32870120e-02	1.42064946e-04
6.74000000e-01	1.32509962e-02	1.42195758e-04
6.75000000e-01	1.32246715e-02	1.41671071e-04
6.76000000e-01	1.32124715e-02	1.41889329e-04
6.77000000e-01	1.31661182e-02	1.41026020e-04
6.78000000e-01	1.31542034e-02	1.40492573e-04
6.79000000e-01	1.31496074e-02	1.40746521e-04
6.80000000e-01	1.32501062e-02	1.41841422e-04
6.81000000e-01	1.31496211e-02	1.41078626e-04
6.82000000e-01	1.32964780e-02	1.41955501e-04
6.83000000e-01	1.31095119e-02	1.39900224e-04
6.84000000e-01	1.31159226e-02	1.40155250e-04
6.85000000e-01	1.30854996e-02	1.39495846e-04
6.86000000e-01	1.31181049e-02	1.40076485e-04
6.87000000e-01	1.31473177e-02	1.40160798e-04
6.88000000e-01	1.31895131e-02	1.40546447e-04
6.89000000e-01	1.31498265e-02	1.40074941e-04
6.90000000e-01	1.30669037e-02	1.39827471e-04
6.91000000e-01	1.30406065e-02	1.39513331e-04
6.92000000e-01	1.32047399e-02	1.40705514e-04
6.93000000e-01	1.30734467e-02	1.39679261e-04
6.94000000e-01	1.32100531e-02	1.41097332e-04
6.95000000e-01	1.32321737e-02	1.40995244e-04
6.96000000e-01	1.30086947e-02	1.38951020e-04
6.97000000e-01	1.31310715e-02	1.39882763e-04
6.98000000e-01	1.30037123e-02	1.38841921e-04
6.99000000e-01	1.30886260e-02	1.39194720e-04
7.00000000e-01	1.29482877e-02	1.38052018e-04
7.01000000e-01	1.29205592e-02	1.38305161e-04
7.02000000e-01	1.29230307e-02	1.38203714e-04
7.03000000e-01	1.30762198e-02	1.39483004e-04
7.04000000e-01	1.29681565e-02	1.38449323e-04
7.05000000e-01	1.29716635e-02	1.38160761e-04
7.06000000e-01	1.29550997e-02	1.38624661e-04
7.07000000e-01	1.29826146e-02	1.37794011e-04
7.08000000e-01	1.28102314e-02	1.36266836e-04
7.09000000e-01	1.27974663e-02	1.36637585e-04
7.10000000e-01	1.28733489e-02	1.36855357e-04
7.11000000e-01	1.28375535e-02	1.37139366e-04
7.12000000e-01	1.28458799e-02	1.37269607e-04
7.13000000e-01	1.27610225e-02	1.36425905e-04
7.14000000e-01	1.28994729e-02	1.37229155e-04
7.15000000e-01	1.29029708e-02	1.37435862e-04
7.16000000e-01	1.28010432e-02	1.36423431e-04
7.17000000e-01	1.28748096e-02	1.37314987e-04
7.18000000e-01	1.27522474e-02	1.35866482e-04
7.19000000e-01	1.28144413e-02	1.37171225e-04
7.20000000e-01	1.26886629e-02	1.35333478e-04
7.21000000e-01	1.27205952e-02	1.35923955e-04
7.22000000e-01	1.27435564e-02	1.36292590e-04
7.23000000e-01	1.28100718e-02	1.35727973e-04
7.24000000e-01	1.27422931e-02	1.36079752e-04
7.25000000e-01	1.26728763e-02	1.35353821e-04
7.26000000e-01	1.26814858e-02	1.35180017e-04
7.27000000e-01	1.26434768e-02	1.34976093e-04
7.28000000e-01	1.26967126e-02	1.35681172e-04
7.29000000e-01	1.26454245e-02	1.34888399e-04
7.30000000e-01	1.27567851e-02	1.36352835e-04
7.31000000e-01	1.27423926e-02	1.35571294e-04
7.32000000e-01	1.26426170e-02	1.35079332e-04
7.33000000e-01	1.25579426e-02	1.34323835e-04
7.34000000e-01	1.25898991e-02	1.34621392e-04
7.35000000e-01	1.24973063e-02	1.32989734e-04
7.36000000e-01	1.25651416e-02	1.33910615e-04
7.37000000e-01	1.25662825e-02	1.33657507e-04
7.38000000e-01	1.25326367e-02	1.33261707e-04
7.39000000e-01	1.26863431e-02	1.34354942e-04
7.40000000e-01	1.25016372e-02	1.32747527e-04
7.41000000e-01	1.26052724e-02	1.33305120e-04
7.42000000e-01	1.24940608e-02	1.31684149e-04
7.43000000e-01	1.23907486e-02	1.31509907e-04
7.44000000e-01	1.23610898e-02	1.31310116e-04
7.45000000e-01	1.26008101e-02	1.33141792e-04
7.46000000e-01	1.24478856e-02	1.32010036e-04
7.47000000e-01	1.25720099e-02	1.33277140e-04
7.48000000e-01	1.25003513e-02	1.32318479e-04
7.49000000e-01	1.23673687e-02	1.30977136e-04
7.50000000e-01	1.25256229e-02	1.32588833e-04
7.51000000e-01	1.24900090e-02	1.31928099e-04
7.52000000e-01	1.24303207e-02	1.31936291e-04
7.53000000e-01	1.24313499e-02	1.31657960e-04
7.54000000e-01	1.24730658e-02	1.32218632e-04
7.55000000e-01	1.24181232e-02	1.31743017e-04
7.56000000e-01	1.24083891e-02	1.31120374e-04
7.57000000e-01	1.24245213e-02	1.31471042e-04
7.58000000e-01	1.23498420e-02	1.31074725e-04
7.59000000e-01	1.24189464e-02	1.30961602e-04
7.60000000e-01	1.23909441e-02	1.30850337e-04
7.61000000e-01	1.24670053e-02	1.30828151e-04
7.62000000e-01	1.23265841e-02	1.29777882e-04
7.63000000e-01	1.22737977e-02	1.29540620e-04
7.64000000e-01	1.22598065e-02	1.28708460e-04
7.65000000e-01	1.21734943e-02	1.27937369e-04
7.66000000e-01	1.22582056e-02	1.28144399e-04
7.67000000e-01	1.22106063e-02	1.28404698e-04
7.68000000e-01	1.24078594e-02	1.29788869e-04
7.69000000e-01	1.21869272e-02	1.28008873e-04
7.70000000e-01	1.22137107e-02	1.28043752e-04
7.71000000e-01	1.23291985e-02	1.29655593e-04
7.72000000e-01	1.23878567e-02	1.33815360e-04
7.73000000e-01	1.21533575e-02	1.36055682e-04
7.74000000e-01	1.22159909e-02	1.39247709e-04
7.75000000e-01	1.23244359e-02	1.42722009e-04
7.76000000e-01	1.21340855e-02	1.43469555e-04
7.77000000e-01	1.22050074e-02	1.46270085e-04
7.78000000e-01	1.22211929e-02	1.48249365e-04
7.79000000e-01	1.20989035e-02	1.48607480e-04
7.80000000e-01	1.20160871e-02	1.49479084e-04
7.81000000e-01	1.21155449e-02	1.51849187e-04
7.82000000e-01	1.21485547e-02	1.53900488e-04
7.83000000e-01	1.22600745e-02	1.56923341e-04
7.84000000e-01	1.22834353e-02	1.59314039e-04
7.85000000e-01	1.21902047e-02	1.59513209e-04
7.86000000e-01	1.20186148e-02	1.59403344e-04
7.87000000e-01	1.20455782e-02	1.61049335e-04
7.88000000e-01	1.19133130e-02	1.61162838e-04
7.89000000e-01	1.21718742e-02	1.65115378e-04
7.90000000e-01	1.18487481e-02	1.63767565e-04
7.91000000e-01	1.20024471e-02	1.67174556e-04
7.92000000e-01	1.21076404e-02	1.70114534e-04
7.93000000e-01	1.19674541e-02	1.69597871e-04
7.94000000e-01	1.19227467e-02	1.70954190e-04
7.95000000e-01	1.19705787e-02	1.73000942e-04
7.96000000e-01	1.20533952e-02	1.75758955e-04
7.97000000e-01	1.20780578e-02	1.79125972e-04
7.98000000e-01	1.19596784e-02	1.78819340e-04
7.99000000e-01	1.18195908e-02	1.78807330e-04
8.00000000e-01	1.17090465e-02	1.78597160e-04
8.01000000e-01	1.20490351e-02	1.84995997e-04
8.02000000e-01	1.19596256e-02	1.85661870e-04
8.03000000e-01	1.17530588e-02	1.85581972e-04
8.04000000e-01	1.18671301e-02	1.88977990e-04
8.05000000e-01	1.19655200e-02	1.91925592e-04
8.06000000e-01	1.16439033e-02	1.89052649e-04
8.07000000e-01	1.17633300e-02	1.93480372e-04
8.08000000e-01	1.18375523e-02	1.96830043e-04
8.09000000e-01	1.18226339e-02	1.98416857e-04
8.10000000e-01	1.17907648e-02	2.00908744e-04
8.11000000e-01	1.18565393e-02	2.03783091e-04
8.12000000e-01	1.17274180e-02	2.03409716e-04
8.13000000e-01	1.16401013e-02	2.03703197e-04
8.14000000e-01	1.18064152e-02	2.09987052e-04
8.15000000e-01	1.17493139e-02	2.11664933e-04
8.16000000e-01	1.18959777e-02	2.15770375e-04
8.17000000e-01	1.19152825e-02	2.19579822e-04
8.18000000e-01	1.14959443e-02	2.15872393e-04
8.19000000e-01	1.17543545e-02	2.21823933e-04
8.20000000e-01	1.15994532e-02	2.21398347e-04
8.21000000e-01	1.15619979e-02	2.23836370e-04
8.22000000e-01	1.14193463e-02	2.24984775e-04
8.23000000e-01	1.17463704e-02	2.33615578e-04
8.24000000e-01	1.15895273e-02	2.34429655e-04
8.25000000e-01	1.13061712e-02	2.32517005e-04
8.26000000e-01	1.18706399e-02	2.45621869e-04
8.27000000e-01	1.15240611e-02	2.42930167e-04
8.28000000e-01	1.16665875e-02	2.52481630e-04
8.29000000e-01	1.14239872e-02	2.49537582e-04
8.30000000e-01	1.13175784e-02	2.50615166e-04
8.31000000e-01	1.18938136e-02	2.68505284e-04
8.32000000e-01	1.16952338e-02	2.67077243e-04
8.33000000e-01	1.13992001e-02	2.67637981e-04
8.34000000e-01	1.12973435e-02	2.66548575e-04
8.35000000e-01	1.13080936e-02	2.71658288e-04
8.36000000e-01	1.13342806e-02	2.76606087e-04
8.37000000e-01	1.15264893e-02	2.85284272e-04
8.38000000e-01	1.14265317e-02	2.90800952e-04
8.39000000e-01	1.13103141e-02	2.94077142e-04
8.40000000e-01	1.16549973e-02	3.08684908e-04
8.41000000e-01	1.11434501e-02	3.05913646e-04
8.42000000e-01	1.11796712e-02	3.14459090e-04
8.43000000e-01	1.10113739e-02	3.17088756e-04
8.44000000e-01	1.14753506e-02	3.36531981e-04
8.45000000e-01	1.14601551e-02	3.44154517e-04
8.46000000e-01	1.13728001e-02	3.47814655e-04
8.47000000e-01	1.12003061e-02	3.53440734e-04
8.48000000e-01	1.13121249e-02	3.66413748e-04
8.49000000e-01	1.13652891e-02	3.87746227e-04
8.50000000e-01	1.12915456e-02	3.92460224e-04
8.51000000e-01	1.16079326e-02	4.18430478e-04
8.52000000e-01	1.13877789e-02	4.28680673e-04
8.53000000e-01	1.11896390e-02	4.41546069e-04
8.54000000e-01	1.10304375e-02	4.51564968e-04
8.55000000e-01	1.09441399e-02	4.67770101e-04
8.56000000e-01	1.08690907e-02	4.80180437e-04
8.57000000e-01	1.10118642e-02	4.95028635e-04
8.58000000e-01	1.14114240e-02	5.26791921e-04
8.59000000e-01	1.13105325e-02	5.35417659e-04
8.60000000e-01	1.06172981e-02	5.24213337e-04
8.61000000e-01	1.07167483e-02	5.58621738e-04
8.62000000e-01	1.11966681e-02	5.92656775e-04
8.63000000e-01	1.18076453e-02	6.40617309e-04
8.64000000e-01	1.04063171e-02	6.04856947e-04
8.65000000e-01	1.09820702e-02	6.45959258e-04
8.66000000e-01	1.01178279e-02	6.39022115e-04
8.67000000e-01	1.06503875e-02	7.07226353e-04
8.68000000e-01	1.07575047e-02	7.70572308e-04
8.69000000e-01	1.10673037e-02	8.44386775e-04
8.70000000e-01	1.17988825e-02	9.80620501e-04
8.71000000e-01	1.05282890e-02	1.01302640e-03
8.72000000e-01	1.14895067e-02	1.18493754e-03
8.73000000e-01	1.01242202e-02	1.21156951e-03
8.74000000e-01	1.21716165e-02	1.87495463e-03
8.75000000e-01	1.29143763e-02	4.05709239e-03
