% Filename : SDL7_00010_00009.h5
% Date & Time : 30-Oct-2025 14:42:20
% X-ray Energy (keV) : 13.30001
% Exposure Time (s) : 0.500
% Beam Center : 1461.24000, 208.98300
% Sample to Detector Distance (SDD) (mm) : 1990.750
% Detector Pixel Size (mm) : 0.075
% Photodiode Value : 135606.000
% I0 of Sample : 0
% I0 of Standard : 1
% 
% q(A^-1)   I(q)    I(q)_SE
0.00000000e+00	5.32918668e-03	3.26345425e-03
2.50000000e-04	0.00000000e+00	0.00000000e+00
5.00000000e-04	0.00000000e+00	0.00000000e+00
7.50000000e-04	0.00000000e+00	0.00000000e+00
1.00000000e-03	0.00000000e+00	0.00000000e+00
1.25000000e-03	0.00000000e+00	0.00000000e+00
1.50000000e-03	0.00000000e+00	0.00000000e+00
1.75000000e-03	0.00000000e+00	0.00000000e+00
2.00000000e-03	0.00000000e+00	0.00000000e+00
2.25000000e-03	0.00000000e+00	0.00000000e+00
2.50000000e-03	0.00000000e+00	0.00000000e+00
2.75000000e-03	0.00000000e+00	0.00000000e+00
3.00000000e-03	0.00000000e+00	0.00000000e+00
3.25000000e-03	5.70420289e+01	3.30188881e+01
3.50000000e-03	2.19512325e+01	9.30920832e+00
3.75000000e-03	1.42993307e+01	5.61890485e+00
4.00000000e-03	1.25408082e+01	4.61065993e+00
4.25000000e-03	6.43194437e+00	2.41170826e+00
4.50000000e-03	1.43681629e+01	5.78287665e+00
4.75000000e-03	2.21811953e+01	7.39176233e+00
5.00000000e-03	1.68977564e+01	5.50452807e+00
5.25000000e-03	1.36383929e+01	4.39690761e+00
5.50000000e-03	1.08060742e+01	3.40003973e+00
5.75000000e-03	8.83744067e+00	2.75295921e+00
6.00000000e-03	6.99528146e+00	2.14801561e+00
6.25000000e-03	6.13034360e+00	1.86325747e+00
6.50000000e-03	5.00485325e+00	1.49787055e+00
6.75000000e-03	4.27333346e+00	1.26092872e+00
7.00000000e-03	3.62724609e+00	1.05693196e+00
7.25000000e-03	3.08119449e+00	8.86377726e-01
7.50000000e-03	2.52539763e+00	7.60008571e-01
7.75000000e-03	2.38889075e+00	6.89944468e-01
8.00000000e-03	2.13215313e+00	6.02937643e-01
8.25000000e-03	1.78538593e+00	4.98565620e-01
8.50000000e-03	1.54472589e+00	4.22043741e-01
8.75000000e-03	1.39902019e+00	3.79764228e-01
9.00000000e-03	1.21950413e+00	3.28109326e-01
9.25000000e-03	1.11692396e+00	2.98397471e-01
9.50000000e-03	9.79317535e-01	2.58339555e-01
9.75000000e-03	8.70376423e-01	2.26201154e-01
1.00000000e-02	6.95291262e-01	1.80982232e-01
1.02500000e-02	7.42851599e-01	1.91682499e-01
1.05000000e-02	6.38457023e-01	1.62149477e-01
1.07500000e-02	5.99833466e-01	1.51699109e-01
1.10000000e-02	5.22328632e-01	1.28939847e-01
1.12500000e-02	4.60285752e-01	1.16256749e-01
1.15000000e-02	4.64541096e-01	1.15064721e-01
1.17500000e-02	3.83571795e-01	9.69086376e-02
1.20000000e-02	3.84453774e-01	9.48121908e-02
1.22500000e-02	3.52931054e-01	8.38418812e-02
1.25000000e-02	3.29735247e-01	7.67558324e-02
1.27500000e-02	3.10857140e-01	7.27747433e-02
1.30000000e-02	2.91512536e-01	6.72003728e-02
1.32500000e-02	2.62936738e-01	5.93406499e-02
1.35000000e-02	2.46455183e-01	5.58558750e-02
1.37500000e-02	2.28889883e-01	5.12379553e-02
1.40000000e-02	2.13863448e-01	4.73584468e-02
1.42500000e-02	2.01074066e-01	4.35431808e-02
1.45000000e-02	1.90121329e-01	4.06497211e-02
1.47500000e-02	1.78207303e-01	3.80953587e-02
1.50000000e-02	1.67413598e-01	3.49376372e-02
1.52500000e-02	1.54190437e-01	3.18935860e-02
1.55000000e-02	1.46385948e-01	2.96135701e-02
1.57500000e-02	1.40338567e-01	2.89130092e-02
1.60000000e-02	1.31871250e-01	2.62688792e-02
1.62500000e-02	1.28853749e-01	2.57392324e-02
1.65000000e-02	1.17382635e-01	2.23907520e-02
1.67500000e-02	1.11011418e-01	2.07848002e-02
1.70000000e-02	1.08384277e-01	2.04867475e-02
1.72500000e-02	1.02857393e-01	1.88652193e-02
1.75000000e-02	9.52571413e-02	1.74823108e-02
1.77500000e-02	9.14327922e-02	1.64093363e-02
1.80000000e-02	9.06471067e-02	1.59786973e-02
1.82500000e-02	8.27629213e-02	1.38795262e-02
1.85000000e-02	8.26177673e-02	1.46198755e-02
1.87500000e-02	7.85658211e-02	1.34013738e-02
1.90000000e-02	7.74383231e-02	1.25491800e-02
1.92500000e-02	7.07130684e-02	1.11768399e-02
1.95000000e-02	6.60569917e-02	1.04261391e-02
1.97500000e-02	6.99057862e-02	1.10693170e-02
2.00000000e-02	6.45039576e-02	9.76557153e-03
2.02500000e-02	5.92124132e-02	9.07136300e-03
2.05000000e-02	6.13912839e-02	8.72717323e-03
2.07500000e-02	6.02331787e-02	8.61154900e-03
2.10000000e-02	5.84562433e-02	8.20137560e-03
2.12500000e-02	5.80847935e-02	7.90408260e-03
2.15000000e-02	5.63411684e-02	7.37741191e-03
2.17500000e-02	5.62083318e-02	7.53464434e-03
2.20000000e-02	5.28880963e-02	6.86335312e-03
2.22500000e-02	5.17723954e-02	6.86727767e-03
2.25000000e-02	5.18571469e-02	6.74571595e-03
2.27500000e-02	4.96258896e-02	6.14671083e-03
2.30000000e-02	5.03013128e-02	6.31477243e-03
2.32500000e-02	4.74908045e-02	5.68371517e-03
2.35000000e-02	4.86872090e-02	5.76690797e-03
2.37500000e-02	4.79190713e-02	5.56775156e-03
2.40000000e-02	4.51890972e-02	5.04300680e-03
2.42500000e-02	4.50720529e-02	5.25880202e-03
2.45000000e-02	4.42496940e-02	4.96125725e-03
2.47500000e-02	4.33218652e-02	4.70308080e-03
2.50000000e-02	4.27340630e-02	4.56326997e-03
2.52500000e-02	4.09928262e-02	4.27747138e-03
2.55000000e-02	4.02225221e-02	4.16901913e-03
2.57500000e-02	4.18580705e-02	4.21424551e-03
2.60000000e-02	3.94726733e-02	3.92294250e-03
2.62500000e-02	3.84373842e-02	3.69974133e-03
2.65000000e-02	3.85242898e-02	3.76135734e-03
2.67500000e-02	3.73783228e-02	3.55372212e-03
2.70000000e-02	3.67829411e-02	3.47075012e-03
2.72500000e-02	3.84902641e-02	3.43537289e-03
2.75000000e-02	3.78304329e-02	3.60529754e-03
2.77500000e-02	3.53431219e-02	3.21650186e-03
2.80000000e-02	3.58660667e-02	2.99249807e-03
2.82500000e-02	3.64688140e-02	3.03801732e-03
2.85000000e-02	3.53347079e-02	3.08183917e-03
2.87500000e-02	3.54955584e-02	2.98741736e-03
2.90000000e-02	3.51940841e-02	2.93155387e-03
2.92500000e-02	3.38619740e-02	2.62169896e-03
2.95000000e-02	3.52318289e-02	2.76856741e-03
2.97500000e-02	3.38349900e-02	2.61202649e-03
3.00000000e-02	3.45269649e-02	2.60341661e-03
3.02500000e-02	3.42311529e-02	2.59941633e-03
3.05000000e-02	3.25082017e-02	2.26144736e-03
3.07500000e-02	3.22746910e-02	2.24147044e-03
3.10000000e-02	3.34146814e-02	2.31752630e-03
3.12500000e-02	3.23980062e-02	2.24366041e-03
3.15000000e-02	3.08620450e-02	2.06277904e-03
3.17500000e-02	3.13387367e-02	2.06896757e-03
3.20000000e-02	3.14280690e-02	2.09254859e-03
3.22500000e-02	3.13335545e-02	2.05319885e-03
3.25000000e-02	3.03664054e-02	2.02386263e-03
3.27500000e-02	2.97791170e-02	1.93202721e-03
3.30000000e-02	2.90707699e-02	1.81451998e-03
3.32500000e-02	2.94966806e-02	1.87098671e-03
3.35000000e-02	2.99334384e-02	1.87194001e-03
3.37500000e-02	2.96410396e-02	1.86104683e-03
3.40000000e-02	2.83914083e-02	1.76164454e-03
3.42500000e-02	2.85148101e-02	1.71331248e-03
3.45000000e-02	2.72732460e-02	1.60260148e-03
3.47500000e-02	2.80304755e-02	1.61728902e-03
3.50000000e-02	2.72424264e-02	1.53866484e-03
3.52500000e-02	2.81334048e-02	1.59417110e-03
3.55000000e-02	2.71534820e-02	1.49311134e-03
3.57500000e-02	2.74822219e-02	1.50177725e-03
3.60000000e-02	2.80101265e-02	1.59210534e-03
3.62500000e-02	2.67661457e-02	1.43740271e-03
3.65000000e-02	2.71958745e-02	1.48979435e-03
3.67500000e-02	2.70795227e-02	1.44076653e-03
3.70000000e-02	2.63020957e-02	1.37295393e-03
3.72500000e-02	2.59958938e-02	1.38826597e-03
3.75000000e-02	2.64730119e-02	1.40369010e-03
3.77500000e-02	2.57187916e-02	1.33317142e-03
3.80000000e-02	2.61291370e-02	1.32637046e-03
3.82500000e-02	2.60446998e-02	1.33178301e-03
3.85000000e-02	2.58784867e-02	1.31792655e-03
3.87500000e-02	2.56114388e-02	1.28152111e-03
3.90000000e-02	2.51643798e-02	1.24397184e-03
3.92500000e-02	2.52943801e-02	1.26032445e-03
3.95000000e-02	2.49285513e-02	1.26550917e-03
3.97500000e-02	2.52961150e-02	1.26321556e-03
4.00000000e-02	2.49545080e-02	1.20354789e-03
4.02500000e-02	2.46661129e-02	1.16390939e-03
4.05000000e-02	2.45614193e-02	1.18788768e-03
4.07500000e-02	2.46077523e-02	1.14068776e-03
4.10000000e-02	2.43111235e-02	1.15351582e-03
4.12500000e-02	2.48500498e-02	1.15619951e-03
4.15000000e-02	2.50550316e-02	1.14287743e-03
4.17500000e-02	2.42473228e-02	1.10991069e-03
4.20000000e-02	2.42883322e-02	1.12234035e-03
4.22500000e-02	2.45364417e-02	1.12202279e-03
4.25000000e-02	2.45146185e-02	1.12435169e-03
4.27500000e-02	2.47451373e-02	1.12708595e-03
4.30000000e-02	2.39710043e-02	1.10002980e-03
4.32500000e-02	2.36868634e-02	1.07659499e-03
4.35000000e-02	2.43547317e-02	1.11039386e-03
4.37500000e-02	2.36149600e-02	1.05444816e-03
4.40000000e-02	2.44184111e-02	1.08099910e-03
4.42500000e-02	2.44767618e-02	1.10489621e-03
4.45000000e-02	2.32048989e-02	1.03205462e-03
4.47500000e-02	2.42303823e-02	1.07311212e-03
4.50000000e-02	2.38996745e-02	1.06033809e-03
4.52500000e-02	2.27466887e-02	1.02221428e-03
4.55000000e-02	2.30405269e-02	1.00776321e-03
4.57500000e-02	2.31585237e-02	1.00494463e-03
4.60000000e-02	2.36566278e-02	1.02599855e-03
4.62500000e-02	2.40790192e-02	1.03645618e-03
4.65000000e-02	2.28720562e-02	9.64897505e-04
4.67500000e-02	2.26705924e-02	9.47576273e-04
4.70000000e-02	2.33922819e-02	9.86008442e-04
4.72500000e-02	2.28508049e-02	9.64295549e-04
4.75000000e-02	2.34031551e-02	1.00356918e-03
4.77500000e-02	2.23010046e-02	9.39418029e-04
4.80000000e-02	2.27886510e-02	9.63269975e-04
4.82500000e-02	2.20776210e-02	9.30895100e-04
4.85000000e-02	2.25558293e-02	9.64189246e-04
4.87500000e-02	2.35029138e-02	9.83652161e-04
4.90000000e-02	2.22781364e-02	9.32179089e-04
4.92500000e-02	2.23324916e-02	9.24776563e-04
4.95000000e-02	2.20216903e-02	9.05684972e-04
4.97500000e-02	2.19919702e-02	9.12667862e-04
5.00000000e-02	2.17675133e-02	8.99774625e-04
5.02500000e-02	2.24251447e-02	9.14021632e-04
5.05000000e-02	2.19164337e-02	8.89806872e-04
5.07500000e-02	2.24400059e-02	9.16950963e-04
5.10000000e-02	2.34353020e-02	9.47017231e-04
5.12500000e-02	2.22351630e-02	9.08361309e-04
5.15000000e-02	2.22881520e-02	8.91619131e-04
5.17500000e-02	2.28624674e-02	9.19749184e-04
5.20000000e-02	2.23422330e-02	8.94404171e-04
5.22500000e-02	2.25006996e-02	9.04830758e-04
5.25000000e-02	2.20298707e-02	8.74009420e-04
5.27500000e-02	2.21825716e-02	8.85296594e-04
5.30000000e-02	2.22101313e-02	8.91148102e-04
5.32500000e-02	2.26788940e-02	9.04064203e-04
5.35000000e-02	2.09706794e-02	8.40610124e-04
5.37500000e-02	2.12214347e-02	8.35164462e-04
5.40000000e-02	2.21228907e-02	8.77661102e-04
5.42500000e-02	2.16575833e-02	8.46297890e-04
5.45000000e-02	2.15292623e-02	8.49309657e-04
5.47500000e-02	2.16461286e-02	8.38264093e-04
5.50000000e-02	2.16503116e-02	8.43622521e-04
5.52500000e-02	2.19576263e-02	8.58162059e-04
5.55000000e-02	2.09754151e-02	8.21452247e-04
5.57500000e-02	2.17523778e-02	8.42791533e-04
5.60000000e-02	2.16544760e-02	8.36124546e-04
5.62500000e-02	2.15213859e-02	8.43981780e-04
5.65000000e-02	2.12778306e-02	8.20192300e-04
5.67500000e-02	2.14047724e-02	8.37135236e-04
5.70000000e-02	2.16544997e-02	8.32699622e-04
5.72500000e-02	2.11421982e-02	8.16591516e-04
5.75000000e-02	2.15016178e-02	8.26428437e-04
5.77500000e-02	2.07194122e-02	7.85241662e-04
5.80000000e-02	2.09168408e-02	8.05073470e-04
5.82500000e-02	2.09272377e-02	7.92970852e-04
5.85000000e-02	2.12797266e-02	8.14774218e-04
5.87500000e-02	2.21572705e-02	8.34054236e-04
5.90000000e-02	2.09087522e-02	7.92639707e-04
5.92500000e-02	2.13704451e-02	8.06934318e-04
5.95000000e-02	2.12734298e-02	8.01428892e-04
5.97500000e-02	2.13508846e-02	8.13800518e-04
6.00000000e-02	2.12269213e-02	8.04845219e-04
6.02500000e-02	2.14393055e-02	8.05829817e-04
6.05000000e-02	2.11711329e-02	7.95759405e-04
6.07500000e-02	2.10219983e-02	7.94635437e-04
6.10000000e-02	2.10718593e-02	7.84276745e-04
6.12500000e-02	2.07847978e-02	7.74009472e-04
6.15000000e-02	2.19173980e-02	8.18229645e-04
6.17500000e-02	2.11701643e-02	7.86199438e-04
6.20000000e-02	2.08471931e-02	7.73414968e-04
6.22500000e-02	2.12254319e-02	7.85832536e-04
6.25000000e-02	2.12414054e-02	7.82242882e-04
6.27500000e-02	2.10569505e-02	7.71742451e-04
6.30000000e-02	2.14699817e-02	7.91695567e-04
6.32500000e-02	2.05621933e-02	7.51929732e-04
6.35000000e-02	2.13518541e-02	7.79752862e-04
6.37500000e-02	2.13085361e-02	7.78282977e-04
6.40000000e-02	2.12383249e-02	7.76591209e-04
6.42500000e-02	2.09316593e-02	7.60648666e-04
6.45000000e-02	2.07850786e-02	7.54340813e-04
6.47500000e-02	2.12674553e-02	7.68360585e-04
6.50000000e-02	2.07960397e-02	7.54743896e-04
6.52500000e-02	2.07042062e-02	7.45908853e-04
6.55000000e-02	2.06394774e-02	7.44659520e-04
6.57500000e-02	2.05428759e-02	7.50030211e-04
6.60000000e-02	2.02709396e-02	7.33500179e-04
6.62500000e-02	2.14752017e-02	7.74150551e-04
6.65000000e-02	2.03985806e-02	7.34865669e-04
6.67500000e-02	2.12240347e-02	7.51995887e-04
6.70000000e-02	2.03527221e-02	7.29386801e-04
6.72500000e-02	2.10241780e-02	7.49602808e-04
6.75000000e-02	2.13394869e-02	7.63853217e-04
6.77500000e-02	2.03058716e-02	7.26580580e-04
6.80000000e-02	2.03010362e-02	7.29928749e-04
6.82500000e-02	2.09003144e-02	7.43940427e-04
6.85000000e-02	2.02589633e-02	7.27534109e-04
6.87500000e-02	2.01436846e-02	7.11686740e-04
6.90000000e-02	2.03378824e-02	7.18173080e-04
6.92500000e-02	2.09037311e-02	7.38868831e-04
6.95000000e-02	2.03239830e-02	7.18276771e-04
6.97500000e-02	2.04250591e-02	7.20048539e-04
7.00000000e-02	2.00730536e-02	7.10055975e-04
7.02500000e-02	1.99752549e-02	7.03576898e-04
7.05000000e-02	2.04681041e-02	7.19579329e-04
7.07500000e-02	2.06115915e-02	7.29433614e-04
7.10000000e-02	2.01474378e-02	7.02984725e-04
7.12500000e-02	2.00261134e-02	6.95673112e-04
7.15000000e-02	2.03124230e-02	7.04254501e-04
7.17500000e-02	2.05957038e-02	7.12938624e-04
7.20000000e-02	2.04744963e-02	7.17277990e-04
7.22500000e-02	2.05269787e-02	7.11130254e-04
7.25000000e-02	2.05581761e-02	7.09384557e-04
7.27500000e-02	2.08950460e-02	7.21150533e-04
7.30000000e-02	2.08748783e-02	7.23256462e-04
7.32500000e-02	2.07420330e-02	7.07845640e-04
7.35000000e-02	2.00379522e-02	6.94005571e-04
7.37500000e-02	2.04654249e-02	7.00890250e-04
7.40000000e-02	2.03960007e-02	6.99048228e-04
7.42500000e-02	2.05274015e-02	7.00980261e-04
7.45000000e-02	2.05971564e-02	7.04631505e-04
7.47500000e-02	2.02231021e-02	6.95120364e-04
7.50000000e-02	2.03630552e-02	6.88479472e-04
7.52500000e-02	2.00698443e-02	6.86076236e-04
7.55000000e-02	2.01907489e-02	6.80422389e-04
7.57500000e-02	2.08386999e-02	7.05444766e-04
7.60000000e-02	2.00799530e-02	6.91276498e-04
7.62500000e-02	2.04000475e-02	6.96329605e-04
7.65000000e-02	2.03539846e-02	6.83166209e-04
7.67500000e-02	2.04602991e-02	6.94771528e-04
7.70000000e-02	2.06458443e-02	6.92211808e-04
7.72500000e-02	2.04402052e-02	7.02805909e-04
7.75000000e-02	1.98184996e-02	6.86140681e-04
7.77500000e-02	2.04750783e-02	7.12573459e-04
7.80000000e-02	2.03066348e-02	7.06533213e-04
7.82500000e-02	1.98895755e-02	7.00832587e-04
7.85000000e-02	2.05263615e-02	7.26468412e-04
7.87500000e-02	2.00860429e-02	7.06957458e-04
7.90000000e-02	1.99230185e-02	7.14775880e-04
7.92500000e-02	2.04663369e-02	7.25652322e-04
7.95000000e-02	2.04432869e-02	7.29351792e-04
7.97500000e-02	2.09042077e-02	7.39034258e-04
8.00000000e-02	2.02345706e-02	7.24748542e-04
8.02500000e-02	1.94151532e-02	6.95882495e-04
8.05000000e-02	2.03602776e-02	7.28621101e-04
8.07500000e-02	2.02195904e-02	7.35038504e-04
8.10000000e-02	2.05209251e-02	7.42246762e-04
8.12500000e-02	2.05307327e-02	7.47228632e-04
8.15000000e-02	2.01054256e-02	7.30084952e-04
8.17500000e-02	2.05886307e-02	7.49284397e-04
8.20000000e-02	2.01880630e-02	7.33583428e-04
8.22500000e-02	2.04779318e-02	7.40058611e-04
8.25000000e-02	2.06208649e-02	7.52056453e-04
8.27500000e-02	2.06659411e-02	7.54972357e-04
8.30000000e-02	2.01178438e-02	7.41867036e-04
8.32500000e-02	1.96905730e-02	7.28927833e-04
8.35000000e-02	2.05598277e-02	7.65112472e-04
8.37500000e-02	2.04618951e-02	7.48080311e-04
8.40000000e-02	2.05017753e-02	7.54435124e-04
8.42500000e-02	2.00188763e-02	7.43137926e-04
8.45000000e-02	1.98737160e-02	7.44938074e-04
8.47500000e-02	1.98707420e-02	7.45390116e-04
8.50000000e-02	1.96916413e-02	7.29041150e-04
8.52500000e-02	1.98991135e-02	7.44348932e-04
8.55000000e-02	1.99672868e-02	7.38234542e-04
8.57500000e-02	2.05354413e-02	7.74411964e-04
8.60000000e-02	2.01333939e-02	7.47312028e-04
8.62500000e-02	1.99742575e-02	7.43581608e-04
8.65000000e-02	1.95408002e-02	7.26466775e-04
8.67500000e-02	2.01173727e-02	7.38482732e-04
8.70000000e-02	2.01591663e-02	7.39088019e-04
8.72500000e-02	1.97778328e-02	7.05551129e-04
8.75000000e-02	2.00792873e-02	7.17623450e-04
8.77500000e-02	2.00575807e-02	7.00821818e-04
8.80000000e-02	2.06792697e-02	7.27420342e-04
8.82500000e-02	2.03091082e-02	7.10634287e-04
8.85000000e-02	2.09148487e-02	7.28618451e-04
8.87500000e-02	2.02238134e-02	6.97172759e-04
8.90000000e-02	2.04781412e-02	7.11528994e-04
8.92500000e-02	2.02596077e-02	6.96618870e-04
8.95000000e-02	2.00389688e-02	6.89815941e-04
8.97500000e-02	1.99990169e-02	6.80939828e-04
9.00000000e-02	2.01232236e-02	6.84384560e-04
9.02500000e-02	1.98175875e-02	6.70441089e-04
9.05000000e-02	2.03511654e-02	6.90925366e-04
9.07500000e-02	2.00990632e-02	6.80605621e-04
9.10000000e-02	2.01822968e-02	6.81662407e-04
9.12500000e-02	2.01196208e-02	6.72032693e-04
9.15000000e-02	2.08487256e-02	6.94569407e-04
9.17500000e-02	1.99805177e-02	6.75706462e-04
9.20000000e-02	1.97504834e-02	6.67413714e-04
9.22500000e-02	2.00108112e-02	6.64363280e-04
9.25000000e-02	2.00574070e-02	6.68190818e-04
9.27500000e-02	2.00836003e-02	6.70399257e-04
9.30000000e-02	1.96039083e-02	6.50652853e-04
9.32500000e-02	2.05047991e-02	6.80671956e-04
9.35000000e-02	1.97137453e-02	6.52282777e-04
9.37500000e-02	2.02336636e-02	6.68368141e-04
9.40000000e-02	2.00445610e-02	6.62500866e-04
9.42500000e-02	2.00820501e-02	6.60358090e-04
9.45000000e-02	2.00395820e-02	6.58461581e-04
9.47500000e-02	2.01670414e-02	6.61986841e-04
9.50000000e-02	2.02471444e-02	6.62826839e-04
9.52500000e-02	1.98219543e-02	6.49505137e-04
9.55000000e-02	1.95186575e-02	6.32339556e-04
9.57500000e-02	2.02631110e-02	6.66577659e-04
9.60000000e-02	2.02197727e-02	6.59082134e-04
9.62500000e-02	2.01909100e-02	6.52351599e-04
9.65000000e-02	1.98260192e-02	6.41777278e-04
9.67500000e-02	2.01883158e-02	6.50348934e-04
9.70000000e-02	1.98874380e-02	6.43029624e-04
9.72500000e-02	2.01139785e-02	6.47848010e-04
9.75000000e-02	1.99967549e-02	6.43937838e-04
9.77500000e-02	1.97476634e-02	6.30966815e-04
9.80000000e-02	1.95519911e-02	6.27169730e-04
9.82500000e-02	1.99749301e-02	6.41109269e-04
9.85000000e-02	1.98820981e-02	6.35866811e-04
9.87500000e-02	1.97503081e-02	6.30336597e-04
9.90000000e-02	1.96233327e-02	6.21432346e-04
9.92500000e-02	1.97654754e-02	6.26038572e-04
9.95000000e-02	1.94014223e-02	6.15031463e-04
9.97500000e-02	2.00844794e-02	6.40838782e-04
1.00000000e-01	1.93422052e-02	4.98998215e-04
1.00500000e-01	1.99239758e-02	4.48293933e-04
1.01000000e-01	1.98840190e-02	4.43267231e-04
1.01500000e-01	1.95653164e-02	4.36011258e-04
1.02000000e-01	1.98952845e-02	4.40156572e-04
1.02500000e-01	2.00392590e-02	4.39412784e-04
1.03000000e-01	1.98016233e-02	4.37184300e-04
1.03500000e-01	1.98492834e-02	4.35474553e-04
1.04000000e-01	1.96180103e-02	4.30274987e-04
1.04500000e-01	2.01078627e-02	4.37930953e-04
1.05000000e-01	2.01432648e-02	4.35138659e-04
1.05500000e-01	1.95443339e-02	4.25164640e-04
1.06000000e-01	1.99857242e-02	4.31261915e-04
1.06500000e-01	1.96584493e-02	4.23989840e-04
1.07000000e-01	1.98520792e-02	4.35308530e-04
1.07500000e-01	2.00726908e-02	4.45291255e-04
1.08000000e-01	1.96264420e-02	4.40488395e-04
1.08500000e-01	1.99226370e-02	4.51133682e-04
1.09000000e-01	1.97278631e-02	4.47226737e-04
1.09500000e-01	2.01036108e-02	4.57621243e-04
1.10000000e-01	1.96534817e-02	4.45715127e-04
1.10500000e-01	1.98815711e-02	4.41015114e-04
1.11000000e-01	1.99403659e-02	4.33870001e-04
1.11500000e-01	1.95739066e-02	4.24132161e-04
1.12000000e-01	1.99804078e-02	4.25784919e-04
1.12500000e-01	1.98962966e-02	4.23137704e-04
1.13000000e-01	1.97790206e-02	4.22574306e-04
1.13500000e-01	2.00918642e-02	4.26973272e-04
1.14000000e-01	1.97420662e-02	4.18824928e-04
1.14500000e-01	1.99419672e-02	4.19739865e-04
1.15000000e-01	1.99454370e-02	4.17781290e-04
1.15500000e-01	1.98124946e-02	4.15252773e-04
1.16000000e-01	1.97318054e-02	4.14412444e-04
1.16500000e-01	1.98166012e-02	4.13604731e-04
1.17000000e-01	1.97776543e-02	4.12033917e-04
1.17500000e-01	1.94767749e-02	4.02470309e-04
1.18000000e-01	1.96733925e-02	4.08797233e-04
1.18500000e-01	1.95311160e-02	4.00399671e-04
1.19000000e-01	1.97763858e-02	4.06771072e-04
1.19500000e-01	1.98945655e-02	4.06989422e-04
1.20000000e-01	1.98143633e-02	4.05302599e-04
1.20500000e-01	1.99129953e-02	4.06842540e-04
1.21000000e-01	1.95990228e-02	3.99315205e-04
1.21500000e-01	1.99353795e-02	4.05656645e-04
1.22000000e-01	1.99936407e-02	4.05060857e-04
1.22500000e-01	1.97189058e-02	3.98198908e-04
1.23000000e-01	1.96328016e-02	3.96145639e-04
1.23500000e-01	1.99560527e-02	4.00778561e-04
1.24000000e-01	1.93617300e-02	3.92133860e-04
1.24500000e-01	1.99102725e-02	3.97537500e-04
1.25000000e-01	1.96836400e-02	3.94969537e-04
1.25500000e-01	1.97720953e-02	3.93658174e-04
1.26000000e-01	2.00271286e-02	3.98585251e-04
1.26500000e-01	1.98996992e-02	3.95728645e-04
1.27000000e-01	1.96159804e-02	3.88305323e-04
1.27500000e-01	1.98118316e-02	3.91402931e-04
1.28000000e-01	1.94789775e-02	3.85176433e-04
1.28500000e-01	1.95483775e-02	3.87767902e-04
1.29000000e-01	1.94581428e-02	3.84025527e-04
1.29500000e-01	1.98579532e-02	3.90373729e-04
1.30000000e-01	1.97329150e-02	3.87339724e-04
1.30500000e-01	1.98889409e-02	3.89680374e-04
1.31000000e-01	1.98448343e-02	3.90504786e-04
1.31500000e-01	1.96774433e-02	3.86333355e-04
1.32000000e-01	1.99881841e-02	3.89636807e-04
1.32500000e-01	1.94204555e-02	3.75940351e-04
1.33000000e-01	1.98483275e-02	3.84460888e-04
1.33500000e-01	1.97574678e-02	3.80393762e-04
1.34000000e-01	1.98584902e-02	3.82920432e-04
1.34500000e-01	1.96864587e-02	3.77418220e-04
1.35000000e-01	1.98148144e-02	3.79081700e-04
1.35500000e-01	1.97493944e-02	3.76946521e-04
1.36000000e-01	1.95817351e-02	3.72397130e-04
1.36500000e-01	1.97031411e-02	3.75509940e-04
1.37000000e-01	1.97270273e-02	3.73753635e-04
1.37500000e-01	1.94914373e-02	3.73043605e-04
1.38000000e-01	1.95656262e-02	3.70418414e-04
1.38500000e-01	1.96737836e-02	3.73318669e-04
1.39000000e-01	1.97386145e-02	3.74322968e-04
1.39500000e-01	1.94215992e-02	3.65620002e-04
1.40000000e-01	1.97835124e-02	3.72947208e-04
1.40500000e-01	1.94902045e-02	3.67743887e-04
1.41000000e-01	1.97054845e-02	3.70877135e-04
1.41500000e-01	1.95570725e-02	3.70337610e-04
1.42000000e-01	1.95495692e-02	3.66613794e-04
1.42500000e-01	1.94598879e-02	3.64364439e-04
1.43000000e-01	1.92626311e-02	3.62799063e-04
1.43500000e-01	1.93307204e-02	3.60630757e-04
1.44000000e-01	1.95673436e-02	3.65988950e-04
1.44500000e-01	1.96331835e-02	3.65318965e-04
1.45000000e-01	1.92572162e-02	3.59973377e-04
1.45500000e-01	1.93918762e-02	3.61038897e-04
1.46000000e-01	1.94324150e-02	3.59869371e-04
1.46500000e-01	1.93200931e-02	3.57349269e-04
1.47000000e-01	1.92723881e-02	3.57042481e-04
1.47500000e-01	1.94128157e-02	3.58456363e-04
1.48000000e-01	1.96404691e-02	3.60221347e-04
1.48500000e-01	1.95217391e-02	3.56561444e-04
1.49000000e-01	1.96200423e-02	3.58341846e-04
1.49500000e-01	1.94180250e-02	3.56860798e-04
1.50000000e-01	1.93960410e-02	3.54925993e-04
1.50500000e-01	1.89436767e-02	3.49133285e-04
1.51000000e-01	1.93418624e-02	3.53101195e-04
1.51500000e-01	1.94530264e-02	3.53253044e-04
1.52000000e-01	1.91370901e-02	3.45920495e-04
1.52500000e-01	1.95189038e-02	3.53706895e-04
1.53000000e-01	1.92965543e-02	3.49043901e-04
1.53500000e-01	1.95890357e-02	3.53249907e-04
1.54000000e-01	1.93543867e-02	3.49481825e-04
1.54500000e-01	1.92067969e-02	3.52579715e-04
1.55000000e-01	1.92964942e-02	3.58160203e-04
1.55500000e-01	1.91864576e-02	3.58564660e-04
1.56000000e-01	1.92321878e-02	3.62005165e-04
1.56500000e-01	1.87908960e-02	3.55150610e-04
1.57000000e-01	1.92550729e-02	3.61040501e-04
1.57500000e-01	1.92147507e-02	3.55640380e-04
1.58000000e-01	1.91892744e-02	3.47400792e-04
1.58500000e-01	1.90010720e-02	3.44248119e-04
1.59000000e-01	1.95381945e-02	3.50641796e-04
1.59500000e-01	1.92565650e-02	3.46160229e-04
1.60000000e-01	1.92509639e-02	3.46840023e-04
1.60500000e-01	1.94047940e-02	3.46776882e-04
1.61000000e-01	1.93015354e-02	3.45345519e-04
1.61500000e-01	1.91753643e-02	3.39843641e-04
1.62000000e-01	1.94594605e-02	3.44799382e-04
1.62500000e-01	1.93501922e-02	3.45063705e-04
1.63000000e-01	1.90726396e-02	3.39380699e-04
1.63500000e-01	1.90589955e-02	3.38433528e-04
1.64000000e-01	1.91740473e-02	3.37725938e-04
1.64500000e-01	1.91081887e-02	3.37510347e-04
1.65000000e-01	1.93339897e-02	3.40504451e-04
1.65500000e-01	1.94646859e-02	3.43264813e-04
1.66000000e-01	1.88617755e-02	3.31917297e-04
1.66500000e-01	1.88841662e-02	3.32748537e-04
1.67000000e-01	1.91444927e-02	3.35383612e-04
1.67500000e-01	1.93422371e-02	3.38263266e-04
1.68000000e-01	1.91125618e-02	3.33538474e-04
1.68500000e-01	1.93211868e-02	3.35172330e-04
1.69000000e-01	1.88307822e-02	3.29041210e-04
1.69500000e-01	1.91134492e-02	3.31887051e-04
1.70000000e-01	1.87542718e-02	3.25753596e-04
1.70500000e-01	1.88773705e-02	3.28945553e-04
1.71000000e-01	1.90801601e-02	3.29913994e-04
1.71500000e-01	1.90973432e-02	3.29676804e-04
1.72000000e-01	1.87999668e-02	3.25088322e-04
1.72500000e-01	1.90493376e-02	3.27405887e-04
1.73000000e-01	1.87518645e-02	3.22354300e-04
1.73500000e-01	1.90081017e-02	3.25510171e-04
1.74000000e-01	1.89060850e-02	3.23179989e-04
1.74500000e-01	1.89120459e-02	3.22101435e-04
1.75000000e-01	1.90669002e-02	3.23365521e-04
1.75500000e-01	1.89903539e-02	3.19980326e-04
1.76000000e-01	1.89002206e-02	3.20238454e-04
1.76500000e-01	1.88402353e-02	3.19236317e-04
1.77000000e-01	1.88562960e-02	3.18532684e-04
1.77500000e-01	1.87852773e-02	3.17820609e-04
1.78000000e-01	1.87298497e-02	3.16320238e-04
1.78500000e-01	1.85475363e-02	3.14044509e-04
1.79000000e-01	1.86929968e-02	3.13500510e-04
1.79500000e-01	1.88607549e-02	3.19014776e-04
1.80000000e-01	1.89492523e-02	3.18751717e-04
1.80500000e-01	1.86328279e-02	3.14471920e-04
1.81000000e-01	1.87922901e-02	3.17325401e-04
1.81500000e-01	1.86509231e-02	3.12337221e-04
1.82000000e-01	1.86522169e-02	3.13501415e-04
1.82500000e-01	1.89383212e-02	3.17047750e-04
1.83000000e-01	1.85513213e-02	3.10391636e-04
1.83500000e-01	1.85727990e-02	3.09729072e-04
1.84000000e-01	1.86210791e-02	3.10200936e-04
1.84500000e-01	1.89082193e-02	3.14223423e-04
1.85000000e-01	1.88808579e-02	3.13608674e-04
1.85500000e-01	1.88676355e-02	3.13065616e-04
1.86000000e-01	1.87363527e-02	3.10722618e-04
1.86500000e-01	1.87786409e-02	3.11414713e-04
1.87000000e-01	1.88124922e-02	3.12073607e-04
1.87500000e-01	1.85630211e-02	3.06320130e-04
1.88000000e-01	1.83520209e-02	3.02483458e-04
1.88500000e-01	1.84037400e-02	3.04408036e-04
1.89000000e-01	1.85369270e-02	3.05505280e-04
1.89500000e-01	1.84650655e-02	3.03742968e-04
1.90000000e-01	1.84174046e-02	3.00449685e-04
1.90500000e-01	1.84808951e-02	3.04417381e-04
1.91000000e-01	1.85954971e-02	3.03967075e-04
1.91500000e-01	1.84214078e-02	3.02311235e-04
1.92000000e-01	1.81385496e-02	2.95838105e-04
1.92500000e-01	1.85246682e-02	3.01949863e-04
1.93000000e-01	1.84339412e-02	3.02044738e-04
1.93500000e-01	1.82978216e-02	2.99081419e-04
1.94000000e-01	1.84378571e-02	3.00087111e-04
1.94500000e-01	1.84848853e-02	3.00105183e-04
1.95000000e-01	1.82447742e-02	2.95781323e-04
1.95500000e-01	1.84017755e-02	2.97495249e-04
1.96000000e-01	1.85900269e-02	2.99820489e-04
1.96500000e-01	1.83585910e-02	2.97273212e-04
1.97000000e-01	1.83272005e-02	2.95264499e-04
1.97500000e-01	1.84960809e-02	2.98368711e-04
1.98000000e-01	1.85725328e-02	2.98505905e-04
1.98500000e-01	1.85818115e-02	2.98775476e-04
1.99000000e-01	1.84853880e-02	2.96738124e-04
1.99500000e-01	1.84041301e-02	2.93882238e-04
2.00000000e-01	1.81032686e-02	2.90627229e-04
2.00500000e-01	1.83730677e-02	2.93652316e-04
2.01000000e-01	1.83386059e-02	2.93137239e-04
2.01500000e-01	1.84630188e-02	2.94712486e-04
2.02000000e-01	1.85330947e-02	2.96783445e-04
2.02500000e-01	1.82096007e-02	2.88876381e-04
2.03000000e-01	1.82872295e-02	2.90262056e-04
2.03500000e-01	1.85502401e-02	2.94760049e-04
2.04000000e-01	1.84717334e-02	2.92935216e-04
2.04500000e-01	1.83240599e-02	2.91495244e-04
2.05000000e-01	1.81844061e-02	2.87488306e-04
2.05500000e-01	1.80783081e-02	2.85691745e-04
2.06000000e-01	1.81278517e-02	2.86987365e-04
2.06500000e-01	1.81984529e-02	2.87533326e-04
2.07000000e-01	1.80761329e-02	2.85773470e-04
2.07500000e-01	1.84732247e-02	2.90417861e-04
2.08000000e-01	1.80438594e-02	2.84050337e-04
2.08500000e-01	1.83150308e-02	2.87293947e-04
2.09000000e-01	1.82266956e-02	2.85675354e-04
2.09500000e-01	1.83869728e-02	2.87628337e-04
2.10000000e-01	1.83151713e-02	2.85974626e-04
2.10500000e-01	1.82353906e-02	2.86120076e-04
2.11000000e-01	1.79315299e-02	2.80840032e-04
2.11500000e-01	1.80649831e-02	2.82226411e-04
2.12000000e-01	1.83648988e-02	2.85433614e-04
2.12500000e-01	1.82591559e-02	2.83346535e-04
2.13000000e-01	1.80534441e-02	2.80492735e-04
2.13500000e-01	1.81479818e-02	2.82685795e-04
2.14000000e-01	1.82632135e-02	2.83132150e-04
2.14500000e-01	1.83914792e-02	2.84974763e-04
2.15000000e-01	1.80822383e-02	2.82533005e-04
2.15500000e-01	1.82498277e-02	2.81597436e-04
2.16000000e-01	1.84124771e-02	2.83557753e-04
2.16500000e-01	1.79652172e-02	2.76264890e-04
2.17000000e-01	1.80651764e-02	2.82350033e-04
2.17500000e-01	1.80552074e-02	2.87586584e-04
2.18000000e-01	1.82416694e-02	2.90373866e-04
2.18500000e-01	1.79241593e-02	2.87375259e-04
2.19000000e-01	1.80674994e-02	2.90367224e-04
2.19500000e-01	1.80242031e-02	2.91957690e-04
2.20000000e-01	1.79148319e-02	2.90329366e-04
2.20500000e-01	1.79729548e-02	2.92180177e-04
2.21000000e-01	1.78650846e-02	2.93211747e-04
2.21500000e-01	1.77601191e-02	2.92298596e-04
2.22000000e-01	1.78116289e-02	2.91820079e-04
2.22500000e-01	1.84460771e-02	3.01297572e-04
2.23000000e-01	1.80946136e-02	2.97357250e-04
2.23500000e-01	1.80037903e-02	2.97018516e-04
2.24000000e-01	1.79398579e-02	2.96616524e-04
2.24500000e-01	1.76121129e-02	2.92476458e-04
2.25000000e-01	1.79276106e-02	2.97393425e-04
2.25500000e-01	1.80965800e-02	3.01415073e-04
2.26000000e-01	1.79101052e-02	2.98297002e-04
2.26500000e-01	1.79135668e-02	2.92751165e-04
2.27000000e-01	1.80547913e-02	2.92861632e-04
2.27500000e-01	1.81845348e-02	2.93628670e-04
2.28000000e-01	1.79667928e-02	2.88606803e-04
2.28500000e-01	1.78645646e-02	2.85755030e-04
2.29000000e-01	1.80809982e-02	2.87920733e-04
2.29500000e-01	1.77975264e-02	2.82136064e-04
2.30000000e-01	1.75894899e-02	2.77631441e-04
2.30500000e-01	1.79479001e-02	2.81746815e-04
2.31000000e-01	1.81536344e-02	2.84788593e-04
2.31500000e-01	1.77964113e-02	2.79875220e-04
2.32000000e-01	1.78695843e-02	2.78658566e-04
2.32500000e-01	1.76919252e-02	2.76562376e-04
2.33000000e-01	1.77927008e-02	2.77342255e-04
2.33500000e-01	1.76710260e-02	2.73548102e-04
2.34000000e-01	1.76494160e-02	2.72435961e-04
2.34500000e-01	1.77631138e-02	2.74154917e-04
2.35000000e-01	1.79776339e-02	2.76765891e-04
2.35500000e-01	1.76917256e-02	2.73535948e-04
2.36000000e-01	1.76780987e-02	2.72569695e-04
2.36500000e-01	1.81451264e-02	2.79354666e-04
2.37000000e-01	1.79273501e-02	2.73993652e-04
2.37500000e-01	1.79623054e-02	2.75069100e-04
2.38000000e-01	1.78066170e-02	2.71352160e-04
2.38500000e-01	1.78109162e-02	2.72827208e-04
2.39000000e-01	1.78300399e-02	2.70022834e-04
2.39500000e-01	1.79329539e-02	2.72880759e-04
2.40000000e-01	1.77532544e-02	2.69749606e-04
2.40500000e-01	1.78582539e-02	2.69813079e-04
2.41000000e-01	1.77455014e-02	2.68173068e-04
2.41500000e-01	1.75676646e-02	2.65064393e-04
2.42000000e-01	1.77969448e-02	2.67832911e-04
2.42500000e-01	1.73591915e-02	2.62479887e-04
2.43000000e-01	1.76374905e-02	2.64765001e-04
2.43500000e-01	1.77549380e-02	2.66235744e-04
2.44000000e-01	1.74095182e-02	2.60421682e-04
2.44500000e-01	1.78291818e-02	2.65680122e-04
2.45000000e-01	1.75436731e-02	2.62290722e-04
2.45500000e-01	1.75680347e-02	2.61660622e-04
2.46000000e-01	1.76724092e-02	2.64029792e-04
2.46500000e-01	1.78349856e-02	2.65197718e-04
2.47000000e-01	1.78267835e-02	2.65377290e-04
2.47500000e-01	1.75488672e-02	2.60189684e-04
2.48000000e-01	1.74837722e-02	2.59227339e-04
2.48500000e-01	1.77136552e-02	2.62125439e-04
2.49000000e-01	1.73411070e-02	2.57525860e-04
2.49500000e-01	1.75680079e-02	2.60388294e-04
2.50000000e-01	1.74788929e-02	2.58080343e-04
2.50500000e-01	1.74240101e-02	2.58622763e-04
2.51000000e-01	1.75469077e-02	2.58648033e-04
2.51500000e-01	1.76140704e-02	2.59773324e-04
2.52000000e-01	1.74563045e-02	2.57223142e-04
2.52500000e-01	1.76463021e-02	2.59463635e-04
2.53000000e-01	1.74168775e-02	2.56228986e-04
2.53500000e-01	1.73950375e-02	2.54663212e-04
2.54000000e-01	1.73874920e-02	2.55425127e-04
2.54500000e-01	1.75192716e-02	2.56461538e-04
2.55000000e-01	1.73466040e-02	2.52882723e-04
2.55500000e-01	1.75239924e-02	2.55308933e-04
2.56000000e-01	1.72694104e-02	2.52373103e-04
2.56500000e-01	1.75776316e-02	2.56016663e-04
2.57000000e-01	1.73634211e-02	2.53495338e-04
2.57500000e-01	1.75396373e-02	2.54821486e-04
2.58000000e-01	1.74874087e-02	2.54940431e-04
2.58500000e-01	1.72404365e-02	2.50662514e-04
2.59000000e-01	1.72552668e-02	2.50335355e-04
2.59500000e-01	1.72481296e-02	2.49753983e-04
2.60000000e-01	1.74622507e-02	2.52805909e-04
2.60500000e-01	1.71589965e-02	2.48261000e-04
2.61000000e-01	1.71839568e-02	2.48273643e-04
2.61500000e-01	1.73760855e-02	2.51327803e-04
2.62000000e-01	1.74234435e-02	2.51062540e-04
2.62500000e-01	1.73671447e-02	2.50660859e-04
2.63000000e-01	1.74009962e-02	2.50828066e-04
2.63500000e-01	1.73871317e-02	2.48216418e-04
2.64000000e-01	1.74116470e-02	2.50376216e-04
2.64500000e-01	1.69741809e-02	2.44268822e-04
2.65000000e-01	1.73502387e-02	2.48686421e-04
2.65500000e-01	1.72730940e-02	2.47242445e-04
2.66000000e-01	1.74059309e-02	2.49171030e-04
2.66500000e-01	1.72704046e-02	2.46660750e-04
2.67000000e-01	1.71435429e-02	2.44388839e-04
2.67500000e-01	1.73724453e-02	2.46935134e-04
2.68000000e-01	1.70746871e-02	2.42896206e-04
2.68500000e-01	1.72059783e-02	2.43540976e-04
2.69000000e-01	1.71446713e-02	2.42531197e-04
2.69500000e-01	1.72065787e-02	2.44504831e-04
2.70000000e-01	1.71634340e-02	2.43114982e-04
2.70500000e-01	1.70978267e-02	2.42298763e-04
2.71000000e-01	1.73805112e-02	2.45053791e-04
2.71500000e-01	1.71514745e-02	2.40866239e-04
2.72000000e-01	1.70221844e-02	2.39828372e-04
2.72500000e-01	1.70445283e-02	2.40367957e-04
2.73000000e-01	1.71460076e-02	2.41822701e-04
2.73500000e-01	1.71685770e-02	2.40774149e-04
2.74000000e-01	1.73886070e-02	2.43710182e-04
2.74500000e-01	1.73362702e-02	2.42685149e-04
2.75000000e-01	1.70286503e-02	2.39446797e-04
2.75500000e-01	1.69903459e-02	2.40215242e-04
2.76000000e-01	1.68226884e-02	2.35693277e-04
2.76500000e-01	1.70728090e-02	2.39298502e-04
2.77000000e-01	1.68987601e-02	2.36321319e-04
2.77500000e-01	1.71169373e-02	2.39588718e-04
2.78000000e-01	1.71673054e-02	2.39457235e-04
2.78500000e-01	1.70813105e-02	2.39435788e-04
2.79000000e-01	1.71995540e-02	2.39858792e-04
2.79500000e-01	1.71417196e-02	2.38051554e-04
2.80000000e-01	1.70028520e-02	2.36581781e-04
2.80500000e-01	1.70949782e-02	2.37691238e-04
2.81000000e-01	1.69549198e-02	2.36110153e-04
2.81500000e-01	1.70062395e-02	2.34898129e-04
2.82000000e-01	1.68741675e-02	2.34329264e-04
2.82500000e-01	1.69370485e-02	2.35492279e-04
2.83000000e-01	1.70158903e-02	2.35618673e-04
2.83500000e-01	1.69262544e-02	2.33955487e-04
2.84000000e-01	1.70899026e-02	2.35979845e-04
2.84500000e-01	1.69140577e-02	2.34803654e-04
2.85000000e-01	1.70070215e-02	2.33610686e-04
2.85500000e-01	1.68239960e-02	2.31679034e-04
2.86000000e-01	1.68614991e-02	2.33152660e-04
2.86500000e-01	1.70138636e-02	2.33573389e-04
2.87000000e-01	1.70070230e-02	2.33426808e-04
2.87500000e-01	1.68717382e-02	2.31770115e-04
2.88000000e-01	1.70836985e-02	2.32861391e-04
2.88500000e-01	1.69179699e-02	2.31885629e-04
2.89000000e-01	1.70096366e-02	2.32318312e-04
2.89500000e-01	1.68678606e-02	2.30331143e-04
2.90000000e-01	1.68321113e-02	2.29743830e-04
2.90500000e-01	1.68589607e-02	2.31015379e-04
2.91000000e-01	1.70468148e-02	2.32144582e-04
2.91500000e-01	1.67333555e-02	2.27340351e-04
2.92000000e-01	1.67467340e-02	2.28028507e-04
2.92500000e-01	1.68809203e-02	2.29178087e-04
2.93000000e-01	1.70570756e-02	2.30785429e-04
2.93500000e-01	1.67640595e-02	2.27759049e-04
2.94000000e-01	1.67413294e-02	2.26366972e-04
2.94500000e-01	1.68891627e-02	2.29171789e-04
2.95000000e-01	1.69590978e-02	2.28724210e-04
2.95500000e-01	1.67947924e-02	2.28227097e-04
2.96000000e-01	1.67698048e-02	2.26721255e-04
2.96500000e-01	1.68115266e-02	2.26507729e-04
2.97000000e-01	1.68484480e-02	2.28132714e-04
2.97500000e-01	1.68886609e-02	2.27943461e-04
2.98000000e-01	1.68499830e-02	2.27025964e-04
2.98500000e-01	1.69019017e-02	2.27856178e-04
2.99000000e-01	1.65909924e-02	2.23865214e-04
2.99500000e-01	1.68556419e-02	2.27116420e-04
3.00000000e-01	1.67034043e-02	2.24287867e-04
3.00500000e-01	1.67902934e-02	2.24611014e-04
3.01000000e-01	1.67379372e-02	2.23480654e-04
3.01500000e-01	1.70286303e-02	2.27827773e-04
3.02000000e-01	1.69448679e-02	2.26766945e-04
3.02500000e-01	1.67253186e-02	2.23505093e-04
3.03000000e-01	1.67686765e-02	2.23983557e-04
3.03500000e-01	1.67729472e-02	2.22474002e-04
3.04000000e-01	1.66234267e-02	2.22368747e-04
3.04500000e-01	1.64537549e-02	2.19162098e-04
3.05000000e-01	1.68515862e-02	2.24532375e-04
3.05500000e-01	1.67316799e-02	2.23014017e-04
3.06000000e-01	1.67370047e-02	2.21087377e-04
3.06500000e-01	1.66481696e-02	2.20710155e-04
3.07000000e-01	1.66131774e-02	2.20081272e-04
3.07500000e-01	1.66434032e-02	2.20665513e-04
3.08000000e-01	1.66764272e-02	2.20487786e-04
3.08500000e-01	1.66308485e-02	2.19766142e-04
3.09000000e-01	1.68468139e-02	2.23273003e-04
3.09500000e-01	1.66847174e-02	2.20610851e-04
3.10000000e-01	1.65574378e-02	2.18643118e-04
3.10500000e-01	1.66414139e-02	2.20098881e-04
3.11000000e-01	1.68095518e-02	2.20933823e-04
3.11500000e-01	1.67380543e-02	2.20821149e-04
3.12000000e-01	1.67092028e-02	2.20899168e-04
3.12500000e-01	1.65921148e-02	2.18482862e-04
3.13000000e-01	1.67528662e-02	2.19264168e-04
3.13500000e-01	1.67556342e-02	2.19208704e-04
3.14000000e-01	1.65665908e-02	2.17946351e-04
3.14500000e-01	1.64290767e-02	2.15107160e-04
3.15000000e-01	1.64682585e-02	2.15786154e-04
3.15500000e-01	1.64963584e-02	2.15045755e-04
3.16000000e-01	1.64166787e-02	2.15175366e-04
3.16500000e-01	1.64338388e-02	2.14997978e-04
3.17000000e-01	1.64015681e-02	2.14196890e-04
3.17500000e-01	1.63833611e-02	2.14645011e-04
3.18000000e-01	1.62597698e-02	2.12290669e-04
3.18500000e-01	1.66965747e-02	2.17516601e-04
3.19000000e-01	1.64966862e-02	2.14847406e-04
3.19500000e-01	1.65537486e-02	2.15778750e-04
3.20000000e-01	1.63565497e-02	2.13382594e-04
3.20500000e-01	1.64434891e-02	2.13645738e-04
3.21000000e-01	1.64337111e-02	2.13621626e-04
3.21500000e-01	1.63797858e-02	2.12283617e-04
3.22000000e-01	1.62844036e-02	2.11775924e-04
3.22500000e-01	1.64196730e-02	2.13034344e-04
3.23000000e-01	1.62594953e-02	2.11170058e-04
3.23500000e-01	1.60849803e-02	2.09305673e-04
3.24000000e-01	1.64002290e-02	2.12229778e-04
3.24500000e-01	1.64423732e-02	2.13396415e-04
3.25000000e-01	1.64111898e-02	2.11423452e-04
3.25500000e-01	1.64818064e-02	2.12125650e-04
3.26000000e-01	1.63850078e-02	2.11015604e-04
3.26500000e-01	1.63245244e-02	2.10083312e-04
3.27000000e-01	1.63601329e-02	2.10968290e-04
3.27500000e-01	1.62231490e-02	2.08943706e-04
3.28000000e-01	1.63567812e-02	2.10485113e-04
3.28500000e-01	1.61891308e-02	2.08245067e-04
3.29000000e-01	1.63183695e-02	2.09369259e-04
3.29500000e-01	1.62779529e-02	2.09515577e-04
3.30000000e-01	1.63847804e-02	2.09805293e-04
3.30500000e-01	1.61836867e-02	2.07223459e-04
3.31000000e-01	1.60812221e-02	2.06070665e-04
3.31500000e-01	1.62731255e-02	2.07955812e-04
3.32000000e-01	1.62231383e-02	2.08577892e-04
3.32500000e-01	1.62038567e-02	2.06755128e-04
3.33000000e-01	1.62401103e-02	2.07119861e-04
3.33500000e-01	1.62034069e-02	2.06969563e-04
3.34000000e-01	1.61064417e-02	2.05602576e-04
3.34500000e-01	1.61452617e-02	2.06521828e-04
3.35000000e-01	1.60796713e-02	2.04957777e-04
3.35500000e-01	1.61409124e-02	2.04898238e-04
3.36000000e-01	1.60501838e-02	2.03819331e-04
3.36500000e-01	1.62023370e-02	2.05208924e-04
3.37000000e-01	1.60812291e-02	2.04073810e-04
3.37500000e-01	1.60882383e-02	2.04352147e-04
3.38000000e-01	1.61885581e-02	2.05455363e-04
3.38500000e-01	1.62107431e-02	2.04715817e-04
3.39000000e-01	1.61122953e-02	2.03906946e-04
3.39500000e-01	1.60464969e-02	2.02657809e-04
3.40000000e-01	1.58414185e-02	2.01209530e-04
3.40500000e-01	1.61004753e-02	2.03726771e-04
3.41000000e-01	1.61222301e-02	2.03854372e-04
3.41500000e-01	1.61464777e-02	2.04102580e-04
3.42000000e-01	1.59961455e-02	2.01597370e-04
3.42500000e-01	1.61205548e-02	2.03233775e-04
3.43000000e-01	1.59700447e-02	2.01211499e-04
3.43500000e-01	1.60361899e-02	2.01100820e-04
3.44000000e-01	1.61012314e-02	2.03157582e-04
3.44500000e-01	1.60521916e-02	2.01245807e-04
3.45000000e-01	1.60472604e-02	2.01874247e-04
3.45500000e-01	1.59716797e-02	2.00166192e-04
3.46000000e-01	1.59252632e-02	1.99874500e-04
3.46500000e-01	1.56739459e-02	1.97568850e-04
3.47000000e-01	1.60428999e-02	2.01139412e-04
3.47500000e-01	1.57735315e-02	1.97336776e-04
3.48000000e-01	1.59861381e-02	1.98926213e-04
3.48500000e-01	1.57128210e-02	1.96730335e-04
3.49000000e-01	1.59292935e-02	1.98630369e-04
3.49500000e-01	1.57816187e-02	1.97669359e-04
3.50000000e-01	1.58807387e-02	1.61810436e-04
3.51000000e-01	1.58750451e-02	1.39837388e-04
3.52000000e-01	1.58806188e-02	1.39651932e-04
3.53000000e-01	1.57782252e-02	1.38364468e-04
3.54000000e-01	1.58362541e-02	1.38660008e-04
3.55000000e-01	1.58819638e-02	1.38773880e-04
3.56000000e-01	1.58150700e-02	1.39091155e-04
3.57000000e-01	1.57893473e-02	1.41294585e-04
3.58000000e-01	1.57920395e-02	1.42644810e-04
3.59000000e-01	1.57252478e-02	1.43062107e-04
3.60000000e-01	1.55920774e-02	1.42746740e-04
3.61000000e-01	1.56956788e-02	1.43961213e-04
3.62000000e-01	1.56051633e-02	1.43875263e-04
3.63000000e-01	1.55586396e-02	1.44330725e-04
3.64000000e-01	1.56217899e-02	1.45599165e-04
3.65000000e-01	1.56489525e-02	1.45809107e-04
3.66000000e-01	1.57375787e-02	1.45273779e-04
3.67000000e-01	1.56201881e-02	1.42254545e-04
3.68000000e-01	1.55251903e-02	1.40450306e-04
3.69000000e-01	1.55796862e-02	1.40372682e-04
3.70000000e-01	1.55094356e-02	1.38930552e-04
3.71000000e-01	1.55204637e-02	1.40923254e-04
3.72000000e-01	1.55883443e-02	1.42029482e-04
3.73000000e-01	1.55407283e-02	1.41845612e-04
3.74000000e-01	1.54369461e-02	1.41399564e-04
3.75000000e-01	1.54904944e-02	1.41790651e-04
3.76000000e-01	1.54991336e-02	1.42280738e-04
3.77000000e-01	1.54775991e-02	1.41297475e-04
3.78000000e-01	1.56407669e-02	1.43083429e-04
3.79000000e-01	1.55476493e-02	1.42642358e-04
3.80000000e-01	1.54754983e-02	1.41015145e-04
3.81000000e-01	1.56313281e-02	1.42496018e-04
3.82000000e-01	1.54280522e-02	1.40819566e-04
3.83000000e-01	1.54587151e-02	1.41572383e-04
3.84000000e-01	1.54122325e-02	1.40997261e-04
3.85000000e-01	1.54906116e-02	1.41576843e-04
3.86000000e-01	1.54396626e-02	1.41114120e-04
3.87000000e-01	1.53827074e-02	1.40212686e-04
3.88000000e-01	1.54608167e-02	1.40814870e-04
3.89000000e-01	1.53899839e-02	1.40323150e-04
3.90000000e-01	1.52072754e-02	1.38928754e-04
3.91000000e-01	1.54156111e-02	1.40164560e-04
3.92000000e-01	1.53080460e-02	1.39420248e-04
3.93000000e-01	1.51726924e-02	1.38287659e-04
3.94000000e-01	1.52492832e-02	1.38757483e-04
3.95000000e-01	1.53464489e-02	1.39331850e-04
3.96000000e-01	1.53147247e-02	1.39464606e-04
3.97000000e-01	1.50880518e-02	1.37585637e-04
3.98000000e-01	1.51544692e-02	1.38043205e-04
3.99000000e-01	1.50573690e-02	1.37527298e-04
4.00000000e-01	1.51997637e-02	1.38341394e-04
4.01000000e-01	1.51373333e-02	1.37537129e-04
4.02000000e-01	1.49765434e-02	1.36595831e-04
4.03000000e-01	1.50869038e-02	1.37406701e-04
4.04000000e-01	1.50805123e-02	1.37409033e-04
4.05000000e-01	1.50093988e-02	1.36810617e-04
4.06000000e-01	1.51699832e-02	1.37979641e-04
4.07000000e-01	1.50129526e-02	1.37019186e-04
4.08000000e-01	1.49926974e-02	1.36679486e-04
4.09000000e-01	1.51737341e-02	1.37673919e-04
4.10000000e-01	1.51102668e-02	1.37243656e-04
4.11000000e-01	1.50636162e-02	1.36770738e-04
4.12000000e-01	1.50884473e-02	1.36842459e-04
4.13000000e-01	1.49481823e-02	1.35893410e-04
4.14000000e-01	1.49962066e-02	1.36065974e-04
4.15000000e-01	1.49945751e-02	1.35872540e-04
4.16000000e-01	1.49075997e-02	1.35271412e-04
4.17000000e-01	1.49247657e-02	1.35229252e-04
4.18000000e-01	1.49970306e-02	1.37490002e-04
4.19000000e-01	1.50165808e-02	1.39484925e-04
4.20000000e-01	1.50624540e-02	1.40522234e-04
4.21000000e-01	1.51036081e-02	1.41392596e-04
4.22000000e-01	1.49954208e-02	1.40748277e-04
4.23000000e-01	1.50491810e-02	1.41746004e-04
4.24000000e-01	1.48988378e-02	1.41150357e-04
4.25000000e-01	1.51571228e-02	1.42867880e-04
4.26000000e-01	1.50964035e-02	1.42533922e-04
4.27000000e-01	1.48665340e-02	1.40687583e-04
4.28000000e-01	1.50516573e-02	1.42196980e-04
4.29000000e-01	1.49891024e-02	1.42630702e-04
4.30000000e-01	1.49205860e-02	1.41729869e-04
4.31000000e-01	1.49580330e-02	1.41430624e-04
4.32000000e-01	1.48958493e-02	1.41485912e-04
4.33000000e-01	1.50221339e-02	1.42948616e-04
4.34000000e-01	1.49122492e-02	1.42124725e-04
4.35000000e-01	1.47724902e-02	1.40754821e-04
4.36000000e-01	1.48156456e-02	1.41516105e-04
4.37000000e-01	1.48349050e-02	1.41926461e-04
4.38000000e-01	1.49551639e-02	1.42904717e-04
4.39000000e-01	1.49173290e-02	1.43070113e-04
4.40000000e-01	1.47922599e-02	1.42161933e-04
4.41000000e-01	1.47772896e-02	1.41783488e-04
4.42000000e-01	1.48540552e-02	1.42885498e-04
4.43000000e-01	1.49273532e-02	1.43896823e-04
4.44000000e-01	1.48048656e-02	1.42769151e-04
4.45000000e-01	1.47287624e-02	1.42108533e-04
4.46000000e-01	1.48089503e-02	1.42571547e-04
4.47000000e-01	1.48933313e-02	1.44194852e-04
4.48000000e-01	1.46743317e-02	1.42310838e-04
4.49000000e-01	1.47503039e-02	1.43101546e-04
4.50000000e-01	1.47496371e-02	1.43117976e-04
4.51000000e-01	1.47628082e-02	1.43274916e-04
4.52000000e-01	1.46424780e-02	1.42276877e-04
4.53000000e-01	1.47392178e-02	1.43478662e-04
4.54000000e-01	1.46266421e-02	1.42249618e-04
4.55000000e-01	1.47531502e-02	1.43647929e-04
4.56000000e-01	1.47750960e-02	1.44177042e-04
4.57000000e-01	1.46785381e-02	1.43544981e-04
4.58000000e-01	1.47089483e-02	1.43432489e-04
4.59000000e-01	1.46104596e-02	1.43134618e-04
4.60000000e-01	1.46326445e-02	1.43552078e-04
4.61000000e-01	1.45477276e-02	1.42449180e-04
4.62000000e-01	1.46862116e-02	1.44058636e-04
4.63000000e-01	1.46244676e-02	1.43310602e-04
4.64000000e-01	1.45420088e-02	1.42897941e-04
4.65000000e-01	1.45570169e-02	1.42896228e-04
4.66000000e-01	1.46021093e-02	1.43509494e-04
4.67000000e-01	1.44868528e-02	1.42468906e-04
4.68000000e-01	1.44781806e-02	1.42704535e-04
4.69000000e-01	1.46041793e-02	1.43875271e-04
4.70000000e-01	1.45124021e-02	1.43151479e-04
4.71000000e-01	1.45440760e-02	1.43452624e-04
4.72000000e-01	1.45516741e-02	1.43574103e-04
4.73000000e-01	1.45644139e-02	1.43179572e-04
4.74000000e-01	1.44955339e-02	1.42576558e-04
4.75000000e-01	1.44403142e-02	1.42200606e-04
4.76000000e-01	1.44062132e-02	1.41485327e-04
4.77000000e-01	1.44698235e-02	1.42858789e-04
4.78000000e-01	1.43526645e-02	1.41652773e-04
4.79000000e-01	1.44194976e-02	1.42068040e-04
4.80000000e-01	1.44870055e-02	1.42988330e-04
4.81000000e-01	1.43684791e-02	1.41892297e-04
4.82000000e-01	1.43376876e-02	1.42038531e-04
4.83000000e-01	1.43961470e-02	1.42155704e-04
4.84000000e-01	1.43477181e-02	1.42144598e-04
4.85000000e-01	1.43830144e-02	1.42599084e-04
4.86000000e-01	1.44725787e-02	1.43266632e-04
4.87000000e-01	1.44044055e-02	1.42900939e-04
4.88000000e-01	1.43769089e-02	1.42272691e-04
4.89000000e-01	1.42937736e-02	1.41777303e-04
4.90000000e-01	1.43214382e-02	1.42755797e-04
4.91000000e-01	1.42974249e-02	1.42200093e-04
4.92000000e-01	1.43740271e-02	1.42954015e-04
4.93000000e-01	1.42622353e-02	1.42209169e-04
4.94000000e-01	1.43738465e-02	1.43280896e-04
4.95000000e-01	1.43852327e-02	1.44120719e-04
4.96000000e-01	1.43086525e-02	1.47632194e-04
4.97000000e-01	1.43628495e-02	1.50797754e-04
4.98000000e-01	1.45029089e-02	1.54100009e-04
4.99000000e-01	1.42784371e-02	1.54101432e-04
5.00000000e-01	1.41355432e-02	1.54365612e-04
5.01000000e-01	1.43470794e-02	1.58053675e-04
5.02000000e-01	1.42295057e-02	1.58429809e-04
5.03000000e-01	1.43530865e-02	1.60962399e-04
5.04000000e-01	1.43460063e-02	1.62308046e-04
5.05000000e-01	1.44490118e-02	1.60389154e-04
5.06000000e-01	1.43760733e-02	1.56273902e-04
5.07000000e-01	1.43074060e-02	1.53885368e-04
5.08000000e-01	1.43100429e-02	1.52914632e-04
5.09000000e-01	1.43187980e-02	1.52457533e-04
5.10000000e-01	1.42938638e-02	1.51704219e-04
5.11000000e-01	1.42277780e-02	1.50695568e-04
5.12000000e-01	1.42936423e-02	1.51322864e-04
5.13000000e-01	1.40662780e-02	1.48703715e-04
5.14000000e-01	1.43092427e-02	1.50327245e-04
5.15000000e-01	1.42636739e-02	1.49810626e-04
5.16000000e-01	1.41577479e-02	1.48719744e-04
5.17000000e-01	1.41354422e-02	1.48204995e-04
5.18000000e-01	1.41510932e-02	1.47696344e-04
5.19000000e-01	1.42248873e-02	1.48159049e-04
5.20000000e-01	1.41003818e-02	1.46631068e-04
5.21000000e-01	1.41023376e-02	1.46072279e-04
5.22000000e-01	1.39715439e-02	1.45291284e-04
5.23000000e-01	1.40537611e-02	1.45704638e-04
5.24000000e-01	1.42098801e-02	1.47327731e-04
5.25000000e-01	1.40745907e-02	1.46242759e-04
5.26000000e-01	1.41044146e-02	1.46161358e-04
5.27000000e-01	1.40613657e-02	1.46127408e-04
5.28000000e-01	1.40928708e-02	1.46271050e-04
5.29000000e-01	1.40999194e-02	1.46044526e-04
5.30000000e-01	1.40577045e-02	1.45756960e-04
5.31000000e-01	1.41268020e-02	1.46868271e-04
5.32000000e-01	1.40358600e-02	1.45922247e-04
5.33000000e-01	1.39565072e-02	1.44996313e-04
5.34000000e-01	1.40149712e-02	1.45483862e-04
5.35000000e-01	1.42014690e-02	1.46927669e-04
5.36000000e-01	1.40156122e-02	1.45401011e-04
5.37000000e-01	1.38742674e-02	1.44071058e-04
5.38000000e-01	1.38717279e-02	1.43649380e-04
5.39000000e-01	1.39719468e-02	1.45276528e-04
5.40000000e-01	1.38922172e-02	1.44140892e-04
5.41000000e-01	1.39705043e-02	1.45125780e-04
5.42000000e-01	1.40108068e-02	1.45529279e-04
5.43000000e-01	1.39564267e-02	1.45370494e-04
5.44000000e-01	1.38428640e-02	1.43920622e-04
5.45000000e-01	1.38500757e-02	1.43917220e-04
5.46000000e-01	1.37616916e-02	1.43245714e-04
5.47000000e-01	1.40148662e-02	1.45449017e-04
5.48000000e-01	1.38126028e-02	1.43609606e-04
5.49000000e-01	1.38809513e-02	1.44032277e-04
5.50000000e-01	1.37155720e-02	1.43105748e-04
5.51000000e-01	1.36427287e-02	1.41762006e-04
5.52000000e-01	1.37914946e-02	1.42772249e-04
5.53000000e-01	1.38103952e-02	1.42468047e-04
5.54000000e-01	1.38845723e-02	1.43115587e-04
5.55000000e-01	1.38568826e-02	1.42949621e-04
5.56000000e-01	1.37516925e-02	1.42312177e-04
5.57000000e-01	1.37699789e-02	1.42292196e-04
5.58000000e-01	1.38990294e-02	1.43417161e-04
5.59000000e-01	1.39067015e-02	1.43320579e-04
5.60000000e-01	1.37193905e-02	1.42039243e-04
5.61000000e-01	1.36416966e-02	1.41100457e-04
5.62000000e-01	1.37169755e-02	1.41490543e-04
5.63000000e-01	1.36291381e-02	1.40946985e-04
5.64000000e-01	1.37017077e-02	1.41194399e-04
5.65000000e-01	1.37294622e-02	1.41976264e-04
5.66000000e-01	1.37163546e-02	1.41492589e-04
5.67000000e-01	1.37184378e-02	1.41525360e-04
5.68000000e-01	1.37337569e-02	1.41634381e-04
5.69000000e-01	1.35950423e-02	1.40447382e-04
5.70000000e-01	1.34769197e-02	1.39399139e-04
5.71000000e-01	1.34977850e-02	1.39534391e-04
5.72000000e-01	1.36538107e-02	1.41065785e-04
5.73000000e-01	1.35870916e-02	1.40604356e-04
5.74000000e-01	1.35298168e-02	1.39947735e-04
5.75000000e-01	1.34204622e-02	1.39245662e-04
5.76000000e-01	1.35194079e-02	1.40187463e-04
5.77000000e-01	1.34271870e-02	1.39202452e-04
5.78000000e-01	1.34530771e-02	1.39865766e-04
5.79000000e-01	1.34648227e-02	1.39381775e-04
5.80000000e-01	1.32772549e-02	1.38112661e-04
5.81000000e-01	1.33830397e-02	1.39271761e-04
5.82000000e-01	1.34670185e-02	1.39979220e-04
5.83000000e-01	1.35481702e-02	1.40317161e-04
5.84000000e-01	1.34398653e-02	1.39351268e-04
5.85000000e-01	1.33654274e-02	1.38914529e-04
5.86000000e-01	1.34528250e-02	1.40015657e-04
5.87000000e-01	1.34804478e-02	1.39499285e-04
5.88000000e-01	1.33950723e-02	1.39258383e-04
5.89000000e-01	1.33609298e-02	1.38679728e-04
5.90000000e-01	1.35150344e-02	1.40345312e-04
5.91000000e-01	1.33193255e-02	1.38519142e-04
5.92000000e-01	1.34984769e-02	1.40169903e-04
5.93000000e-01	1.32792471e-02	1.37970059e-04
5.94000000e-01	1.32928510e-02	1.38442186e-04
5.95000000e-01	1.33029677e-02	1.38354762e-04
5.96000000e-01	1.33105659e-02	1.38437192e-04
5.97000000e-01	1.32462979e-02	1.38087915e-04
5.98000000e-01	1.32494394e-02	1.38149696e-04
5.99000000e-01	1.33025538e-02	1.38657062e-04
6.00000000e-01	1.32561855e-02	1.38080123e-04
6.01000000e-01	1.31976898e-02	1.37558816e-04
6.02000000e-01	1.32770482e-02	1.38358990e-04
6.03000000e-01	1.33648490e-02	1.39517806e-04
6.04000000e-01	1.32847841e-02	1.38408537e-04
6.05000000e-01	1.32493368e-02	1.38353315e-04
6.06000000e-01	1.32542278e-02	1.38285642e-04
6.07000000e-01	1.32919086e-02	1.38674022e-04
6.08000000e-01	1.31130696e-02	1.36581250e-04
6.09000000e-01	1.32913416e-02	1.38417033e-04
6.10000000e-01	1.32678624e-02	1.38651747e-04
6.11000000e-01	1.32615169e-02	1.38073483e-04
6.12000000e-01	1.31422413e-02	1.37138342e-04
6.13000000e-01	1.31920594e-02	1.38194737e-04
6.14000000e-01	1.31215593e-02	1.37111892e-04
6.15000000e-01	1.31721602e-02	1.37240256e-04
6.16000000e-01	1.31632734e-02	1.37313315e-04
6.17000000e-01	1.31481939e-02	1.37134516e-04
6.18000000e-01	1.30647454e-02	1.36512129e-04
6.19000000e-01	1.31429623e-02	1.36886763e-04
6.20000000e-01	1.31439174e-02	1.37126078e-04
6.21000000e-01	1.31715895e-02	1.36983334e-04
6.22000000e-01	1.32549439e-02	1.38213627e-04
6.23000000e-01	1.32161848e-02	1.37338342e-04
6.24000000e-01	1.30448995e-02	1.35132459e-04
6.25000000e-01	1.30324233e-02	1.35120458e-04
6.26000000e-01	1.31438917e-02	1.35989080e-04
6.27000000e-01	1.29869651e-02	1.35054913e-04
6.28000000e-01	1.31029715e-02	1.35586583e-04
6.29000000e-01	1.31166481e-02	1.35755547e-04
6.30000000e-01	1.30364652e-02	1.35423886e-04
6.31000000e-01	1.30168358e-02	1.35215234e-04
6.32000000e-01	1.30484037e-02	1.35556527e-04
6.33000000e-01	1.31349587e-02	1.36212986e-04
6.34000000e-01	1.30731811e-02	1.38908989e-04
6.35000000e-01	1.30187126e-02	1.42583015e-04
6.36000000e-01	1.32006220e-02	1.47224933e-04
6.37000000e-01	1.31466371e-02	1.48458901e-04
6.38000000e-01	1.30271075e-02	1.49098659e-04
6.39000000e-01	1.31546823e-02	1.52768358e-04
6.40000000e-01	1.29783999e-02	1.52744500e-04
6.41000000e-01	1.31277186e-02	1.56100072e-04
6.42000000e-01	1.30599563e-02	1.57286364e-04
6.43000000e-01	1.29409677e-02	1.55474783e-04
6.44000000e-01	1.32999562e-02	1.53233226e-04
6.45000000e-01	1.31449093e-02	1.50165800e-04
6.46000000e-01	1.32449718e-02	1.49996209e-04
6.47000000e-01	1.30150073e-02	1.46223972e-04
6.48000000e-01	1.30891873e-02	1.46000955e-04
6.49000000e-01	1.30351863e-02	1.44616237e-04
6.50000000e-01	1.30685395e-02	1.44245907e-04
6.51000000e-01	1.29336453e-02	1.41842828e-04
6.52000000e-01	1.31456164e-02	1.43687895e-04
6.53000000e-01	1.31222325e-02	1.42876043e-04
6.54000000e-01	1.30753435e-02	1.41859003e-04
6.55000000e-01	1.30138805e-02	1.41623918e-04
6.56000000e-01	1.30713872e-02	1.41955227e-04
6.57000000e-01	1.29929351e-02	1.40960355e-04
6.58000000e-01	1.31332604e-02	1.41909788e-04
6.59000000e-01	1.29429889e-02	1.39898249e-04
6.60000000e-01	1.30187439e-02	1.40455811e-04
6.61000000e-01	1.29783122e-02	1.39847823e-04
6.62000000e-01	1.30576292e-02	1.40773743e-04
6.63000000e-01	1.28627551e-02	1.39169697e-04
6.64000000e-01	1.30622649e-02	1.40420440e-04
6.65000000e-01	1.29469300e-02	1.39719967e-04
6.66000000e-01	1.30123913e-02	1.39883875e-04
6.67000000e-01	1.28425380e-02	1.38664350e-04
6.68000000e-01	1.29890301e-02	1.39735234e-04
6.69000000e-01	1.29630150e-02	1.39271232e-04
6.70000000e-01	1.28400038e-02	1.38307120e-04
6.71000000e-01	1.29284652e-02	1.39441217e-04
6.72000000e-01	1.28946479e-02	1.38556812e-04
6.73000000e-01	1.27606899e-02	1.37508051e-04
6.74000000e-01	1.28592888e-02	1.38251109e-04
6.75000000e-01	1.28715331e-02	1.38346459e-04
6.76000000e-01	1.27291011e-02	1.37184006e-04
6.77000000e-01	1.29737819e-02	1.39273658e-04
6.78000000e-01	1.28472387e-02	1.38056302e-04
6.79000000e-01	1.28262456e-02	1.37791264e-04
6.80000000e-01	1.27786110e-02	1.37344024e-04
6.81000000e-01	1.27095381e-02	1.35887154e-04
6.82000000e-01	1.26604872e-02	1.36506943e-04
6.83000000e-01	1.28434557e-02	1.37195877e-04
6.84000000e-01	1.28842353e-02	1.38272820e-04
6.85000000e-01	1.29481467e-02	1.38411226e-04
6.86000000e-01	1.27267405e-02	1.36590050e-04
6.87000000e-01	1.27324307e-02	1.36237127e-04
6.88000000e-01	1.27270165e-02	1.36682684e-04
6.89000000e-01	1.27852934e-02	1.37055524e-04
6.90000000e-01	1.27827518e-02	1.37237114e-04
6.91000000e-01	1.27941712e-02	1.37211186e-04
6.92000000e-01	1.27888184e-02	1.37179796e-04
6.93000000e-01	1.26917421e-02	1.35770987e-04
6.94000000e-01	1.27667822e-02	1.37022570e-04
6.95000000e-01	1.27263737e-02	1.35816372e-04
6.96000000e-01	1.27264246e-02	1.36160346e-04
6.97000000e-01	1.27035996e-02	1.35940445e-04
6.98000000e-01	1.25001934e-02	1.34367627e-04
6.99000000e-01	1.27585855e-02	1.36119669e-04
7.00000000e-01	1.26054665e-02	1.35171617e-04
7.01000000e-01	1.26471507e-02	1.35362173e-04
7.02000000e-01	1.26086428e-02	1.35249197e-04
7.03000000e-01	1.26463801e-02	1.35144108e-04
7.04000000e-01	1.25405468e-02	1.34589357e-04
7.05000000e-01	1.24594657e-02	1.33702366e-04
7.06000000e-01	1.26694685e-02	1.35748647e-04
7.07000000e-01	1.26474112e-02	1.35311078e-04
7.08000000e-01	1.25981579e-02	1.34008692e-04
7.09000000e-01	1.24593888e-02	1.33784827e-04
7.10000000e-01	1.25352812e-02	1.34647345e-04
7.11000000e-01	1.25695512e-02	1.34693400e-04
7.12000000e-01	1.25140041e-02	1.33557659e-04
7.13000000e-01	1.25777159e-02	1.34436670e-04
7.14000000e-01	1.23894404e-02	1.32718970e-04
7.15000000e-01	1.25940723e-02	1.34870646e-04
7.16000000e-01	1.24496237e-02	1.32952716e-04
7.17000000e-01	1.24710314e-02	1.33625037e-04
7.18000000e-01	1.25051477e-02	1.33767925e-04
7.19000000e-01	1.24190359e-02	1.33325619e-04
7.20000000e-01	1.24900404e-02	1.33568707e-04
7.21000000e-01	1.24502692e-02	1.33414732e-04
7.22000000e-01	1.23252206e-02	1.32165496e-04
7.23000000e-01	1.23485915e-02	1.32799594e-04
7.24000000e-01	1.23658255e-02	1.32642130e-04
7.25000000e-01	1.23141942e-02	1.32496388e-04
7.26000000e-01	1.22514038e-02	1.31582471e-04
7.27000000e-01	1.23106681e-02	1.32176865e-04
7.28000000e-01	1.24134598e-02	1.32699482e-04
7.29000000e-01	1.22499535e-02	1.31818161e-04
7.30000000e-01	1.23514770e-02	1.32757426e-04
7.31000000e-01	1.23473663e-02	1.32021131e-04
7.32000000e-01	1.22961446e-02	1.32334167e-04
7.33000000e-01	1.22672534e-02	1.31478000e-04
7.34000000e-01	1.20726942e-02	1.29881624e-04
7.35000000e-01	1.21929715e-02	1.30696764e-04
7.36000000e-01	1.23129479e-02	1.31587428e-04
7.37000000e-01	1.21512134e-02	1.29464585e-04
7.38000000e-01	1.21170483e-02	1.29710928e-04
7.39000000e-01	1.22096036e-02	1.29922916e-04
7.40000000e-01	1.22256146e-02	1.30049185e-04
7.41000000e-01	1.21712841e-02	1.29118644e-04
7.42000000e-01	1.20608792e-02	1.28051054e-04
7.43000000e-01	1.22387099e-02	1.29751524e-04
7.44000000e-01	1.20651752e-02	1.28643207e-04
7.45000000e-01	1.21921637e-02	1.29121983e-04
7.46000000e-01	1.20890926e-02	1.28499882e-04
7.47000000e-01	1.21080963e-02	1.28663703e-04
7.48000000e-01	1.20864748e-02	1.28196512e-04
7.49000000e-01	1.21248125e-02	1.28970583e-04
7.50000000e-01	1.21227889e-02	1.28820840e-04
7.51000000e-01	1.20601131e-02	1.28126782e-04
7.52000000e-01	1.20624108e-02	1.28711288e-04
7.53000000e-01	1.21523746e-02	1.28852932e-04
7.54000000e-01	1.20819407e-02	1.28518653e-04
7.55000000e-01	1.20683101e-02	1.28352512e-04
7.56000000e-01	1.20268088e-02	1.27797718e-04
7.57000000e-01	1.20401237e-02	1.27870258e-04
7.58000000e-01	1.20421602e-02	1.27640578e-04
7.59000000e-01	1.20240418e-02	1.27951557e-04
7.60000000e-01	1.20749725e-02	1.28334853e-04
7.61000000e-01	1.19591951e-02	1.26570151e-04
7.62000000e-01	1.19930038e-02	1.26892583e-04
7.63000000e-01	1.18844836e-02	1.25977896e-04
7.64000000e-01	1.19157668e-02	1.25893292e-04
7.65000000e-01	1.19410553e-02	1.26322156e-04
7.66000000e-01	1.19658417e-02	1.26192620e-04
7.67000000e-01	1.19802308e-02	1.26084443e-04
7.68000000e-01	1.20027226e-02	1.26613702e-04
7.69000000e-01	1.17010646e-02	1.23833490e-04
7.70000000e-01	1.18424364e-02	1.24799989e-04
7.71000000e-01	1.20023134e-02	1.26525749e-04
7.72000000e-01	1.19428008e-02	1.29676078e-04
7.73000000e-01	1.19184903e-02	1.33518716e-04
7.74000000e-01	1.18581528e-02	1.35769327e-04
7.75000000e-01	1.18402439e-02	1.37463461e-04
7.76000000e-01	1.18026101e-02	1.39863144e-04
7.77000000e-01	1.18919960e-02	1.43064441e-04
7.78000000e-01	1.18991934e-02	1.44312187e-04
7.79000000e-01	1.18208394e-02	1.45492969e-04
7.80000000e-01	1.18621684e-02	1.47902946e-04
7.81000000e-01	1.17511475e-02	1.47809957e-04
7.82000000e-01	1.16636854e-02	1.49119071e-04
7.83000000e-01	1.18755635e-02	1.52266387e-04
7.84000000e-01	1.17796142e-02	1.53648518e-04
7.85000000e-01	1.18429121e-02	1.55985276e-04
7.86000000e-01	1.16419264e-02	1.54639494e-04
7.87000000e-01	1.17674649e-02	1.58127976e-04
7.88000000e-01	1.16957030e-02	1.58380895e-04
7.89000000e-01	1.17315080e-02	1.59686809e-04
7.90000000e-01	1.16377593e-02	1.60386989e-04
7.91000000e-01	1.15083211e-02	1.60798825e-04
7.92000000e-01	1.15736838e-02	1.62413477e-04
7.93000000e-01	1.15175711e-02	1.64579348e-04
7.94000000e-01	1.15693068e-02	1.66812999e-04
7.95000000e-01	1.19009743e-02	1.72021251e-04
7.96000000e-01	1.16242311e-02	1.70977316e-04
7.97000000e-01	1.16693132e-02	1.72853939e-04
7.98000000e-01	1.16217427e-02	1.75504611e-04
7.99000000e-01	1.14037523e-02	1.73175717e-04
8.00000000e-01	1.16055011e-02	1.77253763e-04
8.01000000e-01	1.15260727e-02	1.78299256e-04
8.02000000e-01	1.15293629e-02	1.79878379e-04
8.03000000e-01	1.15837198e-02	1.82635239e-04
8.04000000e-01	1.14666426e-02	1.84203690e-04
8.05000000e-01	1.13652193e-02	1.83623410e-04
8.06000000e-01	1.14325896e-02	1.87420534e-04
8.07000000e-01	1.14829562e-02	1.89647789e-04
8.08000000e-01	1.14106313e-02	1.90739691e-04
8.09000000e-01	1.13657598e-02	1.91346177e-04
8.10000000e-01	1.14354986e-02	1.95355274e-04
8.11000000e-01	1.13798997e-02	1.96482789e-04
8.12000000e-01	1.11168065e-02	1.94000597e-04
8.13000000e-01	1.14297879e-02	2.01092787e-04
8.14000000e-01	1.14121255e-02	2.03439321e-04
8.15000000e-01	1.13337113e-02	2.05535176e-04
8.16000000e-01	1.13049762e-02	2.07959130e-04
8.17000000e-01	1.12485216e-02	2.08814048e-04
8.18000000e-01	1.12595111e-02	2.11327387e-04
8.19000000e-01	1.14871395e-02	2.17128696e-04
8.20000000e-01	1.12747530e-02	2.17050050e-04
8.21000000e-01	1.10668719e-02	2.15571266e-04
8.22000000e-01	1.12928806e-02	2.22204421e-04
8.23000000e-01	1.13205822e-02	2.26966646e-04
8.24000000e-01	1.12399757e-02	2.28503554e-04
8.25000000e-01	1.11307763e-02	2.28351742e-04
8.26000000e-01	1.13813916e-02	2.37340516e-04
8.27000000e-01	1.13328735e-02	2.38223585e-04
8.28000000e-01	1.11949632e-02	2.41279784e-04
8.29000000e-01	1.10079537e-02	2.41174740e-04
8.30000000e-01	1.10992834e-02	2.45565009e-04
8.31000000e-01	1.12959383e-02	2.54476673e-04
8.32000000e-01	1.09326902e-02	2.50601687e-04
8.33000000e-01	1.10662170e-02	2.58213840e-04
8.34000000e-01	1.07168523e-02	2.56398075e-04
8.35000000e-01	1.11964083e-02	2.73515914e-04
8.36000000e-01	1.12569975e-02	2.76176043e-04
8.37000000e-01	1.07491965e-02	2.71189186e-04
8.38000000e-01	1.11418404e-02	2.84397546e-04
8.39000000e-01	1.11825772e-02	2.92438166e-04
8.40000000e-01	1.10862132e-02	2.94136568e-04
8.41000000e-01	1.09479346e-02	2.99925460e-04
8.42000000e-01	1.08271631e-02	3.02536440e-04
8.43000000e-01	1.05916141e-02	3.06604730e-04
8.44000000e-01	1.11187828e-02	3.24188687e-04
8.45000000e-01	1.07409868e-02	3.22753234e-04
8.46000000e-01	1.09394033e-02	3.39267642e-04
8.47000000e-01	1.06958141e-02	3.38055383e-04
8.48000000e-01	1.04830130e-02	3.52573083e-04
8.49000000e-01	1.11691603e-02	3.78347127e-04
8.50000000e-01	1.05548162e-02	3.71863451e-04
8.51000000e-01	1.06626224e-02	3.91831561e-04
8.52000000e-01	1.11513106e-02	4.19749874e-04
8.53000000e-01	1.03487997e-02	4.13017374e-04
8.54000000e-01	1.07248534e-02	4.45351122e-04
8.55000000e-01	1.03455703e-02	4.50232974e-04
8.56000000e-01	1.03169183e-02	4.56761322e-04
8.57000000e-01	1.05600819e-02	4.73809518e-04
8.58000000e-01	1.08173405e-02	5.02282060e-04
8.59000000e-01	1.12136361e-02	5.31792020e-04
8.60000000e-01	1.05878597e-02	5.26983192e-04
8.61000000e-01	1.10513675e-02	5.64619906e-04
8.62000000e-01	1.06300694e-02	5.64594745e-04
8.63000000e-01	1.03016884e-02	5.74557909e-04
8.64000000e-01	1.05442677e-02	6.15757924e-04
8.65000000e-01	1.05739842e-02	6.34487723e-04
8.66000000e-01	9.75777445e-03	6.22864698e-04
8.67000000e-01	1.01011842e-02	6.89763089e-04
8.68000000e-01	1.09672884e-02	7.85704656e-04
8.69000000e-01	1.02725303e-02	7.91865901e-04
8.70000000e-01	1.04784454e-02	8.82280133e-04
8.71000000e-01	1.00289687e-02	9.51637094e-04
8.72000000e-01	1.08567261e-02	1.13240823e-03
8.73000000e-01	1.03765963e-02	1.25545905e-03
8.74000000e-01	1.14471222e-02	1.79807554e-03
8.75000000e-01	9.32585080e-03	3.52484478e-03
