% Filename : SEC3_00043_00004.h5
% Date & Time : 30-Oct-2025 18:02:19
% X-ray Energy (keV) : 13.30001
% Exposure Time (s) : 0.500
% Beam Center : 1461.24000, 208.98300
% Sample to Detector Distance (SDD) (mm) : 1990.750
% Detector Pixel Size (mm) : 0.075
% Photodiode Value : 141275.000
% I0 of Sample : 0
% I0 of Standard : 1
% 
% q(A^-1)   I(q)    I(q)_SE
0.00000000e+00	6.39417494e-03	3.38348582e-03
2.50000000e-04	0.00000000e+00	0.00000000e+00
5.00000000e-04	0.00000000e+00	0.00000000e+00
7.50000000e-04	0.00000000e+00	0.00000000e+00
1.00000000e-03	0.00000000e+00	0.00000000e+00
1.25000000e-03	0.00000000e+00	0.00000000e+00
1.50000000e-03	0.00000000e+00	0.00000000e+00
1.75000000e-03	0.00000000e+00	0.00000000e+00
2.00000000e-03	0.00000000e+00	0.00000000e+00
2.25000000e-03	0.00000000e+00	0.00000000e+00
2.50000000e-03	0.00000000e+00	0.00000000e+00
2.75000000e-03	0.00000000e+00	0.00000000e+00
3.00000000e-03	0.00000000e+00	0.00000000e+00
3.25000000e-03	5.87675079e+02	3.55344917e+02
3.50000000e-03	1.44868370e+02	5.20289246e+01
3.75000000e-03	1.05915892e+02	3.38969148e+01
4.00000000e-03	8.50672958e+01	2.33149154e+01
4.25000000e-03	4.82952078e+01	1.07622080e+01
4.50000000e-03	4.92117945e+01	9.54287914e+00
4.75000000e-03	4.48683177e+01	7.73589786e+00
5.00000000e-03	3.49787144e+01	5.66370323e+00
5.25000000e-03	2.91433153e+01	4.65250643e+00
5.50000000e-03	2.40208362e+01	3.73443711e+00
5.75000000e-03	2.04548183e+01	3.03342546e+00
6.00000000e-03	1.64424691e+01	2.42414482e+00
6.25000000e-03	1.46436013e+01	2.07726122e+00
6.50000000e-03	1.20563497e+01	1.69273173e+00
6.75000000e-03	1.03446948e+01	1.43362197e+00
7.00000000e-03	9.13114860e+00	1.19846492e+00
7.25000000e-03	7.90858579e+00	1.02423052e+00
7.50000000e-03	6.83325514e+00	8.90460090e-01
7.75000000e-03	5.94630263e+00	7.44317069e-01
8.00000000e-03	5.24976380e+00	6.30930126e-01
8.25000000e-03	4.54288575e+00	5.18746784e-01
8.50000000e-03	4.09183742e+00	4.58464841e-01
8.75000000e-03	3.71351080e+00	4.18458719e-01
9.00000000e-03	3.29444340e+00	3.67550742e-01
9.25000000e-03	2.92891545e+00	3.16553572e-01
9.50000000e-03	2.60209246e+00	2.76850031e-01
9.75000000e-03	2.37988340e+00	2.50018111e-01
1.00000000e-02	2.11013145e+00	2.16393518e-01
1.02500000e-02	1.91617256e+00	1.93980685e-01
1.05000000e-02	1.79163766e+00	1.76889199e-01
1.07500000e-02	1.64774294e+00	1.64153234e-01
1.10000000e-02	1.49395662e+00	1.45131819e-01
1.12500000e-02	1.38052898e+00	1.35980267e-01
1.15000000e-02	1.27681189e+00	1.23265404e-01
1.17500000e-02	1.13328498e+00	1.05756363e-01
1.20000000e-02	1.06180963e+00	9.85582975e-02
1.22500000e-02	1.00422788e+00	9.09723173e-02
1.25000000e-02	9.43923115e-01	8.49531807e-02
1.27500000e-02	8.67032843e-01	7.68779799e-02
1.30000000e-02	8.08934391e-01	7.10279303e-02
1.32500000e-02	7.39277516e-01	6.37446725e-02
1.35000000e-02	6.92917551e-01	5.91745813e-02
1.37500000e-02	6.54529172e-01	5.49865042e-02
1.40000000e-02	6.13694302e-01	5.11662039e-02
1.42500000e-02	5.68680644e-01	4.68133493e-02
1.45000000e-02	5.35830223e-01	4.34409554e-02
1.47500000e-02	5.00678950e-01	3.99492594e-02
1.50000000e-02	4.79272810e-01	3.78220356e-02
1.52500000e-02	4.47272516e-01	3.48911713e-02
1.55000000e-02	4.20579711e-01	3.19737164e-02
1.57500000e-02	3.95442201e-01	3.00296642e-02
1.60000000e-02	3.78741370e-01	2.84466775e-02
1.62500000e-02	3.60830043e-01	2.70707699e-02
1.65000000e-02	3.39814043e-01	2.52419055e-02
1.67500000e-02	3.24962122e-01	2.39262730e-02
1.70000000e-02	3.01310382e-01	2.18375647e-02
1.72500000e-02	2.94865072e-01	2.11044922e-02
1.75000000e-02	2.82947667e-01	2.02852024e-02
1.77500000e-02	2.67789444e-01	1.88907422e-02
1.80000000e-02	2.58619775e-01	1.84002988e-02
1.82500000e-02	2.44619124e-01	1.66691413e-02
1.85000000e-02	2.36361097e-01	1.64641850e-02
1.87500000e-02	2.26216654e-01	1.55221470e-02
1.90000000e-02	2.14117940e-01	1.45785843e-02
1.92500000e-02	2.01253872e-01	1.34523358e-02
1.95000000e-02	1.96229578e-01	1.28795718e-02
1.97500000e-02	1.89764373e-01	1.26141331e-02
2.00000000e-02	1.79740725e-01	1.17379184e-02
2.02500000e-02	1.71444869e-01	1.10435996e-02
2.05000000e-02	1.67992194e-01	1.05231506e-02
2.07500000e-02	1.61934250e-01	1.03660489e-02
2.10000000e-02	1.60085259e-01	1.02616821e-02
2.12500000e-02	1.57933229e-01	1.01368196e-02
2.15000000e-02	1.48334363e-01	9.27114805e-03
2.17500000e-02	1.45980842e-01	9.23730632e-03
2.20000000e-02	1.42091727e-01	8.93716745e-03
2.22500000e-02	1.37240221e-01	8.48028004e-03
2.25000000e-02	1.34250824e-01	8.40107762e-03
2.27500000e-02	1.29224828e-01	7.93077372e-03
2.30000000e-02	1.28308863e-01	8.05560434e-03
2.32500000e-02	1.23937125e-01	7.47534573e-03
2.35000000e-02	1.21181711e-01	7.37493984e-03
2.37500000e-02	1.16284053e-01	7.09168593e-03
2.40000000e-02	1.14201922e-01	6.94300419e-03
2.42500000e-02	1.13734287e-01	6.80733700e-03
2.45000000e-02	1.09738530e-01	6.59210280e-03
2.47500000e-02	1.03786005e-01	6.14909320e-03
2.50000000e-02	1.03619005e-01	6.09416037e-03
2.52500000e-02	1.02397830e-01	6.08149501e-03
2.55000000e-02	1.00328551e-01	5.81418052e-03
2.57500000e-02	9.92719924e-02	5.80538638e-03
2.60000000e-02	9.50830185e-02	5.54725722e-03
2.62500000e-02	9.35453441e-02	5.36566087e-03
2.65000000e-02	9.24014980e-02	5.29925378e-03
2.67500000e-02	9.21065448e-02	5.26185928e-03
2.70000000e-02	8.51292803e-02	4.77702435e-03
2.72500000e-02	8.58626947e-02	4.79409105e-03
2.75000000e-02	8.21084769e-02	4.64429777e-03
2.77500000e-02	8.09100766e-02	4.57612033e-03
2.80000000e-02	8.00038005e-02	4.38679127e-03
2.82500000e-02	7.95672613e-02	4.37368225e-03
2.85000000e-02	7.77029519e-02	4.28556694e-03
2.87500000e-02	7.82615397e-02	4.34305025e-03
2.90000000e-02	7.45380504e-02	4.11385371e-03
2.92500000e-02	7.19920926e-02	3.76916671e-03
2.95000000e-02	7.17778971e-02	3.83192128e-03
2.97500000e-02	7.08333460e-02	3.78925038e-03
3.00000000e-02	7.16465880e-02	3.78074556e-03
3.02500000e-02	6.92867668e-02	3.66160677e-03
3.05000000e-02	6.70813076e-02	3.44372882e-03
3.07500000e-02	6.67443489e-02	3.43904608e-03
3.10000000e-02	6.41110697e-02	3.30170571e-03
3.12500000e-02	6.23357446e-02	3.22448502e-03
3.15000000e-02	6.19997795e-02	3.16820444e-03
3.17500000e-02	6.24412669e-02	3.14014074e-03
3.20000000e-02	6.15062908e-02	3.11435417e-03
3.22500000e-02	5.95683482e-02	3.01463335e-03
3.25000000e-02	5.99281134e-02	3.01468471e-03
3.27500000e-02	5.77234329e-02	2.86278061e-03
3.30000000e-02	5.63568063e-02	2.75573824e-03
3.32500000e-02	5.59767279e-02	2.77673730e-03
3.35000000e-02	5.44686635e-02	2.69602734e-03
3.37500000e-02	5.40026662e-02	2.65410375e-03
3.40000000e-02	5.20236476e-02	2.55457740e-03
3.42500000e-02	5.20863830e-02	2.51824931e-03
3.45000000e-02	5.16587742e-02	2.50925947e-03
3.47500000e-02	5.21659969e-02	2.49801425e-03
3.50000000e-02	4.96776536e-02	2.38633009e-03
3.52500000e-02	4.96004200e-02	2.36778302e-03
3.55000000e-02	4.82185953e-02	2.28539087e-03
3.57500000e-02	4.95605889e-02	2.36680082e-03
3.60000000e-02	4.80821141e-02	2.30140838e-03
3.62500000e-02	4.58343521e-02	2.15338475e-03
3.65000000e-02	4.52335690e-02	2.13535431e-03
3.67500000e-02	4.59256889e-02	2.14262953e-03
3.70000000e-02	4.47060977e-02	2.06227532e-03
3.72500000e-02	4.44308329e-02	2.06059026e-03
3.75000000e-02	4.24574840e-02	1.97588173e-03
3.77500000e-02	4.36691437e-02	2.01921643e-03
3.80000000e-02	4.34928603e-02	1.98097104e-03
3.82500000e-02	4.17736668e-02	1.92917646e-03
3.85000000e-02	4.13062358e-02	1.89780101e-03
3.87500000e-02	4.17570331e-02	1.87839319e-03
3.90000000e-02	4.13588646e-02	1.89687417e-03
3.92500000e-02	3.95970433e-02	1.78424938e-03
3.95000000e-02	3.99924341e-02	1.80082638e-03
3.97500000e-02	3.92664575e-02	1.77099036e-03
4.00000000e-02	3.82956087e-02	1.71740422e-03
4.02500000e-02	3.84991595e-02	1.70537267e-03
4.05000000e-02	3.93209317e-02	1.73200428e-03
4.07500000e-02	3.83867600e-02	1.67985277e-03
4.10000000e-02	3.72250786e-02	1.63446468e-03
4.12500000e-02	3.73520816e-02	1.66149809e-03
4.15000000e-02	3.67006723e-02	1.58821732e-03
4.17500000e-02	3.62594452e-02	1.57693504e-03
4.20000000e-02	3.67854844e-02	1.57556091e-03
4.22500000e-02	3.56335117e-02	1.52678994e-03
4.25000000e-02	3.62213231e-02	1.55967859e-03
4.27500000e-02	3.49993625e-02	1.50928706e-03
4.30000000e-02	3.49773523e-02	1.50417432e-03
4.32500000e-02	3.35218511e-02	1.43084171e-03
4.35000000e-02	3.43379128e-02	1.48362055e-03
4.37500000e-02	3.37164425e-02	1.41363766e-03
4.40000000e-02	3.33916286e-02	1.42306022e-03
4.42500000e-02	3.26225802e-02	1.39438231e-03
4.45000000e-02	3.30397437e-02	1.38926297e-03
4.47500000e-02	3.31059047e-02	1.39163256e-03
4.50000000e-02	3.23897144e-02	1.34512899e-03
4.52500000e-02	3.22500421e-02	1.35516843e-03
4.55000000e-02	3.11991908e-02	1.30257841e-03
4.57500000e-02	3.11609902e-02	1.30761534e-03
4.60000000e-02	3.12443112e-02	1.29439366e-03
4.62500000e-02	3.13396119e-02	1.29660842e-03
4.65000000e-02	3.14023224e-02	1.29432120e-03
4.67500000e-02	3.10396652e-02	1.26552255e-03
4.70000000e-02	3.15825797e-02	1.29143873e-03
4.72500000e-02	3.05497648e-02	1.25202861e-03
4.75000000e-02	3.04453262e-02	1.26331481e-03
4.77500000e-02	3.04034776e-02	1.23963675e-03
4.80000000e-02	2.97449185e-02	1.20866172e-03
4.82500000e-02	2.97587033e-02	1.20401613e-03
4.85000000e-02	3.00467301e-02	1.23803148e-03
4.87500000e-02	2.93602848e-02	1.19220157e-03
4.90000000e-02	2.88229959e-02	1.14575671e-03
4.92500000e-02	2.85100798e-02	1.14609147e-03
4.95000000e-02	2.92328715e-02	1.16507999e-03
4.97500000e-02	2.90486077e-02	1.17686924e-03
5.00000000e-02	2.84403749e-02	1.12733766e-03
5.02500000e-02	2.91787150e-02	1.15980665e-03
5.05000000e-02	2.81921163e-02	1.11664761e-03
5.07500000e-02	2.79814604e-02	1.10929431e-03
5.10000000e-02	2.77509617e-02	1.09118632e-03
5.12500000e-02	2.73831311e-02	1.09705407e-03
5.15000000e-02	2.69250455e-02	1.05974085e-03
5.17500000e-02	2.77013444e-02	1.09744978e-03
5.20000000e-02	2.67273336e-02	1.04258705e-03
5.22500000e-02	2.78147784e-02	1.09574451e-03
5.25000000e-02	2.65732881e-02	1.03456790e-03
5.27500000e-02	2.73883120e-02	1.06304667e-03
5.30000000e-02	2.61876797e-02	1.03422631e-03
5.32500000e-02	2.72187672e-02	1.05411815e-03
5.35000000e-02	2.70426058e-02	1.05538757e-03
5.37500000e-02	2.72429571e-02	1.05214538e-03
5.40000000e-02	2.60095651e-02	1.01132974e-03
5.42500000e-02	2.60655599e-02	1.01045964e-03
5.45000000e-02	2.65983039e-02	1.03043338e-03
5.47500000e-02	2.62926216e-02	1.00813878e-03
5.50000000e-02	2.63293085e-02	1.00961944e-03
5.52500000e-02	2.60760160e-02	1.00413594e-03
5.55000000e-02	2.54762927e-02	9.77309547e-04
5.57500000e-02	2.51117633e-02	9.62423426e-04
5.60000000e-02	2.63612849e-02	9.99628030e-04
5.62500000e-02	2.59128921e-02	9.80945470e-04
5.65000000e-02	2.53531323e-02	9.61705366e-04
5.67500000e-02	2.61701715e-02	9.83031092e-04
5.70000000e-02	2.54367939e-02	9.56274058e-04
5.72500000e-02	2.54851226e-02	9.66042490e-04
5.75000000e-02	2.52239201e-02	9.55941654e-04
5.77500000e-02	2.53243891e-02	9.47394021e-04
5.80000000e-02	2.48861736e-02	9.34520341e-04
5.82500000e-02	2.50922321e-02	9.35110787e-04
5.85000000e-02	2.48121967e-02	9.37528405e-04
5.87500000e-02	2.49099254e-02	9.24661666e-04
5.90000000e-02	2.48814820e-02	9.30694191e-04
5.92500000e-02	2.49944792e-02	9.20619636e-04
5.95000000e-02	2.43797453e-02	8.98813624e-04
5.97500000e-02	2.52949636e-02	9.41285430e-04
6.00000000e-02	2.40670170e-02	8.88833670e-04
6.02500000e-02	2.48271392e-02	9.16047808e-04
6.05000000e-02	2.38533728e-02	8.79411550e-04
6.07500000e-02	2.47828788e-02	9.12717198e-04
6.10000000e-02	2.41007113e-02	8.84706396e-04
6.12500000e-02	2.37381128e-02	8.65421845e-04
6.15000000e-02	2.42228228e-02	8.87258146e-04
6.17500000e-02	2.34427317e-02	8.55624972e-04
6.20000000e-02	2.30511363e-02	8.46867770e-04
6.22500000e-02	2.34964501e-02	8.53008941e-04
6.25000000e-02	2.38999181e-02	8.70973531e-04
6.27500000e-02	2.39527796e-02	8.66919123e-04
6.30000000e-02	2.35005791e-02	8.53102570e-04
6.32500000e-02	2.36128677e-02	8.52785151e-04
6.35000000e-02	2.36424006e-02	8.50309552e-04
6.37500000e-02	2.36663765e-02	8.57732427e-04
6.40000000e-02	2.30975095e-02	8.32079038e-04
6.42500000e-02	2.34794359e-02	8.37230028e-04
6.45000000e-02	2.35637523e-02	8.42463418e-04
6.47500000e-02	2.35340296e-02	8.45704108e-04
6.50000000e-02	2.30055534e-02	8.30202343e-04
6.52500000e-02	2.29033556e-02	8.17887882e-04
6.55000000e-02	2.29292773e-02	8.18954050e-04
6.57500000e-02	2.33004440e-02	8.34130750e-04
6.60000000e-02	2.26918690e-02	8.09428010e-04
6.62500000e-02	2.35937167e-02	8.41417451e-04
6.65000000e-02	2.28543942e-02	8.11038076e-04
6.67500000e-02	2.27724016e-02	8.04267241e-04
6.70000000e-02	2.23810715e-02	7.98144208e-04
6.72500000e-02	2.31711838e-02	8.21260177e-04
6.75000000e-02	2.24451989e-02	7.95891714e-04
6.77500000e-02	2.29830293e-02	8.03730198e-04
6.80000000e-02	2.31350559e-02	8.19544687e-04
6.82500000e-02	2.25279874e-02	7.94667714e-04
6.85000000e-02	2.29531807e-02	8.13729865e-04
6.87500000e-02	2.21919582e-02	7.74319592e-04
6.90000000e-02	2.25539970e-02	7.85899901e-04
6.92500000e-02	2.29165344e-02	7.94216361e-04
6.95000000e-02	2.22263738e-02	7.77877276e-04
6.97500000e-02	2.27840492e-02	7.93793919e-04
7.00000000e-02	2.22866815e-02	7.72895092e-04
7.02500000e-02	2.21489287e-02	7.62308232e-04
7.05000000e-02	2.21141087e-02	7.63456073e-04
7.07500000e-02	2.21236528e-02	7.76378739e-04
7.10000000e-02	2.21271813e-02	7.61976070e-04
7.12500000e-02	2.19168565e-02	7.64210984e-04
7.15000000e-02	2.24193088e-02	7.67879231e-04
7.17500000e-02	2.28993032e-02	7.88366679e-04
7.20000000e-02	2.21492803e-02	7.64394683e-04
7.22500000e-02	2.23071372e-02	7.66387291e-04
7.25000000e-02	2.21749438e-02	7.54524060e-04
7.27500000e-02	2.18764424e-02	7.45932660e-04
7.30000000e-02	2.22013572e-02	7.58543969e-04
7.32500000e-02	2.21322967e-02	7.54806589e-04
7.35000000e-02	2.20868439e-02	7.54096702e-04
7.37500000e-02	2.15135227e-02	7.26425356e-04
7.40000000e-02	2.18188746e-02	7.39083493e-04
7.42500000e-02	2.20079962e-02	7.49089688e-04
7.45000000e-02	2.14813438e-02	7.26452466e-04
7.47500000e-02	2.19933489e-02	7.42618638e-04
7.50000000e-02	2.17700041e-02	7.36431060e-04
7.52500000e-02	2.15900755e-02	7.29474829e-04
7.55000000e-02	2.15796601e-02	7.18191040e-04
7.57500000e-02	2.17629734e-02	7.31939867e-04
7.60000000e-02	2.19537131e-02	7.41298589e-04
7.62500000e-02	2.18649570e-02	7.34586320e-04
7.65000000e-02	2.20266902e-02	7.37489734e-04
7.67500000e-02	2.25368792e-02	7.50963144e-04
7.70000000e-02	2.19968425e-02	7.35670177e-04
7.72500000e-02	2.16741727e-02	7.36171718e-04
7.75000000e-02	2.16101659e-02	7.38580919e-04
7.77500000e-02	2.14366403e-02	7.38798277e-04
7.80000000e-02	2.15325783e-02	7.45033529e-04
7.82500000e-02	2.20233080e-02	7.61302549e-04
7.85000000e-02	2.18347368e-02	7.68788337e-04
7.87500000e-02	2.21127250e-02	7.68487421e-04
7.90000000e-02	2.17205860e-02	7.67918640e-04
7.92500000e-02	2.13732781e-02	7.56747100e-04
7.95000000e-02	2.13667624e-02	7.58471195e-04
7.97500000e-02	2.14766236e-02	7.64811833e-04
8.00000000e-02	2.14912295e-02	7.70931023e-04
8.02500000e-02	2.20660573e-02	7.87661265e-04
8.05000000e-02	2.14464392e-02	7.72538961e-04
8.07500000e-02	2.17112564e-02	7.80818773e-04
8.10000000e-02	2.15302809e-02	7.74874967e-04
8.12500000e-02	2.13016344e-02	7.68562331e-04
8.15000000e-02	2.14683171e-02	7.66874760e-04
8.17500000e-02	2.20346172e-02	7.96407580e-04
8.20000000e-02	2.11233036e-02	7.67567141e-04
8.22500000e-02	2.15148611e-02	7.83330719e-04
8.25000000e-02	2.10949015e-02	7.71848412e-04
8.27500000e-02	2.15785813e-02	7.76175507e-04
8.30000000e-02	2.17565004e-02	7.92823456e-04
8.32500000e-02	2.17140296e-02	7.92934279e-04
8.35000000e-02	2.15992647e-02	7.91215743e-04
8.37500000e-02	2.20635143e-02	7.98926197e-04
8.40000000e-02	2.13919519e-02	7.78850230e-04
8.42500000e-02	2.15524530e-02	7.85928311e-04
8.45000000e-02	2.05792441e-02	7.55852460e-04
8.47500000e-02	2.11713980e-02	7.78345392e-04
8.50000000e-02	2.09776618e-02	7.72796954e-04
8.52500000e-02	2.10585228e-02	7.74292975e-04
8.55000000e-02	2.14620691e-02	7.81359249e-04
8.57500000e-02	2.11672390e-02	7.86290796e-04
8.60000000e-02	2.18746961e-02	8.03795834e-04
8.62500000e-02	2.18306205e-02	8.01996810e-04
8.65000000e-02	2.16633350e-02	7.99317736e-04
8.67500000e-02	2.11043932e-02	7.73516917e-04
8.70000000e-02	2.05245753e-02	7.45285563e-04
8.72500000e-02	2.13457478e-02	7.56308354e-04
8.75000000e-02	2.18027119e-02	7.62732590e-04
8.77500000e-02	2.16753481e-02	7.55878812e-04
8.80000000e-02	2.12004750e-02	7.42016569e-04
8.82500000e-02	2.14435717e-02	7.46049897e-04
8.85000000e-02	2.08963979e-02	7.28666605e-04
8.87500000e-02	2.06970246e-02	7.07186387e-04
8.90000000e-02	2.07250021e-02	7.10447835e-04
8.92500000e-02	2.13936748e-02	7.22000272e-04
8.95000000e-02	2.10836348e-02	7.23805636e-04
8.97500000e-02	2.13562894e-02	7.27038815e-04
9.00000000e-02	2.13028327e-02	7.13195793e-04
9.02500000e-02	2.13044887e-02	7.21562350e-04
9.05000000e-02	2.11282409e-02	7.09984189e-04
9.07500000e-02	2.06012043e-02	6.91047613e-04
9.10000000e-02	2.12109898e-02	7.04203953e-04
9.12500000e-02	2.09272359e-02	7.01153427e-04
9.15000000e-02	2.07882010e-02	6.93405252e-04
9.17500000e-02	2.11389851e-02	7.07027421e-04
9.20000000e-02	2.09453309e-02	6.94736752e-04
9.22500000e-02	2.05807628e-02	6.81677178e-04
9.25000000e-02	2.08087156e-02	6.90697947e-04
9.27500000e-02	2.08365997e-02	6.89961383e-04
9.30000000e-02	2.11475509e-02	7.00822922e-04
9.32500000e-02	2.08534373e-02	6.86698796e-04
9.35000000e-02	2.04805147e-02	6.72027290e-04
9.37500000e-02	2.05207587e-02	6.74950900e-04
9.40000000e-02	2.10227685e-02	6.91343576e-04
9.42500000e-02	2.12076677e-02	6.89613889e-04
9.45000000e-02	2.07026636e-02	6.73234225e-04
9.47500000e-02	2.08999380e-02	6.81851917e-04
9.50000000e-02	2.08792906e-02	6.77542560e-04
9.52500000e-02	2.05488433e-02	6.66199897e-04
9.55000000e-02	2.05909560e-02	6.65361528e-04
9.57500000e-02	2.02863385e-02	6.53986239e-04
9.60000000e-02	2.03169374e-02	6.60018410e-04
9.62500000e-02	2.07858227e-02	6.73358001e-04
9.65000000e-02	2.07458030e-02	6.68315080e-04
9.67500000e-02	2.07776570e-02	6.66998085e-04
9.70000000e-02	2.07824896e-02	6.70682067e-04
9.72500000e-02	2.15162823e-02	6.84430344e-04
9.75000000e-02	2.04558791e-02	6.54391854e-04
9.77500000e-02	2.04784297e-02	6.52422057e-04
9.80000000e-02	2.03489903e-02	6.46758215e-04
9.82500000e-02	2.08254242e-02	6.66008741e-04
9.85000000e-02	2.05430032e-02	6.53146599e-04
9.87500000e-02	2.09114441e-02	6.59285726e-04
9.90000000e-02	2.06084061e-02	6.57611291e-04
9.92500000e-02	2.07560277e-02	6.56893747e-04
9.95000000e-02	2.07563514e-02	6.56142961e-04
9.97500000e-02	2.08220978e-02	6.52406782e-04
1.00000000e-01	2.05715556e-02	5.28465238e-04
1.00500000e-01	2.06701713e-02	4.61440066e-04
1.01000000e-01	2.05349127e-02	4.50378046e-04
1.01500000e-01	2.02854428e-02	4.47839096e-04
1.02000000e-01	2.03030606e-02	4.46082857e-04
1.02500000e-01	2.07633749e-02	4.53758469e-04
1.03000000e-01	2.05983140e-02	4.51861306e-04
1.03500000e-01	2.06198877e-02	4.49049187e-04
1.04000000e-01	2.06351083e-02	4.48688825e-04
1.04500000e-01	2.01403239e-02	4.38399355e-04
1.05000000e-01	2.04233166e-02	4.39128685e-04
1.05500000e-01	2.08047950e-02	4.46251035e-04
1.06000000e-01	2.05980479e-02	4.41819019e-04
1.06500000e-01	2.06810886e-02	4.44692091e-04
1.07000000e-01	2.05168974e-02	4.46099509e-04
1.07500000e-01	2.02161092e-02	4.46908910e-04
1.08000000e-01	2.01355028e-02	4.46229031e-04
1.08500000e-01	2.02815006e-02	4.58037917e-04
1.09000000e-01	2.03362697e-02	4.58368682e-04
1.09500000e-01	2.04191305e-02	4.63045332e-04
1.10000000e-01	2.02790452e-02	4.58383799e-04
1.10500000e-01	2.04895604e-02	4.49746750e-04
1.11000000e-01	2.02491082e-02	4.37787163e-04
1.11500000e-01	2.02419937e-02	4.34525225e-04
1.12000000e-01	2.01292172e-02	4.30134529e-04
1.12500000e-01	2.02076068e-02	4.28210141e-04
1.13000000e-01	2.01910425e-02	4.28326536e-04
1.13500000e-01	2.05551220e-02	4.30879530e-04
1.14000000e-01	2.02046400e-02	4.24359946e-04
1.14500000e-01	2.02286497e-02	4.24028658e-04
1.15000000e-01	2.03672888e-02	4.25534963e-04
1.15500000e-01	2.01130991e-02	4.17856078e-04
1.16000000e-01	2.00001783e-02	4.16622653e-04
1.16500000e-01	1.97755501e-02	4.11319325e-04
1.17000000e-01	1.97882626e-02	4.10699941e-04
1.17500000e-01	2.02843587e-02	4.18536697e-04
1.18000000e-01	2.06307362e-02	4.25017323e-04
1.18500000e-01	1.99926393e-02	4.10147959e-04
1.19000000e-01	2.02619304e-02	4.15874076e-04
1.19500000e-01	2.02863401e-02	4.10952531e-04
1.20000000e-01	2.05746509e-02	4.17145683e-04
1.20500000e-01	2.04513714e-02	4.15773772e-04
1.21000000e-01	2.02889271e-02	4.08753238e-04
1.21500000e-01	2.00332400e-02	4.04130801e-04
1.22000000e-01	1.99029784e-02	4.01557069e-04
1.22500000e-01	2.02230774e-02	4.07648042e-04
1.23000000e-01	2.02401973e-02	4.08751886e-04
1.23500000e-01	2.01711016e-02	4.05182510e-04
1.24000000e-01	1.99455954e-02	4.00123222e-04
1.24500000e-01	2.01976089e-02	4.01220969e-04
1.25000000e-01	2.05559453e-02	4.08427634e-04
1.25500000e-01	2.00216857e-02	3.97755179e-04
1.26000000e-01	2.00797189e-02	3.98011878e-04
1.26500000e-01	2.01150517e-02	3.98722487e-04
1.27000000e-01	2.01314561e-02	3.97792017e-04
1.27500000e-01	2.03200575e-02	4.01803877e-04
1.28000000e-01	1.98044562e-02	3.90269799e-04
1.28500000e-01	2.00098637e-02	3.92452059e-04
1.29000000e-01	1.99653777e-02	3.91378011e-04
1.29500000e-01	2.01514878e-02	3.92239086e-04
1.30000000e-01	2.00992536e-02	3.92607083e-04
1.30500000e-01	2.01649646e-02	3.92057774e-04
1.31000000e-01	2.01129442e-02	3.90198415e-04
1.31500000e-01	2.01007914e-02	3.89590023e-04
1.32000000e-01	1.97835286e-02	3.81863588e-04
1.32500000e-01	2.00889052e-02	3.86509599e-04
1.33000000e-01	2.03193272e-02	3.93426358e-04
1.33500000e-01	2.05021688e-02	3.91290168e-04
1.34000000e-01	1.97303716e-02	3.77746048e-04
1.34500000e-01	1.96215543e-02	3.74516921e-04
1.35000000e-01	2.02747896e-02	3.85245623e-04
1.35500000e-01	1.99776366e-02	3.79121047e-04
1.36000000e-01	2.01272390e-02	3.79036178e-04
1.36500000e-01	2.03070414e-02	3.85243690e-04
1.37000000e-01	2.01574852e-02	3.79150116e-04
1.37500000e-01	1.96244710e-02	3.70005698e-04
1.38000000e-01	2.00372597e-02	3.77675760e-04
1.38500000e-01	2.00513496e-02	3.76474265e-04
1.39000000e-01	2.00147831e-02	3.77174265e-04
1.39500000e-01	1.97097001e-02	3.71413900e-04
1.40000000e-01	1.98441647e-02	3.73875391e-04
1.40500000e-01	1.98268750e-02	3.71225483e-04
1.41000000e-01	1.99823204e-02	3.74800559e-04
1.41500000e-01	2.00468216e-02	3.75706286e-04
1.42000000e-01	1.99712454e-02	3.71022164e-04
1.42500000e-01	2.01046478e-02	3.74588404e-04
1.43000000e-01	1.99617619e-02	3.72489312e-04
1.43500000e-01	1.98218596e-02	3.68028542e-04
1.44000000e-01	1.98413679e-02	3.67561928e-04
1.44500000e-01	1.97775136e-02	3.65036775e-04
1.45000000e-01	1.97726618e-02	3.67353764e-04
1.45500000e-01	2.00245178e-02	3.68704771e-04
1.46000000e-01	1.97195485e-02	3.62921656e-04
1.46500000e-01	1.98221533e-02	3.67224048e-04
1.47000000e-01	1.98940515e-02	3.66302510e-04
1.47500000e-01	1.96835102e-02	3.60129320e-04
1.48000000e-01	1.95881527e-02	3.58794745e-04
1.48500000e-01	1.93333361e-02	3.52924035e-04
1.49000000e-01	1.94189536e-02	3.55182442e-04
1.49500000e-01	1.99524642e-02	3.62836800e-04
1.50000000e-01	1.97270815e-02	3.57225486e-04
1.50500000e-01	1.96756118e-02	3.57281459e-04
1.51000000e-01	2.00416816e-02	3.62566380e-04
1.51500000e-01	1.94077153e-02	3.51171944e-04
1.52000000e-01	1.97182287e-02	3.52781367e-04
1.52500000e-01	1.98313514e-02	3.56687052e-04
1.53000000e-01	1.95077617e-02	3.51776768e-04
1.53500000e-01	1.94776737e-02	3.48767152e-04
1.54000000e-01	1.94127724e-02	3.45923777e-04
1.54500000e-01	1.93618607e-02	3.52875319e-04
1.55000000e-01	1.96866138e-02	3.63305934e-04
1.55500000e-01	1.95019859e-02	3.63206816e-04
1.56000000e-01	1.94346934e-02	3.64895667e-04
1.56500000e-01	1.96186331e-02	3.68809975e-04
1.57000000e-01	1.97549961e-02	3.69030893e-04
1.57500000e-01	1.97032893e-02	3.60656684e-04
1.58000000e-01	1.96895520e-02	3.55095449e-04
1.58500000e-01	1.93648637e-02	3.49547337e-04
1.59000000e-01	1.93646713e-02	3.46218309e-04
1.59500000e-01	1.94097610e-02	3.47089868e-04
1.60000000e-01	1.93052581e-02	3.46075315e-04
1.60500000e-01	1.93440157e-02	3.44895528e-04
1.61000000e-01	1.93900276e-02	3.43649884e-04
1.61500000e-01	1.94634739e-02	3.44972005e-04
1.62000000e-01	1.95705444e-02	3.45231730e-04
1.62500000e-01	1.91265231e-02	3.38471612e-04
1.63000000e-01	1.94117376e-02	3.40790100e-04
1.63500000e-01	1.94600455e-02	3.44408214e-04
1.64000000e-01	1.93207272e-02	3.38967288e-04
1.64500000e-01	1.91782413e-02	3.37635720e-04
1.65000000e-01	1.92402733e-02	3.39286820e-04
1.65500000e-01	1.92020357e-02	3.35080245e-04
1.66000000e-01	1.92157654e-02	3.34457351e-04
1.66500000e-01	1.92730400e-02	3.33421825e-04
1.67000000e-01	1.94955734e-02	3.39417486e-04
1.67500000e-01	1.91052729e-02	3.31069382e-04
1.68000000e-01	1.90151734e-02	3.29605928e-04
1.68500000e-01	1.93075320e-02	3.32213597e-04
1.69000000e-01	1.92070015e-02	3.31813020e-04
1.69500000e-01	1.91839397e-02	3.31027078e-04
1.70000000e-01	1.90976526e-02	3.29324554e-04
1.70500000e-01	1.90653878e-02	3.28581819e-04
1.71000000e-01	1.94571315e-02	3.33595710e-04
1.71500000e-01	1.92441719e-02	3.30394060e-04
1.72000000e-01	1.92360666e-02	3.29211357e-04
1.72500000e-01	1.91037698e-02	3.28191347e-04
1.73000000e-01	1.93661075e-02	3.30022580e-04
1.73500000e-01	1.91634041e-02	3.25209340e-04
1.74000000e-01	1.90767205e-02	3.23954194e-04
1.74500000e-01	1.93912564e-02	3.28672792e-04
1.75000000e-01	1.91826233e-02	3.23430680e-04
1.75500000e-01	1.89525865e-02	3.18526608e-04
1.76000000e-01	1.89319970e-02	3.17952560e-04
1.76500000e-01	1.87896826e-02	3.16671825e-04
1.77000000e-01	1.90605467e-02	3.20374047e-04
1.77500000e-01	1.90041798e-02	3.20503245e-04
1.78000000e-01	1.87314025e-02	3.14411843e-04
1.78500000e-01	1.91338878e-02	3.21792507e-04
1.79000000e-01	1.90356328e-02	3.19408851e-04
1.79500000e-01	1.87918345e-02	3.15013387e-04
1.80000000e-01	1.89143278e-02	3.17753933e-04
1.80500000e-01	1.90677941e-02	3.19086384e-04
1.81000000e-01	1.89282140e-02	3.16582114e-04
1.81500000e-01	1.91300480e-02	3.17801196e-04
1.82000000e-01	1.90850058e-02	3.18547042e-04
1.82500000e-01	1.89182557e-02	3.14694700e-04
1.83000000e-01	1.88514076e-02	3.12453430e-04
1.83500000e-01	1.89207795e-02	3.13770399e-04
1.84000000e-01	1.87957341e-02	3.11748859e-04
1.84500000e-01	1.87876760e-02	3.11664347e-04
1.85000000e-01	1.87816929e-02	3.11547885e-04
1.85500000e-01	1.88658939e-02	3.10687266e-04
1.86000000e-01	1.89020553e-02	3.11253897e-04
1.86500000e-01	1.88245519e-02	3.10858932e-04
1.87000000e-01	1.89257286e-02	3.11044999e-04
1.87500000e-01	1.86777625e-02	3.06413198e-04
1.88000000e-01	1.84041221e-02	3.02461892e-04
1.88500000e-01	1.90000097e-02	3.10819671e-04
1.89000000e-01	1.88296816e-02	3.07983849e-04
1.89500000e-01	1.85645456e-02	3.03513917e-04
1.90000000e-01	1.87700600e-02	3.05490368e-04
1.90500000e-01	1.87832871e-02	3.07315458e-04
1.91000000e-01	1.87844014e-02	3.05307788e-04
1.91500000e-01	1.86550662e-02	3.04027641e-04
1.92000000e-01	1.87408894e-02	3.03811031e-04
1.92500000e-01	1.86283974e-02	3.01446472e-04
1.93000000e-01	1.85994493e-02	3.01480562e-04
1.93500000e-01	1.85298116e-02	3.00543370e-04
1.94000000e-01	1.87386886e-02	3.02948935e-04
1.94500000e-01	1.89080004e-02	3.04363481e-04
1.95000000e-01	1.86248025e-02	3.01332736e-04
1.95500000e-01	1.85095208e-02	2.97168443e-04
1.96000000e-01	1.85284473e-02	2.97734285e-04
1.96500000e-01	1.85483566e-02	2.99269830e-04
1.97000000e-01	1.86854302e-02	3.00109369e-04
1.97500000e-01	1.85478643e-02	2.96875681e-04
1.98000000e-01	1.86088617e-02	2.97643575e-04
1.98500000e-01	1.87022589e-02	2.99011479e-04
1.99000000e-01	1.85985134e-02	2.96202716e-04
1.99500000e-01	1.83442979e-02	2.91716028e-04
2.00000000e-01	1.84457590e-02	2.92983696e-04
2.00500000e-01	1.85929788e-02	2.96602968e-04
2.01000000e-01	1.86795512e-02	2.96530707e-04
2.01500000e-01	1.85300925e-02	2.95299315e-04
2.02000000e-01	1.83591383e-02	2.91616374e-04
2.02500000e-01	1.85419151e-02	2.93596953e-04
2.03000000e-01	1.86885587e-02	2.95857730e-04
2.03500000e-01	1.86568537e-02	2.94694286e-04
2.04000000e-01	1.83554874e-02	2.89543563e-04
2.04500000e-01	1.85993286e-02	2.93168232e-04
2.05000000e-01	1.83647434e-02	2.88134090e-04
2.05500000e-01	1.84378532e-02	2.89744700e-04
2.06000000e-01	1.84118113e-02	2.88957523e-04
2.06500000e-01	1.85312248e-02	2.91236713e-04
2.07000000e-01	1.83889398e-02	2.89158853e-04
2.07500000e-01	1.84058420e-02	2.87461970e-04
2.08000000e-01	1.85053135e-02	2.89640818e-04
2.08500000e-01	1.84901364e-02	2.87050291e-04
2.09000000e-01	1.83820671e-02	2.88555057e-04
2.09500000e-01	1.81902096e-02	2.83516176e-04
2.10000000e-01	1.86025370e-02	2.89632751e-04
2.10500000e-01	1.82904826e-02	2.84518509e-04
2.11000000e-01	1.84273251e-02	2.84736886e-04
2.11500000e-01	1.85749308e-02	2.89431083e-04
2.12000000e-01	1.83770879e-02	2.84151843e-04
2.12500000e-01	1.85008878e-02	2.86457019e-04
2.13000000e-01	1.83511728e-02	2.83632437e-04
2.13500000e-01	1.83125425e-02	2.82295406e-04
2.14000000e-01	1.84138563e-02	2.84166938e-04
2.14500000e-01	1.83124999e-02	2.81407558e-04
2.15000000e-01	1.84083071e-02	2.83680309e-04
2.15500000e-01	1.82912492e-02	2.81090129e-04
2.16000000e-01	1.83628511e-02	2.81927123e-04
2.16500000e-01	1.83914104e-02	2.80926434e-04
2.17000000e-01	1.81816131e-02	2.84041179e-04
2.17500000e-01	1.84454582e-02	2.92226422e-04
2.18000000e-01	1.83241499e-02	2.90199703e-04
2.18500000e-01	1.80889516e-02	2.88541052e-04
2.19000000e-01	1.83370634e-02	2.94247288e-04
2.19500000e-01	1.84482640e-02	2.96361820e-04
2.20000000e-01	1.83438553e-02	2.97230465e-04
2.20500000e-01	1.81626454e-02	2.94595804e-04
2.21000000e-01	1.83563033e-02	2.97358710e-04
2.21500000e-01	1.82715203e-02	2.96990666e-04
2.22000000e-01	1.78694765e-02	2.91771771e-04
2.22500000e-01	1.80239919e-02	2.95210401e-04
2.23000000e-01	1.78187099e-02	2.93771338e-04
2.23500000e-01	1.82427139e-02	2.99650497e-04
2.24000000e-01	1.83396052e-02	3.01369327e-04
2.24500000e-01	1.84097721e-02	3.03804320e-04
2.25000000e-01	1.81334179e-02	2.98409897e-04
2.25500000e-01	1.82401651e-02	3.02604721e-04
2.26000000e-01	1.80227383e-02	3.00596846e-04
2.26500000e-01	1.79882964e-02	2.94295028e-04
2.27000000e-01	1.81156101e-02	2.92236706e-04
2.27500000e-01	1.83935936e-02	2.93828734e-04
2.28000000e-01	1.81764422e-02	2.89459189e-04
2.28500000e-01	1.82607177e-02	2.89492745e-04
2.29000000e-01	1.81946171e-02	2.87343160e-04
2.29500000e-01	1.80934177e-02	2.84937407e-04
2.30000000e-01	1.81420550e-02	2.84585553e-04
2.30500000e-01	1.80752128e-02	2.83416600e-04
2.31000000e-01	1.79128824e-02	2.79457303e-04
2.31500000e-01	1.80043152e-02	2.80636217e-04
2.32000000e-01	1.80229504e-02	2.80295007e-04
2.32500000e-01	1.81752063e-02	2.81313886e-04
2.33000000e-01	1.80846799e-02	2.79945420e-04
2.33500000e-01	1.81973969e-02	2.80596057e-04
2.34000000e-01	1.78976532e-02	2.75449420e-04
2.34500000e-01	1.79429884e-02	2.75911498e-04
2.35000000e-01	1.79371988e-02	2.76274766e-04
2.35500000e-01	1.79595420e-02	2.75415047e-04
2.36000000e-01	1.81041923e-02	2.76361851e-04
2.36500000e-01	1.78645619e-02	2.73052954e-04
2.37000000e-01	1.78536574e-02	2.72894554e-04
2.37500000e-01	1.80647125e-02	2.75030177e-04
2.38000000e-01	1.79755508e-02	2.72728186e-04
2.38500000e-01	1.77496896e-02	2.69639570e-04
2.39000000e-01	1.81287360e-02	2.74296226e-04
2.39500000e-01	1.79781903e-02	2.70864063e-04
2.40000000e-01	1.78788355e-02	2.70968359e-04
2.40500000e-01	1.79822743e-02	2.71441365e-04
2.41000000e-01	1.78693076e-02	2.67980559e-04
2.41500000e-01	1.79166949e-02	2.69318147e-04
2.42000000e-01	1.77929683e-02	2.66824029e-04
2.42500000e-01	1.79036966e-02	2.68153212e-04
2.43000000e-01	1.77718631e-02	2.65055492e-04
2.43500000e-01	1.77130845e-02	2.64939716e-04
2.44000000e-01	1.78753853e-02	2.66074147e-04
2.44500000e-01	1.79237270e-02	2.67168863e-04
2.45000000e-01	1.76887362e-02	2.62620267e-04
2.45500000e-01	1.76624236e-02	2.63271769e-04
2.46000000e-01	1.79299327e-02	2.65965517e-04
2.46500000e-01	1.75411572e-02	2.59874716e-04
2.47000000e-01	1.78178372e-02	2.64564112e-04
2.47500000e-01	1.79760801e-02	2.64769586e-04
2.48000000e-01	1.79098006e-02	2.63711736e-04
2.48500000e-01	1.78204921e-02	2.62463403e-04
2.49000000e-01	1.77170680e-02	2.62118575e-04
2.49500000e-01	1.76716910e-02	2.60247117e-04
2.50000000e-01	1.79109103e-02	2.63001156e-04
2.50500000e-01	1.76080204e-02	2.59004715e-04
2.51000000e-01	1.78056478e-02	2.60278029e-04
2.51500000e-01	1.74308429e-02	2.56173493e-04
2.52000000e-01	1.76863825e-02	2.58707443e-04
2.52500000e-01	1.78426931e-02	2.60484121e-04
2.53000000e-01	1.76798034e-02	2.58515187e-04
2.53500000e-01	1.76816352e-02	2.57633082e-04
2.54000000e-01	1.76519292e-02	2.58970399e-04
2.54500000e-01	1.75906967e-02	2.56280837e-04
2.55000000e-01	1.77698434e-02	2.58406333e-04
2.55500000e-01	1.78053594e-02	2.59106148e-04
2.56000000e-01	1.76479924e-02	2.55809193e-04
2.56500000e-01	1.75902563e-02	2.55941030e-04
2.57000000e-01	1.75022474e-02	2.52418547e-04
2.57500000e-01	1.74258769e-02	2.52425914e-04
2.58000000e-01	1.74564920e-02	2.52351400e-04
2.58500000e-01	1.74418056e-02	2.51763746e-04
2.59000000e-01	1.74070981e-02	2.51820024e-04
2.59500000e-01	1.75488676e-02	2.51746304e-04
2.60000000e-01	1.75615092e-02	2.52003510e-04
2.60500000e-01	1.74416201e-02	2.51468626e-04
2.61000000e-01	1.75733713e-02	2.52221692e-04
2.61500000e-01	1.75010465e-02	2.51303366e-04
2.62000000e-01	1.74457437e-02	2.50470480e-04
2.62500000e-01	1.77215805e-02	2.53173332e-04
2.63000000e-01	1.76599119e-02	2.52593063e-04
2.63500000e-01	1.71854865e-02	2.46104147e-04
2.64000000e-01	1.75116539e-02	2.49390492e-04
2.64500000e-01	1.74781580e-02	2.48769334e-04
2.65000000e-01	1.75091039e-02	2.49238426e-04
2.65500000e-01	1.72826038e-02	2.45523334e-04
2.66000000e-01	1.75309168e-02	2.48838062e-04
2.66500000e-01	1.72881486e-02	2.45633449e-04
2.67000000e-01	1.76532132e-02	2.49904852e-04
2.67500000e-01	1.73997746e-02	2.45908628e-04
2.68000000e-01	1.75920902e-02	2.48497489e-04
2.68500000e-01	1.76787448e-02	2.48712220e-04
2.69000000e-01	1.74922800e-02	2.46201446e-04
2.69500000e-01	1.74142574e-02	2.45045047e-04
2.70000000e-01	1.72153462e-02	2.42896623e-04
2.70500000e-01	1.72606312e-02	2.42679069e-04
2.71000000e-01	1.75269850e-02	2.45470594e-04
2.71500000e-01	1.74172868e-02	2.44561672e-04
2.72000000e-01	1.74179550e-02	2.44225530e-04
2.72500000e-01	1.72735682e-02	2.41268851e-04
2.73000000e-01	1.72069373e-02	2.40821621e-04
2.73500000e-01	1.74627145e-02	2.43674789e-04
2.74000000e-01	1.73670840e-02	2.41976241e-04
2.74500000e-01	1.75450160e-02	2.44267424e-04
2.75000000e-01	1.73636633e-02	2.42755809e-04
2.75500000e-01	1.73462753e-02	2.41409122e-04
2.76000000e-01	1.73806199e-02	2.41899042e-04
2.76500000e-01	1.71694163e-02	2.38846737e-04
2.77000000e-01	1.74556107e-02	2.42808813e-04
2.77500000e-01	1.74249312e-02	2.42024506e-04
2.78000000e-01	1.72033506e-02	2.38354251e-04
2.78500000e-01	1.73242459e-02	2.41096563e-04
2.79000000e-01	1.72325819e-02	2.39386074e-04
2.79500000e-01	1.72268572e-02	2.38363001e-04
2.80000000e-01	1.71717308e-02	2.37287740e-04
2.80500000e-01	1.73110489e-02	2.38361010e-04
2.81000000e-01	1.70816274e-02	2.36245785e-04
2.81500000e-01	1.74046567e-02	2.39343874e-04
2.82000000e-01	1.72028319e-02	2.37818076e-04
2.82500000e-01	1.72558329e-02	2.38182201e-04
2.83000000e-01	1.73981449e-02	2.38764024e-04
2.83500000e-01	1.73921334e-02	2.38504363e-04
2.84000000e-01	1.72137761e-02	2.36382543e-04
2.84500000e-01	1.69416683e-02	2.32882031e-04
2.85000000e-01	1.73351594e-02	2.37026654e-04
2.85500000e-01	1.71420475e-02	2.34209706e-04
2.86000000e-01	1.72392880e-02	2.36233683e-04
2.86500000e-01	1.72621597e-02	2.35274383e-04
2.87000000e-01	1.71618817e-02	2.34082134e-04
2.87500000e-01	1.72347343e-02	2.34146855e-04
2.88000000e-01	1.72907824e-02	2.34248787e-04
2.88500000e-01	1.72004829e-02	2.34010423e-04
2.89000000e-01	1.69811128e-02	2.31044189e-04
2.89500000e-01	1.72110777e-02	2.33818698e-04
2.90000000e-01	1.70948945e-02	2.32187036e-04
2.90500000e-01	1.71087755e-02	2.32219999e-04
2.91000000e-01	1.70048246e-02	2.29834899e-04
2.91500000e-01	1.70459082e-02	2.29225203e-04
2.92000000e-01	1.73290952e-02	2.35204744e-04
2.92500000e-01	1.70065763e-02	2.29045797e-04
2.93000000e-01	1.70284851e-02	2.29241467e-04
2.93500000e-01	1.70921820e-02	2.30864736e-04
2.94000000e-01	1.70620877e-02	2.29517636e-04
2.94500000e-01	1.69325804e-02	2.29258883e-04
2.95000000e-01	1.69813854e-02	2.27017488e-04
2.95500000e-01	1.70914220e-02	2.29752227e-04
2.96000000e-01	1.68723016e-02	2.26620752e-04
2.96500000e-01	1.69892044e-02	2.28030846e-04
2.97000000e-01	1.70416947e-02	2.28617518e-04
2.97500000e-01	1.69620799e-02	2.26567001e-04
2.98000000e-01	1.70668273e-02	2.27958181e-04
2.98500000e-01	1.70375268e-02	2.26900399e-04
2.99000000e-01	1.68512211e-02	2.24893982e-04
2.99500000e-01	1.71909932e-02	2.29067890e-04
3.00000000e-01	1.70350394e-02	2.26715729e-04
3.00500000e-01	1.70418378e-02	2.27880525e-04
3.01000000e-01	1.69738784e-02	2.25747755e-04
3.01500000e-01	1.69352084e-02	2.25506853e-04
3.02000000e-01	1.69955996e-02	2.25688541e-04
3.02500000e-01	1.71127592e-02	2.26937811e-04
3.03000000e-01	1.69095674e-02	2.24535055e-04
3.03500000e-01	1.69447928e-02	2.24697609e-04
3.04000000e-01	1.69467348e-02	2.25709641e-04
3.04500000e-01	1.71025906e-02	2.25773866e-04
3.05000000e-01	1.69173035e-02	2.24631126e-04
3.05500000e-01	1.69008101e-02	2.23564275e-04
3.06000000e-01	1.71064374e-02	2.24222046e-04
3.06500000e-01	1.68646782e-02	2.22565846e-04
3.07000000e-01	1.68583575e-02	2.22080271e-04
3.07500000e-01	1.66807259e-02	2.19707251e-04
3.08000000e-01	1.67904088e-02	2.21377161e-04
3.08500000e-01	1.68752753e-02	2.21664269e-04
3.09000000e-01	1.70791244e-02	2.24051038e-04
3.09500000e-01	1.68007510e-02	2.20539962e-04
3.10000000e-01	1.67512853e-02	2.20510368e-04
3.10500000e-01	1.68545609e-02	2.20970701e-04
3.11000000e-01	1.67762383e-02	2.20144688e-04
3.11500000e-01	1.65966279e-02	2.16686076e-04
3.12000000e-01	1.68843427e-02	2.21212680e-04
3.12500000e-01	1.66938019e-02	2.18077671e-04
3.13000000e-01	1.68213019e-02	2.18546594e-04
3.13500000e-01	1.68357083e-02	2.20048053e-04
3.14000000e-01	1.65972535e-02	2.16818037e-04
3.14500000e-01	1.68212720e-02	2.18897638e-04
3.15000000e-01	1.67572523e-02	2.18424820e-04
3.15500000e-01	1.67921439e-02	2.18274149e-04
3.16000000e-01	1.67422993e-02	2.18179299e-04
3.16500000e-01	1.67330951e-02	2.17007967e-04
3.17000000e-01	1.65655512e-02	2.15592828e-04
3.17500000e-01	1.64941382e-02	2.14679333e-04
3.18000000e-01	1.67851194e-02	2.17130993e-04
3.18500000e-01	1.68130462e-02	2.17222972e-04
3.19000000e-01	1.66571905e-02	2.16198174e-04
3.19500000e-01	1.65498863e-02	2.13758952e-04
3.20000000e-01	1.66351392e-02	2.15453898e-04
3.20500000e-01	1.65410991e-02	2.13225838e-04
3.21000000e-01	1.65466023e-02	2.13687669e-04
3.21500000e-01	1.65575973e-02	2.13068434e-04
3.22000000e-01	1.65758395e-02	2.13797513e-04
3.22500000e-01	1.64156843e-02	2.11382808e-04
3.23000000e-01	1.65565727e-02	2.13464063e-04
3.23500000e-01	1.65543042e-02	2.14005328e-04
3.24000000e-01	1.63678389e-02	2.09582773e-04
3.24500000e-01	1.65007849e-02	2.13191435e-04
3.25000000e-01	1.66340519e-02	2.13542598e-04
3.25500000e-01	1.64980098e-02	2.12189105e-04
3.26000000e-01	1.64626746e-02	2.11033535e-04
3.26500000e-01	1.63287002e-02	2.08753231e-04
3.27000000e-01	1.66023627e-02	2.12251811e-04
3.27500000e-01	1.64076462e-02	2.09269644e-04
3.28000000e-01	1.64411120e-02	2.10985688e-04
3.28500000e-01	1.62729171e-02	2.07494679e-04
3.29000000e-01	1.64529205e-02	2.09942507e-04
3.29500000e-01	1.64572525e-02	2.10263089e-04
3.30000000e-01	1.63790776e-02	2.08004019e-04
3.30500000e-01	1.65391657e-02	2.11432882e-04
3.31000000e-01	1.63376088e-02	2.08286995e-04
3.31500000e-01	1.62488016e-02	2.06658038e-04
3.32000000e-01	1.64368159e-02	2.08880203e-04
3.32500000e-01	1.63156527e-02	2.07193411e-04
3.33000000e-01	1.63698693e-02	2.08139192e-04
3.33500000e-01	1.62855276e-02	2.06670395e-04
3.34000000e-01	1.65804043e-02	2.09583503e-04
3.34500000e-01	1.62771019e-02	2.06981081e-04
3.35000000e-01	1.64099570e-02	2.07651132e-04
3.35500000e-01	1.64494245e-02	2.07830084e-04
3.36000000e-01	1.64404249e-02	2.07447111e-04
3.36500000e-01	1.63529793e-02	2.05856463e-04
3.37000000e-01	1.62874922e-02	2.04805878e-04
3.37500000e-01	1.63006522e-02	2.05438556e-04
3.38000000e-01	1.62682091e-02	2.05651806e-04
3.38500000e-01	1.63345937e-02	2.05428612e-04
3.39000000e-01	1.62239657e-02	2.05173249e-04
3.39500000e-01	1.60799419e-02	2.02697710e-04
3.40000000e-01	1.62615210e-02	2.04397315e-04
3.40500000e-01	1.62951202e-02	2.05237607e-04
3.41000000e-01	1.61452757e-02	2.02332187e-04
3.41500000e-01	1.62962595e-02	2.04569473e-04
3.42000000e-01	1.62253279e-02	2.03276491e-04
3.42500000e-01	1.62145044e-02	2.03607644e-04
3.43000000e-01	1.62853355e-02	2.03806284e-04
3.43500000e-01	1.61841497e-02	2.01755548e-04
3.44000000e-01	1.61776409e-02	2.02290728e-04
3.44500000e-01	1.61215936e-02	2.01356519e-04
3.45000000e-01	1.61911285e-02	2.02659706e-04
3.45500000e-01	1.60881749e-02	2.00880051e-04
3.46000000e-01	1.61423427e-02	2.01559093e-04
3.46500000e-01	1.61252229e-02	2.00737849e-04
3.47000000e-01	1.61959014e-02	2.01814611e-04
3.47500000e-01	1.62579843e-02	2.02090613e-04
3.48000000e-01	1.61143385e-02	2.00250446e-04
3.48500000e-01	1.60252829e-02	1.99312957e-04
3.49000000e-01	1.61092466e-02	2.00040673e-04
3.49500000e-01	1.60082085e-02	1.98864974e-04
3.50000000e-01	1.61011562e-02	1.62711921e-04
3.51000000e-01	1.60387734e-02	1.40165125e-04
3.52000000e-01	1.60330329e-02	1.40243575e-04
3.53000000e-01	1.59340835e-02	1.38601775e-04
3.54000000e-01	1.59929943e-02	1.39207522e-04
3.55000000e-01	1.58970080e-02	1.38403538e-04
3.56000000e-01	1.59218583e-02	1.39155580e-04
3.57000000e-01	1.59264043e-02	1.41422665e-04
3.58000000e-01	1.59727748e-02	1.43738347e-04
3.59000000e-01	1.59710239e-02	1.44228735e-04
3.60000000e-01	1.58522235e-02	1.44422209e-04
3.61000000e-01	1.58476100e-02	1.44831580e-04
3.62000000e-01	1.57423560e-02	1.44652066e-04
3.63000000e-01	1.56582218e-02	1.44469102e-04
3.64000000e-01	1.58241606e-02	1.46158448e-04
3.65000000e-01	1.57415869e-02	1.45940505e-04
3.66000000e-01	1.56093281e-02	1.43313433e-04
3.67000000e-01	1.59383378e-02	1.43752534e-04
3.68000000e-01	1.56956877e-02	1.40931561e-04
3.69000000e-01	1.57171483e-02	1.40289831e-04
3.70000000e-01	1.56612729e-02	1.39175247e-04
3.71000000e-01	1.57350521e-02	1.41747689e-04
3.72000000e-01	1.57466520e-02	1.42397751e-04
3.73000000e-01	1.56289378e-02	1.41978082e-04
3.74000000e-01	1.57308705e-02	1.42917225e-04
3.75000000e-01	1.56795214e-02	1.42418603e-04
3.76000000e-01	1.57862636e-02	1.43178435e-04
3.77000000e-01	1.58105689e-02	1.43780102e-04
3.78000000e-01	1.56399484e-02	1.42674041e-04
3.79000000e-01	1.56390078e-02	1.41875341e-04
3.80000000e-01	1.56026129e-02	1.41802289e-04
3.81000000e-01	1.54985942e-02	1.40809092e-04
3.82000000e-01	1.55977681e-02	1.41642383e-04
3.83000000e-01	1.55523794e-02	1.41207899e-04
3.84000000e-01	1.55972723e-02	1.41422648e-04
3.85000000e-01	1.53722686e-02	1.39812441e-04
3.86000000e-01	1.55939982e-02	1.41271503e-04
3.87000000e-01	1.55092821e-02	1.40548182e-04
3.88000000e-01	1.54784002e-02	1.40724874e-04
3.89000000e-01	1.54818931e-02	1.40245380e-04
3.90000000e-01	1.54547280e-02	1.40160621e-04
3.91000000e-01	1.54821193e-02	1.40286310e-04
3.92000000e-01	1.53698064e-02	1.39447897e-04
3.93000000e-01	1.53966998e-02	1.39350154e-04
3.94000000e-01	1.53645069e-02	1.39387551e-04
3.95000000e-01	1.54533518e-02	1.39855422e-04
3.96000000e-01	1.55128501e-02	1.40368313e-04
3.97000000e-01	1.52768402e-02	1.38151642e-04
3.98000000e-01	1.53463186e-02	1.38898393e-04
3.99000000e-01	1.52553327e-02	1.38203330e-04
4.00000000e-01	1.53051217e-02	1.38473653e-04
4.01000000e-01	1.52182900e-02	1.37823018e-04
4.02000000e-01	1.53901521e-02	1.39500116e-04
4.03000000e-01	1.52454804e-02	1.37871809e-04
4.04000000e-01	1.52813251e-02	1.38580446e-04
4.05000000e-01	1.53509790e-02	1.38975724e-04
4.06000000e-01	1.53512954e-02	1.38901928e-04
4.07000000e-01	1.53796569e-02	1.39010382e-04
4.08000000e-01	1.51996752e-02	1.37273679e-04
4.09000000e-01	1.52384607e-02	1.37375170e-04
4.10000000e-01	1.51601940e-02	1.37101151e-04
4.11000000e-01	1.52101103e-02	1.37441637e-04
4.12000000e-01	1.51729895e-02	1.36933642e-04
4.13000000e-01	1.51449016e-02	1.36683083e-04
4.14000000e-01	1.50596939e-02	1.35773989e-04
4.15000000e-01	1.50973757e-02	1.35973320e-04
4.16000000e-01	1.50274508e-02	1.35132531e-04
4.17000000e-01	1.51667893e-02	1.36769483e-04
4.18000000e-01	1.50600674e-02	1.37363095e-04
4.19000000e-01	1.52151922e-02	1.40302238e-04
4.20000000e-01	1.52570301e-02	1.40973069e-04
4.21000000e-01	1.52396059e-02	1.41466905e-04
4.22000000e-01	1.50623422e-02	1.40961573e-04
4.23000000e-01	1.51949144e-02	1.42752771e-04
4.24000000e-01	1.51764961e-02	1.42190372e-04
4.25000000e-01	1.51880129e-02	1.42403858e-04
4.26000000e-01	1.52240995e-02	1.42882153e-04
4.27000000e-01	1.51749298e-02	1.42805643e-04
4.28000000e-01	1.52261953e-02	1.42960764e-04
4.29000000e-01	1.51547886e-02	1.42976508e-04
4.30000000e-01	1.51799828e-02	1.42950666e-04
4.31000000e-01	1.51868195e-02	1.43108602e-04
4.32000000e-01	1.51184430e-02	1.42685956e-04
4.33000000e-01	1.50794920e-02	1.42837955e-04
4.34000000e-01	1.49709894e-02	1.41657992e-04
4.35000000e-01	1.50527170e-02	1.42641741e-04
4.36000000e-01	1.51290292e-02	1.43456447e-04
4.37000000e-01	1.50797420e-02	1.43143860e-04
4.38000000e-01	1.51402621e-02	1.43756778e-04
4.39000000e-01	1.48831560e-02	1.41805359e-04
4.40000000e-01	1.50080066e-02	1.43014591e-04
4.41000000e-01	1.49545262e-02	1.43000271e-04
4.42000000e-01	1.49380341e-02	1.42946480e-04
4.43000000e-01	1.49151581e-02	1.42716648e-04
4.44000000e-01	1.49958215e-02	1.43757606e-04
4.45000000e-01	1.50819827e-02	1.44491040e-04
4.46000000e-01	1.49379808e-02	1.43540918e-04
4.47000000e-01	1.49999064e-02	1.44173490e-04
4.48000000e-01	1.49424991e-02	1.43548278e-04
4.49000000e-01	1.49917737e-02	1.44468973e-04
4.50000000e-01	1.48633516e-02	1.43334709e-04
4.51000000e-01	1.49694046e-02	1.44487241e-04
4.52000000e-01	1.48527071e-02	1.43718263e-04
4.53000000e-01	1.48669164e-02	1.43924625e-04
4.54000000e-01	1.48042989e-02	1.42996394e-04
4.55000000e-01	1.49056704e-02	1.44374267e-04
4.56000000e-01	1.48593839e-02	1.44026967e-04
4.57000000e-01	1.48767945e-02	1.44322046e-04
4.58000000e-01	1.48597196e-02	1.44159455e-04
4.59000000e-01	1.48754598e-02	1.44446635e-04
4.60000000e-01	1.47677869e-02	1.43689441e-04
4.61000000e-01	1.48450091e-02	1.44865234e-04
4.62000000e-01	1.47694594e-02	1.43697695e-04
4.63000000e-01	1.47974484e-02	1.44470225e-04
4.64000000e-01	1.46403180e-02	1.42626426e-04
4.65000000e-01	1.48003552e-02	1.44305642e-04
4.66000000e-01	1.47995321e-02	1.44526765e-04
4.67000000e-01	1.47680814e-02	1.44355018e-04
4.68000000e-01	1.47009247e-02	1.44125761e-04
4.69000000e-01	1.47545497e-02	1.44534828e-04
4.70000000e-01	1.48014279e-02	1.45284249e-04
4.71000000e-01	1.47880483e-02	1.44768386e-04
4.72000000e-01	1.45898200e-02	1.42990114e-04
4.73000000e-01	1.46929927e-02	1.44063635e-04
4.74000000e-01	1.46213792e-02	1.42984400e-04
4.75000000e-01	1.45355167e-02	1.42475479e-04
4.76000000e-01	1.45696710e-02	1.42540945e-04
4.77000000e-01	1.46174191e-02	1.43064702e-04
4.78000000e-01	1.45738221e-02	1.42975888e-04
4.79000000e-01	1.46867112e-02	1.43491137e-04
4.80000000e-01	1.45919483e-02	1.43197824e-04
4.81000000e-01	1.46367375e-02	1.43537581e-04
4.82000000e-01	1.46009029e-02	1.43401757e-04
4.83000000e-01	1.45676263e-02	1.43104667e-04
4.84000000e-01	1.44348845e-02	1.42242830e-04
4.85000000e-01	1.45223108e-02	1.42794364e-04
4.86000000e-01	1.44562073e-02	1.42172860e-04
4.87000000e-01	1.44865716e-02	1.42563146e-04
4.88000000e-01	1.45723304e-02	1.43532720e-04
4.89000000e-01	1.44628184e-02	1.42332830e-04
4.90000000e-01	1.45270487e-02	1.43391203e-04
4.91000000e-01	1.45996720e-02	1.43689933e-04
4.92000000e-01	1.45375173e-02	1.43527939e-04
4.93000000e-01	1.45047844e-02	1.43302255e-04
4.94000000e-01	1.46915891e-02	1.45013359e-04
4.95000000e-01	1.46042124e-02	1.44844210e-04
4.96000000e-01	1.45618390e-02	1.49673943e-04
4.97000000e-01	1.44529132e-02	1.50996333e-04
4.98000000e-01	1.46545267e-02	1.54883391e-04
4.99000000e-01	1.44703948e-02	1.54968129e-04
5.00000000e-01	1.44881983e-02	1.56960920e-04
5.01000000e-01	1.43194613e-02	1.56798556e-04
5.02000000e-01	1.44432810e-02	1.59593215e-04
5.03000000e-01	1.43327652e-02	1.59637682e-04
5.04000000e-01	1.44651146e-02	1.62553305e-04
5.05000000e-01	1.45229024e-02	1.60210863e-04
5.06000000e-01	1.45950518e-02	1.57931497e-04
5.07000000e-01	1.45464962e-02	1.56071405e-04
5.08000000e-01	1.45228473e-02	1.54688186e-04
5.09000000e-01	1.45757046e-02	1.53814711e-04
5.10000000e-01	1.44720419e-02	1.52978127e-04
5.11000000e-01	1.44113606e-02	1.51835369e-04
5.12000000e-01	1.44032998e-02	1.51324521e-04
5.13000000e-01	1.43672066e-02	1.50842672e-04
5.14000000e-01	1.43265019e-02	1.49914038e-04
5.15000000e-01	1.43637333e-02	1.49737392e-04
5.16000000e-01	1.44581956e-02	1.50236962e-04
5.17000000e-01	1.42905088e-02	1.48707521e-04
5.18000000e-01	1.43823802e-02	1.49577312e-04
5.19000000e-01	1.43380232e-02	1.48258853e-04
5.20000000e-01	1.42154532e-02	1.46814255e-04
5.21000000e-01	1.43769094e-02	1.48090252e-04
5.22000000e-01	1.43683968e-02	1.48329138e-04
5.23000000e-01	1.43123077e-02	1.47398616e-04
5.24000000e-01	1.42120793e-02	1.47167580e-04
5.25000000e-01	1.43757411e-02	1.47960239e-04
5.26000000e-01	1.41816801e-02	1.46215761e-04
5.27000000e-01	1.43385368e-02	1.47514023e-04
5.28000000e-01	1.41720102e-02	1.46377583e-04
5.29000000e-01	1.42280491e-02	1.46768917e-04
5.30000000e-01	1.41831554e-02	1.46470874e-04
5.31000000e-01	1.41023104e-02	1.45712047e-04
5.32000000e-01	1.40862375e-02	1.45586924e-04
5.33000000e-01	1.43063438e-02	1.46958591e-04
5.34000000e-01	1.42062893e-02	1.46276096e-04
5.35000000e-01	1.41903319e-02	1.46154394e-04
5.36000000e-01	1.42140342e-02	1.46581816e-04
5.37000000e-01	1.42227341e-02	1.46734252e-04
5.38000000e-01	1.39650413e-02	1.44312481e-04
5.39000000e-01	1.40752651e-02	1.45241602e-04
5.40000000e-01	1.42374658e-02	1.46526816e-04
5.41000000e-01	1.40115983e-02	1.44839835e-04
5.42000000e-01	1.41245570e-02	1.45528824e-04
5.43000000e-01	1.42234715e-02	1.46865674e-04
5.44000000e-01	1.40407305e-02	1.44710696e-04
5.45000000e-01	1.40468688e-02	1.44591562e-04
5.46000000e-01	1.40285454e-02	1.44589145e-04
5.47000000e-01	1.40065756e-02	1.44733502e-04
5.48000000e-01	1.40776851e-02	1.45092019e-04
5.49000000e-01	1.38724141e-02	1.42830856e-04
5.50000000e-01	1.39566976e-02	1.43609414e-04
5.51000000e-01	1.40714011e-02	1.44260160e-04
5.52000000e-01	1.39382945e-02	1.43572538e-04
5.53000000e-01	1.40201435e-02	1.44645667e-04
5.54000000e-01	1.39682169e-02	1.42954154e-04
5.55000000e-01	1.38455385e-02	1.42000359e-04
5.56000000e-01	1.39410907e-02	1.42983002e-04
5.57000000e-01	1.38046941e-02	1.41661262e-04
5.58000000e-01	1.38671191e-02	1.42360522e-04
5.59000000e-01	1.39500562e-02	1.43419593e-04
5.60000000e-01	1.40193143e-02	1.43854496e-04
5.61000000e-01	1.37276962e-02	1.40947529e-04
5.62000000e-01	1.37861872e-02	1.41978976e-04
5.63000000e-01	1.38926904e-02	1.42482800e-04
5.64000000e-01	1.38816025e-02	1.42164727e-04
5.65000000e-01	1.38180333e-02	1.41859885e-04
5.66000000e-01	1.37709772e-02	1.41288188e-04
5.67000000e-01	1.37985863e-02	1.42002028e-04
5.68000000e-01	1.40013835e-02	1.43298155e-04
5.69000000e-01	1.38009485e-02	1.41264096e-04
5.70000000e-01	1.37801254e-02	1.41228858e-04
5.71000000e-01	1.38038840e-02	1.41823572e-04
5.72000000e-01	1.38525693e-02	1.42361772e-04
5.73000000e-01	1.38878686e-02	1.42454478e-04
5.74000000e-01	1.38151796e-02	1.41739111e-04
5.75000000e-01	1.36799419e-02	1.40877349e-04
5.76000000e-01	1.37451968e-02	1.41457194e-04
5.77000000e-01	1.37234360e-02	1.40975685e-04
5.78000000e-01	1.36204000e-02	1.40292962e-04
5.79000000e-01	1.36561646e-02	1.40365086e-04
5.80000000e-01	1.35927754e-02	1.39511890e-04
5.81000000e-01	1.36003040e-02	1.40326341e-04
5.82000000e-01	1.37957736e-02	1.41690125e-04
5.83000000e-01	1.35136748e-02	1.39533013e-04
5.84000000e-01	1.34450575e-02	1.38730060e-04
5.85000000e-01	1.36439719e-02	1.40624354e-04
5.86000000e-01	1.36371612e-02	1.40332276e-04
5.87000000e-01	1.34733481e-02	1.38997834e-04
5.88000000e-01	1.35593348e-02	1.39827925e-04
5.89000000e-01	1.35321859e-02	1.39504343e-04
5.90000000e-01	1.34981841e-02	1.39562356e-04
5.91000000e-01	1.36191536e-02	1.40865728e-04
5.92000000e-01	1.36799727e-02	1.40532806e-04
5.93000000e-01	1.34679443e-02	1.38998744e-04
5.94000000e-01	1.35571534e-02	1.40100867e-04
5.95000000e-01	1.33318062e-02	1.38179625e-04
5.96000000e-01	1.34074453e-02	1.38880613e-04
5.97000000e-01	1.34958063e-02	1.39463545e-04
5.98000000e-01	1.34996751e-02	1.40018641e-04
5.99000000e-01	1.34211353e-02	1.38957948e-04
6.00000000e-01	1.34349033e-02	1.38743442e-04
6.01000000e-01	1.35820940e-02	1.40487509e-04
6.02000000e-01	1.33763087e-02	1.37783551e-04
6.03000000e-01	1.35442224e-02	1.39837603e-04
6.04000000e-01	1.34971544e-02	1.39573255e-04
6.05000000e-01	1.34171138e-02	1.38712794e-04
6.06000000e-01	1.33994012e-02	1.38851439e-04
6.07000000e-01	1.33681707e-02	1.38407390e-04
6.08000000e-01	1.34732646e-02	1.39625756e-04
6.09000000e-01	1.33184746e-02	1.38003263e-04
6.10000000e-01	1.33430517e-02	1.38334704e-04
6.11000000e-01	1.34756975e-02	1.39358863e-04
6.12000000e-01	1.33539197e-02	1.38522026e-04
6.13000000e-01	1.34556427e-02	1.39105712e-04
6.14000000e-01	1.32130397e-02	1.37150106e-04
6.15000000e-01	1.33482930e-02	1.37971170e-04
6.16000000e-01	1.33369503e-02	1.38473159e-04
6.17000000e-01	1.33112407e-02	1.38329881e-04
6.18000000e-01	1.33108189e-02	1.37661758e-04
6.19000000e-01	1.32618685e-02	1.37346661e-04
6.20000000e-01	1.33786140e-02	1.38152983e-04
6.21000000e-01	1.34542621e-02	1.38796188e-04
6.22000000e-01	1.31918941e-02	1.36292895e-04
6.23000000e-01	1.33541224e-02	1.37582205e-04
6.24000000e-01	1.32904228e-02	1.36906196e-04
6.25000000e-01	1.32521139e-02	1.36339108e-04
6.26000000e-01	1.32473061e-02	1.36069104e-04
6.27000000e-01	1.31976992e-02	1.36063602e-04
6.28000000e-01	1.33916291e-02	1.37568025e-04
6.29000000e-01	1.33093694e-02	1.36952900e-04
6.30000000e-01	1.33242008e-02	1.36985764e-04
6.31000000e-01	1.31607891e-02	1.35609116e-04
6.32000000e-01	1.33199151e-02	1.37251419e-04
6.33000000e-01	1.32342040e-02	1.36356238e-04
6.34000000e-01	1.31702538e-02	1.38981766e-04
6.35000000e-01	1.32671299e-02	1.43990092e-04
6.36000000e-01	1.33287856e-02	1.47625956e-04
6.37000000e-01	1.34429976e-02	1.50493889e-04
6.38000000e-01	1.34206834e-02	1.52280825e-04
6.39000000e-01	1.33477673e-02	1.53914399e-04
6.40000000e-01	1.32139329e-02	1.53879763e-04
6.41000000e-01	1.31855573e-02	1.55447922e-04
6.42000000e-01	1.32134115e-02	1.57503267e-04
6.43000000e-01	1.32337977e-02	1.58305984e-04
6.44000000e-01	1.33665694e-02	1.52903228e-04
6.45000000e-01	1.33208426e-02	1.50673056e-04
6.46000000e-01	1.32831253e-02	1.48733080e-04
6.47000000e-01	1.33230788e-02	1.48130194e-04
6.48000000e-01	1.33077384e-02	1.47050598e-04
6.49000000e-01	1.31985861e-02	1.45566467e-04
6.50000000e-01	1.31475638e-02	1.43495063e-04
6.51000000e-01	1.31724494e-02	1.43925016e-04
6.52000000e-01	1.32515796e-02	1.44492490e-04
6.53000000e-01	1.31960595e-02	1.43417390e-04
6.54000000e-01	1.31727227e-02	1.42270868e-04
6.55000000e-01	1.32123468e-02	1.42183200e-04
6.56000000e-01	1.31949694e-02	1.42099231e-04
6.57000000e-01	1.30664924e-02	1.40510416e-04
6.58000000e-01	1.32411722e-02	1.41793553e-04
6.59000000e-01	1.32434283e-02	1.41979699e-04
6.60000000e-01	1.30924620e-02	1.40318309e-04
6.61000000e-01	1.31935313e-02	1.41111703e-04
6.62000000e-01	1.32366642e-02	1.41547745e-04
6.63000000e-01	1.31595285e-02	1.41032712e-04
6.64000000e-01	1.31703960e-02	1.41143950e-04
6.65000000e-01	1.31610190e-02	1.40421485e-04
6.66000000e-01	1.33027660e-02	1.42007509e-04
6.67000000e-01	1.30913545e-02	1.40167563e-04
6.68000000e-01	1.30502637e-02	1.39809019e-04
6.69000000e-01	1.32360104e-02	1.41273391e-04
6.70000000e-01	1.30921237e-02	1.39493460e-04
6.71000000e-01	1.30746604e-02	1.39222904e-04
6.72000000e-01	1.28995444e-02	1.37715878e-04
6.73000000e-01	1.30704390e-02	1.39458459e-04
6.74000000e-01	1.29333075e-02	1.37633832e-04
6.75000000e-01	1.30538707e-02	1.38794789e-04
6.76000000e-01	1.30995949e-02	1.39569888e-04
6.77000000e-01	1.30502504e-02	1.38882055e-04
6.78000000e-01	1.29988182e-02	1.38267018e-04
6.79000000e-01	1.29642043e-02	1.37977139e-04
6.80000000e-01	1.29606687e-02	1.38178058e-04
6.81000000e-01	1.31240649e-02	1.39676367e-04
6.82000000e-01	1.31346450e-02	1.40192978e-04
6.83000000e-01	1.30622226e-02	1.38743767e-04
6.84000000e-01	1.29040677e-02	1.37437017e-04
6.85000000e-01	1.29764080e-02	1.37919682e-04
6.86000000e-01	1.29280681e-02	1.37668499e-04
6.87000000e-01	1.29017703e-02	1.37228473e-04
6.88000000e-01	1.28865550e-02	1.37405495e-04
6.89000000e-01	1.28522564e-02	1.36736712e-04
6.90000000e-01	1.30460077e-02	1.38593901e-04
6.91000000e-01	1.31247854e-02	1.39333200e-04
6.92000000e-01	1.29465648e-02	1.37358067e-04
6.93000000e-01	1.30429536e-02	1.38270567e-04
6.94000000e-01	1.29058484e-02	1.37204314e-04
6.95000000e-01	1.28382843e-02	1.36938073e-04
6.96000000e-01	1.29172935e-02	1.37617805e-04
6.97000000e-01	1.28406748e-02	1.36597930e-04
6.98000000e-01	1.27791959e-02	1.36644219e-04
6.99000000e-01	1.27780738e-02	1.35961816e-04
7.00000000e-01	1.29637279e-02	1.37394925e-04
7.01000000e-01	1.28722877e-02	1.36684251e-04
7.02000000e-01	1.28218629e-02	1.36637176e-04
7.03000000e-01	1.28119523e-02	1.36192469e-04
7.04000000e-01	1.28438451e-02	1.36503359e-04
7.05000000e-01	1.28170640e-02	1.36555764e-04
7.06000000e-01	1.27672814e-02	1.35649185e-04
7.07000000e-01	1.26597346e-02	1.34463153e-04
7.08000000e-01	1.27159292e-02	1.34923492e-04
7.09000000e-01	1.27810702e-02	1.35331258e-04
7.10000000e-01	1.26955634e-02	1.34946408e-04
7.11000000e-01	1.27816504e-02	1.35849013e-04
7.12000000e-01	1.27518623e-02	1.35202324e-04
7.13000000e-01	1.27406710e-02	1.35116791e-04
7.14000000e-01	1.27896304e-02	1.35627397e-04
7.15000000e-01	1.25806235e-02	1.33969182e-04
7.16000000e-01	1.26372791e-02	1.34229193e-04
7.17000000e-01	1.26041744e-02	1.34093240e-04
7.18000000e-01	1.26757780e-02	1.34714769e-04
7.19000000e-01	1.27260174e-02	1.35152984e-04
7.20000000e-01	1.25389559e-02	1.33150093e-04
7.21000000e-01	1.25750339e-02	1.34131623e-04
7.22000000e-01	1.25523818e-02	1.33662276e-04
7.23000000e-01	1.26474343e-02	1.33986107e-04
7.24000000e-01	1.24761525e-02	1.32592488e-04
7.25000000e-01	1.25083667e-02	1.32821043e-04
7.26000000e-01	1.25691000e-02	1.33767335e-04
7.27000000e-01	1.25514728e-02	1.33529897e-04
7.28000000e-01	1.25079122e-02	1.33325498e-04
7.29000000e-01	1.25265219e-02	1.33036243e-04
7.30000000e-01	1.22527609e-02	1.30809254e-04
7.31000000e-01	1.24326580e-02	1.32187623e-04
7.32000000e-01	1.26228194e-02	1.34364608e-04
7.33000000e-01	1.24761951e-02	1.32840565e-04
7.34000000e-01	1.24904549e-02	1.32732027e-04
7.35000000e-01	1.25311604e-02	1.32466802e-04
7.36000000e-01	1.23988873e-02	1.31278780e-04
7.37000000e-01	1.22972527e-02	1.30722138e-04
7.38000000e-01	1.24490853e-02	1.31372187e-04
7.39000000e-01	1.23168257e-02	1.30116713e-04
7.40000000e-01	1.23979310e-02	1.30970939e-04
7.41000000e-01	1.24225181e-02	1.30604484e-04
7.42000000e-01	1.23023402e-02	1.29573445e-04
7.43000000e-01	1.22695314e-02	1.29634610e-04
7.44000000e-01	1.23212429e-02	1.29784214e-04
7.45000000e-01	1.24183426e-02	1.31075981e-04
7.46000000e-01	1.22909301e-02	1.29675445e-04
7.47000000e-01	1.23286299e-02	1.29633159e-04
7.48000000e-01	1.23667111e-02	1.30228418e-04
7.49000000e-01	1.24314926e-02	1.30538512e-04
7.50000000e-01	1.24267246e-02	1.30761339e-04
7.51000000e-01	1.23545876e-02	1.30564065e-04
7.52000000e-01	1.23535010e-02	1.30106055e-04
7.53000000e-01	1.22434615e-02	1.28872030e-04
7.54000000e-01	1.22871937e-02	1.29653375e-04
7.55000000e-01	1.22897254e-02	1.29791767e-04
7.56000000e-01	1.22435376e-02	1.29317444e-04
7.57000000e-01	1.22921242e-02	1.29210694e-04
7.58000000e-01	1.21334860e-02	1.28066297e-04
7.59000000e-01	1.22156029e-02	1.28642369e-04
7.60000000e-01	1.20836890e-02	1.27451523e-04
7.61000000e-01	1.21672286e-02	1.27807164e-04
7.62000000e-01	1.20932611e-02	1.26882566e-04
7.63000000e-01	1.21663036e-02	1.27513670e-04
7.64000000e-01	1.21540688e-02	1.27103936e-04
7.65000000e-01	1.22341722e-02	1.27848857e-04
7.66000000e-01	1.21151216e-02	1.26616095e-04
7.67000000e-01	1.21121577e-02	1.26654901e-04
7.68000000e-01	1.21916477e-02	1.27399028e-04
7.69000000e-01	1.21273015e-02	1.26982731e-04
7.70000000e-01	1.20350129e-02	1.26164127e-04
7.71000000e-01	1.21780831e-02	1.27206686e-04
7.72000000e-01	1.19744315e-02	1.29120342e-04
7.73000000e-01	1.19340937e-02	1.33020704e-04
7.74000000e-01	1.20546931e-02	1.36991839e-04
7.75000000e-01	1.19536853e-02	1.37942401e-04
7.76000000e-01	1.20977658e-02	1.41718026e-04
7.77000000e-01	1.19390393e-02	1.42097230e-04
7.78000000e-01	1.19706438e-02	1.44840062e-04
7.79000000e-01	1.20250149e-02	1.46461046e-04
7.80000000e-01	1.19584300e-02	1.47442828e-04
7.81000000e-01	1.19895736e-02	1.49677788e-04
7.82000000e-01	1.20281501e-02	1.51152857e-04
7.83000000e-01	1.17687751e-02	1.50844578e-04
7.84000000e-01	1.19400004e-02	1.53828167e-04
7.85000000e-01	1.18665614e-02	1.54918009e-04
7.86000000e-01	1.18626004e-02	1.56400599e-04
7.87000000e-01	1.18169753e-02	1.56904467e-04
7.88000000e-01	1.19143752e-02	1.60660638e-04
7.89000000e-01	1.19689528e-02	1.61728214e-04
7.90000000e-01	1.16204507e-02	1.59209813e-04
7.91000000e-01	1.17721167e-02	1.63356443e-04
7.92000000e-01	1.18692221e-02	1.65450071e-04
7.93000000e-01	1.17334379e-02	1.65734201e-04
7.94000000e-01	1.18622094e-02	1.69067678e-04
7.95000000e-01	1.18235095e-02	1.70688240e-04
7.96000000e-01	1.18621548e-02	1.72336721e-04
7.97000000e-01	1.18587103e-02	1.73959461e-04
7.98000000e-01	1.17815949e-02	1.75060704e-04
7.99000000e-01	1.17291117e-02	1.76337415e-04
8.00000000e-01	1.15738202e-02	1.76219773e-04
8.01000000e-01	1.18058366e-02	1.81268803e-04
8.02000000e-01	1.16418913e-02	1.80602013e-04
8.03000000e-01	1.17533360e-02	1.84631594e-04
8.04000000e-01	1.16032018e-02	1.83438756e-04
8.05000000e-01	1.15100628e-02	1.84228571e-04
8.06000000e-01	1.16742898e-02	1.88785961e-04
8.07000000e-01	1.16852006e-02	1.90174657e-04
8.08000000e-01	1.14733831e-02	1.91778305e-04
8.09000000e-01	1.16424207e-02	1.94734617e-04
8.10000000e-01	1.14339400e-02	1.95455659e-04
8.11000000e-01	1.14946616e-02	1.97461284e-04
8.12000000e-01	1.14148363e-02	1.97838174e-04
8.13000000e-01	1.14424657e-02	2.00410863e-04
8.14000000e-01	1.15014528e-02	2.04129321e-04
8.15000000e-01	1.16165136e-02	2.08531228e-04
8.16000000e-01	1.16588544e-02	2.10627811e-04
8.17000000e-01	1.15730753e-02	2.11848828e-04
8.18000000e-01	1.14752784e-02	2.12343199e-04
8.19000000e-01	1.14048888e-02	2.14187915e-04
8.20000000e-01	1.13877879e-02	2.17217651e-04
8.21000000e-01	1.13715388e-02	2.20545569e-04
8.22000000e-01	1.13639883e-02	2.23450344e-04
8.23000000e-01	1.14331706e-02	2.27156648e-04
8.24000000e-01	1.13034551e-02	2.28322425e-04
8.25000000e-01	1.10150666e-02	2.25680597e-04
8.26000000e-01	1.14646113e-02	2.37787652e-04
8.27000000e-01	1.12602188e-02	2.36348276e-04
8.28000000e-01	1.11142820e-02	2.39833304e-04
8.29000000e-01	1.13007825e-02	2.43077994e-04
8.30000000e-01	1.11357611e-02	2.47340587e-04
8.31000000e-01	1.14837944e-02	2.56639714e-04
8.32000000e-01	1.12678059e-02	2.56520568e-04
8.33000000e-01	1.13122756e-02	2.63097812e-04
8.34000000e-01	1.13566828e-02	2.66869495e-04
8.35000000e-01	1.12442982e-02	2.70809497e-04
8.36000000e-01	1.12307847e-02	2.74961963e-04
8.37000000e-01	1.11689258e-02	2.77510826e-04
8.38000000e-01	1.11282618e-02	2.85809059e-04
8.39000000e-01	1.11133853e-02	2.86280655e-04
8.40000000e-01	1.10133922e-02	2.92399566e-04
8.41000000e-01	1.10344436e-02	3.00267307e-04
8.42000000e-01	1.10288722e-02	3.04886525e-04
8.43000000e-01	1.08600405e-02	3.09544734e-04
8.44000000e-01	1.08982452e-02	3.14756552e-04
8.45000000e-01	1.11323955e-02	3.32000708e-04
8.46000000e-01	1.10180404e-02	3.41282631e-04
8.47000000e-01	1.13467639e-02	3.55110367e-04
8.48000000e-01	1.07797726e-02	3.50242929e-04
8.49000000e-01	1.10922969e-02	3.68200478e-04
8.50000000e-01	1.11257944e-02	3.85618768e-04
8.51000000e-01	1.09605927e-02	3.97103563e-04
8.52000000e-01	1.07775925e-02	4.08537189e-04
8.53000000e-01	1.05500324e-02	4.16764901e-04
8.54000000e-01	1.09162705e-02	4.49452732e-04
8.55000000e-01	1.05197410e-02	4.48851271e-04
8.56000000e-01	1.07138927e-02	4.57501335e-04
8.57000000e-01	1.04430692e-02	4.70449411e-04
8.58000000e-01	1.08417826e-02	4.98523649e-04
8.59000000e-01	1.06299978e-02	5.06867034e-04
8.60000000e-01	1.08679335e-02	5.33352022e-04
8.61000000e-01	1.07334430e-02	5.52687233e-04
8.62000000e-01	1.05332936e-02	5.60038038e-04
8.63000000e-01	1.07577130e-02	5.79536770e-04
8.64000000e-01	1.05671715e-02	6.04937836e-04
8.65000000e-01	1.05121600e-02	6.20841185e-04
8.66000000e-01	1.08071755e-02	6.93321083e-04
8.67000000e-01	1.08493681e-02	7.18070792e-04
8.68000000e-01	1.14472297e-02	8.14444297e-04
8.69000000e-01	9.94181443e-03	7.79500793e-04
8.70000000e-01	1.10031668e-02	9.19054063e-04
8.71000000e-01	1.07997796e-02	9.98191753e-04
8.72000000e-01	1.13824394e-02	1.17395748e-03
8.73000000e-01	9.63717132e-03	1.20267282e-03
8.74000000e-01	1.07983282e-02	1.77714955e-03
8.75000000e-01	1.10829431e-02	3.51508457e-03
