% Filename : SEC3_00043_00015.h5
% Date & Time : 30-Oct-2025 18:02:51
% X-ray Energy (keV) : 13.30001
% Exposure Time (s) : 0.500
% Beam Center : 1461.24000, 208.98300
% Sample to Detector Distance (SDD) (mm) : 1990.750
% Detector Pixel Size (mm) : 0.075
% Photodiode Value : 140914.000
% I0 of Sample : 0
% I0 of Standard : 1
% 
% q(A^-1)   I(q)    I(q)_SE
0.00000000e+00	7.69266674e-03	4.05439668e-03
2.50000000e-04	0.00000000e+00	0.00000000e+00
5.00000000e-04	0.00000000e+00	0.00000000e+00
7.50000000e-04	0.00000000e+00	0.00000000e+00
1.00000000e-03	0.00000000e+00	0.00000000e+00
1.25000000e-03	0.00000000e+00	0.00000000e+00
1.50000000e-03	0.00000000e+00	0.00000000e+00
1.75000000e-03	0.00000000e+00	0.00000000e+00
2.00000000e-03	0.00000000e+00	0.00000000e+00
2.25000000e-03	0.00000000e+00	0.00000000e+00
2.50000000e-03	0.00000000e+00	0.00000000e+00
2.75000000e-03	0.00000000e+00	0.00000000e+00
3.00000000e-03	0.00000000e+00	0.00000000e+00
3.25000000e-03	2.24714908e+02	1.53465605e+02
3.50000000e-03	1.98000186e+02	5.13963175e+01
3.75000000e-03	1.57979428e+02	3.18520151e+01
4.00000000e-03	1.13931590e+02	2.09432007e+01
4.25000000e-03	8.04689608e+01	1.23095563e+01
4.50000000e-03	7.10845094e+01	9.43371073e+00
4.75000000e-03	5.83315170e+01	7.05519937e+00
5.00000000e-03	4.77055411e+01	5.44710057e+00
5.25000000e-03	3.86099754e+01	4.37606644e+00
5.50000000e-03	3.20739303e+01	3.48891475e+00
5.75000000e-03	2.71840809e+01	2.88962016e+00
6.00000000e-03	2.25274378e+01	2.29208697e+00
6.25000000e-03	1.91432285e+01	1.94652050e+00
6.50000000e-03	1.67425555e+01	1.64138232e+00
6.75000000e-03	1.41906096e+01	1.37114192e+00
7.00000000e-03	1.26384992e+01	1.19802429e+00
7.25000000e-03	1.08537315e+01	1.00647706e+00
7.50000000e-03	9.55429468e+00	8.77652859e-01
7.75000000e-03	8.42414250e+00	7.54981650e-01
8.00000000e-03	7.35596966e+00	6.50867706e-01
8.25000000e-03	6.63997311e+00	5.71229386e-01
8.50000000e-03	5.87185590e+00	4.92119238e-01
8.75000000e-03	5.29064712e+00	4.40235894e-01
9.00000000e-03	4.73111858e+00	3.90258653e-01
9.25000000e-03	4.17469419e+00	3.33084878e-01
9.50000000e-03	3.77180006e+00	2.94213799e-01
9.75000000e-03	3.38888473e+00	2.62059004e-01
1.00000000e-02	3.07753760e+00	2.34616736e-01
1.02500000e-02	2.76314767e+00	2.11384502e-01
1.05000000e-02	2.55441711e+00	1.88213623e-01
1.07500000e-02	2.32354467e+00	1.70909355e-01
1.10000000e-02	2.12539476e+00	1.51473842e-01
1.12500000e-02	1.92941870e+00	1.39976264e-01
1.15000000e-02	1.77410100e+00	1.25172525e-01
1.17500000e-02	1.61388809e+00	1.10977785e-01
1.20000000e-02	1.51815286e+00	1.04037397e-01
1.22500000e-02	1.41414833e+00	9.55103705e-02
1.25000000e-02	1.30253797e+00	8.74762378e-02
1.27500000e-02	1.20715937e+00	8.00575165e-02
1.30000000e-02	1.11892839e+00	7.26750393e-02
1.32500000e-02	1.03352757e+00	6.51164817e-02
1.35000000e-02	9.45105939e-01	5.97566412e-02
1.37500000e-02	8.89608687e-01	5.60463501e-02
1.40000000e-02	8.23589622e-01	5.13214571e-02
1.42500000e-02	7.73984641e-01	4.71804710e-02
1.45000000e-02	7.28126595e-01	4.39683079e-02
1.47500000e-02	6.79004972e-01	4.09739345e-02
1.50000000e-02	6.37967768e-01	3.81982871e-02
1.52500000e-02	5.94729312e-01	3.52550317e-02
1.55000000e-02	5.60362380e-01	3.24509337e-02
1.57500000e-02	5.22377873e-01	3.00769995e-02
1.60000000e-02	4.92242504e-01	2.78772313e-02
1.62500000e-02	4.65987140e-01	2.68033332e-02
1.65000000e-02	4.47666630e-01	2.51103854e-02
1.67500000e-02	4.20945279e-01	2.31818078e-02
1.70000000e-02	3.99460003e-01	2.20248196e-02
1.72500000e-02	3.75468447e-01	2.05734256e-02
1.75000000e-02	3.60628575e-01	1.96586084e-02
1.77500000e-02	3.37792271e-01	1.80958614e-02
1.80000000e-02	3.23592642e-01	1.73113805e-02
1.82500000e-02	3.07818614e-01	1.60208269e-02
1.85000000e-02	2.93984756e-01	1.56731824e-02
1.87500000e-02	2.76875517e-01	1.44674511e-02
1.90000000e-02	2.67722311e-01	1.38693113e-02
1.92500000e-02	2.56768450e-01	1.31163532e-02
1.95000000e-02	2.42681247e-01	1.22458477e-02
1.97500000e-02	2.31728820e-01	1.17796483e-02
2.00000000e-02	2.18673648e-01	1.09556606e-02
2.02500000e-02	2.13631780e-01	1.06425815e-02
2.05000000e-02	2.02665351e-01	9.88173476e-03
2.07500000e-02	1.97062240e-01	9.58280368e-03
2.10000000e-02	1.86117373e-01	9.10103761e-03
2.12500000e-02	1.86093140e-01	9.16226366e-03
2.15000000e-02	1.77892575e-01	8.62973772e-03
2.17500000e-02	1.71229194e-01	8.37831360e-03
2.20000000e-02	1.65535579e-01	8.08614310e-03
2.22500000e-02	1.58258184e-01	7.70676755e-03
2.25000000e-02	1.56844979e-01	7.67960408e-03
2.27500000e-02	1.49298417e-01	7.26015833e-03
2.30000000e-02	1.45820892e-01	7.11668280e-03
2.32500000e-02	1.38252390e-01	6.71018882e-03
2.35000000e-02	1.34373359e-01	6.61308436e-03
2.37500000e-02	1.29935963e-01	6.31259724e-03
2.40000000e-02	1.26196036e-01	6.15395764e-03
2.42500000e-02	1.23487250e-01	5.99785125e-03
2.45000000e-02	1.19967474e-01	5.83212723e-03
2.47500000e-02	1.14713694e-01	5.51298478e-03
2.50000000e-02	1.10745334e-01	5.35820111e-03
2.52500000e-02	1.07795244e-01	5.23148182e-03
2.55000000e-02	1.06579559e-01	5.05890337e-03
2.57500000e-02	1.01518246e-01	4.83587541e-03
2.60000000e-02	9.93345103e-02	4.69261095e-03
2.62500000e-02	9.70502736e-02	4.66059395e-03
2.65000000e-02	9.22810757e-02	4.36556621e-03
2.67500000e-02	8.98621318e-02	4.22067045e-03
2.70000000e-02	8.75044121e-02	4.14898651e-03
2.72500000e-02	8.63050976e-02	4.03836248e-03
2.75000000e-02	8.19573822e-02	3.91616891e-03
2.77500000e-02	8.12969958e-02	3.88610085e-03
2.80000000e-02	7.93342376e-02	3.67799029e-03
2.82500000e-02	7.75234913e-02	3.57918955e-03
2.85000000e-02	7.52008758e-02	3.51387709e-03
2.87500000e-02	7.53962795e-02	3.50986777e-03
2.90000000e-02	7.19630555e-02	3.35998487e-03
2.92500000e-02	7.06191518e-02	3.21780458e-03
2.95000000e-02	7.02284506e-02	3.25797255e-03
2.97500000e-02	6.78118347e-02	3.10695128e-03
3.00000000e-02	6.88301377e-02	3.16559457e-03
3.02500000e-02	6.54887060e-02	3.01862889e-03
3.05000000e-02	6.54578272e-02	2.95027836e-03
3.07500000e-02	6.35727933e-02	2.90331585e-03
3.10000000e-02	6.19083366e-02	2.81048935e-03
3.12500000e-02	5.96916960e-02	2.73001687e-03
3.15000000e-02	6.02005031e-02	2.70266946e-03
3.17500000e-02	5.82426957e-02	2.59222979e-03
3.20000000e-02	5.74142982e-02	2.58941062e-03
3.22500000e-02	5.55047205e-02	2.50115791e-03
3.25000000e-02	5.46204946e-02	2.46581381e-03
3.27500000e-02	5.40638722e-02	2.41573034e-03
3.30000000e-02	5.21207058e-02	2.31108614e-03
3.32500000e-02	5.07728768e-02	2.26021098e-03
3.35000000e-02	5.07935618e-02	2.27588576e-03
3.37500000e-02	5.00263998e-02	2.21971050e-03
3.40000000e-02	5.04438676e-02	2.25081433e-03
3.42500000e-02	5.01024561e-02	2.20264544e-03
3.45000000e-02	4.77426371e-02	2.14728275e-03
3.47500000e-02	4.63850524e-02	2.03533811e-03
3.50000000e-02	4.64715533e-02	2.04442985e-03
3.52500000e-02	4.57172072e-02	2.00813389e-03
3.55000000e-02	4.49262444e-02	1.95302889e-03
3.57500000e-02	4.53135614e-02	1.97606364e-03
3.60000000e-02	4.48076003e-02	1.95813969e-03
3.62500000e-02	4.20291632e-02	1.85487693e-03
3.65000000e-02	4.30653667e-02	1.89092446e-03
3.67500000e-02	4.22255558e-02	1.83041747e-03
3.70000000e-02	4.22182986e-02	1.83098573e-03
3.72500000e-02	4.11814142e-02	1.77641053e-03
3.75000000e-02	4.04596629e-02	1.76363806e-03
3.77500000e-02	3.96856343e-02	1.71880015e-03
3.80000000e-02	3.88208932e-02	1.68601456e-03
3.82500000e-02	4.00165123e-02	1.70838437e-03
3.85000000e-02	3.76055341e-02	1.62416432e-03
3.87500000e-02	3.84913023e-02	1.64237951e-03
3.90000000e-02	3.73287382e-02	1.60629949e-03
3.92500000e-02	3.74271208e-02	1.57880344e-03
3.95000000e-02	3.65760056e-02	1.56768582e-03
3.97500000e-02	3.64796655e-02	1.54116687e-03
4.00000000e-02	3.69107638e-02	1.55895139e-03
4.02500000e-02	3.51015835e-02	1.48420136e-03
4.05000000e-02	3.60145729e-02	1.51867987e-03
4.07500000e-02	3.50310199e-02	1.46911499e-03
4.10000000e-02	3.50162383e-02	1.47599088e-03
4.12500000e-02	3.52592658e-02	1.48462362e-03
4.15000000e-02	3.50681906e-02	1.45622975e-03
4.17500000e-02	3.37771915e-02	1.41134982e-03
4.20000000e-02	3.42095306e-02	1.40915504e-03
4.22500000e-02	3.42550381e-02	1.41948366e-03
4.25000000e-02	3.28347863e-02	1.36462176e-03
4.27500000e-02	3.32414629e-02	1.37502151e-03
4.30000000e-02	3.30463991e-02	1.37351662e-03
4.32500000e-02	3.28602453e-02	1.34806767e-03
4.35000000e-02	3.16824306e-02	1.31052868e-03
4.37500000e-02	3.12991704e-02	1.28253451e-03
4.40000000e-02	3.12492317e-02	1.28441074e-03
4.42500000e-02	3.10801996e-02	1.27429845e-03
4.45000000e-02	3.18212249e-02	1.29127135e-03
4.47500000e-02	3.10124215e-02	1.25910358e-03
4.50000000e-02	3.06350186e-02	1.25455759e-03
4.52500000e-02	3.05067512e-02	1.24264671e-03
4.55000000e-02	3.06017184e-02	1.23775606e-03
4.57500000e-02	3.04097628e-02	1.23310420e-03
4.60000000e-02	2.95624465e-02	1.20006382e-03
4.62500000e-02	3.07175066e-02	1.23625760e-03
4.65000000e-02	3.00423820e-02	1.21344066e-03
4.67500000e-02	2.91475573e-02	1.16599036e-03
4.70000000e-02	2.94992182e-02	1.17664498e-03
4.72500000e-02	2.97492439e-02	1.19510451e-03
4.75000000e-02	2.98502160e-02	1.20591402e-03
4.77500000e-02	2.84012734e-02	1.12969169e-03
4.80000000e-02	2.86261395e-02	1.13991372e-03
4.82500000e-02	2.82503129e-02	1.11822367e-03
4.85000000e-02	2.86290694e-02	1.14973885e-03
4.87500000e-02	2.79440847e-02	1.11405509e-03
4.90000000e-02	2.82628178e-02	1.10908719e-03
4.92500000e-02	2.75242423e-02	1.08508025e-03
4.95000000e-02	2.79202572e-02	1.10396414e-03
4.97500000e-02	2.91230259e-02	1.14988271e-03
5.00000000e-02	2.74296274e-02	1.07919411e-03
5.02500000e-02	2.77636176e-02	1.07912431e-03
5.05000000e-02	2.71937698e-02	1.05668021e-03
5.07500000e-02	2.70143784e-02	1.05766978e-03
5.10000000e-02	2.72707426e-02	1.07239400e-03
5.12500000e-02	2.70414189e-02	1.05826110e-03
5.15000000e-02	2.67872445e-02	1.03225939e-03
5.17500000e-02	2.64983516e-02	1.03182832e-03
5.20000000e-02	2.63189889e-02	1.02002418e-03
5.22500000e-02	2.62150336e-02	1.01935502e-03
5.25000000e-02	2.56723620e-02	9.98863824e-04
5.27500000e-02	2.65386671e-02	1.01652125e-03
5.30000000e-02	2.64302180e-02	1.02211623e-03
5.32500000e-02	2.64911667e-02	1.01625823e-03
5.35000000e-02	2.57009034e-02	9.90452458e-04
5.37500000e-02	2.64041537e-02	1.00931781e-03
5.40000000e-02	2.49894348e-02	9.60064475e-04
5.42500000e-02	2.60900116e-02	9.91657129e-04
5.45000000e-02	2.58158404e-02	9.83764242e-04
5.47500000e-02	2.56568059e-02	9.73197668e-04
5.50000000e-02	2.50742046e-02	9.57720571e-04
5.52500000e-02	2.54318962e-02	9.57410013e-04
5.55000000e-02	2.56423966e-02	9.69543334e-04
5.57500000e-02	2.51580657e-02	9.61607868e-04
5.60000000e-02	2.51020707e-02	9.48665714e-04
5.62500000e-02	2.57587599e-02	9.72654018e-04
5.65000000e-02	2.52422200e-02	9.46652664e-04
5.67500000e-02	2.49427909e-02	9.39731854e-04
5.70000000e-02	2.51356517e-02	9.44244974e-04
5.72500000e-02	2.49202575e-02	9.38671168e-04
5.75000000e-02	2.45984271e-02	9.19261956e-04
5.77500000e-02	2.46488883e-02	9.13260986e-04
5.80000000e-02	2.41917651e-02	8.95848737e-04
5.82500000e-02	2.50478099e-02	9.30971943e-04
5.85000000e-02	2.40892441e-02	8.98352154e-04
5.87500000e-02	2.39815946e-02	8.88597148e-04
5.90000000e-02	2.48997144e-02	9.21632229e-04
5.92500000e-02	2.44722151e-02	9.00777243e-04
5.95000000e-02	2.40446317e-02	8.87989473e-04
5.97500000e-02	2.41224266e-02	8.94412606e-04
6.00000000e-02	2.33559284e-02	8.67721103e-04
6.02500000e-02	2.35026584e-02	8.66456717e-04
6.05000000e-02	2.41031778e-02	8.83862661e-04
6.07500000e-02	2.42839569e-02	8.91697986e-04
6.10000000e-02	2.33281223e-02	8.57376864e-04
6.12500000e-02	2.36230858e-02	8.54099878e-04
6.15000000e-02	2.43122628e-02	8.91972695e-04
6.17500000e-02	2.40644560e-02	8.73974606e-04
6.20000000e-02	2.38354508e-02	8.65462043e-04
6.22500000e-02	2.37414452e-02	8.62863360e-04
6.25000000e-02	2.34187930e-02	8.52374302e-04
6.27500000e-02	2.35546952e-02	8.52629557e-04
6.30000000e-02	2.29176323e-02	8.28781408e-04
6.32500000e-02	2.30516463e-02	8.38721992e-04
6.35000000e-02	2.36762280e-02	8.53778690e-04
6.37500000e-02	2.32660789e-02	8.42107554e-04
6.40000000e-02	2.35928977e-02	8.46970089e-04
6.42500000e-02	2.38583248e-02	8.46291043e-04
6.45000000e-02	2.30632627e-02	8.24723382e-04
6.47500000e-02	2.35943201e-02	8.48526741e-04
6.50000000e-02	2.25759915e-02	8.05904633e-04
6.52500000e-02	2.37253544e-02	8.41999094e-04
6.55000000e-02	2.30451383e-02	8.19523576e-04
6.57500000e-02	2.27953063e-02	8.15738367e-04
6.60000000e-02	2.29562113e-02	8.10387400e-04
6.62500000e-02	2.25544490e-02	7.96181152e-04
6.65000000e-02	2.33564200e-02	8.21587924e-04
6.67500000e-02	2.28002186e-02	8.00723829e-04
6.70000000e-02	2.30705485e-02	8.20157400e-04
6.72500000e-02	2.26686806e-02	7.97349798e-04
6.75000000e-02	2.27240548e-02	7.95961733e-04
6.77500000e-02	2.30067985e-02	8.09573566e-04
6.80000000e-02	2.23887552e-02	7.85826524e-04
6.82500000e-02	2.26359583e-02	7.94862628e-04
6.85000000e-02	2.30018501e-02	8.12567184e-04
6.87500000e-02	2.28963022e-02	8.00995902e-04
6.90000000e-02	2.25325593e-02	7.83326453e-04
6.92500000e-02	2.28021250e-02	7.93434654e-04
6.95000000e-02	2.25078942e-02	7.83550123e-04
6.97500000e-02	2.22873415e-02	7.76266263e-04
7.00000000e-02	2.28825351e-02	7.83893318e-04
7.02500000e-02	2.22836542e-02	7.72331137e-04
7.05000000e-02	2.22095639e-02	7.65903530e-04
7.07500000e-02	2.27764698e-02	7.93485756e-04
7.10000000e-02	2.15358106e-02	7.44954834e-04
7.12500000e-02	2.21860053e-02	7.66260532e-04
7.15000000e-02	2.22609896e-02	7.67498828e-04
7.17500000e-02	2.17162158e-02	7.45190300e-04
7.20000000e-02	2.24572665e-02	7.74051527e-04
7.22500000e-02	2.19715085e-02	7.60275640e-04
7.25000000e-02	2.17840696e-02	7.43604301e-04
7.27500000e-02	2.20948788e-02	7.55310419e-04
7.30000000e-02	2.22296852e-02	7.62983765e-04
7.32500000e-02	2.20013514e-02	7.45519134e-04
7.35000000e-02	2.21955178e-02	7.59358231e-04
7.37500000e-02	2.24145576e-02	7.56256280e-04
7.40000000e-02	2.22312975e-02	7.55214760e-04
7.42500000e-02	2.21911570e-02	7.55385011e-04
7.45000000e-02	2.21469068e-02	7.51721388e-04
7.47500000e-02	2.22441668e-02	7.48799586e-04
7.50000000e-02	2.17008719e-02	7.35893424e-04
7.52500000e-02	2.19969672e-02	7.40677144e-04
7.55000000e-02	2.20933111e-02	7.46956137e-04
7.57500000e-02	2.11660493e-02	7.09368552e-04
7.60000000e-02	2.15920736e-02	7.29812344e-04
7.62500000e-02	2.15310005e-02	7.25540769e-04
7.65000000e-02	2.18682760e-02	7.33662474e-04
7.67500000e-02	2.20172479e-02	7.36189722e-04
7.70000000e-02	2.22604366e-02	7.37141947e-04
7.72500000e-02	2.17390810e-02	7.35698276e-04
7.75000000e-02	2.17180675e-02	7.45768722e-04
7.77500000e-02	2.19505723e-02	7.51594982e-04
7.80000000e-02	2.16169007e-02	7.51167387e-04
7.82500000e-02	2.22128872e-02	7.74812833e-04
7.85000000e-02	2.11948579e-02	7.42186851e-04
7.87500000e-02	2.18769548e-02	7.64294025e-04
7.90000000e-02	2.18114837e-02	7.71974988e-04
7.92500000e-02	2.13522622e-02	7.52488870e-04
7.95000000e-02	2.16197068e-02	7.63989371e-04
7.97500000e-02	2.14081647e-02	7.63137745e-04
8.00000000e-02	2.16586668e-02	7.72635916e-04
8.02500000e-02	2.15967179e-02	7.71530196e-04
8.05000000e-02	2.16655144e-02	7.72238939e-04
8.07500000e-02	2.19872750e-02	7.91355659e-04
8.10000000e-02	2.17211630e-02	7.80325036e-04
8.12500000e-02	2.20062227e-02	7.89797934e-04
8.15000000e-02	2.15909664e-02	7.73352242e-04
8.17500000e-02	2.15613044e-02	7.76963863e-04
8.20000000e-02	2.16584829e-02	7.76852690e-04
8.22500000e-02	2.16336853e-02	7.84870803e-04
8.25000000e-02	2.19424948e-02	7.91529277e-04
8.27500000e-02	2.13745522e-02	7.68075486e-04
8.30000000e-02	2.18176032e-02	7.89566432e-04
8.32500000e-02	2.12905531e-02	7.74713260e-04
8.35000000e-02	2.20481197e-02	8.15011983e-04
8.37500000e-02	2.07942141e-02	7.53123708e-04
8.40000000e-02	2.15759521e-02	7.82069280e-04
8.42500000e-02	2.17707435e-02	7.98225006e-04
8.45000000e-02	2.11560901e-02	7.78663563e-04
8.47500000e-02	2.19815421e-02	8.07177247e-04
8.50000000e-02	2.12206322e-02	7.80958315e-04
8.52500000e-02	2.10573329e-02	7.72389570e-04
8.55000000e-02	2.13810055e-02	7.88729547e-04
8.57500000e-02	2.08359218e-02	7.72169960e-04
8.60000000e-02	2.19196958e-02	8.08271291e-04
8.62500000e-02	2.13120255e-02	7.85880216e-04
8.65000000e-02	2.12751448e-02	7.82286449e-04
8.67500000e-02	2.14456292e-02	7.79557536e-04
8.70000000e-02	2.09377868e-02	7.62471947e-04
8.72500000e-02	2.15436134e-02	7.65043688e-04
8.75000000e-02	2.14125763e-02	7.54587629e-04
8.77500000e-02	2.15033283e-02	7.50188704e-04
8.80000000e-02	2.18898509e-02	7.63964319e-04
8.82500000e-02	2.11556279e-02	7.44263059e-04
8.85000000e-02	2.11752518e-02	7.33712202e-04
8.87500000e-02	2.14719111e-02	7.29654412e-04
8.90000000e-02	2.11912561e-02	7.28194511e-04
8.92500000e-02	2.11730145e-02	7.24504048e-04
8.95000000e-02	2.13367465e-02	7.26959384e-04
8.97500000e-02	2.14110009e-02	7.22176910e-04
9.00000000e-02	2.13298020e-02	7.19067362e-04
9.02500000e-02	2.08968503e-02	7.08580993e-04
9.05000000e-02	2.14086461e-02	7.16148877e-04
9.07500000e-02	2.12071316e-02	7.18654745e-04
9.10000000e-02	2.11026881e-02	7.06874785e-04
9.12500000e-02	2.06210483e-02	6.92279435e-04
9.15000000e-02	2.09718853e-02	6.98273609e-04
9.17500000e-02	2.12112115e-02	7.07455235e-04
9.20000000e-02	2.10569364e-02	6.98297156e-04
9.22500000e-02	2.06910239e-02	6.92039552e-04
9.25000000e-02	2.12399754e-02	6.97580601e-04
9.27500000e-02	2.08503575e-02	6.92275154e-04
9.30000000e-02	2.10833802e-02	6.91635689e-04
9.32500000e-02	2.09464485e-02	6.97046350e-04
9.35000000e-02	2.05675940e-02	6.74110002e-04
9.37500000e-02	2.11242473e-02	6.83462656e-04
9.40000000e-02	2.06602114e-02	6.74821298e-04
9.42500000e-02	2.13175687e-02	6.91235207e-04
9.45000000e-02	2.07557010e-02	6.74069571e-04
9.47500000e-02	2.12353658e-02	6.89338429e-04
9.50000000e-02	2.08819625e-02	6.76314931e-04
9.52500000e-02	2.08086426e-02	6.71336471e-04
9.55000000e-02	2.08578707e-02	6.69612229e-04
9.57500000e-02	2.11515040e-02	6.86597961e-04
9.60000000e-02	2.05820771e-02	6.62618854e-04
9.62500000e-02	2.06681924e-02	6.64723957e-04
9.65000000e-02	2.05455582e-02	6.60312112e-04
9.67500000e-02	2.07689877e-02	6.64017591e-04
9.70000000e-02	2.10215799e-02	6.73350827e-04
9.72500000e-02	2.11933184e-02	6.74441358e-04
9.75000000e-02	2.06524758e-02	6.59641569e-04
9.77500000e-02	2.11005217e-02	6.69567854e-04
9.80000000e-02	2.08128119e-02	6.60235321e-04
9.82500000e-02	2.07604709e-02	6.65830540e-04
9.85000000e-02	2.11329437e-02	6.68668597e-04
9.87500000e-02	2.05821485e-02	6.52379574e-04
9.90000000e-02	2.07295497e-02	6.54880336e-04
9.92500000e-02	2.07405776e-02	6.58836361e-04
9.95000000e-02	2.07255682e-02	6.54645310e-04
9.97500000e-02	2.08634755e-02	6.56856953e-04
1.00000000e-01	2.06110464e-02	5.27673704e-04
1.00500000e-01	2.07271086e-02	4.60369814e-04
1.01000000e-01	2.08126381e-02	4.58174704e-04
1.01500000e-01	2.05275170e-02	4.54365145e-04
1.02000000e-01	2.08957310e-02	4.58867299e-04
1.02500000e-01	2.06168883e-02	4.52385630e-04
1.03000000e-01	2.04644135e-02	4.48215125e-04
1.03500000e-01	2.01420063e-02	4.40841709e-04
1.04000000e-01	2.07145461e-02	4.51173889e-04
1.04500000e-01	2.08878021e-02	4.54261274e-04
1.05000000e-01	2.09726283e-02	4.50707117e-04
1.05500000e-01	2.05014971e-02	4.43642707e-04
1.06000000e-01	2.05895714e-02	4.42464610e-04
1.06500000e-01	2.06934660e-02	4.41909706e-04
1.07000000e-01	2.07252880e-02	4.49168065e-04
1.07500000e-01	2.07327692e-02	4.56159501e-04
1.08000000e-01	2.05730696e-02	4.60869596e-04
1.08500000e-01	2.02382061e-02	4.54830096e-04
1.09000000e-01	2.03309941e-02	4.61430400e-04
1.09500000e-01	2.09521467e-02	4.75235755e-04
1.10000000e-01	2.05858427e-02	4.61148771e-04
1.10500000e-01	2.06625780e-02	4.52905943e-04
1.11000000e-01	2.05154302e-02	4.43296811e-04
1.11500000e-01	2.04221050e-02	4.39267516e-04
1.12000000e-01	2.05506904e-02	4.36132624e-04
1.12500000e-01	2.06440022e-02	4.36256305e-04
1.13000000e-01	2.03683108e-02	4.30956597e-04
1.13500000e-01	2.04208745e-02	4.29751424e-04
1.14000000e-01	2.04184947e-02	4.27652193e-04
1.14500000e-01	2.09887683e-02	4.38531197e-04
1.15000000e-01	2.06850151e-02	4.29611999e-04
1.15500000e-01	2.06165134e-02	4.28846387e-04
1.16000000e-01	2.06708512e-02	4.28508704e-04
1.16500000e-01	2.05960284e-02	4.24565714e-04
1.17000000e-01	2.05202847e-02	4.24342127e-04
1.17500000e-01	2.04891909e-02	4.21461194e-04
1.18000000e-01	2.05781735e-02	4.22898649e-04
1.18500000e-01	2.02047312e-02	4.13432642e-04
1.19000000e-01	2.08083574e-02	4.23668816e-04
1.19500000e-01	2.03915609e-02	4.14531447e-04
1.20000000e-01	2.07745331e-02	4.21843801e-04
1.20500000e-01	2.00650582e-02	4.06565092e-04
1.21000000e-01	2.03803308e-02	4.13001598e-04
1.21500000e-01	2.04370667e-02	4.11744075e-04
1.22000000e-01	2.03732635e-02	4.10775434e-04
1.22500000e-01	2.02619303e-02	4.05011859e-04
1.23000000e-01	2.02742818e-02	4.06952914e-04
1.23500000e-01	2.07327967e-02	4.14550671e-04
1.24000000e-01	2.03871776e-02	4.07100283e-04
1.24500000e-01	2.07922982e-02	4.12427065e-04
1.25000000e-01	2.04926402e-02	4.07190373e-04
1.25500000e-01	2.01582738e-02	4.01567357e-04
1.26000000e-01	2.04004998e-02	4.03646048e-04
1.26500000e-01	2.02527249e-02	4.01663126e-04
1.27000000e-01	2.02890020e-02	3.99614134e-04
1.27500000e-01	2.03565787e-02	4.02611489e-04
1.28000000e-01	2.02101924e-02	4.00295592e-04
1.28500000e-01	2.02074444e-02	3.96397736e-04
1.29000000e-01	2.04694924e-02	4.00389639e-04
1.29500000e-01	2.03407155e-02	3.96098766e-04
1.30000000e-01	2.03930289e-02	3.96290809e-04
1.30500000e-01	2.04286654e-02	3.96623566e-04
1.31000000e-01	2.02338056e-02	3.93352523e-04
1.31500000e-01	2.02365682e-02	3.92254719e-04
1.32000000e-01	2.05439664e-02	3.95947049e-04
1.32500000e-01	2.03277501e-02	3.91547974e-04
1.33000000e-01	2.03980720e-02	3.92260041e-04
1.33500000e-01	2.04655653e-02	3.89444325e-04
1.34000000e-01	2.03838964e-02	3.90871520e-04
1.34500000e-01	2.01549843e-02	3.83138392e-04
1.35000000e-01	2.01300296e-02	3.82499081e-04
1.35500000e-01	2.04352727e-02	3.86874763e-04
1.36000000e-01	2.02688286e-02	3.83060606e-04
1.36500000e-01	2.02740250e-02	3.82959856e-04
1.37000000e-01	2.00302461e-02	3.77983942e-04
1.37500000e-01	2.01612447e-02	3.80826605e-04
1.38000000e-01	2.05497301e-02	3.86528693e-04
1.38500000e-01	2.01239657e-02	3.78609086e-04
1.39000000e-01	2.02220928e-02	3.81082324e-04
1.39500000e-01	2.00713886e-02	3.77350755e-04
1.40000000e-01	2.03827295e-02	3.82138624e-04
1.40500000e-01	2.00868336e-02	3.77076439e-04
1.41000000e-01	2.00572963e-02	3.74280986e-04
1.41500000e-01	2.02524674e-02	3.80400453e-04
1.42000000e-01	2.00916669e-02	3.74563320e-04
1.42500000e-01	2.02062542e-02	3.77276949e-04
1.43000000e-01	1.98242569e-02	3.68975754e-04
1.43500000e-01	2.01230778e-02	3.73409295e-04
1.44000000e-01	1.96820113e-02	3.68208962e-04
1.44500000e-01	1.97506420e-02	3.65898625e-04
1.45000000e-01	1.97003173e-02	3.65908674e-04
1.45500000e-01	1.99903020e-02	3.69212937e-04
1.46000000e-01	1.99174633e-02	3.66108479e-04
1.46500000e-01	1.99513658e-02	3.67662809e-04
1.47000000e-01	1.98602129e-02	3.64902149e-04
1.47500000e-01	1.98048972e-02	3.64695236e-04
1.48000000e-01	1.97252010e-02	3.60569380e-04
1.48500000e-01	1.96784413e-02	3.61191456e-04
1.49000000e-01	2.00140588e-02	3.64495743e-04
1.49500000e-01	2.00101911e-02	3.65514119e-04
1.50000000e-01	1.98998822e-02	3.61132206e-04
1.50500000e-01	2.00024516e-02	3.63863674e-04
1.51000000e-01	1.96949363e-02	3.57324200e-04
1.51500000e-01	1.96361831e-02	3.53300003e-04
1.52000000e-01	1.98929941e-02	3.57144637e-04
1.52500000e-01	1.95571573e-02	3.53890650e-04
1.53000000e-01	1.94217666e-02	3.49528088e-04
1.53500000e-01	1.97873404e-02	3.55174406e-04
1.54000000e-01	1.96535277e-02	3.51262327e-04
1.54500000e-01	1.97997455e-02	3.61223035e-04
1.55000000e-01	1.98625179e-02	3.65607726e-04
1.55500000e-01	1.97491763e-02	3.67058861e-04
1.56000000e-01	1.99791393e-02	3.72788211e-04
1.56500000e-01	1.95644711e-02	3.65051116e-04
1.57000000e-01	1.97243770e-02	3.69626227e-04
1.57500000e-01	1.95984481e-02	3.59863850e-04
1.58000000e-01	1.95216340e-02	3.53873723e-04
1.58500000e-01	1.94352151e-02	3.50567473e-04
1.59000000e-01	1.97612847e-02	3.54339587e-04
1.59500000e-01	1.99191579e-02	3.54611164e-04
1.60000000e-01	1.97634197e-02	3.54312431e-04
1.60500000e-01	1.94350953e-02	3.44703743e-04
1.61000000e-01	1.95535472e-02	3.47453043e-04
1.61500000e-01	1.94446495e-02	3.45302924e-04
1.62000000e-01	1.97614159e-02	3.48022278e-04
1.62500000e-01	1.98845247e-02	3.51127245e-04
1.63000000e-01	1.96917880e-02	3.44473224e-04
1.63500000e-01	1.92880962e-02	3.40499617e-04
1.64000000e-01	1.96038068e-02	3.44618844e-04
1.64500000e-01	1.95021209e-02	3.43871353e-04
1.65000000e-01	1.96534717e-02	3.43710420e-04
1.65500000e-01	1.94770996e-02	3.39853427e-04
1.66000000e-01	1.95130252e-02	3.41083919e-04
1.66500000e-01	1.95935435e-02	3.40548405e-04
1.67000000e-01	1.91855549e-02	3.35824142e-04
1.67500000e-01	1.90497076e-02	3.31715315e-04
1.68000000e-01	1.93204052e-02	3.36072462e-04
1.68500000e-01	1.92140425e-02	3.33945515e-04
1.69000000e-01	1.96670029e-02	3.40054312e-04
1.69500000e-01	1.93629834e-02	3.33396900e-04
1.70000000e-01	1.94253995e-02	3.34389980e-04
1.70500000e-01	1.95734808e-02	3.36020939e-04
1.71000000e-01	1.93966493e-02	3.32761421e-04
1.71500000e-01	1.93157730e-02	3.31138576e-04
1.72000000e-01	1.95007669e-02	3.33074777e-04
1.72500000e-01	1.93483360e-02	3.32267616e-04
1.73000000e-01	1.95060639e-02	3.32598895e-04
1.73500000e-01	1.89290323e-02	3.23192236e-04
1.74000000e-01	1.93848990e-02	3.29344565e-04
1.74500000e-01	1.91533495e-02	3.23952747e-04
1.75000000e-01	1.93065845e-02	3.24457347e-04
1.75500000e-01	1.93162073e-02	3.24906848e-04
1.76000000e-01	1.92321564e-02	3.24879121e-04
1.76500000e-01	1.93217365e-02	3.24830565e-04
1.77000000e-01	1.91844293e-02	3.22168041e-04
1.77500000e-01	1.92167086e-02	3.22099424e-04
1.78000000e-01	1.91479852e-02	3.21821125e-04
1.78500000e-01	1.90878581e-02	3.20199027e-04
1.79000000e-01	1.91902752e-02	3.20930346e-04
1.79500000e-01	1.91022312e-02	3.20659356e-04
1.80000000e-01	1.89437899e-02	3.18381785e-04
1.80500000e-01	1.91422249e-02	3.19511056e-04
1.81000000e-01	1.92741357e-02	3.21916788e-04
1.81500000e-01	1.94355402e-02	3.21893904e-04
1.82000000e-01	1.91427279e-02	3.18736928e-04
1.82500000e-01	1.90465885e-02	3.16582221e-04
1.83000000e-01	1.92059518e-02	3.18602698e-04
1.83500000e-01	1.90565864e-02	3.15927622e-04
1.84000000e-01	1.88928740e-02	3.13197126e-04
1.84500000e-01	1.88630104e-02	3.12214466e-04
1.85000000e-01	1.91164580e-02	3.16262035e-04
1.85500000e-01	1.88473412e-02	3.09981362e-04
1.86000000e-01	1.89483254e-02	3.10601540e-04
1.86500000e-01	1.90285643e-02	3.14000262e-04
1.87000000e-01	1.92014493e-02	3.15169384e-04
1.87500000e-01	1.88962723e-02	3.09195256e-04
1.88000000e-01	1.90743138e-02	3.13911308e-04
1.88500000e-01	1.87568518e-02	3.07642354e-04
1.89000000e-01	1.85075155e-02	3.01891447e-04
1.89500000e-01	1.87761776e-02	3.05480384e-04
1.90000000e-01	1.87939173e-02	3.07796358e-04
1.90500000e-01	1.87355861e-02	3.05048542e-04
1.91000000e-01	1.85895102e-02	3.02737931e-04
1.91500000e-01	1.88151964e-02	3.05017988e-04
1.92000000e-01	1.90321290e-02	3.08662641e-04
1.92500000e-01	1.87718684e-02	3.05462729e-04
1.93000000e-01	1.90977424e-02	3.09426387e-04
1.93500000e-01	1.89798764e-02	3.07340660e-04
1.94000000e-01	1.90046637e-02	3.05974174e-04
1.94500000e-01	1.88163799e-02	3.03648461e-04
1.95000000e-01	1.87652605e-02	3.04272746e-04
1.95500000e-01	1.86376844e-02	2.99690020e-04
1.96000000e-01	1.89312389e-02	3.03745711e-04
1.96500000e-01	1.87615894e-02	3.01615692e-04
1.97000000e-01	1.86376900e-02	2.98510156e-04
1.97500000e-01	1.84503736e-02	2.96093116e-04
1.98000000e-01	1.86534974e-02	3.00058790e-04
1.98500000e-01	1.85487083e-02	2.96954846e-04
1.99000000e-01	1.87066601e-02	2.99141360e-04
1.99500000e-01	1.88953431e-02	3.00645992e-04
2.00000000e-01	1.86093039e-02	2.96010987e-04
2.00500000e-01	1.85614775e-02	2.95475663e-04
2.01000000e-01	1.87244173e-02	2.97572155e-04
2.01500000e-01	1.88246531e-02	2.97407334e-04
2.02000000e-01	1.85452439e-02	2.94163648e-04
2.02500000e-01	1.83421882e-02	2.89699630e-04
2.03000000e-01	1.86406103e-02	2.94782286e-04
2.03500000e-01	1.85509619e-02	2.93560860e-04
2.04000000e-01	1.86067872e-02	2.93082801e-04
2.04500000e-01	1.87964916e-02	2.95233118e-04
2.05000000e-01	1.86396384e-02	2.93721851e-04
2.05500000e-01	1.85642513e-02	2.91470115e-04
2.06000000e-01	1.86014786e-02	2.91941861e-04
2.06500000e-01	1.88004059e-02	2.94295597e-04
2.07000000e-01	1.87704242e-02	2.93584238e-04
2.07500000e-01	1.86091310e-02	2.90055422e-04
2.08000000e-01	1.85217241e-02	2.90999348e-04
2.08500000e-01	1.86686642e-02	2.91102666e-04
2.09000000e-01	1.88140212e-02	2.92296311e-04
2.09500000e-01	1.84364063e-02	2.86834509e-04
2.10000000e-01	1.85947929e-02	2.90534957e-04
2.10500000e-01	1.85971053e-02	2.89708131e-04
2.11000000e-01	1.86164342e-02	2.88621490e-04
2.11500000e-01	1.84407635e-02	2.86079077e-04
2.12000000e-01	1.83807651e-02	2.85731631e-04
2.12500000e-01	1.86209634e-02	2.87765757e-04
2.13000000e-01	1.85514334e-02	2.85793104e-04
2.13500000e-01	1.82543738e-02	2.82239945e-04
2.14000000e-01	1.84413042e-02	2.85205996e-04
2.14500000e-01	1.82626328e-02	2.81461609e-04
2.15000000e-01	1.85598676e-02	2.84806473e-04
2.15500000e-01	1.85609323e-02	2.84279242e-04
2.16000000e-01	1.82726242e-02	2.81212217e-04
2.16500000e-01	1.84218189e-02	2.82232834e-04
2.17000000e-01	1.81948324e-02	2.82580056e-04
2.17500000e-01	1.84220025e-02	2.90326144e-04
2.18000000e-01	1.85257379e-02	2.91574398e-04
2.18500000e-01	1.81563004e-02	2.89603522e-04
2.19000000e-01	1.84990918e-02	2.96585069e-04
2.19500000e-01	1.82662842e-02	2.92644476e-04
2.20000000e-01	1.87152603e-02	3.01028709e-04
2.20500000e-01	1.84146273e-02	2.97248786e-04
2.21000000e-01	1.82773573e-02	2.96952332e-04
2.21500000e-01	1.83402440e-02	2.98881325e-04
2.22000000e-01	1.81588090e-02	2.94783412e-04
2.22500000e-01	1.81291093e-02	2.96426745e-04
2.23000000e-01	1.86602793e-02	3.03526542e-04
2.23500000e-01	1.81939149e-02	2.98604874e-04
2.24000000e-01	1.81131466e-02	2.98270571e-04
2.24500000e-01	1.82479032e-02	3.01886410e-04
2.25000000e-01	1.84922823e-02	3.05138240e-04
2.25500000e-01	1.79277790e-02	2.96955953e-04
2.26000000e-01	1.85507473e-02	3.06581796e-04
2.26500000e-01	1.82345871e-02	2.97265679e-04
2.27000000e-01	1.83959500e-02	2.97051295e-04
2.27500000e-01	1.82727234e-02	2.93124673e-04
2.28000000e-01	1.83726478e-02	2.94203073e-04
2.28500000e-01	1.84722965e-02	2.92807156e-04
2.29000000e-01	1.84655787e-02	2.92333170e-04
2.29500000e-01	1.83038248e-02	2.87192146e-04
2.30000000e-01	1.86456228e-02	2.91588412e-04
2.30500000e-01	1.80657076e-02	2.82475809e-04
2.31000000e-01	1.80807707e-02	2.81973987e-04
2.31500000e-01	1.80093766e-02	2.80311182e-04
2.32000000e-01	1.81432703e-02	2.82040242e-04
2.32500000e-01	1.83383617e-02	2.83922274e-04
2.33000000e-01	1.81169121e-02	2.80264149e-04
2.33500000e-01	1.82224669e-02	2.81787277e-04
2.34000000e-01	1.81615662e-02	2.79962188e-04
2.34500000e-01	1.80696406e-02	2.77346519e-04
2.35000000e-01	1.81816544e-02	2.79056057e-04
2.35500000e-01	1.82810153e-02	2.80183602e-04
2.36000000e-01	1.82149921e-02	2.78250268e-04
2.36500000e-01	1.81369714e-02	2.77632563e-04
2.37000000e-01	1.80051587e-02	2.74903117e-04
2.37500000e-01	1.82366995e-02	2.77905000e-04
2.38000000e-01	1.82075960e-02	2.75135850e-04
2.38500000e-01	1.79165867e-02	2.72815729e-04
2.39000000e-01	1.78365565e-02	2.70716093e-04
2.39500000e-01	1.81553400e-02	2.75024231e-04
2.40000000e-01	1.79944986e-02	2.70849269e-04
2.40500000e-01	1.80907701e-02	2.72466812e-04
2.41000000e-01	1.81736271e-02	2.72558703e-04
2.41500000e-01	1.81940734e-02	2.72571780e-04
2.42000000e-01	1.80364231e-02	2.69083953e-04
2.42500000e-01	1.80330410e-02	2.70268133e-04
2.43000000e-01	1.79557692e-02	2.68025171e-04
2.43500000e-01	1.79735372e-02	2.68284230e-04
2.44000000e-01	1.78212114e-02	2.66306409e-04
2.44500000e-01	1.81078866e-02	2.70153402e-04
2.45000000e-01	1.82373604e-02	2.70650533e-04
2.45500000e-01	1.79722104e-02	2.66899961e-04
2.46000000e-01	1.76346775e-02	2.62397723e-04
2.46500000e-01	1.79000714e-02	2.64790724e-04
2.47000000e-01	1.77240805e-02	2.63103168e-04
2.47500000e-01	1.76377953e-02	2.60029519e-04
2.48000000e-01	1.78985182e-02	2.63547593e-04
2.48500000e-01	1.77447981e-02	2.61457007e-04
2.49000000e-01	1.79904193e-02	2.64721935e-04
2.49500000e-01	1.80527812e-02	2.65466054e-04
2.50000000e-01	1.77900135e-02	2.60125961e-04
2.50500000e-01	1.78039527e-02	2.61810496e-04
2.51000000e-01	1.77917168e-02	2.59792634e-04
2.51500000e-01	1.79331210e-02	2.62956172e-04
2.52000000e-01	1.75328554e-02	2.57166741e-04
2.52500000e-01	1.78358463e-02	2.60055189e-04
2.53000000e-01	1.77752753e-02	2.59792021e-04
2.53500000e-01	1.76903721e-02	2.58154062e-04
2.54000000e-01	1.78562543e-02	2.60819104e-04
2.54500000e-01	1.77005317e-02	2.58678585e-04
2.55000000e-01	1.78599578e-02	2.61115788e-04
2.55500000e-01	1.76277644e-02	2.56244242e-04
2.56000000e-01	1.76677818e-02	2.55956631e-04
2.56500000e-01	1.78670391e-02	2.58293569e-04
2.57000000e-01	1.80995692e-02	2.61034897e-04
2.57500000e-01	1.76231038e-02	2.54328328e-04
2.58000000e-01	1.77798661e-02	2.56896574e-04
2.58500000e-01	1.76133672e-02	2.54694132e-04
2.59000000e-01	1.79021327e-02	2.57628416e-04
2.59500000e-01	1.78566243e-02	2.57076962e-04
2.60000000e-01	1.75628403e-02	2.51664037e-04
2.60500000e-01	1.77395988e-02	2.54959206e-04
2.61000000e-01	1.76384677e-02	2.53383758e-04
2.61500000e-01	1.77133227e-02	2.54292300e-04
2.62000000e-01	1.75184106e-02	2.50389953e-04
2.62500000e-01	1.74535777e-02	2.50626438e-04
2.63000000e-01	1.77738122e-02	2.53526924e-04
2.63500000e-01	1.76832139e-02	2.51490191e-04
2.64000000e-01	1.75827821e-02	2.50966438e-04
2.64500000e-01	1.75680544e-02	2.50603400e-04
2.65000000e-01	1.75935381e-02	2.50680580e-04
2.65500000e-01	1.75682647e-02	2.50775581e-04
2.66000000e-01	1.76317054e-02	2.49960446e-04
2.66500000e-01	1.75652623e-02	2.48899993e-04
2.67000000e-01	1.74604973e-02	2.47075840e-04
2.67500000e-01	1.75494414e-02	2.47680165e-04
2.68000000e-01	1.78457535e-02	2.53054716e-04
2.68500000e-01	1.76052434e-02	2.48629120e-04
2.69000000e-01	1.73252716e-02	2.44151860e-04
2.69500000e-01	1.74905330e-02	2.46113025e-04
2.70000000e-01	1.76580867e-02	2.47645316e-04
2.70500000e-01	1.76512700e-02	2.48496599e-04
2.71000000e-01	1.76278819e-02	2.47012252e-04
2.71500000e-01	1.74235249e-02	2.44246651e-04
2.72000000e-01	1.74618146e-02	2.44871398e-04
2.72500000e-01	1.75481835e-02	2.44750345e-04
2.73000000e-01	1.76474182e-02	2.46467107e-04
2.73500000e-01	1.74224083e-02	2.42810040e-04
2.74000000e-01	1.77053877e-02	2.47193946e-04
2.74500000e-01	1.75317335e-02	2.44522777e-04
2.75000000e-01	1.73718191e-02	2.42604561e-04
2.75500000e-01	1.73929867e-02	2.42462493e-04
2.76000000e-01	1.75035840e-02	2.42863306e-04
2.76500000e-01	1.73689328e-02	2.40688566e-04
2.77000000e-01	1.73974653e-02	2.41254662e-04
2.77500000e-01	1.75335075e-02	2.44323424e-04
2.78000000e-01	1.75610403e-02	2.42771225e-04
2.78500000e-01	1.73094265e-02	2.40055471e-04
2.79000000e-01	1.72998533e-02	2.39671060e-04
2.79500000e-01	1.75216283e-02	2.42510878e-04
2.80000000e-01	1.74733627e-02	2.41724488e-04
2.80500000e-01	1.73124380e-02	2.38530483e-04
2.81000000e-01	1.74007899e-02	2.40224892e-04
2.81500000e-01	1.75822920e-02	2.41617934e-04
2.82000000e-01	1.73236739e-02	2.38402182e-04
2.82500000e-01	1.72600892e-02	2.37942788e-04
2.83000000e-01	1.74206999e-02	2.38778729e-04
2.83500000e-01	1.71792100e-02	2.34675713e-04
2.84000000e-01	1.73289376e-02	2.37507302e-04
2.84500000e-01	1.73943140e-02	2.39108659e-04
2.85000000e-01	1.71932970e-02	2.36170940e-04
2.85500000e-01	1.73702975e-02	2.36305521e-04
2.86000000e-01	1.73863168e-02	2.37920666e-04
2.86500000e-01	1.73600099e-02	2.38221111e-04
2.87000000e-01	1.71971335e-02	2.34688551e-04
2.87500000e-01	1.74253673e-02	2.36310750e-04
2.88000000e-01	1.72193521e-02	2.34001455e-04
2.88500000e-01	1.73269160e-02	2.35260995e-04
2.89000000e-01	1.74354189e-02	2.36601920e-04
2.89500000e-01	1.73477500e-02	2.34993752e-04
2.90000000e-01	1.72245902e-02	2.33825163e-04
2.90500000e-01	1.70239173e-02	2.31213319e-04
2.91000000e-01	1.70933968e-02	2.31860120e-04
2.91500000e-01	1.72555435e-02	2.33419248e-04
2.92000000e-01	1.69794308e-02	2.29813598e-04
2.92500000e-01	1.70310261e-02	2.30387905e-04
2.93000000e-01	1.72511821e-02	2.32585989e-04
2.93500000e-01	1.72016839e-02	2.31741828e-04
2.94000000e-01	1.72704737e-02	2.31714216e-04
2.94500000e-01	1.71903070e-02	2.31294981e-04
2.95000000e-01	1.71460612e-02	2.29847962e-04
2.95500000e-01	1.71042733e-02	2.29840279e-04
2.96000000e-01	1.71863253e-02	2.30357067e-04
2.96500000e-01	1.70299353e-02	2.27752191e-04
2.97000000e-01	1.70167484e-02	2.28927223e-04
2.97500000e-01	1.71242151e-02	2.29032263e-04
2.98000000e-01	1.71342208e-02	2.28571885e-04
2.98500000e-01	1.71437779e-02	2.29668386e-04
2.99000000e-01	1.70147590e-02	2.26887691e-04
2.99500000e-01	1.71337402e-02	2.28926269e-04
3.00000000e-01	1.70248321e-02	2.27958136e-04
3.00500000e-01	1.71511170e-02	2.28734610e-04
3.01000000e-01	1.71388228e-02	2.27727182e-04
3.01500000e-01	1.71438288e-02	2.28601132e-04
3.02000000e-01	1.71630582e-02	2.27826392e-04
3.02500000e-01	1.68911037e-02	2.24250332e-04
3.03000000e-01	1.73043027e-02	2.29035657e-04
3.03500000e-01	1.70201541e-02	2.25181924e-04
3.04000000e-01	1.68697146e-02	2.24075350e-04
3.04500000e-01	1.70928494e-02	2.25288927e-04
3.05000000e-01	1.71970380e-02	2.26483587e-04
3.05500000e-01	1.70366052e-02	2.24833499e-04
3.06000000e-01	1.68898381e-02	2.21849200e-04
3.06500000e-01	1.70142468e-02	2.24013637e-04
3.07000000e-01	1.71161289e-02	2.24054179e-04
3.07500000e-01	1.70658515e-02	2.24688683e-04
3.08000000e-01	1.70034994e-02	2.23507615e-04
3.08500000e-01	1.69084693e-02	2.22374162e-04
3.09000000e-01	1.70324153e-02	2.24315952e-04
3.09500000e-01	1.68317783e-02	2.21183512e-04
3.10000000e-01	1.67173730e-02	2.19827194e-04
3.10500000e-01	1.67377670e-02	2.19578798e-04
3.11000000e-01	1.69488509e-02	2.22047221e-04
3.11500000e-01	1.69477458e-02	2.21774834e-04
3.12000000e-01	1.66778939e-02	2.18230982e-04
3.12500000e-01	1.69550880e-02	2.21920802e-04
3.13000000e-01	1.69507879e-02	2.21307680e-04
3.13500000e-01	1.68016876e-02	2.19494360e-04
3.14000000e-01	1.66364818e-02	2.18428794e-04
3.14500000e-01	1.67200517e-02	2.18172331e-04
3.15000000e-01	1.66365441e-02	2.17127569e-04
3.15500000e-01	1.68482540e-02	2.19001638e-04
3.16000000e-01	1.68506787e-02	2.18985144e-04
3.16500000e-01	1.67427062e-02	2.17605913e-04
3.17000000e-01	1.68262671e-02	2.18686588e-04
3.17500000e-01	1.68144377e-02	2.18782464e-04
3.18000000e-01	1.66477515e-02	2.15477361e-04
3.18500000e-01	1.65709938e-02	2.15345606e-04
3.19000000e-01	1.64786824e-02	2.13894669e-04
3.19500000e-01	1.68024197e-02	2.17475497e-04
3.20000000e-01	1.65605893e-02	2.14806567e-04
3.20500000e-01	1.68797578e-02	2.17974973e-04
3.21000000e-01	1.67006215e-02	2.16128415e-04
3.21500000e-01	1.66829028e-02	2.15405166e-04
3.22000000e-01	1.67543672e-02	2.15468423e-04
3.22500000e-01	1.63905474e-02	2.11848026e-04
3.23000000e-01	1.66455965e-02	2.14341147e-04
3.23500000e-01	1.66069552e-02	2.13204892e-04
3.24000000e-01	1.66846949e-02	2.14330078e-04
3.24500000e-01	1.66044458e-02	2.13940288e-04
3.25000000e-01	1.65004408e-02	2.11914506e-04
3.25500000e-01	1.65523381e-02	2.12536524e-04
3.26000000e-01	1.67106379e-02	2.13675725e-04
3.26500000e-01	1.67350501e-02	2.13857938e-04
3.27000000e-01	1.64970416e-02	2.11257181e-04
3.27500000e-01	1.66121681e-02	2.12436024e-04
3.28000000e-01	1.65709289e-02	2.12302911e-04
3.28500000e-01	1.62530696e-02	2.08699903e-04
3.29000000e-01	1.65608626e-02	2.11638341e-04
3.29500000e-01	1.65239438e-02	2.10967789e-04
3.30000000e-01	1.66538326e-02	2.12097450e-04
3.30500000e-01	1.64614661e-02	2.10329841e-04
3.31000000e-01	1.66579988e-02	2.11171240e-04
3.31500000e-01	1.63351826e-02	2.08045373e-04
3.32000000e-01	1.63935448e-02	2.08044899e-04
3.32500000e-01	1.65073951e-02	2.08465862e-04
3.33000000e-01	1.65724624e-02	2.10192669e-04
3.33500000e-01	1.64545591e-02	2.08671143e-04
3.34000000e-01	1.64511353e-02	2.09011311e-04
3.34500000e-01	1.64912093e-02	2.08424826e-04
3.35000000e-01	1.64065643e-02	2.07019257e-04
3.35500000e-01	1.62811286e-02	2.06183358e-04
3.36000000e-01	1.64242870e-02	2.07236840e-04
3.36500000e-01	1.64372575e-02	2.07598805e-04
3.37000000e-01	1.65814335e-02	2.08659200e-04
3.37500000e-01	1.65190973e-02	2.07614201e-04
3.38000000e-01	1.64805830e-02	2.07720615e-04
3.38500000e-01	1.64991464e-02	2.07251563e-04
3.39000000e-01	1.64664050e-02	2.07155338e-04
3.39500000e-01	1.63174106e-02	2.04803537e-04
3.40000000e-01	1.63621203e-02	2.04882212e-04
3.40500000e-01	1.62477922e-02	2.04554471e-04
3.41000000e-01	1.64079265e-02	2.05210711e-04
3.41500000e-01	1.64519961e-02	2.06342675e-04
3.42000000e-01	1.61623156e-02	2.02327850e-04
3.42500000e-01	1.62868143e-02	2.03649873e-04
3.43000000e-01	1.62892180e-02	2.03722844e-04
3.43500000e-01	1.64141063e-02	2.05475182e-04
3.44000000e-01	1.63759807e-02	2.05023191e-04
3.44500000e-01	1.64216690e-02	2.05471664e-04
3.45000000e-01	1.62714997e-02	2.02703430e-04
3.45500000e-01	1.63299367e-02	2.03189929e-04
3.46000000e-01	1.62553724e-02	2.02574474e-04
3.46500000e-01	1.61748553e-02	2.01088782e-04
3.47000000e-01	1.62818370e-02	2.02299522e-04
3.47500000e-01	1.60901778e-02	2.00381360e-04
3.48000000e-01	1.61538449e-02	2.00333020e-04
3.48500000e-01	1.64482892e-02	2.03877030e-04
3.49000000e-01	1.60951379e-02	1.99306709e-04
3.49500000e-01	1.60692943e-02	1.99983788e-04
3.50000000e-01	1.61012721e-02	1.63066190e-04
3.51000000e-01	1.62929653e-02	1.42378959e-04
3.52000000e-01	1.62588538e-02	1.41574680e-04
3.53000000e-01	1.61463446e-02	1.40490670e-04
3.54000000e-01	1.61091527e-02	1.40136311e-04
3.55000000e-01	1.60978319e-02	1.39774065e-04
3.56000000e-01	1.61268181e-02	1.40956628e-04
3.57000000e-01	1.61077354e-02	1.43187742e-04
3.58000000e-01	1.59659538e-02	1.43325367e-04
3.59000000e-01	1.60612949e-02	1.45088677e-04
3.60000000e-01	1.59855347e-02	1.45200540e-04
3.61000000e-01	1.60132018e-02	1.46133007e-04
3.62000000e-01	1.59261657e-02	1.46186908e-04
3.63000000e-01	1.58942082e-02	1.46640312e-04
3.64000000e-01	1.59783774e-02	1.47448303e-04
3.65000000e-01	1.60333384e-02	1.48595400e-04
3.66000000e-01	1.58346282e-02	1.45485844e-04
3.67000000e-01	1.58399512e-02	1.43286136e-04
3.68000000e-01	1.58497186e-02	1.42394095e-04
3.69000000e-01	1.58622442e-02	1.41676165e-04
3.70000000e-01	1.58687520e-02	1.40945604e-04
3.71000000e-01	1.58455804e-02	1.43068077e-04
3.72000000e-01	1.59178087e-02	1.44196423e-04
3.73000000e-01	1.57467314e-02	1.42886233e-04
3.74000000e-01	1.57554208e-02	1.43335289e-04
3.75000000e-01	1.58165053e-02	1.43749409e-04
3.76000000e-01	1.57210958e-02	1.42928057e-04
3.77000000e-01	1.57623404e-02	1.43624194e-04
3.78000000e-01	1.58248158e-02	1.43888289e-04
3.79000000e-01	1.56667957e-02	1.42488321e-04
3.80000000e-01	1.56516763e-02	1.41852267e-04
3.81000000e-01	1.56880970e-02	1.42406898e-04
3.82000000e-01	1.57013815e-02	1.42505322e-04
3.83000000e-01	1.56889786e-02	1.42022911e-04
3.84000000e-01	1.56422479e-02	1.42048936e-04
3.85000000e-01	1.56948468e-02	1.42726817e-04
3.86000000e-01	1.55587714e-02	1.41438621e-04
3.87000000e-01	1.56062845e-02	1.41433074e-04
3.88000000e-01	1.56474161e-02	1.41744752e-04
3.89000000e-01	1.56720568e-02	1.42045805e-04
3.90000000e-01	1.56322874e-02	1.41247749e-04
3.91000000e-01	1.56105985e-02	1.41085899e-04
3.92000000e-01	1.55614904e-02	1.40759837e-04
3.93000000e-01	1.55747391e-02	1.40942399e-04
3.94000000e-01	1.55180077e-02	1.40564167e-04
3.95000000e-01	1.54010107e-02	1.39311698e-04
3.96000000e-01	1.55945416e-02	1.40506475e-04
3.97000000e-01	1.54339434e-02	1.39677888e-04
3.98000000e-01	1.54789633e-02	1.40279763e-04
3.99000000e-01	1.55592795e-02	1.40948001e-04
4.00000000e-01	1.54824060e-02	1.40004162e-04
4.01000000e-01	1.52852049e-02	1.38715838e-04
4.02000000e-01	1.55732495e-02	1.40757532e-04
4.03000000e-01	1.54063543e-02	1.39605882e-04
4.04000000e-01	1.53991693e-02	1.39192255e-04
4.05000000e-01	1.54095163e-02	1.39165588e-04
4.06000000e-01	1.53463272e-02	1.38667055e-04
4.07000000e-01	1.54348335e-02	1.39392257e-04
4.08000000e-01	1.52231683e-02	1.37385899e-04
4.09000000e-01	1.52978422e-02	1.38393916e-04
4.10000000e-01	1.54481522e-02	1.39569601e-04
4.11000000e-01	1.53079624e-02	1.38292603e-04
4.12000000e-01	1.53598330e-02	1.38272180e-04
4.13000000e-01	1.52907538e-02	1.37978840e-04
4.14000000e-01	1.53075797e-02	1.38185646e-04
4.15000000e-01	1.51366645e-02	1.36332675e-04
4.16000000e-01	1.52775923e-02	1.37274474e-04
4.17000000e-01	1.52390854e-02	1.37415756e-04
4.18000000e-01	1.52593203e-02	1.38789859e-04
4.19000000e-01	1.51463644e-02	1.40139801e-04
4.20000000e-01	1.54773750e-02	1.43244521e-04
4.21000000e-01	1.52286147e-02	1.41664490e-04
4.22000000e-01	1.53913333e-02	1.43384214e-04
4.23000000e-01	1.53128120e-02	1.43306835e-04
4.24000000e-01	1.52570778e-02	1.43623008e-04
4.25000000e-01	1.53664892e-02	1.44419266e-04
4.26000000e-01	1.53195389e-02	1.43849121e-04
4.27000000e-01	1.53313898e-02	1.44326563e-04
4.28000000e-01	1.52558025e-02	1.43265657e-04
4.29000000e-01	1.53437267e-02	1.45137201e-04
4.30000000e-01	1.53283912e-02	1.44312191e-04
4.31000000e-01	1.53662702e-02	1.44450886e-04
4.32000000e-01	1.53823627e-02	1.45177880e-04
4.33000000e-01	1.52370468e-02	1.43895666e-04
4.34000000e-01	1.50401196e-02	1.42307725e-04
4.35000000e-01	1.51421071e-02	1.43148404e-04
4.36000000e-01	1.51684658e-02	1.43722850e-04
4.37000000e-01	1.51500609e-02	1.43704179e-04
4.38000000e-01	1.52234855e-02	1.44687382e-04
4.39000000e-01	1.51557199e-02	1.44302625e-04
4.40000000e-01	1.51081833e-02	1.44080568e-04
4.41000000e-01	1.50698160e-02	1.43523882e-04
4.42000000e-01	1.51132802e-02	1.44069519e-04
4.43000000e-01	1.50304477e-02	1.43818921e-04
4.44000000e-01	1.50802895e-02	1.44557388e-04
4.45000000e-01	1.52081322e-02	1.45726903e-04
4.46000000e-01	1.49939597e-02	1.43612905e-04
4.47000000e-01	1.49805167e-02	1.43709546e-04
4.48000000e-01	1.50191524e-02	1.44408153e-04
4.49000000e-01	1.50007795e-02	1.44510533e-04
4.50000000e-01	1.49838471e-02	1.44301954e-04
4.51000000e-01	1.50726645e-02	1.45370238e-04
4.52000000e-01	1.50016010e-02	1.45017994e-04
4.53000000e-01	1.49138136e-02	1.44273987e-04
4.54000000e-01	1.50393265e-02	1.45023769e-04
4.55000000e-01	1.50300919e-02	1.45401938e-04
4.56000000e-01	1.49554717e-02	1.44613343e-04
4.57000000e-01	1.48886799e-02	1.44440678e-04
4.58000000e-01	1.48232850e-02	1.43933615e-04
4.59000000e-01	1.48069752e-02	1.43817680e-04
4.60000000e-01	1.49042885e-02	1.45242153e-04
4.61000000e-01	1.48616337e-02	1.44658591e-04
4.62000000e-01	1.49199763e-02	1.44741183e-04
4.63000000e-01	1.49473506e-02	1.45564660e-04
4.64000000e-01	1.48243593e-02	1.44819937e-04
4.65000000e-01	1.48368351e-02	1.44556814e-04
4.66000000e-01	1.49257069e-02	1.45737660e-04
4.67000000e-01	1.48998014e-02	1.45289252e-04
4.68000000e-01	1.50394460e-02	1.46724861e-04
4.69000000e-01	1.49095652e-02	1.46086592e-04
4.70000000e-01	1.48263460e-02	1.45479051e-04
4.71000000e-01	1.49214478e-02	1.46043615e-04
4.72000000e-01	1.47805900e-02	1.44886706e-04
4.73000000e-01	1.48382003e-02	1.45593388e-04
4.74000000e-01	1.47777170e-02	1.44073707e-04
4.75000000e-01	1.48343919e-02	1.45032723e-04
4.76000000e-01	1.48059648e-02	1.44823923e-04
4.77000000e-01	1.48539509e-02	1.45511146e-04
4.78000000e-01	1.47809334e-02	1.44668038e-04
4.79000000e-01	1.46821888e-02	1.43364921e-04
4.80000000e-01	1.47462275e-02	1.44290027e-04
4.81000000e-01	1.47829996e-02	1.44636121e-04
4.82000000e-01	1.45772527e-02	1.42962049e-04
4.83000000e-01	1.47450264e-02	1.44517191e-04
4.84000000e-01	1.47216803e-02	1.44855875e-04
4.85000000e-01	1.46194037e-02	1.43506245e-04
4.86000000e-01	1.46660020e-02	1.44045647e-04
4.87000000e-01	1.45512916e-02	1.43358880e-04
4.88000000e-01	1.46576709e-02	1.44588209e-04
4.89000000e-01	1.47565490e-02	1.45062697e-04
4.90000000e-01	1.45460394e-02	1.43543957e-04
4.91000000e-01	1.47825920e-02	1.45597755e-04
4.92000000e-01	1.47701664e-02	1.45432430e-04
4.93000000e-01	1.46011580e-02	1.44429927e-04
4.94000000e-01	1.46387766e-02	1.44165438e-04
4.95000000e-01	1.45142906e-02	1.44280549e-04
4.96000000e-01	1.45597379e-02	1.49148147e-04
4.97000000e-01	1.46315625e-02	1.52344575e-04
4.98000000e-01	1.46455792e-02	1.54437971e-04
4.99000000e-01	1.46320570e-02	1.56562793e-04
5.00000000e-01	1.46587548e-02	1.58736934e-04
5.01000000e-01	1.44530873e-02	1.57854600e-04
5.02000000e-01	1.45670433e-02	1.60311951e-04
5.03000000e-01	1.45838417e-02	1.63002864e-04
5.04000000e-01	1.46838635e-02	1.64606203e-04
5.05000000e-01	1.46091454e-02	1.61176743e-04
5.06000000e-01	1.46833531e-02	1.58157183e-04
5.07000000e-01	1.44316990e-02	1.54944911e-04
5.08000000e-01	1.46678046e-02	1.55969659e-04
5.09000000e-01	1.44857349e-02	1.53569205e-04
5.10000000e-01	1.46290182e-02	1.54330348e-04
5.11000000e-01	1.45441309e-02	1.53113585e-04
5.12000000e-01	1.45347485e-02	1.52821113e-04
5.13000000e-01	1.45078753e-02	1.52026760e-04
5.14000000e-01	1.45017145e-02	1.51630731e-04
5.15000000e-01	1.44603740e-02	1.50797844e-04
5.16000000e-01	1.44038944e-02	1.50025993e-04
5.17000000e-01	1.44669233e-02	1.50710336e-04
5.18000000e-01	1.45649300e-02	1.51196530e-04
5.19000000e-01	1.44116020e-02	1.49716166e-04
5.20000000e-01	1.46346536e-02	1.50702154e-04
5.21000000e-01	1.45687901e-02	1.50090999e-04
5.22000000e-01	1.45583054e-02	1.49796712e-04
5.23000000e-01	1.45142105e-02	1.49333171e-04
5.24000000e-01	1.43412154e-02	1.48177105e-04
5.25000000e-01	1.43012285e-02	1.47499200e-04
5.26000000e-01	1.43099103e-02	1.47226898e-04
5.27000000e-01	1.42178205e-02	1.46790806e-04
5.28000000e-01	1.43953001e-02	1.48807141e-04
5.29000000e-01	1.43308525e-02	1.47818733e-04
5.30000000e-01	1.44096921e-02	1.48576962e-04
5.31000000e-01	1.43043165e-02	1.47788449e-04
5.32000000e-01	1.43979380e-02	1.48457321e-04
5.33000000e-01	1.43220025e-02	1.47544191e-04
5.34000000e-01	1.42823907e-02	1.47235593e-04
5.35000000e-01	1.42813555e-02	1.47412984e-04
5.36000000e-01	1.41577744e-02	1.46227612e-04
5.37000000e-01	1.41976374e-02	1.45871332e-04
5.38000000e-01	1.42710356e-02	1.46724924e-04
5.39000000e-01	1.42438241e-02	1.47279388e-04
5.40000000e-01	1.41630394e-02	1.46268639e-04
5.41000000e-01	1.43314849e-02	1.47494659e-04
5.42000000e-01	1.42360405e-02	1.47009453e-04
5.43000000e-01	1.41830876e-02	1.45928282e-04
5.44000000e-01	1.41273699e-02	1.45599999e-04
5.45000000e-01	1.41418968e-02	1.45592652e-04
5.46000000e-01	1.42090022e-02	1.46430978e-04
5.47000000e-01	1.42483928e-02	1.47127342e-04
5.48000000e-01	1.41992193e-02	1.46264488e-04
5.49000000e-01	1.41590109e-02	1.45531468e-04
5.50000000e-01	1.40923354e-02	1.45354746e-04
5.51000000e-01	1.40791518e-02	1.44213676e-04
5.52000000e-01	1.40668994e-02	1.44462979e-04
5.53000000e-01	1.40008539e-02	1.43433938e-04
5.54000000e-01	1.40051748e-02	1.43364560e-04
5.55000000e-01	1.40660312e-02	1.43923556e-04
5.56000000e-01	1.39416961e-02	1.42865466e-04
5.57000000e-01	1.40200498e-02	1.43503572e-04
5.58000000e-01	1.39428367e-02	1.42945375e-04
5.59000000e-01	1.39756469e-02	1.43508173e-04
5.60000000e-01	1.39002793e-02	1.42598122e-04
5.61000000e-01	1.39628470e-02	1.43668279e-04
5.62000000e-01	1.38981792e-02	1.42172704e-04
5.63000000e-01	1.39177352e-02	1.42864400e-04
5.64000000e-01	1.38293280e-02	1.42116121e-04
5.65000000e-01	1.40726160e-02	1.44517205e-04
5.66000000e-01	1.39821333e-02	1.43765246e-04
5.67000000e-01	1.40061903e-02	1.43508814e-04
5.68000000e-01	1.38063604e-02	1.41815911e-04
5.69000000e-01	1.39655765e-02	1.43338259e-04
5.70000000e-01	1.39047029e-02	1.41702145e-04
5.71000000e-01	1.39964075e-02	1.43400676e-04
5.72000000e-01	1.39744425e-02	1.43586183e-04
5.73000000e-01	1.38987452e-02	1.42712301e-04
5.74000000e-01	1.39306067e-02	1.42885761e-04
5.75000000e-01	1.38444057e-02	1.42610219e-04
5.76000000e-01	1.37749257e-02	1.41440609e-04
5.77000000e-01	1.38349171e-02	1.42094098e-04
5.78000000e-01	1.37439654e-02	1.41414262e-04
5.79000000e-01	1.38062273e-02	1.41677355e-04
5.80000000e-01	1.36926865e-02	1.41117903e-04
5.81000000e-01	1.37966604e-02	1.41567908e-04
5.82000000e-01	1.39130393e-02	1.43287818e-04
5.83000000e-01	1.38300131e-02	1.42266121e-04
5.84000000e-01	1.37763707e-02	1.41405327e-04
5.85000000e-01	1.37680383e-02	1.41944902e-04
5.86000000e-01	1.39311360e-02	1.42952951e-04
5.87000000e-01	1.37572342e-02	1.41726555e-04
5.88000000e-01	1.37280276e-02	1.41697660e-04
5.89000000e-01	1.36800104e-02	1.40654189e-04
5.90000000e-01	1.37361096e-02	1.41455564e-04
5.91000000e-01	1.36835516e-02	1.40870503e-04
5.92000000e-01	1.37460623e-02	1.41534161e-04
5.93000000e-01	1.37966878e-02	1.41773403e-04
5.94000000e-01	1.36902300e-02	1.41585663e-04
5.95000000e-01	1.35984424e-02	1.40631636e-04
5.96000000e-01	1.36439934e-02	1.40922725e-04
5.97000000e-01	1.36777899e-02	1.41135846e-04
5.98000000e-01	1.35515826e-02	1.39986988e-04
5.99000000e-01	1.36000332e-02	1.40284996e-04
6.00000000e-01	1.35004190e-02	1.39556511e-04
6.01000000e-01	1.36736678e-02	1.41177076e-04
6.02000000e-01	1.36494750e-02	1.40825701e-04
6.03000000e-01	1.34740530e-02	1.39505678e-04
6.04000000e-01	1.36026462e-02	1.40609107e-04
6.05000000e-01	1.35669791e-02	1.40068396e-04
6.06000000e-01	1.35425833e-02	1.39785894e-04
6.07000000e-01	1.34150424e-02	1.38963741e-04
6.08000000e-01	1.35957414e-02	1.40301538e-04
6.09000000e-01	1.35242476e-02	1.39674629e-04
6.10000000e-01	1.34790246e-02	1.39616425e-04
6.11000000e-01	1.35607599e-02	1.40916973e-04
6.12000000e-01	1.35286605e-02	1.39847444e-04
6.13000000e-01	1.34225137e-02	1.39017041e-04
6.14000000e-01	1.34056383e-02	1.38504898e-04
6.15000000e-01	1.35455896e-02	1.40000622e-04
6.16000000e-01	1.35048111e-02	1.39926862e-04
6.17000000e-01	1.35252655e-02	1.39596230e-04
6.18000000e-01	1.33006528e-02	1.38127575e-04
6.19000000e-01	1.34606849e-02	1.39142614e-04
6.20000000e-01	1.34706943e-02	1.39487615e-04
6.21000000e-01	1.35212765e-02	1.39730142e-04
6.22000000e-01	1.34469988e-02	1.38912117e-04
6.23000000e-01	1.34648157e-02	1.38733782e-04
6.24000000e-01	1.35350120e-02	1.38846051e-04
6.25000000e-01	1.36499796e-02	1.39832813e-04
6.26000000e-01	1.35483593e-02	1.38922857e-04
6.27000000e-01	1.34235132e-02	1.37973827e-04
6.28000000e-01	1.33318859e-02	1.37269503e-04
6.29000000e-01	1.34173046e-02	1.38093450e-04
6.30000000e-01	1.33676740e-02	1.37309109e-04
6.31000000e-01	1.33664623e-02	1.37302476e-04
6.32000000e-01	1.34541185e-02	1.38112868e-04
6.33000000e-01	1.33771084e-02	1.37530044e-04
6.34000000e-01	1.34449375e-02	1.41070751e-04
6.35000000e-01	1.33535930e-02	1.45312752e-04
6.36000000e-01	1.34074706e-02	1.48144233e-04
6.37000000e-01	1.32843912e-02	1.49547637e-04
6.38000000e-01	1.34327036e-02	1.52459516e-04
6.39000000e-01	1.34913578e-02	1.55343906e-04
6.40000000e-01	1.33779145e-02	1.56521098e-04
6.41000000e-01	1.33714820e-02	1.57638897e-04
6.42000000e-01	1.34506723e-02	1.59908797e-04
6.43000000e-01	1.32462609e-02	1.57567689e-04
6.44000000e-01	1.34056830e-02	1.53924727e-04
6.45000000e-01	1.33327687e-02	1.50959322e-04
6.46000000e-01	1.33435980e-02	1.49424843e-04
6.47000000e-01	1.34950411e-02	1.49745805e-04
6.48000000e-01	1.34211315e-02	1.48059415e-04
6.49000000e-01	1.33479196e-02	1.46719067e-04
6.50000000e-01	1.32993316e-02	1.45706461e-04
6.51000000e-01	1.33201775e-02	1.45624847e-04
6.52000000e-01	1.33424336e-02	1.45033845e-04
6.53000000e-01	1.32923392e-02	1.43662673e-04
6.54000000e-01	1.32635137e-02	1.43561599e-04
6.55000000e-01	1.32547313e-02	1.43169629e-04
6.56000000e-01	1.34260470e-02	1.43915595e-04
6.57000000e-01	1.33699667e-02	1.43267983e-04
6.58000000e-01	1.33622800e-02	1.43361344e-04
6.59000000e-01	1.32397254e-02	1.42347778e-04
6.60000000e-01	1.32758375e-02	1.42472738e-04
6.61000000e-01	1.33846691e-02	1.43159479e-04
6.62000000e-01	1.31604225e-02	1.41384125e-04
6.63000000e-01	1.33881370e-02	1.43761751e-04
6.64000000e-01	1.33863308e-02	1.42889900e-04
6.65000000e-01	1.33954385e-02	1.43116616e-04
6.66000000e-01	1.32559274e-02	1.41588224e-04
6.67000000e-01	1.33214500e-02	1.41849682e-04
6.68000000e-01	1.32821102e-02	1.41801522e-04
6.69000000e-01	1.33263887e-02	1.42221511e-04
6.70000000e-01	1.32863760e-02	1.41268420e-04
6.71000000e-01	1.32760832e-02	1.41278210e-04
6.72000000e-01	1.33260663e-02	1.42091329e-04
6.73000000e-01	1.31879799e-02	1.40343564e-04
6.74000000e-01	1.32355531e-02	1.40522472e-04
6.75000000e-01	1.31663633e-02	1.40346925e-04
6.76000000e-01	1.32675761e-02	1.40800405e-04
6.77000000e-01	1.31451641e-02	1.39990582e-04
6.78000000e-01	1.31662146e-02	1.40083788e-04
6.79000000e-01	1.31705461e-02	1.40341524e-04
6.80000000e-01	1.32186106e-02	1.40176646e-04
6.81000000e-01	1.31858735e-02	1.40238951e-04
6.82000000e-01	1.31197636e-02	1.39176243e-04
6.83000000e-01	1.31238353e-02	1.39607079e-04
6.84000000e-01	1.31710444e-02	1.39660428e-04
6.85000000e-01	1.31027790e-02	1.39235411e-04
6.86000000e-01	1.30480365e-02	1.38288562e-04
6.87000000e-01	1.32096079e-02	1.40146496e-04
6.88000000e-01	1.32309143e-02	1.40337719e-04
6.89000000e-01	1.31241349e-02	1.39128647e-04
6.90000000e-01	1.31307003e-02	1.39258662e-04
6.91000000e-01	1.30609482e-02	1.38644832e-04
6.92000000e-01	1.32126177e-02	1.40004884e-04
6.93000000e-01	1.32097562e-02	1.40222916e-04
6.94000000e-01	1.30957750e-02	1.38928969e-04
6.95000000e-01	1.28942635e-02	1.37394103e-04
6.96000000e-01	1.31555273e-02	1.39682938e-04
6.97000000e-01	1.30357991e-02	1.38434041e-04
6.98000000e-01	1.29941862e-02	1.37903478e-04
6.99000000e-01	1.30452852e-02	1.38073355e-04
7.00000000e-01	1.29442094e-02	1.37344688e-04
7.01000000e-01	1.31376066e-02	1.39500221e-04
7.02000000e-01	1.29687697e-02	1.37649647e-04
7.03000000e-01	1.30946715e-02	1.38762015e-04
7.04000000e-01	1.29887877e-02	1.37885615e-04
7.05000000e-01	1.29149571e-02	1.36915499e-04
7.06000000e-01	1.30398842e-02	1.38280198e-04
7.07000000e-01	1.29907940e-02	1.36950565e-04
7.08000000e-01	1.30064436e-02	1.37287769e-04
7.09000000e-01	1.29307873e-02	1.36536742e-04
7.10000000e-01	1.29023467e-02	1.36756173e-04
7.11000000e-01	1.29346648e-02	1.37078558e-04
7.12000000e-01	1.29229688e-02	1.37064676e-04
7.13000000e-01	1.27552092e-02	1.35594081e-04
7.14000000e-01	1.27969037e-02	1.35773313e-04
7.15000000e-01	1.28135791e-02	1.35864151e-04
7.16000000e-01	1.28742564e-02	1.36267026e-04
7.17000000e-01	1.26965296e-02	1.34916839e-04
7.18000000e-01	1.27633029e-02	1.34785976e-04
7.19000000e-01	1.26928102e-02	1.34909882e-04
7.20000000e-01	1.27378052e-02	1.35188374e-04
7.21000000e-01	1.27117135e-02	1.35435317e-04
7.22000000e-01	1.29161312e-02	1.36520443e-04
7.23000000e-01	1.26843595e-02	1.35138012e-04
7.24000000e-01	1.27308058e-02	1.34878677e-04
7.25000000e-01	1.26960868e-02	1.34616145e-04
7.26000000e-01	1.28184082e-02	1.36170951e-04
7.27000000e-01	1.26502257e-02	1.34416223e-04
7.28000000e-01	1.27149749e-02	1.35093957e-04
7.29000000e-01	1.27201089e-02	1.35230986e-04
7.30000000e-01	1.26126099e-02	1.33957507e-04
7.31000000e-01	1.27572735e-02	1.35079789e-04
7.32000000e-01	1.26148732e-02	1.34348362e-04
7.33000000e-01	1.27145800e-02	1.35089948e-04
7.34000000e-01	1.26476936e-02	1.34106566e-04
7.35000000e-01	1.25759106e-02	1.33388476e-04
7.36000000e-01	1.23883304e-02	1.31535815e-04
7.37000000e-01	1.24954825e-02	1.32194090e-04
7.38000000e-01	1.26112347e-02	1.32559551e-04
7.39000000e-01	1.26015638e-02	1.32505911e-04
7.40000000e-01	1.24425718e-02	1.30953028e-04
7.41000000e-01	1.25321854e-02	1.31721222e-04
7.42000000e-01	1.24579505e-02	1.31394738e-04
7.43000000e-01	1.24828844e-02	1.31324002e-04
7.44000000e-01	1.24897433e-02	1.31242732e-04
7.45000000e-01	1.24882875e-02	1.31507993e-04
7.46000000e-01	1.24451576e-02	1.31051664e-04
7.47000000e-01	1.25070785e-02	1.31661385e-04
7.48000000e-01	1.25473357e-02	1.32001492e-04
7.49000000e-01	1.24858332e-02	1.31431365e-04
7.50000000e-01	1.25678048e-02	1.31946303e-04
7.51000000e-01	1.23140149e-02	1.29923291e-04
7.52000000e-01	1.24393653e-02	1.31069059e-04
7.53000000e-01	1.25298013e-02	1.31793628e-04
7.54000000e-01	1.24795914e-02	1.31193418e-04
7.55000000e-01	1.23911543e-02	1.30488841e-04
7.56000000e-01	1.25411370e-02	1.31955862e-04
7.57000000e-01	1.23461215e-02	1.29792085e-04
7.58000000e-01	1.23278296e-02	1.29783578e-04
7.59000000e-01	1.22460958e-02	1.29017826e-04
7.60000000e-01	1.24574949e-02	1.30847349e-04
7.61000000e-01	1.22489139e-02	1.28882470e-04
7.62000000e-01	1.22599709e-02	1.28898851e-04
7.63000000e-01	1.22842336e-02	1.28915616e-04
7.64000000e-01	1.23880614e-02	1.29463118e-04
7.65000000e-01	1.23013884e-02	1.28242454e-04
7.66000000e-01	1.23129687e-02	1.28419394e-04
7.67000000e-01	1.23169372e-02	1.28385366e-04
7.68000000e-01	1.21812353e-02	1.27552517e-04
7.69000000e-01	1.21828012e-02	1.27050414e-04
7.70000000e-01	1.22557768e-02	1.27835428e-04
7.71000000e-01	1.22817682e-02	1.28413029e-04
7.72000000e-01	1.22062892e-02	1.31693839e-04
7.73000000e-01	1.22175816e-02	1.35719538e-04
7.74000000e-01	1.22293966e-02	1.38240972e-04
7.75000000e-01	1.22445332e-02	1.41236482e-04
7.76000000e-01	1.20822254e-02	1.41851494e-04
7.77000000e-01	1.20160174e-02	1.43500044e-04
7.78000000e-01	1.21488343e-02	1.46634565e-04
7.79000000e-01	1.19499344e-02	1.45776788e-04
7.80000000e-01	1.20355959e-02	1.48755242e-04
7.81000000e-01	1.22741824e-02	1.52654444e-04
7.82000000e-01	1.19428374e-02	1.51019853e-04
7.83000000e-01	1.21824974e-02	1.54813379e-04
7.84000000e-01	1.20735752e-02	1.55707533e-04
7.85000000e-01	1.19959013e-02	1.55921367e-04
7.86000000e-01	1.21890639e-02	1.59952082e-04
7.87000000e-01	1.20954446e-02	1.60186053e-04
7.88000000e-01	1.18949806e-02	1.59929325e-04
7.89000000e-01	1.22483825e-02	1.66041842e-04
7.90000000e-01	1.20099459e-02	1.64340591e-04
7.91000000e-01	1.18820356e-02	1.64836694e-04
7.92000000e-01	1.19837425e-02	1.67392394e-04
7.93000000e-01	1.19250431e-02	1.68491751e-04
7.94000000e-01	1.18809099e-02	1.69169830e-04
7.95000000e-01	1.19790578e-02	1.72558579e-04
7.96000000e-01	1.19845230e-02	1.74119109e-04
7.97000000e-01	1.18355032e-02	1.74921304e-04
7.98000000e-01	1.20107419e-02	1.78538672e-04
7.99000000e-01	1.17591616e-02	1.77320742e-04
8.00000000e-01	1.17641720e-02	1.78005884e-04
8.01000000e-01	1.18546262e-02	1.81772341e-04
8.02000000e-01	1.19621822e-02	1.83687323e-04
8.03000000e-01	1.18457357e-02	1.85584204e-04
8.04000000e-01	1.18039734e-02	1.87311275e-04
8.05000000e-01	1.18485392e-02	1.89757715e-04
8.06000000e-01	1.18465200e-02	1.91365617e-04
8.07000000e-01	1.16474263e-02	1.90334806e-04
8.08000000e-01	1.15428534e-02	1.91779517e-04
8.09000000e-01	1.15896284e-02	1.93349149e-04
8.10000000e-01	1.16317138e-02	1.98160071e-04
8.11000000e-01	1.16470142e-02	1.99196384e-04
8.12000000e-01	1.16732174e-02	2.01371335e-04
8.13000000e-01	1.15470799e-02	2.02427195e-04
8.14000000e-01	1.15877890e-02	2.04064926e-04
8.15000000e-01	1.15878922e-02	2.08006657e-04
8.16000000e-01	1.17425458e-02	2.12460000e-04
8.17000000e-01	1.16087286e-02	2.14010569e-04
8.18000000e-01	1.14628443e-02	2.13192659e-04
8.19000000e-01	1.15930379e-02	2.19390999e-04
8.20000000e-01	1.15809637e-02	2.21249730e-04
8.21000000e-01	1.15982869e-02	2.23622131e-04
8.22000000e-01	1.17553063e-02	2.29678834e-04
8.23000000e-01	1.16802873e-02	2.31230461e-04
8.24000000e-01	1.14260699e-02	2.30160084e-04
8.25000000e-01	1.14561735e-02	2.34164518e-04
8.26000000e-01	1.14558624e-02	2.38001509e-04
8.27000000e-01	1.13672424e-02	2.38803594e-04
8.28000000e-01	1.13202409e-02	2.41948199e-04
8.29000000e-01	1.14646909e-02	2.48757150e-04
8.30000000e-01	1.13801371e-02	2.50071820e-04
8.31000000e-01	1.11679218e-02	2.50386066e-04
8.32000000e-01	1.12472724e-02	2.56219232e-04
8.33000000e-01	1.16047440e-02	2.68142559e-04
8.34000000e-01	1.13779470e-02	2.67681997e-04
8.35000000e-01	1.12690363e-02	2.70862211e-04
8.36000000e-01	1.11565863e-02	2.71607544e-04
8.37000000e-01	1.14761133e-02	2.84692234e-04
8.38000000e-01	1.12136534e-02	2.86405519e-04
8.39000000e-01	1.13986994e-02	2.94522198e-04
8.40000000e-01	1.10811261e-02	2.92335548e-04
8.41000000e-01	1.09328680e-02	2.98494394e-04
8.42000000e-01	1.08752840e-02	3.04810873e-04
8.43000000e-01	1.12539122e-02	3.19529371e-04
8.44000000e-01	1.10452125e-02	3.18301788e-04
8.45000000e-01	1.11515117e-02	3.33485668e-04
8.46000000e-01	1.11189876e-02	3.42284977e-04
8.47000000e-01	1.13127509e-02	3.61293731e-04
8.48000000e-01	1.11912393e-02	3.61527080e-04
8.49000000e-01	1.07999182e-02	3.63254155e-04
8.50000000e-01	1.18585898e-02	4.06577669e-04
8.51000000e-01	1.15927932e-02	4.14109440e-04
8.52000000e-01	1.14213710e-02	4.24127167e-04
8.53000000e-01	1.05447999e-02	4.13453577e-04
8.54000000e-01	1.10206815e-02	4.53015033e-04
8.55000000e-01	1.12506449e-02	4.78177073e-04
8.56000000e-01	1.06620172e-02	4.64541495e-04
8.57000000e-01	1.10988511e-02	5.00790076e-04
8.58000000e-01	1.08250744e-02	5.00570156e-04
8.59000000e-01	1.09331268e-02	5.15510582e-04
8.60000000e-01	1.10893044e-02	5.39398876e-04
8.61000000e-01	1.13722461e-02	5.75424859e-04
8.62000000e-01	1.09200568e-02	5.77166979e-04
8.63000000e-01	1.12053370e-02	6.12080018e-04
8.64000000e-01	1.07891573e-02	6.20098411e-04
8.65000000e-01	1.05265584e-02	6.29831129e-04
8.66000000e-01	1.06403904e-02	6.68783288e-04
8.67000000e-01	1.08146638e-02	7.01353500e-04
8.68000000e-01	1.14056074e-02	8.03714968e-04
8.69000000e-01	1.09680996e-02	8.41392249e-04
8.70000000e-01	1.17603159e-02	9.72534188e-04
8.71000000e-01	1.11290476e-02	1.02233017e-03
8.72000000e-01	1.16043439e-02	1.22704111e-03
8.73000000e-01	1.21987542e-02	1.45035975e-03
8.74000000e-01	9.21155557e-03	1.44956754e-03
8.75000000e-01	1.02566415e-02	3.62627118e-03
