% Filename : SEC3_00043_00011.h5
% Date & Time : 30-Oct-2025 18:02:39
% X-ray Energy (keV) : 13.30001
% Exposure Time (s) : 0.500
% Beam Center : 1461.24000, 208.98300
% Sample to Detector Distance (SDD) (mm) : 1990.750
% Detector Pixel Size (mm) : 0.075
% Photodiode Value : 141287.000
% I0 of Sample : 0
% I0 of Standard : 1
% 
% q(A^-1)   I(q)    I(q)_SE
0.00000000e+00	1.27872197e-02	7.00384176e-03
2.50000000e-04	0.00000000e+00	0.00000000e+00
5.00000000e-04	0.00000000e+00	0.00000000e+00
7.50000000e-04	0.00000000e+00	0.00000000e+00
1.00000000e-03	0.00000000e+00	0.00000000e+00
1.25000000e-03	0.00000000e+00	0.00000000e+00
1.50000000e-03	0.00000000e+00	0.00000000e+00
1.75000000e-03	0.00000000e+00	0.00000000e+00
2.00000000e-03	0.00000000e+00	0.00000000e+00
2.25000000e-03	0.00000000e+00	0.00000000e+00
2.50000000e-03	0.00000000e+00	0.00000000e+00
2.75000000e-03	0.00000000e+00	0.00000000e+00
3.00000000e-03	0.00000000e+00	0.00000000e+00
3.25000000e-03	4.90694664e+02	2.95406560e+02
3.50000000e-03	1.85493411e+02	5.31435042e+01
3.75000000e-03	1.20122867e+02	2.52317549e+01
4.00000000e-03	9.35721726e+01	2.04470243e+01
4.25000000e-03	5.87067089e+01	1.05902533e+01
4.50000000e-03	5.68158030e+01	8.68016729e+00
4.75000000e-03	5.21100620e+01	7.26570912e+00
5.00000000e-03	3.98127509e+01	5.26241716e+00
5.25000000e-03	3.27575880e+01	4.19604789e+00
5.50000000e-03	2.69184102e+01	3.37052999e+00
5.75000000e-03	2.28834714e+01	2.79177830e+00
6.00000000e-03	1.86814199e+01	2.20661174e+00
6.25000000e-03	1.59726943e+01	1.87556914e+00
6.50000000e-03	1.37273197e+01	1.57477166e+00
6.75000000e-03	1.17928976e+01	1.31642630e+00
7.00000000e-03	1.03817000e+01	1.10826451e+00
7.25000000e-03	8.97515098e+00	9.49620353e-01
7.50000000e-03	7.82702039e+00	8.23620549e-01
7.75000000e-03	6.80584942e+00	6.93612925e-01
8.00000000e-03	6.12582347e+00	6.16230284e-01
8.25000000e-03	5.32025875e+00	5.13190332e-01
8.50000000e-03	4.70978405e+00	4.46784833e-01
8.75000000e-03	4.26195822e+00	4.01989880e-01
9.00000000e-03	3.80387518e+00	3.52895028e-01
9.25000000e-03	3.40187717e+00	3.07484640e-01
9.50000000e-03	3.09408710e+00	2.71636852e-01
9.75000000e-03	2.77022771e+00	2.40597245e-01
1.00000000e-02	2.42428784e+00	2.04600800e-01
1.02500000e-02	2.29674725e+00	2.01768647e-01
1.05000000e-02	2.11110411e+00	1.79145548e-01
1.07500000e-02	1.89681371e+00	1.58425615e-01
1.10000000e-02	1.75069202e+00	1.44386761e-01
1.12500000e-02	1.61287191e+00	1.35791313e-01
1.15000000e-02	1.47818037e+00	1.22602657e-01
1.17500000e-02	1.34673233e+00	1.08387405e-01
1.20000000e-02	1.22552518e+00	9.54724081e-02
1.22500000e-02	1.14573227e+00	9.00571518e-02
1.25000000e-02	1.06483168e+00	8.28340781e-02
1.27500000e-02	9.84042889e-01	7.35408824e-02
1.30000000e-02	9.00388819e-01	6.65173700e-02
1.32500000e-02	8.12635930e-01	5.81967205e-02
1.35000000e-02	7.68640122e-01	5.49119195e-02
1.37500000e-02	7.21914009e-01	5.10801543e-02
1.40000000e-02	6.69508584e-01	4.63327628e-02
1.42500000e-02	6.13482347e-01	4.18485858e-02
1.45000000e-02	5.79007608e-01	3.89841894e-02
1.47500000e-02	5.44584353e-01	3.65989364e-02
1.50000000e-02	5.14722137e-01	3.43098071e-02
1.52500000e-02	4.81970360e-01	3.19093540e-02
1.55000000e-02	4.52902051e-01	2.97049747e-02
1.57500000e-02	4.20920625e-01	2.71804205e-02
1.60000000e-02	4.08868704e-01	2.64305178e-02
1.62500000e-02	3.82026898e-01	2.48956035e-02
1.65000000e-02	3.54602039e-01	2.27386660e-02
1.67500000e-02	3.40148380e-01	2.12086465e-02
1.70000000e-02	3.20777089e-01	2.01981336e-02
1.72500000e-02	3.12924615e-01	1.93770730e-02
1.75000000e-02	2.95060837e-01	1.83231169e-02
1.77500000e-02	2.73850950e-01	1.66693465e-02
1.80000000e-02	2.67390785e-01	1.61405896e-02
1.82500000e-02	2.48312816e-01	1.45474029e-02
1.85000000e-02	2.39110081e-01	1.45113867e-02
1.87500000e-02	2.28610731e-01	1.34026407e-02
1.90000000e-02	2.16933110e-01	1.25281736e-02
1.92500000e-02	2.04312281e-01	1.17022175e-02
1.95000000e-02	1.96713760e-01	1.11949283e-02
1.97500000e-02	1.90221608e-01	1.07249313e-02
2.00000000e-02	1.77687877e-01	9.90529303e-03
2.02500000e-02	1.68442532e-01	9.25921791e-03
2.05000000e-02	1.64225141e-01	8.82700668e-03
2.07500000e-02	1.58412458e-01	8.61829629e-03
2.10000000e-02	1.51732873e-01	8.14461683e-03
2.12500000e-02	1.47030230e-01	7.94243151e-03
2.15000000e-02	1.42352031e-01	7.57923093e-03
2.17500000e-02	1.37806454e-01	7.38600186e-03
2.20000000e-02	1.35620058e-01	7.19487614e-03
2.22500000e-02	1.27951170e-01	6.73618792e-03
2.25000000e-02	1.23831869e-01	6.61195056e-03
2.27500000e-02	1.19322472e-01	6.24408836e-03
2.30000000e-02	1.20502246e-01	6.31118316e-03
2.32500000e-02	1.14365251e-01	5.93087169e-03
2.35000000e-02	1.09961821e-01	5.77515284e-03
2.37500000e-02	1.08866788e-01	5.64073410e-03
2.40000000e-02	1.04616838e-01	5.44514311e-03
2.42500000e-02	1.02780632e-01	5.29263516e-03
2.45000000e-02	9.86752537e-02	5.13593571e-03
2.47500000e-02	9.65865218e-02	4.98156465e-03
2.50000000e-02	9.38916488e-02	4.76386105e-03
2.52500000e-02	9.22290121e-02	4.76375934e-03
2.55000000e-02	8.76102484e-02	4.41526025e-03
2.57500000e-02	8.52564917e-02	4.31768219e-03
2.60000000e-02	8.42900861e-02	4.18807517e-03
2.62500000e-02	8.01036737e-02	4.07205955e-03
2.65000000e-02	7.79676545e-02	3.89534293e-03
2.67500000e-02	7.63268521e-02	3.78199028e-03
2.70000000e-02	7.57037007e-02	3.76820061e-03
2.72500000e-02	7.35862110e-02	3.58376207e-03
2.75000000e-02	7.21079306e-02	3.61643474e-03
2.77500000e-02	6.83616154e-02	3.38338928e-03
2.80000000e-02	6.81462996e-02	3.26827946e-03
2.82500000e-02	6.68798359e-02	3.21187064e-03
2.85000000e-02	6.64999768e-02	3.20616994e-03
2.87500000e-02	6.53490569e-02	3.18213283e-03
2.90000000e-02	6.12207615e-02	2.96434611e-03
2.92500000e-02	6.20305672e-02	2.90127683e-03
2.95000000e-02	6.09908330e-02	2.92510620e-03
2.97500000e-02	6.02779859e-02	2.86672964e-03
3.00000000e-02	5.92770120e-02	2.83548228e-03
3.02500000e-02	5.70294799e-02	2.71374157e-03
3.05000000e-02	5.70214308e-02	2.64803505e-03
3.07500000e-02	5.40191159e-02	2.57510235e-03
3.10000000e-02	5.42326629e-02	2.55337076e-03
3.12500000e-02	5.37736456e-02	2.54613844e-03
3.15000000e-02	5.19573068e-02	2.41667447e-03
3.17500000e-02	5.07182652e-02	2.32528207e-03
3.20000000e-02	5.06256579e-02	2.34815050e-03
3.22500000e-02	5.06139699e-02	2.33936211e-03
3.25000000e-02	5.01477702e-02	2.34782397e-03
3.27500000e-02	4.78858515e-02	2.19872800e-03
3.30000000e-02	4.74314296e-02	2.15184566e-03
3.32500000e-02	4.73575708e-02	2.16473445e-03
3.35000000e-02	4.58948630e-02	2.12373406e-03
3.37500000e-02	4.49161513e-02	2.04790769e-03
3.40000000e-02	4.50463281e-02	2.04335142e-03
3.42500000e-02	4.52801794e-02	2.03874681e-03
3.45000000e-02	4.31474173e-02	1.95557226e-03
3.47500000e-02	4.37990075e-02	1.97312824e-03
3.50000000e-02	4.16842972e-02	1.87204366e-03
3.52500000e-02	4.14946989e-02	1.86952630e-03
3.55000000e-02	4.04791133e-02	1.79521548e-03
3.57500000e-02	3.90257544e-02	1.75609782e-03
3.60000000e-02	3.90832718e-02	1.75330641e-03
3.62500000e-02	3.93911918e-02	1.76359248e-03
3.65000000e-02	3.91328264e-02	1.74916420e-03
3.67500000e-02	3.86748586e-02	1.70812756e-03
3.70000000e-02	3.76178391e-02	1.65193752e-03
3.72500000e-02	3.71091838e-02	1.62793922e-03
3.75000000e-02	3.58483063e-02	1.58005939e-03
3.77500000e-02	3.70189431e-02	1.62440934e-03
3.80000000e-02	3.55565757e-02	1.54934611e-03
3.82500000e-02	3.54754518e-02	1.54064282e-03
3.85000000e-02	3.57688860e-02	1.56763283e-03
3.87500000e-02	3.54257751e-02	1.52382512e-03
3.90000000e-02	3.49960589e-02	1.52902178e-03
3.92500000e-02	3.48309957e-02	1.51285311e-03
3.95000000e-02	3.43221000e-02	1.48794382e-03
3.97500000e-02	3.32070336e-02	1.43867062e-03
4.00000000e-02	3.39017058e-02	1.46069980e-03
4.02500000e-02	3.37795822e-02	1.45007105e-03
4.05000000e-02	3.32891986e-02	1.42194155e-03
4.07500000e-02	3.27497075e-02	1.37761044e-03
4.10000000e-02	3.31619014e-02	1.41065931e-03
4.12500000e-02	3.24529280e-02	1.39225369e-03
4.15000000e-02	3.15913548e-02	1.33833367e-03
4.17500000e-02	3.17486556e-02	1.34419626e-03
4.20000000e-02	3.19208327e-02	1.33574917e-03
4.22500000e-02	3.12107435e-02	1.30727350e-03
4.25000000e-02	3.16012525e-02	1.32735774e-03
4.27500000e-02	3.02434326e-02	1.26761463e-03
4.30000000e-02	3.06299648e-02	1.26683316e-03
4.32500000e-02	3.07034366e-02	1.27560746e-03
4.35000000e-02	2.98996917e-02	1.25030944e-03
4.37500000e-02	2.98862089e-02	1.24219488e-03
4.40000000e-02	3.01172264e-02	1.24785343e-03
4.42500000e-02	2.94123624e-02	1.21291373e-03
4.45000000e-02	3.02043926e-02	1.24545718e-03
4.47500000e-02	2.91177431e-02	1.19655657e-03
4.50000000e-02	2.89983738e-02	1.19266196e-03
4.52500000e-02	2.86541521e-02	1.17547382e-03
4.55000000e-02	2.87448371e-02	1.17346417e-03
4.57500000e-02	2.93348446e-02	1.18725368e-03
4.60000000e-02	2.91857371e-02	1.18610536e-03
4.62500000e-02	2.79937873e-02	1.13928262e-03
4.65000000e-02	2.84033483e-02	1.14433076e-03
4.67500000e-02	2.84421632e-02	1.14878864e-03
4.70000000e-02	2.76958472e-02	1.11040913e-03
4.72500000e-02	2.88078292e-02	1.15034531e-03
4.75000000e-02	2.78670271e-02	1.13615924e-03
4.77500000e-02	2.71161090e-02	1.08092575e-03
4.80000000e-02	2.70458019e-02	1.08649872e-03
4.82500000e-02	2.67745818e-02	1.07424671e-03
4.85000000e-02	2.68120914e-02	1.09200770e-03
4.87500000e-02	2.73257884e-02	1.09669343e-03
4.90000000e-02	2.73928842e-02	1.08744451e-03
4.92500000e-02	2.66301817e-02	1.05569829e-03
4.95000000e-02	2.67890834e-02	1.07059853e-03
4.97500000e-02	2.60420490e-02	1.03505852e-03
5.00000000e-02	2.62504241e-02	1.03821902e-03
5.02500000e-02	2.63765935e-02	1.03579920e-03
5.05000000e-02	2.62140756e-02	1.02653863e-03
5.07500000e-02	2.53665016e-02	1.00874614e-03
5.10000000e-02	2.60350963e-02	1.02127028e-03
5.12500000e-02	2.57441187e-02	1.01821876e-03
5.15000000e-02	2.59478397e-02	1.01426571e-03
5.17500000e-02	2.56406262e-02	1.00296630e-03
5.20000000e-02	2.59303824e-02	1.00277522e-03
5.22500000e-02	2.53854041e-02	1.00110131e-03
5.25000000e-02	2.45637999e-02	9.56163920e-04
5.27500000e-02	2.49847867e-02	9.57713018e-04
5.30000000e-02	2.52730267e-02	9.82704715e-04
5.32500000e-02	2.50896885e-02	9.68323876e-04
5.35000000e-02	2.47257427e-02	9.59331909e-04
5.37500000e-02	2.55985413e-02	9.88315993e-04
5.40000000e-02	2.53862485e-02	9.70797783e-04
5.42500000e-02	2.42301077e-02	9.24952559e-04
5.45000000e-02	2.46084617e-02	9.49325841e-04
5.47500000e-02	2.54092468e-02	9.64799204e-04
5.50000000e-02	2.45382047e-02	9.41150371e-04
5.52500000e-02	2.42624585e-02	9.24142074e-04
5.55000000e-02	2.48884486e-02	9.48898774e-04
5.57500000e-02	2.47439854e-02	9.43088944e-04
5.60000000e-02	2.37419610e-02	9.00460013e-04
5.62500000e-02	2.46445804e-02	9.33255573e-04
5.65000000e-02	2.46493837e-02	9.28454837e-04
5.67500000e-02	2.39160552e-02	9.11289228e-04
5.70000000e-02	2.41066511e-02	9.02735355e-04
5.72500000e-02	2.43132675e-02	9.16211279e-04
5.75000000e-02	2.39385238e-02	9.04806842e-04
5.77500000e-02	2.31296888e-02	8.58628153e-04
5.80000000e-02	2.32736091e-02	8.81091827e-04
5.82500000e-02	2.36236108e-02	8.83593296e-04
5.85000000e-02	2.37508077e-02	8.82894953e-04
5.87500000e-02	2.41953502e-02	8.95242738e-04
5.90000000e-02	2.41871719e-02	8.94744255e-04
5.92500000e-02	2.37216537e-02	8.78148655e-04
5.95000000e-02	2.32160350e-02	8.62287399e-04
5.97500000e-02	2.28699582e-02	8.54736762e-04
6.00000000e-02	2.40314639e-02	8.86650023e-04
6.02500000e-02	2.36185285e-02	8.75541338e-04
6.05000000e-02	2.27000170e-02	8.38858189e-04
6.07500000e-02	2.34534309e-02	8.58532999e-04
6.10000000e-02	2.31508092e-02	8.50394709e-04
6.12500000e-02	2.31222794e-02	8.41664591e-04
6.15000000e-02	2.27185755e-02	8.28340479e-04
6.17500000e-02	2.32449480e-02	8.48992797e-04
6.20000000e-02	2.29023344e-02	8.38317619e-04
6.22500000e-02	2.29794632e-02	8.42659054e-04
6.25000000e-02	2.28971842e-02	8.30996150e-04
6.27500000e-02	2.31301858e-02	8.33348084e-04
6.30000000e-02	2.31671654e-02	8.33409803e-04
6.32500000e-02	2.27021355e-02	8.18238416e-04
6.35000000e-02	2.29469697e-02	8.34736360e-04
6.37500000e-02	2.29961834e-02	8.35261796e-04
6.40000000e-02	2.26817060e-02	8.17399211e-04
6.42500000e-02	2.20599360e-02	7.96324583e-04
6.45000000e-02	2.22234311e-02	8.01391436e-04
6.47500000e-02	2.25324585e-02	8.08828936e-04
6.50000000e-02	2.19610769e-02	7.96780966e-04
6.52500000e-02	2.29739159e-02	8.14005109e-04
6.55000000e-02	2.27926766e-02	8.08932296e-04
6.57500000e-02	2.22803203e-02	7.91889732e-04
6.60000000e-02	2.24842775e-02	7.99037242e-04
6.62500000e-02	2.22362240e-02	7.94348854e-04
6.65000000e-02	2.23898117e-02	7.89277411e-04
6.67500000e-02	2.26487003e-02	7.96802804e-04
6.70000000e-02	2.20613722e-02	7.83356578e-04
6.72500000e-02	2.21605300e-02	7.86582019e-04
6.75000000e-02	2.20820324e-02	7.70068268e-04
6.77500000e-02	2.21956987e-02	7.78112168e-04
6.80000000e-02	2.24054447e-02	7.83018545e-04
6.82500000e-02	2.21401132e-02	7.79710174e-04
6.85000000e-02	2.23650700e-02	7.91356566e-04
6.87500000e-02	2.26421210e-02	7.92352456e-04
6.90000000e-02	2.19496392e-02	7.67402443e-04
6.92500000e-02	2.17947579e-02	7.57495083e-04
6.95000000e-02	2.21796887e-02	7.82811942e-04
6.97500000e-02	2.17490348e-02	7.60573995e-04
7.00000000e-02	2.22115157e-02	7.70959187e-04
7.02500000e-02	2.16366351e-02	7.49756464e-04
7.05000000e-02	2.18364925e-02	7.53036372e-04
7.07500000e-02	2.14731566e-02	7.50182547e-04
7.10000000e-02	2.19371863e-02	7.53606020e-04
7.12500000e-02	2.20453555e-02	7.61012798e-04
7.15000000e-02	2.23934951e-02	7.65084184e-04
7.17500000e-02	2.12892627e-02	7.37168077e-04
7.20000000e-02	2.18534495e-02	7.58213855e-04
7.22500000e-02	2.17845161e-02	7.52300590e-04
7.25000000e-02	2.19260598e-02	7.47881963e-04
7.27500000e-02	2.12267310e-02	7.30592248e-04
7.30000000e-02	2.19384688e-02	7.45497513e-04
7.32500000e-02	2.16531859e-02	7.34755082e-04
7.35000000e-02	2.16929550e-02	7.40344213e-04
7.37500000e-02	2.15070343e-02	7.20883970e-04
7.40000000e-02	2.17889490e-02	7.37805258e-04
7.42500000e-02	2.14816140e-02	7.28090690e-04
7.45000000e-02	2.19071573e-02	7.42540960e-04
7.47500000e-02	2.13218539e-02	7.19523046e-04
7.50000000e-02	2.21834019e-02	7.49463464e-04
7.52500000e-02	2.15974693e-02	7.25960897e-04
7.55000000e-02	2.15503977e-02	7.23493942e-04
7.57500000e-02	2.13760535e-02	7.19950560e-04
7.60000000e-02	2.17640695e-02	7.34969229e-04
7.62500000e-02	2.13872185e-02	7.25056189e-04
7.65000000e-02	2.11449207e-02	7.10219036e-04
7.67500000e-02	2.14104839e-02	7.18352091e-04
7.70000000e-02	2.17163860e-02	7.20101367e-04
7.72500000e-02	2.17471930e-02	7.36733449e-04
7.75000000e-02	2.10938461e-02	7.27309554e-04
7.77500000e-02	2.12179656e-02	7.31040901e-04
7.80000000e-02	2.12690066e-02	7.39462411e-04
7.82500000e-02	2.17066345e-02	7.61841516e-04
7.85000000e-02	2.09691530e-02	7.45060787e-04
7.87500000e-02	2.16461881e-02	7.51607328e-04
7.90000000e-02	2.21406592e-02	7.74982992e-04
7.92500000e-02	2.13412347e-02	7.50688295e-04
7.95000000e-02	2.13750853e-02	7.60774480e-04
7.97500000e-02	2.09924505e-02	7.55811483e-04
8.00000000e-02	2.14435520e-02	7.63030880e-04
8.02500000e-02	2.21207448e-02	7.82931067e-04
8.05000000e-02	2.10251380e-02	7.48418488e-04
8.07500000e-02	2.15942712e-02	7.78750138e-04
8.10000000e-02	2.10286385e-02	7.54137261e-04
8.12500000e-02	2.17599098e-02	7.81511690e-04
8.15000000e-02	2.11135630e-02	7.53127520e-04
8.17500000e-02	2.12243498e-02	7.66964281e-04
8.20000000e-02	2.14905823e-02	7.78613498e-04
8.22500000e-02	2.09729573e-02	7.63360776e-04
8.25000000e-02	2.10399922e-02	7.55264531e-04
8.27500000e-02	2.14817431e-02	7.72439667e-04
8.30000000e-02	2.15245297e-02	7.86462952e-04
8.32500000e-02	2.12075007e-02	7.77335951e-04
8.35000000e-02	2.11885943e-02	7.80770443e-04
8.37500000e-02	2.10513853e-02	7.67075119e-04
8.40000000e-02	2.10572563e-02	7.74925007e-04
8.42500000e-02	2.12199083e-02	7.74047093e-04
8.45000000e-02	2.12254776e-02	7.80587419e-04
8.47500000e-02	2.12406203e-02	7.74878014e-04
8.50000000e-02	2.12724543e-02	7.81207615e-04
8.52500000e-02	2.09357500e-02	7.76138822e-04
8.55000000e-02	2.17750399e-02	7.93600413e-04
8.57500000e-02	2.16103934e-02	7.94262012e-04
8.60000000e-02	2.15425159e-02	7.92448353e-04
8.62500000e-02	2.14631345e-02	7.96020768e-04
8.65000000e-02	2.06125653e-02	7.62245304e-04
8.67500000e-02	2.09945209e-02	7.71561065e-04
8.70000000e-02	2.11258227e-02	7.60054210e-04
8.72500000e-02	2.10787297e-02	7.46307475e-04
8.75000000e-02	2.09512166e-02	7.32700334e-04
8.77500000e-02	2.06867774e-02	7.21510922e-04
8.80000000e-02	2.06444604e-02	7.25568573e-04
8.82500000e-02	2.08457391e-02	7.24069123e-04
8.85000000e-02	2.10509539e-02	7.36651138e-04
8.87500000e-02	2.05823323e-02	7.05496141e-04
8.90000000e-02	2.12550983e-02	7.31861582e-04
8.92500000e-02	2.10697486e-02	7.24483090e-04
8.95000000e-02	2.11953142e-02	7.23775027e-04
8.97500000e-02	2.05835221e-02	6.96427702e-04
9.00000000e-02	2.13331447e-02	7.20493761e-04
9.02500000e-02	1.98874183e-02	6.73655548e-04
9.05000000e-02	2.08224687e-02	7.02987677e-04
9.07500000e-02	2.02255821e-02	6.81690300e-04
9.10000000e-02	2.06594708e-02	6.90282953e-04
9.12500000e-02	2.11721680e-02	7.02856664e-04
9.15000000e-02	2.05980387e-02	6.80723834e-04
9.17500000e-02	2.07181411e-02	7.00229484e-04
9.20000000e-02	2.08590844e-02	6.92098184e-04
9.22500000e-02	2.07997252e-02	6.90762853e-04
9.25000000e-02	2.04606774e-02	6.79830853e-04
9.27500000e-02	2.07338396e-02	6.83007609e-04
9.30000000e-02	2.03719698e-02	6.72725604e-04
9.32500000e-02	2.08516663e-02	6.90832129e-04
9.35000000e-02	2.07765073e-02	6.77777627e-04
9.37500000e-02	2.09354055e-02	6.80237581e-04
9.40000000e-02	2.09258066e-02	6.83114314e-04
9.42500000e-02	2.14659305e-02	6.98524990e-04
9.45000000e-02	2.15726569e-02	6.99149146e-04
9.47500000e-02	2.10813306e-02	6.84489976e-04
9.50000000e-02	2.14814999e-02	6.91622397e-04
9.52500000e-02	2.07284081e-02	6.69378221e-04
9.55000000e-02	2.08153701e-02	6.72438170e-04
9.57500000e-02	2.07174545e-02	6.70425361e-04
9.60000000e-02	2.00943489e-02	6.50594125e-04
9.62500000e-02	2.08838207e-02	6.74890051e-04
9.65000000e-02	2.06446090e-02	6.62091052e-04
9.67500000e-02	2.07265043e-02	6.62098300e-04
9.70000000e-02	2.08713441e-02	6.63861212e-04
9.72500000e-02	2.09283304e-02	6.66601994e-04
9.75000000e-02	2.04870128e-02	6.54594238e-04
9.77500000e-02	2.03235787e-02	6.46768125e-04
9.80000000e-02	2.09326776e-02	6.62832646e-04
9.82500000e-02	2.06364949e-02	6.59080712e-04
9.85000000e-02	2.06057271e-02	6.53389376e-04
9.87500000e-02	2.03107558e-02	6.43641836e-04
9.90000000e-02	2.03460151e-02	6.45051293e-04
9.92500000e-02	2.08629680e-02	6.60025931e-04
9.95000000e-02	2.04635054e-02	6.46579167e-04
9.97500000e-02	2.01599980e-02	6.36787148e-04
1.00000000e-01	2.01271068e-02	5.15758550e-04
1.00500000e-01	2.02234214e-02	4.48017560e-04
1.01000000e-01	2.07479305e-02	4.59647383e-04
1.01500000e-01	2.01918500e-02	4.47958877e-04
1.02000000e-01	2.06453608e-02	4.53889915e-04
1.02500000e-01	2.03901160e-02	4.45235383e-04
1.03000000e-01	2.00380325e-02	4.39720098e-04
1.03500000e-01	2.06276559e-02	4.47656670e-04
1.04000000e-01	2.05273392e-02	4.47402772e-04
1.04500000e-01	2.03649323e-02	4.42271955e-04
1.05000000e-01	2.07532767e-02	4.48496416e-04
1.05500000e-01	2.04008210e-02	4.40645795e-04
1.06000000e-01	2.05592782e-02	4.41533250e-04
1.06500000e-01	2.05339104e-02	4.40123731e-04
1.07000000e-01	2.08222003e-02	4.55993651e-04
1.07500000e-01	2.06584711e-02	4.57346369e-04
1.08000000e-01	2.06344450e-02	4.60007646e-04
1.08500000e-01	2.03869077e-02	4.57298216e-04
1.09000000e-01	2.02078350e-02	4.57664053e-04
1.09500000e-01	2.05062569e-02	4.65448411e-04
1.10000000e-01	2.06444611e-02	4.64000887e-04
1.10500000e-01	2.02086261e-02	4.43242324e-04
1.11000000e-01	2.02961683e-02	4.40019692e-04
1.11500000e-01	2.05609897e-02	4.40915008e-04
1.12000000e-01	1.99021525e-02	4.27022950e-04
1.12500000e-01	2.06486566e-02	4.34982705e-04
1.13000000e-01	2.07724515e-02	4.38740850e-04
1.13500000e-01	2.02977241e-02	4.26911105e-04
1.14000000e-01	2.03540457e-02	4.25697046e-04
1.14500000e-01	2.01743436e-02	4.20748003e-04
1.15000000e-01	2.02859316e-02	4.21636224e-04
1.15500000e-01	2.05274165e-02	4.27362809e-04
1.16000000e-01	2.01189419e-02	4.19505899e-04
1.16500000e-01	2.01680451e-02	4.19038203e-04
1.17000000e-01	2.04131828e-02	4.20267001e-04
1.17500000e-01	2.01759118e-02	4.15448854e-04
1.18000000e-01	2.04153181e-02	4.20231716e-04
1.18500000e-01	2.02483281e-02	4.14321331e-04
1.19000000e-01	2.01180971e-02	4.13374552e-04
1.19500000e-01	2.02978944e-02	4.14906886e-04
1.20000000e-01	2.02578941e-02	4.12655288e-04
1.20500000e-01	2.02719829e-02	4.11644078e-04
1.21000000e-01	2.03592951e-02	4.10749561e-04
1.21500000e-01	1.99906581e-02	4.05684794e-04
1.22000000e-01	2.02254659e-02	4.07620810e-04
1.22500000e-01	2.04636284e-02	4.12138526e-04
1.23000000e-01	2.01579299e-02	4.06118258e-04
1.23500000e-01	2.04877093e-02	4.08334384e-04
1.24000000e-01	2.02900826e-02	4.07493737e-04
1.24500000e-01	2.00359732e-02	3.99944528e-04
1.25000000e-01	2.04084362e-02	4.06242081e-04
1.25500000e-01	2.03004031e-02	4.02768823e-04
1.26000000e-01	2.01377091e-02	3.99166879e-04
1.26500000e-01	2.03273485e-02	4.01533600e-04
1.27000000e-01	2.02960566e-02	3.98440940e-04
1.27500000e-01	1.98720812e-02	3.91748875e-04
1.28000000e-01	2.03949403e-02	4.01829041e-04
1.28500000e-01	2.01925003e-02	3.95115420e-04
1.29000000e-01	2.01627672e-02	3.96074499e-04
1.29500000e-01	2.03907075e-02	4.00251466e-04
1.30000000e-01	2.01659362e-02	3.92064467e-04
1.30500000e-01	2.01043394e-02	3.90919898e-04
1.31000000e-01	2.03758178e-02	3.93194429e-04
1.31500000e-01	2.02957220e-02	3.94348347e-04
1.32000000e-01	2.03627892e-02	3.93149871e-04
1.32500000e-01	2.06879019e-02	3.96471256e-04
1.33000000e-01	2.02347877e-02	3.89122600e-04
1.33500000e-01	2.00268249e-02	3.82527110e-04
1.34000000e-01	2.00359741e-02	3.83865128e-04
1.34500000e-01	2.01640003e-02	3.84190090e-04
1.35000000e-01	2.03437506e-02	3.87182224e-04
1.35500000e-01	2.01642562e-02	3.82402327e-04
1.36000000e-01	2.04447790e-02	3.86413355e-04
1.36500000e-01	1.98007389e-02	3.77529968e-04
1.37000000e-01	2.01274545e-02	3.80311175e-04
1.37500000e-01	2.01420689e-02	3.81935141e-04
1.38000000e-01	2.00765968e-02	3.78906320e-04
1.38500000e-01	2.00171539e-02	3.76577476e-04
1.39000000e-01	1.98037002e-02	3.73548151e-04
1.39500000e-01	2.01293474e-02	3.78338144e-04
1.40000000e-01	1.99228472e-02	3.75125671e-04
1.40500000e-01	2.00674057e-02	3.76502894e-04
1.41000000e-01	1.97727094e-02	3.70265721e-04
1.41500000e-01	1.96953892e-02	3.70576416e-04
1.42000000e-01	1.95233254e-02	3.65379369e-04
1.42500000e-01	2.00071659e-02	3.73539311e-04
1.43000000e-01	1.98563093e-02	3.68882108e-04
1.43500000e-01	1.98956578e-02	3.69384253e-04
1.44000000e-01	1.99123007e-02	3.70671402e-04
1.44500000e-01	2.00200474e-02	3.67964156e-04
1.45000000e-01	2.02112469e-02	3.71619453e-04
1.45500000e-01	1.95787678e-02	3.61494557e-04
1.46000000e-01	1.97785646e-02	3.65306301e-04
1.46500000e-01	1.98582330e-02	3.65887690e-04
1.47000000e-01	1.98708806e-02	3.64925483e-04
1.47500000e-01	1.94561631e-02	3.58871049e-04
1.48000000e-01	1.97011158e-02	3.61069374e-04
1.48500000e-01	1.99504998e-02	3.64640916e-04
1.49000000e-01	1.94767127e-02	3.55978217e-04
1.49500000e-01	1.99929707e-02	3.65994237e-04
1.50000000e-01	1.96965602e-02	3.56240892e-04
1.50500000e-01	2.00010923e-02	3.62963018e-04
1.51000000e-01	1.98545203e-02	3.57117178e-04
1.51500000e-01	1.96259845e-02	3.53700730e-04
1.52000000e-01	1.99592347e-02	3.57089475e-04
1.52500000e-01	1.98270741e-02	3.57367787e-04
1.53000000e-01	1.95345182e-02	3.50706779e-04
1.53500000e-01	1.95298879e-02	3.50891294e-04
1.54000000e-01	1.94891211e-02	3.48964937e-04
1.54500000e-01	1.97315592e-02	3.60606114e-04
1.55000000e-01	1.97366291e-02	3.64464881e-04
1.55500000e-01	1.92912392e-02	3.59978388e-04
1.56000000e-01	1.97995724e-02	3.70854702e-04
1.56500000e-01	1.92239888e-02	3.58144294e-04
1.57000000e-01	1.94711675e-02	3.64889576e-04
1.57500000e-01	1.97420270e-02	3.62047167e-04
1.58000000e-01	1.95157393e-02	3.53485960e-04
1.58500000e-01	1.99566830e-02	3.57474365e-04
1.59000000e-01	1.97282703e-02	3.51309661e-04
1.59500000e-01	1.94424965e-02	3.48671146e-04
1.60000000e-01	1.95634798e-02	3.48415184e-04
1.60500000e-01	1.93637070e-02	3.43124249e-04
1.61000000e-01	1.95914997e-02	3.49524427e-04
1.61500000e-01	1.96312161e-02	3.47309308e-04
1.62000000e-01	1.95514921e-02	3.44840175e-04
1.62500000e-01	1.94635246e-02	3.44583215e-04
1.63000000e-01	1.93007607e-02	3.39334482e-04
1.63500000e-01	1.96323831e-02	3.46930419e-04
1.64000000e-01	1.95557113e-02	3.44364166e-04
1.64500000e-01	1.90555053e-02	3.35965211e-04
1.65000000e-01	1.95382530e-02	3.42456661e-04
1.65500000e-01	1.91761821e-02	3.36589360e-04
1.66000000e-01	1.96252151e-02	3.41647801e-04
1.66500000e-01	1.93867792e-02	3.36309487e-04
1.67000000e-01	1.93698290e-02	3.38834395e-04
1.67500000e-01	1.93720238e-02	3.36788768e-04
1.68000000e-01	1.93686275e-02	3.34093969e-04
1.68500000e-01	1.91870791e-02	3.31977079e-04
1.69000000e-01	1.93158138e-02	3.33322149e-04
1.69500000e-01	1.93448424e-02	3.33599591e-04
1.70000000e-01	1.92280036e-02	3.31075344e-04
1.70500000e-01	1.93984883e-02	3.33630238e-04
1.71000000e-01	1.91991160e-02	3.29730968e-04
1.71500000e-01	1.93092622e-02	3.30931710e-04
1.72000000e-01	1.89464161e-02	3.26000825e-04
1.72500000e-01	1.91950564e-02	3.27912662e-04
1.73000000e-01	1.90768203e-02	3.25800665e-04
1.73500000e-01	1.90541834e-02	3.24762429e-04
1.74000000e-01	1.93485989e-02	3.27006697e-04
1.74500000e-01	1.91039176e-02	3.22617797e-04
1.75000000e-01	1.90125318e-02	3.21450636e-04
1.75500000e-01	1.93643256e-02	3.25116019e-04
1.76000000e-01	1.92219031e-02	3.24169990e-04
1.76500000e-01	1.92617271e-02	3.24105825e-04
1.77000000e-01	1.89941278e-02	3.18337745e-04
1.77500000e-01	1.90932259e-02	3.21290041e-04
1.78000000e-01	1.88880004e-02	3.18296383e-04
1.78500000e-01	1.87943397e-02	3.15801415e-04
1.79000000e-01	1.90384623e-02	3.18265653e-04
1.79500000e-01	1.93066859e-02	3.22726090e-04
1.80000000e-01	1.91277775e-02	3.21450779e-04
1.80500000e-01	1.89408192e-02	3.16967679e-04
1.81000000e-01	1.89454234e-02	3.17453812e-04
1.81500000e-01	1.91295211e-02	3.18113508e-04
1.82000000e-01	1.90206394e-02	3.17405272e-04
1.82500000e-01	1.89264702e-02	3.15953774e-04
1.83000000e-01	1.88706072e-02	3.14482083e-04
1.83500000e-01	1.90258755e-02	3.15319232e-04
1.84000000e-01	1.91904320e-02	3.15871600e-04
1.84500000e-01	1.88891815e-02	3.13722832e-04
1.85000000e-01	1.89901849e-02	3.13798152e-04
1.85500000e-01	1.88556842e-02	3.10355171e-04
1.86000000e-01	1.89176394e-02	3.11994173e-04
1.86500000e-01	1.85861386e-02	3.07002188e-04
1.87000000e-01	1.86932086e-02	3.08654229e-04
1.87500000e-01	1.90219137e-02	3.11400912e-04
1.88000000e-01	1.87739088e-02	3.08795122e-04
1.88500000e-01	1.88533937e-02	3.08014449e-04
1.89000000e-01	1.85789830e-02	3.04413676e-04
1.89500000e-01	1.87741161e-02	3.07182292e-04
1.90000000e-01	1.88766804e-02	3.07594424e-04
1.90500000e-01	1.88478544e-02	3.07197823e-04
1.91000000e-01	1.90126416e-02	3.09369437e-04
1.91500000e-01	1.87424869e-02	3.06560870e-04
1.92000000e-01	1.84925646e-02	2.99789529e-04
1.92500000e-01	1.85603833e-02	3.01906605e-04
1.93000000e-01	1.86310854e-02	3.02386368e-04
1.93500000e-01	1.86438457e-02	3.01300362e-04
1.94000000e-01	1.87401876e-02	3.02718128e-04
1.94500000e-01	1.89187198e-02	3.04902143e-04
1.95000000e-01	1.89264130e-02	3.05372698e-04
1.95500000e-01	1.84661541e-02	2.97976104e-04
1.96000000e-01	1.86674066e-02	3.00355092e-04
1.96500000e-01	1.87049170e-02	3.01526189e-04
1.97000000e-01	1.86879003e-02	3.00717612e-04
1.97500000e-01	1.87455264e-02	2.99920182e-04
1.98000000e-01	1.86355537e-02	2.98729572e-04
1.98500000e-01	1.86464196e-02	2.96712258e-04
1.99000000e-01	1.85898941e-02	2.96704672e-04
1.99500000e-01	1.87055375e-02	2.97450840e-04
2.00000000e-01	1.85031839e-02	2.94444579e-04
2.00500000e-01	1.83326446e-02	2.93126650e-04
2.01000000e-01	1.85905544e-02	2.95825921e-04
2.01500000e-01	1.86268945e-02	2.95566681e-04
2.02000000e-01	1.86696651e-02	2.96255348e-04
2.02500000e-01	1.84263850e-02	2.91238622e-04
2.03000000e-01	1.86583981e-02	2.94930438e-04
2.03500000e-01	1.85992622e-02	2.93867081e-04
2.04000000e-01	1.87574832e-02	2.96205348e-04
2.04500000e-01	1.84702121e-02	2.90730064e-04
2.05000000e-01	1.84399030e-02	2.90221412e-04
2.05500000e-01	1.83417372e-02	2.88772423e-04
2.06000000e-01	1.85765409e-02	2.92246196e-04
2.06500000e-01	1.84055119e-02	2.89680213e-04
2.07000000e-01	1.83150896e-02	2.85804065e-04
2.07500000e-01	1.85936465e-02	2.91115720e-04
2.08000000e-01	1.83501317e-02	2.87976044e-04
2.08500000e-01	1.84589656e-02	2.88228840e-04
2.09000000e-01	1.83248479e-02	2.87369673e-04
2.09500000e-01	1.83582070e-02	2.85571005e-04
2.10000000e-01	1.83513566e-02	2.85368360e-04
2.10500000e-01	1.83232188e-02	2.84809878e-04
2.11000000e-01	1.85663433e-02	2.87145826e-04
2.11500000e-01	1.83474736e-02	2.85262268e-04
2.12000000e-01	1.83124776e-02	2.82469447e-04
2.12500000e-01	1.84023529e-02	2.84132342e-04
2.13000000e-01	1.82399047e-02	2.81862175e-04
2.13500000e-01	1.82941440e-02	2.82535000e-04
2.14000000e-01	1.83410937e-02	2.83180581e-04
2.14500000e-01	1.82218445e-02	2.80571222e-04
2.15000000e-01	1.84536465e-02	2.84241921e-04
2.15500000e-01	1.84261722e-02	2.81353518e-04
2.16000000e-01	1.85157748e-02	2.83680931e-04
2.16500000e-01	1.85009376e-02	2.83749870e-04
2.17000000e-01	1.82599182e-02	2.83673221e-04
2.17500000e-01	1.83557372e-02	2.89811378e-04
2.18000000e-01	1.81290627e-02	2.87181273e-04
2.18500000e-01	1.83887231e-02	2.94113571e-04
2.19000000e-01	1.83214144e-02	2.92093384e-04
2.19500000e-01	1.81411744e-02	2.92390400e-04
2.20000000e-01	1.81201088e-02	2.92262661e-04
2.20500000e-01	1.83168342e-02	2.95190189e-04
2.21000000e-01	1.80674212e-02	2.93222738e-04
2.21500000e-01	1.80753413e-02	2.94814639e-04
2.22000000e-01	1.81004434e-02	2.94868937e-04
2.22500000e-01	1.85253007e-02	3.01474284e-04
2.23000000e-01	1.84223132e-02	3.00911761e-04
2.23500000e-01	1.82178735e-02	2.99430467e-04
2.24000000e-01	1.80133304e-02	2.97102461e-04
2.24500000e-01	1.83857566e-02	3.03173992e-04
2.25000000e-01	1.79005987e-02	2.96472653e-04
2.25500000e-01	1.79919742e-02	2.97948809e-04
2.26000000e-01	1.82225257e-02	3.03082549e-04
2.26500000e-01	1.81728566e-02	2.97086676e-04
2.27000000e-01	1.81325720e-02	2.93391659e-04
2.27500000e-01	1.80226171e-02	2.88640481e-04
2.28000000e-01	1.79685592e-02	2.88114369e-04
2.28500000e-01	1.81126261e-02	2.87456173e-04
2.29000000e-01	1.81175037e-02	2.86454257e-04
2.29500000e-01	1.83256262e-02	2.87280479e-04
2.30000000e-01	1.81163166e-02	2.85079441e-04
2.30500000e-01	1.80055373e-02	2.82378294e-04
2.31000000e-01	1.79544749e-02	2.80179900e-04
2.31500000e-01	1.80132630e-02	2.80384398e-04
2.32000000e-01	1.81475166e-02	2.83325466e-04
2.32500000e-01	1.80167238e-02	2.78826138e-04
2.33000000e-01	1.81197042e-02	2.80236980e-04
2.33500000e-01	1.83014458e-02	2.81893396e-04
2.34000000e-01	1.80941009e-02	2.78313585e-04
2.34500000e-01	1.80506099e-02	2.77107193e-04
2.35000000e-01	1.79523274e-02	2.75845122e-04
2.35500000e-01	1.76989009e-02	2.71448447e-04
2.36000000e-01	1.80273921e-02	2.75501822e-04
2.36500000e-01	1.79792704e-02	2.74472289e-04
2.37000000e-01	1.79776298e-02	2.73833334e-04
2.37500000e-01	1.78705722e-02	2.72843299e-04
2.38000000e-01	1.79956364e-02	2.73156632e-04
2.38500000e-01	1.80084675e-02	2.75348108e-04
2.39000000e-01	1.78880090e-02	2.71048567e-04
2.39500000e-01	1.79856190e-02	2.72196772e-04
2.40000000e-01	1.78907159e-02	2.70230211e-04
2.40500000e-01	1.81755416e-02	2.74249958e-04
2.41000000e-01	1.77779840e-02	2.68027124e-04
2.41500000e-01	1.79574699e-02	2.69885724e-04
2.42000000e-01	1.82416613e-02	2.74013515e-04
2.42500000e-01	1.78855246e-02	2.67977146e-04
2.43000000e-01	1.80000825e-02	2.68151152e-04
2.43500000e-01	1.78938229e-02	2.68011768e-04
2.44000000e-01	1.81027526e-02	2.69808085e-04
2.44500000e-01	1.80548786e-02	2.68383203e-04
2.45000000e-01	1.80841674e-02	2.68006574e-04
2.45500000e-01	1.79825333e-02	2.66422882e-04
2.46000000e-01	1.79258254e-02	2.66008500e-04
2.46500000e-01	1.79417966e-02	2.65377479e-04
2.47000000e-01	1.78197570e-02	2.64106921e-04
2.47500000e-01	1.78549771e-02	2.62957626e-04
2.48000000e-01	1.80810228e-02	2.67036195e-04
2.48500000e-01	1.75278353e-02	2.58164805e-04
2.49000000e-01	1.76445663e-02	2.59050458e-04
2.49500000e-01	1.78571088e-02	2.62645234e-04
2.50000000e-01	1.79169501e-02	2.63025784e-04
2.50500000e-01	1.77915981e-02	2.60690915e-04
2.51000000e-01	1.76343332e-02	2.58609443e-04
2.51500000e-01	1.77179772e-02	2.60611451e-04
2.52000000e-01	1.76614510e-02	2.58942465e-04
2.52500000e-01	1.78686342e-02	2.60263904e-04
2.53000000e-01	1.76107376e-02	2.58101295e-04
2.53500000e-01	1.76378676e-02	2.56889021e-04
2.54000000e-01	1.78307151e-02	2.60029710e-04
2.54500000e-01	1.77589820e-02	2.58063434e-04
2.55000000e-01	1.74973826e-02	2.54044287e-04
2.55500000e-01	1.75053706e-02	2.54461419e-04
2.56000000e-01	1.76955685e-02	2.56333507e-04
2.56500000e-01	1.77780739e-02	2.58334143e-04
2.57000000e-01	1.78219207e-02	2.57788759e-04
2.57500000e-01	1.75529782e-02	2.53637314e-04
2.58000000e-01	1.76163811e-02	2.54995689e-04
2.58500000e-01	1.78248226e-02	2.57103721e-04
2.59000000e-01	1.75710480e-02	2.52945130e-04
2.59500000e-01	1.76151212e-02	2.53624601e-04
2.60000000e-01	1.74785758e-02	2.51474548e-04
2.60500000e-01	1.75012839e-02	2.51959015e-04
2.61000000e-01	1.77096403e-02	2.53656112e-04
2.61500000e-01	1.76143712e-02	2.52514184e-04
2.62000000e-01	1.74594077e-02	2.50425112e-04
2.62500000e-01	1.75953643e-02	2.51485199e-04
2.63000000e-01	1.75119022e-02	2.50292081e-04
2.63500000e-01	1.75574207e-02	2.49833748e-04
2.64000000e-01	1.74014077e-02	2.49019046e-04
2.64500000e-01	1.75106209e-02	2.49986664e-04
2.65000000e-01	1.73655091e-02	2.47576211e-04
2.65500000e-01	1.76021334e-02	2.50477062e-04
2.66000000e-01	1.75435570e-02	2.48427906e-04
2.66500000e-01	1.76987153e-02	2.51168295e-04
2.67000000e-01	1.72926218e-02	2.44666435e-04
2.67500000e-01	1.75551292e-02	2.47965200e-04
2.68000000e-01	1.76449357e-02	2.49183540e-04
2.68500000e-01	1.74108606e-02	2.45636630e-04
2.69000000e-01	1.73442987e-02	2.45072045e-04
2.69500000e-01	1.74913396e-02	2.47035148e-04
2.70000000e-01	1.75199558e-02	2.46069172e-04
2.70500000e-01	1.72315856e-02	2.42643942e-04
2.71000000e-01	1.73602475e-02	2.43236434e-04
2.71500000e-01	1.74234643e-02	2.45177705e-04
2.72000000e-01	1.74834210e-02	2.44515033e-04
2.72500000e-01	1.74736132e-02	2.44503655e-04
2.73000000e-01	1.73658979e-02	2.41935140e-04
2.73500000e-01	1.73249158e-02	2.41906000e-04
2.74000000e-01	1.74170984e-02	2.42511918e-04
2.74500000e-01	1.71603743e-02	2.39331767e-04
2.75000000e-01	1.71636728e-02	2.39589536e-04
2.75500000e-01	1.71248842e-02	2.39892206e-04
2.76000000e-01	1.72633027e-02	2.39648226e-04
2.76500000e-01	1.72997350e-02	2.40594629e-04
2.77000000e-01	1.74151878e-02	2.41683940e-04
2.77500000e-01	1.72884153e-02	2.41214291e-04
2.78000000e-01	1.73877712e-02	2.40312128e-04
2.78500000e-01	1.71486276e-02	2.38472545e-04
2.79000000e-01	1.73732166e-02	2.40395973e-04
2.79500000e-01	1.73915512e-02	2.40864204e-04
2.80000000e-01	1.72705316e-02	2.39109626e-04
2.80500000e-01	1.74499342e-02	2.40945800e-04
2.81000000e-01	1.74555405e-02	2.39913049e-04
2.81500000e-01	1.71001871e-02	2.35603333e-04
2.82000000e-01	1.72057886e-02	2.37318726e-04
2.82500000e-01	1.72388720e-02	2.37600079e-04
2.83000000e-01	1.73212773e-02	2.37895129e-04
2.83500000e-01	1.71579998e-02	2.35648170e-04
2.84000000e-01	1.72525014e-02	2.37024484e-04
2.84500000e-01	1.72806083e-02	2.36382021e-04
2.85000000e-01	1.72863312e-02	2.37222537e-04
2.85500000e-01	1.71854680e-02	2.34563114e-04
2.86000000e-01	1.69773391e-02	2.33245461e-04
2.86500000e-01	1.71009601e-02	2.33756288e-04
2.87000000e-01	1.67932281e-02	2.30408867e-04
2.87500000e-01	1.72145588e-02	2.34427625e-04
2.88000000e-01	1.71817796e-02	2.33857777e-04
2.88500000e-01	1.69576145e-02	2.30435993e-04
2.89000000e-01	1.72303726e-02	2.33680983e-04
2.89500000e-01	1.71409010e-02	2.33122914e-04
2.90000000e-01	1.71448476e-02	2.32371416e-04
2.90500000e-01	1.69019658e-02	2.29196390e-04
2.91000000e-01	1.71009988e-02	2.32080833e-04
2.91500000e-01	1.71027149e-02	2.31028312e-04
2.92000000e-01	1.71453029e-02	2.32469594e-04
2.92500000e-01	1.71004717e-02	2.30542430e-04
2.93000000e-01	1.72494066e-02	2.32356186e-04
2.93500000e-01	1.68356128e-02	2.26185271e-04
2.94000000e-01	1.69693943e-02	2.27648927e-04
2.94500000e-01	1.69685362e-02	2.29290428e-04
2.95000000e-01	1.71147661e-02	2.29674999e-04
2.95500000e-01	1.68424425e-02	2.26721903e-04
2.96000000e-01	1.69950938e-02	2.27985785e-04
2.96500000e-01	1.71109976e-02	2.29411435e-04
2.97000000e-01	1.71722064e-02	2.30425791e-04
2.97500000e-01	1.69440250e-02	2.26467344e-04
2.98000000e-01	1.69799746e-02	2.27410507e-04
2.98500000e-01	1.73350924e-02	2.31352506e-04
2.99000000e-01	1.70823004e-02	2.27711526e-04
2.99500000e-01	1.70649808e-02	2.28049127e-04
3.00000000e-01	1.72188079e-02	2.29195330e-04
3.00500000e-01	1.68998513e-02	2.25512068e-04
3.01000000e-01	1.69094721e-02	2.24749103e-04
3.01500000e-01	1.69880157e-02	2.25954552e-04
3.02000000e-01	1.70986283e-02	2.26542664e-04
3.02500000e-01	1.69638947e-02	2.24695047e-04
3.03000000e-01	1.72053289e-02	2.28054711e-04
3.03500000e-01	1.70620094e-02	2.26284140e-04
3.04000000e-01	1.68285909e-02	2.23524435e-04
3.04500000e-01	1.68360983e-02	2.22363772e-04
3.05000000e-01	1.69666795e-02	2.24255164e-04
3.05500000e-01	1.68152610e-02	2.22674959e-04
3.06000000e-01	1.68190739e-02	2.20944688e-04
3.06500000e-01	1.69402747e-02	2.23568310e-04
3.07000000e-01	1.69159656e-02	2.22077649e-04
3.07500000e-01	1.67786019e-02	2.21317517e-04
3.08000000e-01	1.68835176e-02	2.22301647e-04
3.08500000e-01	1.70126663e-02	2.22896012e-04
3.09000000e-01	1.69607174e-02	2.22554785e-04
3.09500000e-01	1.68938481e-02	2.21671603e-04
3.10000000e-01	1.68178241e-02	2.21086804e-04
3.10500000e-01	1.69535120e-02	2.22827146e-04
3.11000000e-01	1.67714983e-02	2.19693194e-04
3.11500000e-01	1.67474559e-02	2.19572108e-04
3.12000000e-01	1.65631793e-02	2.16657083e-04
3.12500000e-01	1.66771945e-02	2.18481791e-04
3.13000000e-01	1.69474759e-02	2.21735433e-04
3.13500000e-01	1.66849883e-02	2.17980349e-04
3.14000000e-01	1.69550243e-02	2.21158028e-04
3.14500000e-01	1.67347924e-02	2.16940333e-04
3.15000000e-01	1.67033934e-02	2.17465980e-04
3.15500000e-01	1.68932076e-02	2.19174288e-04
3.16000000e-01	1.66455177e-02	2.17598826e-04
3.16500000e-01	1.66601346e-02	2.16057747e-04
3.17000000e-01	1.66187326e-02	2.15723357e-04
3.17500000e-01	1.65012003e-02	2.14717360e-04
3.18000000e-01	1.66536274e-02	2.15660245e-04
3.18500000e-01	1.65985014e-02	2.15710889e-04
3.19000000e-01	1.68221918e-02	2.17497980e-04
3.19500000e-01	1.66136112e-02	2.14927210e-04
3.20000000e-01	1.64839422e-02	2.13065976e-04
3.20500000e-01	1.65506153e-02	2.13409911e-04
3.21000000e-01	1.65992560e-02	2.15033639e-04
3.21500000e-01	1.66311694e-02	2.14336988e-04
3.22000000e-01	1.68336774e-02	2.16562452e-04
3.22500000e-01	1.65495982e-02	2.13327334e-04
3.23000000e-01	1.66334909e-02	2.13743025e-04
3.23500000e-01	1.66512144e-02	2.14392474e-04
3.24000000e-01	1.65652904e-02	2.12759204e-04
3.24500000e-01	1.65784685e-02	2.13975150e-04
3.25000000e-01	1.65725764e-02	2.12030057e-04
3.25500000e-01	1.64617832e-02	2.11399646e-04
3.26000000e-01	1.64739069e-02	2.10934327e-04
3.26500000e-01	1.64518535e-02	2.09950686e-04
3.27000000e-01	1.65102057e-02	2.10791790e-04
3.27500000e-01	1.65186890e-02	2.10549815e-04
3.28000000e-01	1.65982864e-02	2.12750752e-04
3.28500000e-01	1.64462623e-02	2.10070479e-04
3.29000000e-01	1.63959034e-02	2.09508456e-04
3.29500000e-01	1.66170693e-02	2.12422808e-04
3.30000000e-01	1.64225042e-02	2.09145585e-04
3.30500000e-01	1.63762192e-02	2.08430430e-04
3.31000000e-01	1.63027365e-02	2.07692498e-04
3.31500000e-01	1.63707896e-02	2.08070430e-04
3.32000000e-01	1.63906679e-02	2.08223341e-04
3.32500000e-01	1.64007822e-02	2.08352169e-04
3.33000000e-01	1.64606585e-02	2.08565147e-04
3.33500000e-01	1.62391494e-02	2.05900469e-04
3.34000000e-01	1.63947648e-02	2.08011923e-04
3.34500000e-01	1.62788014e-02	2.06361562e-04
3.35000000e-01	1.64379551e-02	2.08109686e-04
3.35500000e-01	1.64130471e-02	2.07816961e-04
3.36000000e-01	1.63882657e-02	2.06879661e-04
3.36500000e-01	1.63742575e-02	2.07023538e-04
3.37000000e-01	1.63616351e-02	2.06254191e-04
3.37500000e-01	1.61626841e-02	2.04259482e-04
3.38000000e-01	1.61277008e-02	2.03189801e-04
3.38500000e-01	1.63416883e-02	2.05300345e-04
3.39000000e-01	1.63291541e-02	2.05847828e-04
3.39500000e-01	1.63009162e-02	2.04457548e-04
3.40000000e-01	1.64134629e-02	2.05886535e-04
3.40500000e-01	1.64049362e-02	2.05804880e-04
3.41000000e-01	1.61529248e-02	2.02601704e-04
3.41500000e-01	1.63674415e-02	2.05003883e-04
3.42000000e-01	1.63300513e-02	2.03611612e-04
3.42500000e-01	1.63882381e-02	2.04768831e-04
3.43000000e-01	1.61857126e-02	2.03304192e-04
3.43500000e-01	1.62000834e-02	2.01996922e-04
3.44000000e-01	1.63483360e-02	2.04561018e-04
3.44500000e-01	1.60856535e-02	2.01152297e-04
3.45000000e-01	1.62965748e-02	2.03033143e-04
3.45500000e-01	1.62096674e-02	2.01415543e-04
3.46000000e-01	1.62452220e-02	2.02654369e-04
3.46500000e-01	1.61096252e-02	2.00328202e-04
3.47000000e-01	1.61241945e-02	2.00035439e-04
3.47500000e-01	1.61293674e-02	2.00674296e-04
3.48000000e-01	1.61654969e-02	2.00972274e-04
3.48500000e-01	1.61966481e-02	2.01346685e-04
3.49000000e-01	1.60914255e-02	1.99550181e-04
3.49500000e-01	1.60180375e-02	1.98941360e-04
3.50000000e-01	1.60052374e-02	1.61867504e-04
3.51000000e-01	1.60447300e-02	1.40353964e-04
3.52000000e-01	1.59227526e-02	1.39406847e-04
3.53000000e-01	1.60539913e-02	1.39982397e-04
3.54000000e-01	1.61502966e-02	1.40558465e-04
3.55000000e-01	1.61441371e-02	1.40851582e-04
3.56000000e-01	1.60445496e-02	1.39978471e-04
3.57000000e-01	1.60703459e-02	1.42719286e-04
3.58000000e-01	1.59317915e-02	1.42974065e-04
3.59000000e-01	1.59808828e-02	1.44201669e-04
3.60000000e-01	1.59537473e-02	1.45014770e-04
3.61000000e-01	1.58475354e-02	1.44700500e-04
3.62000000e-01	1.57981320e-02	1.45023636e-04
3.63000000e-01	1.58063204e-02	1.45885800e-04
3.64000000e-01	1.57068317e-02	1.44980028e-04
3.65000000e-01	1.58669395e-02	1.47079846e-04
3.66000000e-01	1.58290196e-02	1.44560864e-04
3.67000000e-01	1.58354927e-02	1.42848171e-04
3.68000000e-01	1.58305785e-02	1.41987005e-04
3.69000000e-01	1.56820769e-02	1.40294050e-04
3.70000000e-01	1.58154297e-02	1.40478241e-04
3.71000000e-01	1.56750963e-02	1.41372524e-04
3.72000000e-01	1.57212226e-02	1.42631915e-04
3.73000000e-01	1.57331033e-02	1.42964468e-04
3.74000000e-01	1.57659781e-02	1.42927882e-04
3.75000000e-01	1.58200430e-02	1.43838380e-04
3.76000000e-01	1.57242400e-02	1.43246709e-04
3.77000000e-01	1.57478124e-02	1.43317014e-04
3.78000000e-01	1.57522038e-02	1.43151338e-04
3.79000000e-01	1.57908881e-02	1.43818861e-04
3.80000000e-01	1.55756433e-02	1.41301745e-04
3.81000000e-01	1.56257390e-02	1.41910181e-04
3.82000000e-01	1.56033231e-02	1.41481091e-04
3.83000000e-01	1.55310707e-02	1.40664395e-04
3.84000000e-01	1.55365266e-02	1.41310303e-04
3.85000000e-01	1.55306626e-02	1.41094261e-04
3.86000000e-01	1.56554662e-02	1.41973808e-04
3.87000000e-01	1.54698860e-02	1.40589604e-04
3.88000000e-01	1.55216510e-02	1.40876064e-04
3.89000000e-01	1.54572231e-02	1.39986031e-04
3.90000000e-01	1.55506377e-02	1.41141701e-04
3.91000000e-01	1.54606011e-02	1.39891987e-04
3.92000000e-01	1.54256602e-02	1.39451269e-04
3.93000000e-01	1.56030454e-02	1.40854285e-04
3.94000000e-01	1.55021654e-02	1.40436858e-04
3.95000000e-01	1.54102231e-02	1.39238133e-04
3.96000000e-01	1.54607063e-02	1.39594049e-04
3.97000000e-01	1.52894759e-02	1.38412720e-04
3.98000000e-01	1.53558751e-02	1.39275259e-04
3.99000000e-01	1.53513944e-02	1.38845361e-04
4.00000000e-01	1.52281442e-02	1.37897299e-04
4.01000000e-01	1.53432696e-02	1.38828574e-04
4.02000000e-01	1.52885719e-02	1.38414325e-04
4.03000000e-01	1.52785014e-02	1.38481597e-04
4.04000000e-01	1.52265696e-02	1.38089980e-04
4.05000000e-01	1.53212437e-02	1.38615047e-04
4.06000000e-01	1.51309485e-02	1.37258359e-04
4.07000000e-01	1.51870700e-02	1.37433962e-04
4.08000000e-01	1.52461443e-02	1.37469727e-04
4.09000000e-01	1.52611443e-02	1.37734506e-04
4.10000000e-01	1.51506045e-02	1.36717584e-04
4.11000000e-01	1.53053695e-02	1.38491545e-04
4.12000000e-01	1.54056801e-02	1.38788263e-04
4.13000000e-01	1.53273959e-02	1.38027456e-04
4.14000000e-01	1.52447907e-02	1.37657457e-04
4.15000000e-01	1.52877949e-02	1.37520775e-04
4.16000000e-01	1.52996673e-02	1.37391090e-04
4.17000000e-01	1.51554045e-02	1.36441571e-04
4.18000000e-01	1.51198201e-02	1.37876404e-04
4.19000000e-01	1.52588347e-02	1.40304273e-04
4.20000000e-01	1.52045454e-02	1.40350672e-04
4.21000000e-01	1.51078489e-02	1.39958714e-04
4.22000000e-01	1.52052258e-02	1.41719876e-04
4.23000000e-01	1.53743121e-02	1.43558475e-04
4.24000000e-01	1.51838572e-02	1.42303597e-04
4.25000000e-01	1.52193578e-02	1.42967697e-04
4.26000000e-01	1.51148939e-02	1.42278698e-04
4.27000000e-01	1.52642610e-02	1.43666119e-04
4.28000000e-01	1.51884067e-02	1.43301472e-04
4.29000000e-01	1.51148106e-02	1.42817415e-04
4.30000000e-01	1.52284358e-02	1.43628355e-04
4.31000000e-01	1.50729190e-02	1.42281172e-04
4.32000000e-01	1.50387036e-02	1.41781402e-04
4.33000000e-01	1.51442544e-02	1.42895750e-04
4.34000000e-01	1.52567671e-02	1.43932417e-04
4.35000000e-01	1.50727285e-02	1.42618798e-04
4.36000000e-01	1.51670377e-02	1.43311409e-04
4.37000000e-01	1.52337620e-02	1.44250828e-04
4.38000000e-01	1.49166950e-02	1.42237568e-04
4.39000000e-01	1.50189693e-02	1.42838157e-04
4.40000000e-01	1.49557677e-02	1.42663750e-04
4.41000000e-01	1.50475119e-02	1.43194618e-04
4.42000000e-01	1.50141919e-02	1.43282287e-04
4.43000000e-01	1.49928376e-02	1.43012766e-04
4.44000000e-01	1.50853730e-02	1.44128599e-04
4.45000000e-01	1.51326551e-02	1.44871788e-04
4.46000000e-01	1.50617496e-02	1.44447314e-04
4.47000000e-01	1.49996743e-02	1.43945529e-04
4.48000000e-01	1.50101199e-02	1.43962198e-04
4.49000000e-01	1.49842174e-02	1.44369794e-04
4.50000000e-01	1.49226032e-02	1.43794282e-04
4.51000000e-01	1.49761823e-02	1.44501680e-04
4.52000000e-01	1.49377802e-02	1.44285133e-04
4.53000000e-01	1.48635441e-02	1.43849728e-04
4.54000000e-01	1.49697320e-02	1.44854934e-04
4.55000000e-01	1.49160370e-02	1.44428699e-04
4.56000000e-01	1.49135191e-02	1.44563947e-04
4.57000000e-01	1.48553827e-02	1.43877528e-04
4.58000000e-01	1.47944135e-02	1.43542741e-04
4.59000000e-01	1.47136650e-02	1.42891951e-04
4.60000000e-01	1.47626255e-02	1.43624090e-04
4.61000000e-01	1.49081489e-02	1.44686357e-04
4.62000000e-01	1.47881229e-02	1.43927395e-04
4.63000000e-01	1.48400862e-02	1.44460182e-04
4.64000000e-01	1.47287639e-02	1.43600667e-04
4.65000000e-01	1.49559141e-02	1.45652385e-04
4.66000000e-01	1.47385176e-02	1.43733114e-04
4.67000000e-01	1.47779482e-02	1.44490255e-04
4.68000000e-01	1.46583989e-02	1.43958340e-04
4.69000000e-01	1.49622902e-02	1.46104434e-04
4.70000000e-01	1.46254793e-02	1.43568242e-04
4.71000000e-01	1.47490478e-02	1.44367706e-04
4.72000000e-01	1.47616805e-02	1.45125850e-04
4.73000000e-01	1.46178291e-02	1.42909131e-04
4.74000000e-01	1.47784638e-02	1.44692205e-04
4.75000000e-01	1.46493423e-02	1.43457814e-04
4.76000000e-01	1.46998930e-02	1.43613528e-04
4.77000000e-01	1.47472332e-02	1.44530569e-04
4.78000000e-01	1.45970294e-02	1.43275285e-04
4.79000000e-01	1.47569624e-02	1.44966978e-04
4.80000000e-01	1.46230952e-02	1.43785786e-04
4.81000000e-01	1.45699029e-02	1.43005010e-04
4.82000000e-01	1.45870511e-02	1.42893877e-04
4.83000000e-01	1.45696377e-02	1.43043768e-04
4.84000000e-01	1.45222574e-02	1.42929208e-04
4.85000000e-01	1.46195391e-02	1.44360308e-04
4.86000000e-01	1.46015821e-02	1.43452227e-04
4.87000000e-01	1.46364233e-02	1.44066504e-04
4.88000000e-01	1.45301050e-02	1.43035221e-04
4.89000000e-01	1.46517727e-02	1.44154613e-04
4.90000000e-01	1.46647009e-02	1.44438114e-04
4.91000000e-01	1.45816997e-02	1.43646418e-04
4.92000000e-01	1.45337316e-02	1.43639119e-04
4.93000000e-01	1.45684446e-02	1.43935124e-04
4.94000000e-01	1.44496547e-02	1.42759753e-04
4.95000000e-01	1.44997388e-02	1.44245169e-04
4.96000000e-01	1.44733519e-02	1.48331181e-04
4.97000000e-01	1.44797732e-02	1.51741594e-04
4.98000000e-01	1.45054093e-02	1.53166324e-04
4.99000000e-01	1.44734527e-02	1.55371515e-04
5.00000000e-01	1.45657697e-02	1.57979749e-04
5.01000000e-01	1.43993361e-02	1.57158300e-04
5.02000000e-01	1.45850580e-02	1.60495950e-04
5.03000000e-01	1.43561273e-02	1.60272901e-04
5.04000000e-01	1.44149353e-02	1.61786731e-04
5.05000000e-01	1.47049601e-02	1.62108876e-04
5.06000000e-01	1.45390982e-02	1.56824172e-04
5.07000000e-01	1.45735341e-02	1.55597550e-04
5.08000000e-01	1.42753706e-02	1.52106407e-04
5.09000000e-01	1.46126016e-02	1.54503969e-04
5.10000000e-01	1.43633090e-02	1.52132000e-04
5.11000000e-01	1.43513700e-02	1.51328696e-04
5.12000000e-01	1.43654259e-02	1.51016060e-04
5.13000000e-01	1.44971132e-02	1.51756246e-04
5.14000000e-01	1.43939491e-02	1.50713718e-04
5.15000000e-01	1.44412806e-02	1.50258816e-04
5.16000000e-01	1.44642549e-02	1.50724243e-04
5.17000000e-01	1.43668928e-02	1.49336125e-04
5.18000000e-01	1.42692500e-02	1.48529580e-04
5.19000000e-01	1.44067102e-02	1.49243396e-04
5.20000000e-01	1.41868061e-02	1.46515488e-04
5.21000000e-01	1.42353591e-02	1.47371089e-04
5.22000000e-01	1.43191867e-02	1.47510977e-04
5.23000000e-01	1.44113194e-02	1.48586047e-04
5.24000000e-01	1.41834848e-02	1.46699908e-04
5.25000000e-01	1.42369948e-02	1.46681878e-04
5.26000000e-01	1.42377608e-02	1.46669658e-04
5.27000000e-01	1.42823376e-02	1.47890833e-04
5.28000000e-01	1.42238625e-02	1.47144963e-04
5.29000000e-01	1.44019941e-02	1.48427945e-04
5.30000000e-01	1.42785828e-02	1.47572207e-04
5.31000000e-01	1.43407417e-02	1.47637808e-04
5.32000000e-01	1.40573137e-02	1.45110371e-04
5.33000000e-01	1.41992551e-02	1.46225320e-04
5.34000000e-01	1.42090432e-02	1.46694102e-04
5.35000000e-01	1.41164271e-02	1.45672288e-04
5.36000000e-01	1.40232285e-02	1.44681571e-04
5.37000000e-01	1.42203391e-02	1.46298592e-04
5.38000000e-01	1.42317826e-02	1.46607604e-04
5.39000000e-01	1.41547852e-02	1.46043005e-04
5.40000000e-01	1.41651506e-02	1.45810792e-04
5.41000000e-01	1.41964717e-02	1.46568589e-04
5.42000000e-01	1.41510254e-02	1.45942077e-04
5.43000000e-01	1.41152344e-02	1.45415987e-04
5.44000000e-01	1.41125769e-02	1.45057207e-04
5.45000000e-01	1.40828248e-02	1.45373305e-04
5.46000000e-01	1.41896542e-02	1.46419744e-04
5.47000000e-01	1.40326904e-02	1.45078390e-04
5.48000000e-01	1.40496561e-02	1.44798207e-04
5.49000000e-01	1.40558851e-02	1.44824989e-04
5.50000000e-01	1.39866186e-02	1.44477144e-04
5.51000000e-01	1.40302252e-02	1.44094469e-04
5.52000000e-01	1.41959105e-02	1.45234771e-04
5.53000000e-01	1.40662056e-02	1.44079251e-04
5.54000000e-01	1.38821179e-02	1.42490207e-04
5.55000000e-01	1.38930261e-02	1.42451345e-04
5.56000000e-01	1.40262754e-02	1.43942590e-04
5.57000000e-01	1.39039871e-02	1.42764562e-04
5.58000000e-01	1.40741483e-02	1.43685409e-04
5.59000000e-01	1.39430323e-02	1.43094909e-04
5.60000000e-01	1.39724635e-02	1.43445209e-04
5.61000000e-01	1.37774643e-02	1.41391229e-04
5.62000000e-01	1.38326158e-02	1.41875726e-04
5.63000000e-01	1.37372284e-02	1.41305727e-04
5.64000000e-01	1.37266304e-02	1.41177285e-04
5.65000000e-01	1.38811550e-02	1.42221458e-04
5.66000000e-01	1.38119091e-02	1.41861194e-04
5.67000000e-01	1.39473495e-02	1.43076702e-04
5.68000000e-01	1.38384905e-02	1.41783545e-04
5.69000000e-01	1.37545917e-02	1.40891787e-04
5.70000000e-01	1.39019719e-02	1.42255779e-04
5.71000000e-01	1.37036757e-02	1.40379562e-04
5.72000000e-01	1.38623094e-02	1.42019382e-04
5.73000000e-01	1.38671355e-02	1.42470303e-04
5.74000000e-01	1.37034244e-02	1.40152206e-04
5.75000000e-01	1.36470953e-02	1.40218169e-04
5.76000000e-01	1.38080793e-02	1.41621898e-04
5.77000000e-01	1.37039248e-02	1.41025887e-04
5.78000000e-01	1.37902472e-02	1.41891152e-04
5.79000000e-01	1.36401714e-02	1.40346682e-04
5.80000000e-01	1.37652546e-02	1.41630322e-04
5.81000000e-01	1.36366824e-02	1.40359057e-04
5.82000000e-01	1.36702803e-02	1.40238143e-04
5.83000000e-01	1.34636116e-02	1.38638661e-04
5.84000000e-01	1.37310050e-02	1.41307812e-04
5.85000000e-01	1.35633284e-02	1.40418714e-04
5.86000000e-01	1.38002692e-02	1.42065872e-04
5.87000000e-01	1.35038803e-02	1.39087779e-04
5.88000000e-01	1.34096909e-02	1.38524963e-04
5.89000000e-01	1.35784515e-02	1.40123485e-04
5.90000000e-01	1.36125356e-02	1.39820971e-04
5.91000000e-01	1.34767361e-02	1.39060543e-04
5.92000000e-01	1.36752826e-02	1.40704923e-04
5.93000000e-01	1.35778325e-02	1.40442870e-04
5.94000000e-01	1.34692916e-02	1.39477202e-04
5.95000000e-01	1.36570938e-02	1.41099026e-04
5.96000000e-01	1.35533308e-02	1.39935261e-04
5.97000000e-01	1.34915231e-02	1.39566278e-04
5.98000000e-01	1.34561166e-02	1.39042994e-04
5.99000000e-01	1.36037950e-02	1.40078269e-04
6.00000000e-01	1.34423985e-02	1.38833827e-04
6.01000000e-01	1.34873470e-02	1.39064877e-04
6.02000000e-01	1.34744851e-02	1.39057063e-04
6.03000000e-01	1.35973306e-02	1.40617328e-04
6.04000000e-01	1.35576991e-02	1.39651549e-04
6.05000000e-01	1.33644750e-02	1.38129908e-04
6.06000000e-01	1.34568746e-02	1.39145248e-04
6.07000000e-01	1.32749477e-02	1.37450180e-04
6.08000000e-01	1.35358491e-02	1.40237660e-04
6.09000000e-01	1.33677195e-02	1.38384972e-04
6.10000000e-01	1.33592292e-02	1.38430317e-04
6.11000000e-01	1.34245384e-02	1.38907255e-04
6.12000000e-01	1.33724699e-02	1.38337812e-04
6.13000000e-01	1.35112748e-02	1.39802865e-04
6.14000000e-01	1.35463004e-02	1.39658650e-04
6.15000000e-01	1.32908353e-02	1.37758576e-04
6.16000000e-01	1.33681664e-02	1.39146486e-04
6.17000000e-01	1.34883757e-02	1.39115372e-04
6.18000000e-01	1.32891898e-02	1.37687309e-04
6.19000000e-01	1.33466720e-02	1.38065638e-04
6.20000000e-01	1.33770865e-02	1.37792836e-04
6.21000000e-01	1.32755576e-02	1.37337422e-04
6.22000000e-01	1.34189207e-02	1.38414771e-04
6.23000000e-01	1.34460018e-02	1.38506983e-04
6.24000000e-01	1.34383436e-02	1.37761285e-04
6.25000000e-01	1.33549112e-02	1.37101815e-04
6.26000000e-01	1.34169464e-02	1.37928629e-04
6.27000000e-01	1.32797013e-02	1.36689300e-04
6.28000000e-01	1.33699470e-02	1.37281342e-04
6.29000000e-01	1.33035869e-02	1.36572133e-04
6.30000000e-01	1.32411744e-02	1.36022269e-04
6.31000000e-01	1.32698673e-02	1.36881696e-04
6.32000000e-01	1.31106049e-02	1.35170919e-04
6.33000000e-01	1.32571504e-02	1.36231810e-04
6.34000000e-01	1.32999157e-02	1.40306043e-04
6.35000000e-01	1.32465397e-02	1.44082437e-04
6.36000000e-01	1.32374618e-02	1.46190039e-04
6.37000000e-01	1.34150108e-02	1.51004017e-04
6.38000000e-01	1.32809911e-02	1.51163784e-04
6.39000000e-01	1.34231068e-02	1.54314700e-04
6.40000000e-01	1.32397655e-02	1.54638868e-04
6.41000000e-01	1.33942312e-02	1.57197989e-04
6.42000000e-01	1.33963847e-02	1.59402976e-04
6.43000000e-01	1.32530144e-02	1.58092236e-04
6.44000000e-01	1.33863172e-02	1.53489919e-04
6.45000000e-01	1.33140567e-02	1.50428773e-04
6.46000000e-01	1.33782397e-02	1.50164562e-04
6.47000000e-01	1.33224034e-02	1.48348952e-04
6.48000000e-01	1.33915422e-02	1.47962946e-04
6.49000000e-01	1.33286958e-02	1.46320899e-04
6.50000000e-01	1.33358557e-02	1.45880925e-04
6.51000000e-01	1.30340388e-02	1.42504433e-04
6.52000000e-01	1.31949983e-02	1.43312741e-04
6.53000000e-01	1.31193042e-02	1.41837132e-04
6.54000000e-01	1.32977983e-02	1.44140516e-04
6.55000000e-01	1.31150293e-02	1.41346786e-04
6.56000000e-01	1.31768523e-02	1.41696482e-04
6.57000000e-01	1.32364396e-02	1.42349231e-04
6.58000000e-01	1.32755053e-02	1.42456033e-04
6.59000000e-01	1.31917011e-02	1.41290927e-04
6.60000000e-01	1.31826986e-02	1.40922032e-04
6.61000000e-01	1.32335281e-02	1.41493401e-04
6.62000000e-01	1.31593533e-02	1.41290781e-04
6.63000000e-01	1.33595233e-02	1.43280932e-04
6.64000000e-01	1.31617404e-02	1.40494525e-04
6.65000000e-01	1.31057638e-02	1.40486628e-04
6.66000000e-01	1.30649645e-02	1.39765192e-04
6.67000000e-01	1.32766648e-02	1.41431298e-04
6.68000000e-01	1.31092755e-02	1.40606482e-04
6.69000000e-01	1.30692567e-02	1.39612372e-04
6.70000000e-01	1.30452173e-02	1.39410795e-04
6.71000000e-01	1.31439606e-02	1.40677764e-04
6.72000000e-01	1.31377385e-02	1.39939146e-04
6.73000000e-01	1.30278300e-02	1.38783049e-04
6.74000000e-01	1.29538172e-02	1.38572205e-04
6.75000000e-01	1.31340948e-02	1.39991183e-04
6.76000000e-01	1.29747889e-02	1.38285599e-04
6.77000000e-01	1.31291009e-02	1.39653519e-04
6.78000000e-01	1.30312522e-02	1.38732483e-04
6.79000000e-01	1.30169335e-02	1.38474033e-04
6.80000000e-01	1.30257359e-02	1.39119854e-04
6.81000000e-01	1.29906494e-02	1.39000787e-04
6.82000000e-01	1.31248427e-02	1.39833337e-04
6.83000000e-01	1.30404704e-02	1.38916195e-04
6.84000000e-01	1.30751620e-02	1.38829520e-04
6.85000000e-01	1.29798483e-02	1.38264023e-04
6.86000000e-01	1.28972670e-02	1.37292864e-04
6.87000000e-01	1.29601097e-02	1.37975780e-04
6.88000000e-01	1.30027328e-02	1.38130266e-04
6.89000000e-01	1.29598302e-02	1.37714086e-04
6.90000000e-01	1.29826281e-02	1.37716084e-04
6.91000000e-01	1.29473863e-02	1.37534576e-04
6.92000000e-01	1.28989272e-02	1.37434646e-04
6.93000000e-01	1.30406090e-02	1.37664265e-04
6.94000000e-01	1.28788152e-02	1.36919966e-04
6.95000000e-01	1.30320958e-02	1.38109182e-04
6.96000000e-01	1.28857318e-02	1.37076725e-04
6.97000000e-01	1.28621718e-02	1.36436266e-04
6.98000000e-01	1.27986743e-02	1.35647551e-04
6.99000000e-01	1.28300080e-02	1.36232657e-04
7.00000000e-01	1.28722412e-02	1.36297779e-04
7.01000000e-01	1.28937934e-02	1.36737522e-04
7.02000000e-01	1.27866866e-02	1.36151309e-04
7.03000000e-01	1.28326251e-02	1.36414049e-04
7.04000000e-01	1.27416909e-02	1.35865872e-04
7.05000000e-01	1.27757289e-02	1.36175580e-04
7.06000000e-01	1.27514246e-02	1.35645151e-04
7.07000000e-01	1.28170158e-02	1.36038396e-04
7.08000000e-01	1.26680736e-02	1.33860981e-04
7.09000000e-01	1.27080987e-02	1.35118255e-04
7.10000000e-01	1.27551507e-02	1.35143960e-04
7.11000000e-01	1.26675988e-02	1.34257429e-04
7.12000000e-01	1.27888815e-02	1.35862769e-04
7.13000000e-01	1.26140283e-02	1.34074503e-04
7.14000000e-01	1.26901227e-02	1.34831121e-04
7.15000000e-01	1.25163783e-02	1.33252418e-04
7.16000000e-01	1.26341562e-02	1.33999315e-04
7.17000000e-01	1.26084385e-02	1.33480957e-04
7.18000000e-01	1.26579017e-02	1.34488144e-04
7.19000000e-01	1.26334558e-02	1.34176093e-04
7.20000000e-01	1.26890232e-02	1.34845795e-04
7.21000000e-01	1.26732340e-02	1.34999322e-04
7.22000000e-01	1.24984462e-02	1.33053252e-04
7.23000000e-01	1.26779364e-02	1.34670151e-04
7.24000000e-01	1.25004990e-02	1.32644523e-04
7.25000000e-01	1.25122224e-02	1.32706136e-04
7.26000000e-01	1.25287369e-02	1.33448723e-04
7.27000000e-01	1.25381070e-02	1.33358560e-04
7.28000000e-01	1.25355294e-02	1.32993799e-04
7.29000000e-01	1.24549615e-02	1.32610054e-04
7.30000000e-01	1.25174005e-02	1.33212579e-04
7.31000000e-01	1.25159629e-02	1.33320986e-04
7.32000000e-01	1.25475368e-02	1.33728026e-04
7.33000000e-01	1.23728090e-02	1.32033574e-04
7.34000000e-01	1.24910256e-02	1.32400202e-04
7.35000000e-01	1.25264317e-02	1.32499891e-04
7.36000000e-01	1.24165031e-02	1.31909792e-04
7.37000000e-01	1.24960746e-02	1.32430422e-04
7.38000000e-01	1.23052085e-02	1.30057237e-04
7.39000000e-01	1.23672485e-02	1.30523782e-04
7.40000000e-01	1.24506771e-02	1.31388670e-04
7.41000000e-01	1.23254134e-02	1.29732041e-04
7.42000000e-01	1.24911517e-02	1.31492140e-04
7.43000000e-01	1.24971915e-02	1.31583405e-04
7.44000000e-01	1.22953638e-02	1.29595056e-04
7.45000000e-01	1.23756567e-02	1.30434905e-04
7.46000000e-01	1.23950984e-02	1.30304041e-04
7.47000000e-01	1.23864150e-02	1.30150566e-04
7.48000000e-01	1.23696630e-02	1.29882003e-04
7.49000000e-01	1.22762153e-02	1.29498732e-04
7.50000000e-01	1.22734531e-02	1.29337462e-04
7.51000000e-01	1.24615857e-02	1.30953450e-04
7.52000000e-01	1.23744802e-02	1.30356765e-04
7.53000000e-01	1.23277236e-02	1.29933833e-04
7.54000000e-01	1.23117650e-02	1.29449456e-04
7.55000000e-01	1.23211554e-02	1.29881613e-04
7.56000000e-01	1.22477055e-02	1.28934431e-04
7.57000000e-01	1.22441870e-02	1.28971374e-04
7.58000000e-01	1.22396737e-02	1.28814361e-04
7.59000000e-01	1.23254994e-02	1.29427431e-04
7.60000000e-01	1.22371150e-02	1.29161161e-04
7.61000000e-01	1.23823929e-02	1.29764276e-04
7.62000000e-01	1.20843183e-02	1.26772978e-04
7.63000000e-01	1.21755437e-02	1.27551817e-04
7.64000000e-01	1.22207392e-02	1.27932761e-04
7.65000000e-01	1.20664239e-02	1.26358981e-04
7.66000000e-01	1.22867413e-02	1.27884289e-04
7.67000000e-01	1.20502200e-02	1.26498314e-04
7.68000000e-01	1.21337911e-02	1.26557937e-04
7.69000000e-01	1.22575407e-02	1.27928197e-04
7.70000000e-01	1.20501042e-02	1.26441427e-04
7.71000000e-01	1.21216498e-02	1.26669903e-04
7.72000000e-01	1.21560905e-02	1.31100497e-04
7.73000000e-01	1.20055963e-02	1.34118580e-04
7.74000000e-01	1.21818420e-02	1.38041304e-04
7.75000000e-01	1.20862729e-02	1.39635011e-04
7.76000000e-01	1.20389740e-02	1.41089713e-04
7.77000000e-01	1.22415631e-02	1.45348984e-04
7.78000000e-01	1.21240648e-02	1.45921310e-04
7.79000000e-01	1.21754738e-02	1.47934943e-04
7.80000000e-01	1.19863504e-02	1.47601024e-04
7.81000000e-01	1.20433401e-02	1.50788321e-04
7.82000000e-01	1.18337112e-02	1.50021268e-04
7.83000000e-01	1.18577184e-02	1.52050351e-04
7.84000000e-01	1.16965279e-02	1.51662290e-04
7.85000000e-01	1.18740891e-02	1.54372445e-04
7.86000000e-01	1.18715592e-02	1.57043554e-04
7.87000000e-01	1.20096964e-02	1.59608720e-04
7.88000000e-01	1.18564667e-02	1.59130568e-04
7.89000000e-01	1.20580958e-02	1.63537477e-04
7.90000000e-01	1.18543852e-02	1.62813930e-04
7.91000000e-01	1.18506685e-02	1.63739484e-04
7.92000000e-01	1.18332582e-02	1.65713424e-04
7.93000000e-01	1.16967970e-02	1.65897924e-04
7.94000000e-01	1.17351422e-02	1.67676759e-04
7.95000000e-01	1.19280968e-02	1.72048305e-04
7.96000000e-01	1.17064866e-02	1.71016308e-04
7.97000000e-01	1.16973713e-02	1.72272523e-04
7.98000000e-01	1.18296095e-02	1.75953923e-04
7.99000000e-01	1.18168083e-02	1.78079770e-04
8.00000000e-01	1.17380437e-02	1.78934491e-04
8.01000000e-01	1.18569505e-02	1.81891569e-04
8.02000000e-01	1.16861960e-02	1.80819066e-04
8.03000000e-01	1.18695902e-02	1.85864169e-04
8.04000000e-01	1.17862104e-02	1.85954397e-04
8.05000000e-01	1.17160542e-02	1.87971994e-04
8.06000000e-01	1.16210001e-02	1.89374127e-04
8.07000000e-01	1.17983522e-02	1.92400541e-04
8.08000000e-01	1.15270018e-02	1.91041993e-04
8.09000000e-01	1.17129134e-02	1.95617040e-04
8.10000000e-01	1.17446063e-02	1.99233803e-04
8.11000000e-01	1.17315750e-02	2.00742731e-04
8.12000000e-01	1.16987325e-02	2.02673611e-04
8.13000000e-01	1.15057107e-02	2.01916272e-04
8.14000000e-01	1.13881374e-02	2.02184591e-04
8.15000000e-01	1.15025035e-02	2.05836588e-04
8.16000000e-01	1.15820184e-02	2.09998087e-04
8.17000000e-01	1.12583971e-02	2.06436112e-04
8.18000000e-01	1.15209333e-02	2.15024051e-04
8.19000000e-01	1.16240706e-02	2.18706752e-04
8.20000000e-01	1.16907793e-02	2.22622793e-04
8.21000000e-01	1.14883033e-02	2.22261713e-04
8.22000000e-01	1.14078419e-02	2.23847878e-04
8.23000000e-01	1.14015593e-02	2.26915173e-04
8.24000000e-01	1.13556646e-02	2.28216975e-04
8.25000000e-01	1.12920965e-02	2.30577838e-04
8.26000000e-01	1.12933081e-02	2.35509755e-04
8.27000000e-01	1.14557556e-02	2.40671987e-04
8.28000000e-01	1.14593175e-02	2.45136773e-04
8.29000000e-01	1.13164436e-02	2.47292288e-04
8.30000000e-01	1.12954214e-02	2.47838297e-04
8.31000000e-01	1.13574271e-02	2.52445368e-04
8.32000000e-01	1.10679376e-02	2.51695492e-04
8.33000000e-01	1.11562928e-02	2.59436418e-04
8.34000000e-01	1.09418613e-02	2.57085522e-04
8.35000000e-01	1.10688379e-02	2.66371359e-04
8.36000000e-01	1.13786378e-02	2.76555446e-04
8.37000000e-01	1.12948671e-02	2.81034934e-04
8.38000000e-01	1.14609288e-02	2.89802533e-04
8.39000000e-01	1.08444120e-02	2.82028972e-04
8.40000000e-01	1.09508630e-02	2.93916955e-04
8.41000000e-01	1.12691999e-02	3.03143571e-04
8.42000000e-01	1.10739547e-02	3.10799645e-04
8.43000000e-01	1.08534572e-02	3.10809533e-04
8.44000000e-01	1.08379469e-02	3.16349489e-04
8.45000000e-01	1.09250792e-02	3.26209087e-04
8.46000000e-01	1.07830437e-02	3.30495347e-04
8.47000000e-01	1.10102536e-02	3.47498766e-04
8.48000000e-01	1.10613404e-02	3.61318972e-04
8.49000000e-01	1.09965561e-02	3.71291767e-04
8.50000000e-01	1.12602548e-02	3.87068858e-04
8.51000000e-01	1.13522191e-02	4.04915908e-04
8.52000000e-01	1.06980140e-02	4.03741240e-04
8.53000000e-01	1.10637176e-02	4.30965087e-04
8.54000000e-01	1.10561041e-02	4.49873125e-04
8.55000000e-01	1.09764597e-02	4.64601905e-04
8.56000000e-01	1.13129060e-02	4.96681367e-04
8.57000000e-01	1.10625798e-02	4.95414231e-04
8.58000000e-01	1.07964984e-02	4.94184834e-04
8.59000000e-01	1.09514314e-02	5.24503937e-04
8.60000000e-01	1.11858827e-02	5.44414054e-04
8.61000000e-01	1.08221924e-02	5.48698689e-04
8.62000000e-01	1.06487559e-02	5.45524441e-04
8.63000000e-01	1.10081863e-02	5.96651181e-04
8.64000000e-01	1.05205303e-02	6.08120228e-04
8.65000000e-01	1.09112288e-02	6.51964446e-04
8.66000000e-01	1.09170943e-02	6.86025946e-04
8.67000000e-01	1.01314605e-02	6.92519857e-04
8.68000000e-01	1.02963377e-02	7.37963181e-04
8.69000000e-01	1.06743168e-02	8.30970744e-04
8.70000000e-01	1.02994529e-02	8.70064336e-04
8.71000000e-01	1.05582179e-02	9.70528934e-04
8.72000000e-01	1.01894622e-02	1.04385122e-03
8.73000000e-01	1.04438703e-02	1.30984704e-03
8.74000000e-01	1.02291244e-02	1.63502077e-03
8.75000000e-01	8.52465511e-03	3.13216439e-03
