% Filename : SEC3_00043_00008.h5
% Date & Time : 30-Oct-2025 18:02:31
% X-ray Energy (keV) : 13.30001
% Exposure Time (s) : 0.500
% Beam Center : 1461.24000, 208.98300
% Sample to Detector Distance (SDD) (mm) : 1990.750
% Detector Pixel Size (mm) : 0.075
% Photodiode Value : 141552.000
% I0 of Sample : 0
% I0 of Standard : 1
% 
% q(A^-1)   I(q)    I(q)_SE
0.00000000e+00	8.93432674e-03	4.94321826e-03
2.50000000e-04	0.00000000e+00	0.00000000e+00
5.00000000e-04	0.00000000e+00	0.00000000e+00
7.50000000e-04	0.00000000e+00	0.00000000e+00
1.00000000e-03	0.00000000e+00	0.00000000e+00
1.25000000e-03	0.00000000e+00	0.00000000e+00
1.50000000e-03	0.00000000e+00	0.00000000e+00
1.75000000e-03	0.00000000e+00	0.00000000e+00
2.00000000e-03	0.00000000e+00	0.00000000e+00
2.25000000e-03	0.00000000e+00	0.00000000e+00
2.50000000e-03	0.00000000e+00	0.00000000e+00
2.75000000e-03	0.00000000e+00	0.00000000e+00
3.00000000e-03	0.00000000e+00	0.00000000e+00
3.25000000e-03	3.49971567e+02	2.04216426e+02
3.50000000e-03	3.10808860e+02	8.00558294e+01
3.75000000e-03	2.06058622e+02	4.23140024e+01
4.00000000e-03	1.54626821e+02	2.88548830e+01
4.25000000e-03	1.03315118e+02	1.62949960e+01
4.50000000e-03	9.14205195e+01	1.22563046e+01
4.75000000e-03	7.93144800e+01	9.44522343e+00
5.00000000e-03	6.33011511e+01	7.31858229e+00
5.25000000e-03	5.24224811e+01	5.90835492e+00
5.50000000e-03	4.41826106e+01	4.80594852e+00
5.75000000e-03	3.80033079e+01	4.05718406e+00
6.00000000e-03	3.08331135e+01	3.21681392e+00
6.25000000e-03	2.74602713e+01	2.85527273e+00
6.50000000e-03	2.30250103e+01	2.32844982e+00
6.75000000e-03	2.02716425e+01	1.99255365e+00
7.00000000e-03	1.76798952e+01	1.68991322e+00
7.25000000e-03	1.51564653e+01	1.43400344e+00
7.50000000e-03	1.33395603e+01	1.23616546e+00
7.75000000e-03	1.18341988e+01	1.07540390e+00
8.00000000e-03	1.05458891e+01	9.38829375e-01
8.25000000e-03	9.38204223e+00	8.08762838e-01
8.50000000e-03	8.25691697e+00	6.96269025e-01
8.75000000e-03	7.52816595e+00	6.27893453e-01
9.00000000e-03	6.71983785e+00	5.52435883e-01
9.25000000e-03	5.94781047e+00	4.75859987e-01
9.50000000e-03	5.40247790e+00	4.26421034e-01
9.75000000e-03	4.81999936e+00	3.73101183e-01
1.00000000e-02	4.36564376e+00	3.31425450e-01
1.02500000e-02	3.95303957e+00	3.02485431e-01
1.05000000e-02	3.67529782e+00	2.67810061e-01
1.07500000e-02	3.35447667e+00	2.45519366e-01
1.10000000e-02	3.06486565e+00	2.17950969e-01
1.12500000e-02	2.80792705e+00	2.04679059e-01
1.15000000e-02	2.61859870e+00	1.85497202e-01
1.17500000e-02	2.38546595e+00	1.65168696e-01
1.20000000e-02	2.22617330e+00	1.54119824e-01
1.22500000e-02	2.07844422e+00	1.41255618e-01
1.25000000e-02	1.92815374e+00	1.30255262e-01
1.27500000e-02	1.79251149e+00	1.19893323e-01
1.30000000e-02	1.67607326e+00	1.09844574e-01
1.32500000e-02	1.54108732e+00	9.81107940e-02
1.35000000e-02	1.45587268e+00	9.31139064e-02
1.37500000e-02	1.35955100e+00	8.68085470e-02
1.40000000e-02	1.24936019e+00	7.84293055e-02
1.42500000e-02	1.18702933e+00	7.29796147e-02
1.45000000e-02	1.12330081e+00	6.88844061e-02
1.47500000e-02	1.04031010e+00	6.31461172e-02
1.50000000e-02	9.84525556e-01	5.93806471e-02
1.52500000e-02	9.16628914e-01	5.44871456e-02
1.55000000e-02	8.72640416e-01	5.11698336e-02
1.57500000e-02	8.03292575e-01	4.70603356e-02
1.60000000e-02	7.60247780e-01	4.36570042e-02
1.62500000e-02	7.20166286e-01	4.18590654e-02
1.65000000e-02	6.75867936e-01	3.82343156e-02
1.67500000e-02	6.44814913e-01	3.60022787e-02
1.70000000e-02	6.06003036e-01	3.36833513e-02
1.72500000e-02	5.80118339e-01	3.20391919e-02
1.75000000e-02	5.47782988e-01	3.02025329e-02
1.77500000e-02	5.11132449e-01	2.76633665e-02
1.80000000e-02	4.93059780e-01	2.67588283e-02
1.82500000e-02	4.61738687e-01	2.43763090e-02
1.85000000e-02	4.43392629e-01	2.39935067e-02
1.87500000e-02	4.24914451e-01	2.24360800e-02
1.90000000e-02	4.03370741e-01	2.10684718e-02
1.92500000e-02	3.89112199e-01	2.01049574e-02
1.95000000e-02	3.71553440e-01	1.90248274e-02
1.97500000e-02	3.52811400e-01	1.81923177e-02
2.00000000e-02	3.38429610e-01	1.72321236e-02
2.02500000e-02	3.25302022e-01	1.65327166e-02
2.05000000e-02	3.07406751e-01	1.51789727e-02
2.07500000e-02	2.94785271e-01	1.45052945e-02
2.10000000e-02	2.82306537e-01	1.39706470e-02
2.12500000e-02	2.76946370e-01	1.37730225e-02
2.15000000e-02	2.65201800e-01	1.30802328e-02
2.17500000e-02	2.56985051e-01	1.26688472e-02
2.20000000e-02	2.49846181e-01	1.23998852e-02
2.22500000e-02	2.33771600e-01	1.14812362e-02
2.25000000e-02	2.27670942e-01	1.13066694e-02
2.27500000e-02	2.22487625e-01	1.08862231e-02
2.30000000e-02	2.12831082e-01	1.04521530e-02
2.32500000e-02	2.04999007e-01	9.99832917e-03
2.35000000e-02	1.96333252e-01	9.71501694e-03
2.37500000e-02	1.91516037e-01	9.35416150e-03
2.40000000e-02	1.86475005e-01	9.21734598e-03
2.42500000e-02	1.80876782e-01	8.82521880e-03
2.45000000e-02	1.75775202e-01	8.61459712e-03
2.47500000e-02	1.65724544e-01	7.98094456e-03
2.50000000e-02	1.64519351e-01	7.97241523e-03
2.52500000e-02	1.58232199e-01	7.71027758e-03
2.55000000e-02	1.55418188e-01	7.43480805e-03
2.57500000e-02	1.48591556e-01	7.11901118e-03
2.60000000e-02	1.45372374e-01	6.88658447e-03
2.62500000e-02	1.41297945e-01	6.83800963e-03
2.65000000e-02	1.37313806e-01	6.51669858e-03
2.67500000e-02	1.33482965e-01	6.27863730e-03
2.70000000e-02	1.29245018e-01	6.13920173e-03
2.72500000e-02	1.28075072e-01	5.98901431e-03
2.75000000e-02	1.22177084e-01	5.82957891e-03
2.77500000e-02	1.20928918e-01	5.77361607e-03
2.80000000e-02	1.17253756e-01	5.43743167e-03
2.82500000e-02	1.11921376e-01	5.20667602e-03
2.85000000e-02	1.11134355e-01	5.19169993e-03
2.87500000e-02	1.08233026e-01	5.04265438e-03
2.90000000e-02	1.03178605e-01	4.80670061e-03
2.92500000e-02	1.03175622e-01	4.67235449e-03
2.95000000e-02	1.00032636e-01	4.63701671e-03
2.97500000e-02	9.90579027e-02	4.50354638e-03
3.00000000e-02	9.49849716e-02	4.37394922e-03
3.02500000e-02	9.50770265e-02	4.37274883e-03
3.05000000e-02	9.05416153e-02	4.05370862e-03
3.07500000e-02	9.04560851e-02	4.11038297e-03
3.10000000e-02	8.87359700e-02	4.01283772e-03
3.12500000e-02	8.66545495e-02	3.94860178e-03
3.15000000e-02	8.60858485e-02	3.87699255e-03
3.17500000e-02	8.16166464e-02	3.59900100e-03
3.20000000e-02	7.84605797e-02	3.52545800e-03
3.22500000e-02	7.85904284e-02	3.54255600e-03
3.25000000e-02	7.74705660e-02	3.49587700e-03
3.27500000e-02	7.60342191e-02	3.36996134e-03
3.30000000e-02	7.34375449e-02	3.24881067e-03
3.32500000e-02	7.16897439e-02	3.17456618e-03
3.35000000e-02	7.10690748e-02	3.16733654e-03
3.37500000e-02	6.94776005e-02	3.06206507e-03
3.40000000e-02	6.91569874e-02	3.04853553e-03
3.42500000e-02	6.83137214e-02	2.99441273e-03
3.45000000e-02	6.64299275e-02	2.94237288e-03
3.47500000e-02	6.52096486e-02	2.84364366e-03
3.50000000e-02	6.35733493e-02	2.79186049e-03
3.52500000e-02	6.14629886e-02	2.68643234e-03
3.55000000e-02	6.11840662e-02	2.64791815e-03
3.57500000e-02	5.95955163e-02	2.59679922e-03
3.60000000e-02	6.03733763e-02	2.63725327e-03
3.62500000e-02	5.90432084e-02	2.58365994e-03
3.65000000e-02	5.79196143e-02	2.50971916e-03
3.67500000e-02	5.55129950e-02	2.41083001e-03
3.70000000e-02	5.61785575e-02	2.42441435e-03
3.72500000e-02	5.48178001e-02	2.34969735e-03
3.75000000e-02	5.37819506e-02	2.32457133e-03
3.77500000e-02	5.35870296e-02	2.29468061e-03
3.80000000e-02	5.11736865e-02	2.18804024e-03
3.82500000e-02	5.13167628e-02	2.18430822e-03
3.85000000e-02	5.12126301e-02	2.19552069e-03
3.87500000e-02	5.01825635e-02	2.12193727e-03
3.90000000e-02	4.98552663e-02	2.12696646e-03
3.92500000e-02	4.85794981e-02	2.04571607e-03
3.95000000e-02	4.80982958e-02	2.04543450e-03
3.97500000e-02	4.73219893e-02	1.99580238e-03
4.00000000e-02	4.74415500e-02	2.00511607e-03
4.02500000e-02	4.74452003e-02	1.98704928e-03
4.05000000e-02	4.55949554e-02	1.89662568e-03
4.07500000e-02	4.52036834e-02	1.87173014e-03
4.10000000e-02	4.51729565e-02	1.89705656e-03
4.12500000e-02	4.39359506e-02	1.82916356e-03
4.15000000e-02	4.39129581e-02	1.81989248e-03
4.17500000e-02	4.41406902e-02	1.83510584e-03
4.20000000e-02	4.25967901e-02	1.74907847e-03
4.22500000e-02	4.15413196e-02	1.70899694e-03
4.25000000e-02	4.18517990e-02	1.72328010e-03
4.27500000e-02	4.22075301e-02	1.71903771e-03
4.30000000e-02	4.17303539e-02	1.70713632e-03
4.32500000e-02	4.05145035e-02	1.65645547e-03
4.35000000e-02	3.87270858e-02	1.59870580e-03
4.37500000e-02	3.87914077e-02	1.56781965e-03
4.40000000e-02	3.91563985e-02	1.60554679e-03
4.42500000e-02	3.86250099e-02	1.57488881e-03
4.45000000e-02	3.87494310e-02	1.55357103e-03
4.47500000e-02	3.75048050e-02	1.50961112e-03
4.50000000e-02	3.83108514e-02	1.54782853e-03
4.52500000e-02	3.82132438e-02	1.53889538e-03
4.55000000e-02	3.75201005e-02	1.50634603e-03
4.57500000e-02	3.74220492e-02	1.49384494e-03
4.60000000e-02	3.71383376e-02	1.48710314e-03
4.62500000e-02	3.63528707e-02	1.45474421e-03
4.65000000e-02	3.63595083e-02	1.44511851e-03
4.67500000e-02	3.57272726e-02	1.41719733e-03
4.70000000e-02	3.61067216e-02	1.43505564e-03
4.72500000e-02	3.54812251e-02	1.40779454e-03
4.75000000e-02	3.53224068e-02	1.40861985e-03
4.77500000e-02	3.56004193e-02	1.39716153e-03
4.80000000e-02	3.49302339e-02	1.37415117e-03
4.82500000e-02	3.40020991e-02	1.33394315e-03
4.85000000e-02	3.37956016e-02	1.34454637e-03
4.87500000e-02	3.38364507e-02	1.33600204e-03
4.90000000e-02	3.31521804e-02	1.29596578e-03
4.92500000e-02	3.28138532e-02	1.28678686e-03
4.95000000e-02	3.37820075e-02	1.32274119e-03
4.97500000e-02	3.28187548e-02	1.28597704e-03
5.00000000e-02	3.24526771e-02	1.26819101e-03
5.02500000e-02	3.19924025e-02	1.24018785e-03
5.05000000e-02	3.25594711e-02	1.25461835e-03
5.07500000e-02	3.18189725e-02	1.23640120e-03
5.10000000e-02	3.20489880e-02	1.24589050e-03
5.12500000e-02	3.17499364e-02	1.22845252e-03
5.15000000e-02	3.14259359e-02	1.20419855e-03
5.17500000e-02	3.13439895e-02	1.21658000e-03
5.20000000e-02	3.13217706e-02	1.20365538e-03
5.22500000e-02	3.08722395e-02	1.19337854e-03
5.25000000e-02	3.07817600e-02	1.17559211e-03
5.27500000e-02	3.12923508e-02	1.19163628e-03
5.30000000e-02	3.06151827e-02	1.17764212e-03
5.32500000e-02	3.06111845e-02	1.16766080e-03
5.35000000e-02	2.99837497e-02	1.14446726e-03
5.37500000e-02	3.04373485e-02	1.15153517e-03
5.40000000e-02	2.96601024e-02	1.11661274e-03
5.42500000e-02	2.99089112e-02	1.12740503e-03
5.45000000e-02	2.97095469e-02	1.12245578e-03
5.47500000e-02	3.02258072e-02	1.13701026e-03
5.50000000e-02	2.88989509e-02	1.08940582e-03
5.52500000e-02	2.95278947e-02	1.11305008e-03
5.55000000e-02	2.97192906e-02	1.11283210e-03
5.57500000e-02	2.89575301e-02	1.08847142e-03
5.60000000e-02	2.88220936e-02	1.07635568e-03
5.62500000e-02	2.87693802e-02	1.07516046e-03
5.65000000e-02	2.82038535e-02	1.04338021e-03
5.67500000e-02	2.83842895e-02	1.06071581e-03
5.70000000e-02	2.81537737e-02	1.04761508e-03
5.72500000e-02	2.80897180e-02	1.03859443e-03
5.75000000e-02	2.83534014e-02	1.05483660e-03
5.77500000e-02	2.80245618e-02	1.03668995e-03
5.80000000e-02	2.79889701e-02	1.03945312e-03
5.82500000e-02	2.78396215e-02	1.02677150e-03
5.85000000e-02	2.71068440e-02	1.00004913e-03
5.87500000e-02	2.73614073e-02	1.00409869e-03
5.90000000e-02	2.72735978e-02	1.00545546e-03
5.92500000e-02	2.74317066e-02	1.00096091e-03
5.95000000e-02	2.77435392e-02	1.00781718e-03
5.97500000e-02	2.75790312e-02	1.01559023e-03
6.00000000e-02	2.70690959e-02	9.80422148e-04
6.02500000e-02	2.69373142e-02	9.71687083e-04
6.05000000e-02	2.62210658e-02	9.50471537e-04
6.07500000e-02	2.74339884e-02	9.96090496e-04
6.10000000e-02	2.71118094e-02	9.84215044e-04
6.12500000e-02	2.62462679e-02	9.47728018e-04
6.15000000e-02	2.65526170e-02	9.59787615e-04
6.17500000e-02	2.58179705e-02	9.25492468e-04
6.20000000e-02	2.64097045e-02	9.54631042e-04
6.22500000e-02	2.67889428e-02	9.64901617e-04
6.25000000e-02	2.67308598e-02	9.59017569e-04
6.27500000e-02	2.62459734e-02	9.35588351e-04
6.30000000e-02	2.54553813e-02	9.16127733e-04
6.32500000e-02	2.62824016e-02	9.40098730e-04
6.35000000e-02	2.58215832e-02	9.20550614e-04
6.37500000e-02	2.50553017e-02	9.06085488e-04
6.40000000e-02	2.61397211e-02	9.37867582e-04
6.42500000e-02	2.58678677e-02	9.16157348e-04
6.45000000e-02	2.56831216e-02	9.08835650e-04
6.47500000e-02	2.56829180e-02	9.16441034e-04
6.50000000e-02	2.56325528e-02	9.09545249e-04
6.52500000e-02	2.60789951e-02	9.20987351e-04
6.55000000e-02	2.56241265e-02	9.06866358e-04
6.57500000e-02	2.50655072e-02	8.85307961e-04
6.60000000e-02	2.48234267e-02	8.74955056e-04
6.62500000e-02	2.55098420e-02	8.97812250e-04
6.65000000e-02	2.53773447e-02	8.87449333e-04
6.67500000e-02	2.42724002e-02	8.51241817e-04
6.70000000e-02	2.47879282e-02	8.65150170e-04
6.72500000e-02	2.55462236e-02	9.00059336e-04
6.75000000e-02	2.51958021e-02	8.76819834e-04
6.77500000e-02	2.45508082e-02	8.56114527e-04
6.80000000e-02	2.50114104e-02	8.71587093e-04
6.82500000e-02	2.47903292e-02	8.68451180e-04
6.85000000e-02	2.55511372e-02	8.91828216e-04
6.87500000e-02	2.44045379e-02	8.43370117e-04
6.90000000e-02	2.51369157e-02	8.63230984e-04
6.92500000e-02	2.42159248e-02	8.37735304e-04
6.95000000e-02	2.45626330e-02	8.55766401e-04
6.97500000e-02	2.44859965e-02	8.54472205e-04
7.00000000e-02	2.42616206e-02	8.30277862e-04
7.02500000e-02	2.44199770e-02	8.41995468e-04
7.05000000e-02	2.48133924e-02	8.48310305e-04
7.07500000e-02	2.46797799e-02	8.46005772e-04
7.10000000e-02	2.48618188e-02	8.46522123e-04
7.12500000e-02	2.40618467e-02	8.19858984e-04
7.15000000e-02	2.38168577e-02	8.11255562e-04
7.17500000e-02	2.43589596e-02	8.31645694e-04
7.20000000e-02	2.40923928e-02	8.29537243e-04
7.22500000e-02	2.38561177e-02	8.11616755e-04
7.25000000e-02	2.39900695e-02	8.14590172e-04
7.27500000e-02	2.41777055e-02	8.24541469e-04
7.30000000e-02	2.41046629e-02	8.19572272e-04
7.32500000e-02	2.38028678e-02	8.05147753e-04
7.35000000e-02	2.42168710e-02	8.17462717e-04
7.37500000e-02	2.37976884e-02	7.98867908e-04
7.40000000e-02	2.43073140e-02	8.16047051e-04
7.42500000e-02	2.37365206e-02	8.01898669e-04
7.45000000e-02	2.33879135e-02	7.89062616e-04
7.47500000e-02	2.35912833e-02	7.93391962e-04
7.50000000e-02	2.32517292e-02	7.78880558e-04
7.52500000e-02	2.36570174e-02	7.90798290e-04
7.55000000e-02	2.37276783e-02	7.95431821e-04
7.57500000e-02	2.36009584e-02	7.89022841e-04
7.60000000e-02	2.34604594e-02	7.80600334e-04
7.62500000e-02	2.35759821e-02	7.89191060e-04
7.65000000e-02	2.32531832e-02	7.80915716e-04
7.67500000e-02	2.36015763e-02	7.89460746e-04
7.70000000e-02	2.39540820e-02	7.86580292e-04
7.72500000e-02	2.35371471e-02	7.90966851e-04
7.75000000e-02	2.31464786e-02	7.90674314e-04
7.77500000e-02	2.31936153e-02	7.95986209e-04
7.80000000e-02	2.34353216e-02	8.07962195e-04
7.82500000e-02	2.33254369e-02	8.06413284e-04
7.85000000e-02	2.37554324e-02	8.31794676e-04
7.87500000e-02	2.29772956e-02	7.96107036e-04
7.90000000e-02	2.33325144e-02	8.25041002e-04
7.92500000e-02	2.40821147e-02	8.42697172e-04
7.95000000e-02	2.33081959e-02	8.17495875e-04
7.97500000e-02	2.30018576e-02	8.13748763e-04
8.00000000e-02	2.41137938e-02	8.46490824e-04
8.02500000e-02	2.32443741e-02	8.17010081e-04
8.05000000e-02	2.33753981e-02	8.25125343e-04
8.07500000e-02	2.29851952e-02	8.19471170e-04
8.10000000e-02	2.30679304e-02	8.23976369e-04
8.12500000e-02	2.30394398e-02	8.17166017e-04
8.15000000e-02	2.36849787e-02	8.39359427e-04
8.17500000e-02	2.33152070e-02	8.34168402e-04
8.20000000e-02	2.33922486e-02	8.33237320e-04
8.22500000e-02	2.31586583e-02	8.31704312e-04
8.25000000e-02	2.30259075e-02	8.36398417e-04
8.27500000e-02	2.26742830e-02	8.21600960e-04
8.30000000e-02	2.27769198e-02	8.30901577e-04
8.32500000e-02	2.27594022e-02	8.26719046e-04
8.35000000e-02	2.25690122e-02	8.23183580e-04
8.37500000e-02	2.29706288e-02	8.24413662e-04
8.40000000e-02	2.30220854e-02	8.37747651e-04
8.42500000e-02	2.23273975e-02	8.15703185e-04
8.45000000e-02	2.29303857e-02	8.38845212e-04
8.47500000e-02	2.28530828e-02	8.32044588e-04
8.50000000e-02	2.29872152e-02	8.35830927e-04
8.52500000e-02	2.27792769e-02	8.34866810e-04
8.55000000e-02	2.22543373e-02	8.06216145e-04
8.57500000e-02	2.32477199e-02	8.55340634e-04
8.60000000e-02	2.28210017e-02	8.41462829e-04
8.62500000e-02	2.29589999e-02	8.36620608e-04
8.65000000e-02	2.27278913e-02	8.33142085e-04
8.67500000e-02	2.27136211e-02	8.27094546e-04
8.70000000e-02	2.24906164e-02	8.14000405e-04
8.72500000e-02	2.23119069e-02	7.84887136e-04
8.75000000e-02	2.28126305e-02	7.96341674e-04
8.77500000e-02	2.28492609e-02	7.94128814e-04
8.80000000e-02	2.24480858e-02	7.87174157e-04
8.82500000e-02	2.22842001e-02	7.69542909e-04
8.85000000e-02	2.24744045e-02	7.76663978e-04
8.87500000e-02	2.22863123e-02	7.56534666e-04
8.90000000e-02	2.28270193e-02	7.77525365e-04
8.92500000e-02	2.23588820e-02	7.58359874e-04
8.95000000e-02	2.22174274e-02	7.51771767e-04
8.97500000e-02	2.20979146e-02	7.40492982e-04
9.00000000e-02	2.24107678e-02	7.53392577e-04
9.02500000e-02	2.23027016e-02	7.45403099e-04
9.05000000e-02	2.19971208e-02	7.38532271e-04
9.07500000e-02	2.14528633e-02	7.17049382e-04
9.10000000e-02	2.32068258e-02	7.62579212e-04
9.12500000e-02	2.23906336e-02	7.41586836e-04
9.15000000e-02	2.29637541e-02	7.58029596e-04
9.17500000e-02	2.25278136e-02	7.51103973e-04
9.20000000e-02	2.22355478e-02	7.33264100e-04
9.22500000e-02	2.22015279e-02	7.36372050e-04
9.25000000e-02	2.27629832e-02	7.47403627e-04
9.27500000e-02	2.23779736e-02	7.35037298e-04
9.30000000e-02	2.17781441e-02	7.18147664e-04
9.32500000e-02	2.21262817e-02	7.29218302e-04
9.35000000e-02	2.15860663e-02	6.98643916e-04
9.37500000e-02	2.17102952e-02	7.06186943e-04
9.40000000e-02	2.22295593e-02	7.25285925e-04
9.42500000e-02	2.20597926e-02	7.13962877e-04
9.45000000e-02	2.20416085e-02	7.16941064e-04
9.47500000e-02	2.19857507e-02	7.14709886e-04
9.50000000e-02	2.21748239e-02	7.23144837e-04
9.52500000e-02	2.22888801e-02	7.16282821e-04
9.55000000e-02	2.23356770e-02	7.16282890e-04
9.57500000e-02	2.26165084e-02	7.23151521e-04
9.60000000e-02	2.21572381e-02	7.12281948e-04
9.62500000e-02	2.17658086e-02	6.93893391e-04
9.65000000e-02	2.23882538e-02	7.08855031e-04
9.67500000e-02	2.18749036e-02	6.97083939e-04
9.70000000e-02	2.14407522e-02	6.89324722e-04
9.72500000e-02	2.18382853e-02	6.95270169e-04
9.75000000e-02	2.19127926e-02	6.96784261e-04
9.77500000e-02	2.17132395e-02	6.85734842e-04
9.80000000e-02	2.19769157e-02	6.92276115e-04
9.82500000e-02	2.16821729e-02	6.88843183e-04
9.85000000e-02	2.17937802e-02	6.91188674e-04
9.87500000e-02	2.18293955e-02	6.82644776e-04
9.90000000e-02	2.13565412e-02	6.71321939e-04
9.92500000e-02	2.17240565e-02	6.84751954e-04
9.95000000e-02	2.10500508e-02	6.68030248e-04
9.97500000e-02	2.19208712e-02	6.88172400e-04
1.00000000e-01	2.17964228e-02	5.54509647e-04
1.00500000e-01	2.18690128e-02	4.84999903e-04
1.01000000e-01	2.18432455e-02	4.81247998e-04
1.01500000e-01	2.18670447e-02	4.78791866e-04
1.02000000e-01	2.12085917e-02	4.66652301e-04
1.02500000e-01	2.16803248e-02	4.73167547e-04
1.03000000e-01	2.12879092e-02	4.66816548e-04
1.03500000e-01	2.15202397e-02	4.65099799e-04
1.04000000e-01	2.15017346e-02	4.65535721e-04
1.04500000e-01	2.14280463e-02	4.60472277e-04
1.05000000e-01	2.14156314e-02	4.60137337e-04
1.05500000e-01	2.15948686e-02	4.64396473e-04
1.06000000e-01	2.17438703e-02	4.65257398e-04
1.06500000e-01	2.13792270e-02	4.54850762e-04
1.07000000e-01	2.10310435e-02	4.53615891e-04
1.07500000e-01	2.10962390e-02	4.63806683e-04
1.08000000e-01	2.12169749e-02	4.72069030e-04
1.08500000e-01	2.10669794e-02	4.72186690e-04
1.09000000e-01	2.14775451e-02	4.83323133e-04
1.09500000e-01	2.15260170e-02	4.88247383e-04
1.10000000e-01	2.11635428e-02	4.74302714e-04
1.10500000e-01	2.14306208e-02	4.67755003e-04
1.11000000e-01	2.11869988e-02	4.56800269e-04
1.11500000e-01	2.11645773e-02	4.54680219e-04
1.12000000e-01	2.11491911e-02	4.47648922e-04
1.12500000e-01	2.11557115e-02	4.45252888e-04
1.13000000e-01	2.10745701e-02	4.44483158e-04
1.13500000e-01	2.10057529e-02	4.40878227e-04
1.14000000e-01	2.15542259e-02	4.50709173e-04
1.14500000e-01	2.12790887e-02	4.43159331e-04
1.15000000e-01	2.10358260e-02	4.36228130e-04
1.15500000e-01	2.10928255e-02	4.39193941e-04
1.16000000e-01	2.12183747e-02	4.36514612e-04
1.16500000e-01	2.10642740e-02	4.33547403e-04
1.17000000e-01	2.13241858e-02	4.37299530e-04
1.17500000e-01	2.10596595e-02	4.31984092e-04
1.18000000e-01	2.09322679e-02	4.29888024e-04
1.18500000e-01	2.12964292e-02	4.34306496e-04
1.19000000e-01	2.12585926e-02	4.33089484e-04
1.19500000e-01	2.11163434e-02	4.29148489e-04
1.20000000e-01	2.06693750e-02	4.17642121e-04
1.20500000e-01	2.10089802e-02	4.24325823e-04
1.21000000e-01	2.09344465e-02	4.22835594e-04
1.21500000e-01	2.12018410e-02	4.27901606e-04
1.22000000e-01	2.09835873e-02	4.21444406e-04
1.22500000e-01	2.08202830e-02	4.17590146e-04
1.23000000e-01	2.11766109e-02	4.24198437e-04
1.23500000e-01	2.12284988e-02	4.24361442e-04
1.24000000e-01	2.09175693e-02	4.18288041e-04
1.24500000e-01	2.08313381e-02	4.13284609e-04
1.25000000e-01	2.08573059e-02	4.13542754e-04
1.25500000e-01	2.09275387e-02	4.13873161e-04
1.26000000e-01	2.10251204e-02	4.13457942e-04
1.26500000e-01	2.05902101e-02	4.06165290e-04
1.27000000e-01	2.09716999e-02	4.12640771e-04
1.27500000e-01	2.09298570e-02	4.09650870e-04
1.28000000e-01	2.04771308e-02	4.02653162e-04
1.28500000e-01	2.10393882e-02	4.11376715e-04
1.29000000e-01	2.09015291e-02	4.08374473e-04
1.29500000e-01	2.11028931e-02	4.09079759e-04
1.30000000e-01	2.09928354e-02	4.07767274e-04
1.30500000e-01	2.06909122e-02	4.00447168e-04
1.31000000e-01	2.06872870e-02	3.99325509e-04
1.31500000e-01	2.09304370e-02	4.05063169e-04
1.32000000e-01	2.04692586e-02	3.96629436e-04
1.32500000e-01	2.10059574e-02	4.02927131e-04
1.33000000e-01	2.08493236e-02	4.00071713e-04
1.33500000e-01	2.08125848e-02	3.95345896e-04
1.34000000e-01	2.09872149e-02	3.97682104e-04
1.34500000e-01	2.07357876e-02	3.93003871e-04
1.35000000e-01	2.09204647e-02	3.96761544e-04
1.35500000e-01	2.10060636e-02	3.97841680e-04
1.36000000e-01	2.06184642e-02	3.88286252e-04
1.36500000e-01	2.07508487e-02	3.93484810e-04
1.37000000e-01	2.07229231e-02	3.88358927e-04
1.37500000e-01	2.09044568e-02	3.94082882e-04
1.38000000e-01	2.07198323e-02	3.89425116e-04
1.38500000e-01	2.05944824e-02	3.86055397e-04
1.39000000e-01	2.06308327e-02	3.87107007e-04
1.39500000e-01	2.08640425e-02	3.90313604e-04
1.40000000e-01	2.06497291e-02	3.87086938e-04
1.40500000e-01	2.03931780e-02	3.81031050e-04
1.41000000e-01	2.01925246e-02	3.77856877e-04
1.41500000e-01	2.02407749e-02	3.79341774e-04
1.42000000e-01	2.02506930e-02	3.76041057e-04
1.42500000e-01	2.00431388e-02	3.73238780e-04
1.43000000e-01	2.03535199e-02	3.78369171e-04
1.43500000e-01	2.02926466e-02	3.75872682e-04
1.44000000e-01	2.03181181e-02	3.76258186e-04
1.44500000e-01	1.98972529e-02	3.67562270e-04
1.45000000e-01	2.03910881e-02	3.76490825e-04
1.45500000e-01	2.02177513e-02	3.73181476e-04
1.46000000e-01	2.01951954e-02	3.69723202e-04
1.46500000e-01	2.02410625e-02	3.72668831e-04
1.47000000e-01	2.00306639e-02	3.66995090e-04
1.47500000e-01	2.02114565e-02	3.70390626e-04
1.48000000e-01	2.03919471e-02	3.70799375e-04
1.48500000e-01	2.00496689e-02	3.67036800e-04
1.49000000e-01	2.01360037e-02	3.66109055e-04
1.49500000e-01	2.00792774e-02	3.64449558e-04
1.50000000e-01	2.02263640e-02	3.64918774e-04
1.50500000e-01	2.01901187e-02	3.67306847e-04
1.51000000e-01	2.02318962e-02	3.67148448e-04
1.51500000e-01	2.03373800e-02	3.65519322e-04
1.52000000e-01	2.01447694e-02	3.60692047e-04
1.52500000e-01	2.00953729e-02	3.61544238e-04
1.53000000e-01	1.99104659e-02	3.57305031e-04
1.53500000e-01	1.98901823e-02	3.56734506e-04
1.54000000e-01	1.96683223e-02	3.52756197e-04
1.54500000e-01	2.00837993e-02	3.63804885e-04
1.55000000e-01	1.99902204e-02	3.70146665e-04
1.55500000e-01	1.99388850e-02	3.71323053e-04
1.56000000e-01	1.98557053e-02	3.70925465e-04
1.56500000e-01	2.01803867e-02	3.75955286e-04
1.57000000e-01	2.00453615e-02	3.72668436e-04
1.57500000e-01	1.97709482e-02	3.61886737e-04
1.58000000e-01	1.98280466e-02	3.59116472e-04
1.58500000e-01	2.01761371e-02	3.61564798e-04
1.59000000e-01	1.98022342e-02	3.53634974e-04
1.59500000e-01	1.98115836e-02	3.53990998e-04
1.60000000e-01	1.97735151e-02	3.54174508e-04
1.60500000e-01	2.01053140e-02	3.54903053e-04
1.61000000e-01	1.95774885e-02	3.49446834e-04
1.61500000e-01	1.99015410e-02	3.51720545e-04
1.62000000e-01	1.95682027e-02	3.44388830e-04
1.62500000e-01	1.98557899e-02	3.51493953e-04
1.63000000e-01	2.00603724e-02	3.51889066e-04
1.63500000e-01	1.95608959e-02	3.45920795e-04
1.64000000e-01	1.97771969e-02	3.46399766e-04
1.64500000e-01	1.96535414e-02	3.44310385e-04
1.65000000e-01	1.97229263e-02	3.44125146e-04
1.65500000e-01	1.97193378e-02	3.43859350e-04
1.66000000e-01	1.96308376e-02	3.42416540e-04
1.66500000e-01	1.96323875e-02	3.41356932e-04
1.67000000e-01	1.94670431e-02	3.39231038e-04
1.67500000e-01	1.94948059e-02	3.38153912e-04
1.68000000e-01	1.96593267e-02	3.40261277e-04
1.68500000e-01	1.95697830e-02	3.38363076e-04
1.69000000e-01	1.93780369e-02	3.34817767e-04
1.69500000e-01	1.94144280e-02	3.33994492e-04
1.70000000e-01	1.96706894e-02	3.38521774e-04
1.70500000e-01	1.93621723e-02	3.32881832e-04
1.71000000e-01	2.00254639e-02	3.41183177e-04
1.71500000e-01	1.94565558e-02	3.33702513e-04
1.72000000e-01	1.95287920e-02	3.31942132e-04
1.72500000e-01	1.96413446e-02	3.35809659e-04
1.73000000e-01	1.96441397e-02	3.34467592e-04
1.73500000e-01	1.94640716e-02	3.30016408e-04
1.74000000e-01	1.93694861e-02	3.28295566e-04
1.74500000e-01	1.95388881e-02	3.29144126e-04
1.75000000e-01	1.92455224e-02	3.24319034e-04
1.75500000e-01	1.97721263e-02	3.33042820e-04
1.76000000e-01	1.98015563e-02	3.33296925e-04
1.76500000e-01	1.92436336e-02	3.22820104e-04
1.77000000e-01	1.94804556e-02	3.26173505e-04
1.77500000e-01	1.94708270e-02	3.25221479e-04
1.78000000e-01	1.96054113e-02	3.28248754e-04
1.78500000e-01	1.93613803e-02	3.25017292e-04
1.79000000e-01	1.94377282e-02	3.24948513e-04
1.79500000e-01	1.94660693e-02	3.24929668e-04
1.80000000e-01	1.94311881e-02	3.24675715e-04
1.80500000e-01	1.95929688e-02	3.26814364e-04
1.81000000e-01	1.95308601e-02	3.25614066e-04
1.81500000e-01	1.93490364e-02	3.21697875e-04
1.82000000e-01	1.91839013e-02	3.18723867e-04
1.82500000e-01	1.92384712e-02	3.19794059e-04
1.83000000e-01	1.92975010e-02	3.20933525e-04
1.83500000e-01	1.92076116e-02	3.17478877e-04
1.84000000e-01	1.93409032e-02	3.19924661e-04
1.84500000e-01	1.93607761e-02	3.20472941e-04
1.85000000e-01	1.92778222e-02	3.19450728e-04
1.85500000e-01	1.91350415e-02	3.15417109e-04
1.86000000e-01	1.93143624e-02	3.18162209e-04
1.86500000e-01	1.91941431e-02	3.15268779e-04
1.87000000e-01	1.90156705e-02	3.12853057e-04
1.87500000e-01	1.94407593e-02	3.18195487e-04
1.88000000e-01	1.90371968e-02	3.12406207e-04
1.88500000e-01	1.92491191e-02	3.14397809e-04
1.89000000e-01	1.89835223e-02	3.10719347e-04
1.89500000e-01	1.90698482e-02	3.11222578e-04
1.90000000e-01	1.89262841e-02	3.08677897e-04
1.90500000e-01	1.90955908e-02	3.11105166e-04
1.91000000e-01	1.90802806e-02	3.08823716e-04
1.91500000e-01	1.90784324e-02	3.09591048e-04
1.92000000e-01	1.90974228e-02	3.10788213e-04
1.92500000e-01	1.92394763e-02	3.11911736e-04
1.93000000e-01	1.88552204e-02	3.03897211e-04
1.93500000e-01	1.90323877e-02	3.07974859e-04
1.94000000e-01	1.89395738e-02	3.04862322e-04
1.94500000e-01	1.89858233e-02	3.05134989e-04
1.95000000e-01	1.91659084e-02	3.07163819e-04
1.95500000e-01	1.91265204e-02	3.05886635e-04
1.96000000e-01	1.90746125e-02	3.05096173e-04
1.96500000e-01	1.88531978e-02	3.01684413e-04
1.97000000e-01	1.89759134e-02	3.02398885e-04
1.97500000e-01	1.90041877e-02	3.04024978e-04
1.98000000e-01	1.91136556e-02	3.04689072e-04
1.98500000e-01	1.87218163e-02	3.00621953e-04
1.99000000e-01	1.87919870e-02	2.99612952e-04
1.99500000e-01	1.90565780e-02	3.02421677e-04
2.00000000e-01	1.88088538e-02	2.99760168e-04
2.00500000e-01	1.89813954e-02	3.00718325e-04
2.01000000e-01	1.88155073e-02	2.98259695e-04
2.01500000e-01	1.91901022e-02	3.03982093e-04
2.02000000e-01	1.89422597e-02	2.99514027e-04
2.02500000e-01	1.89370664e-02	2.99252698e-04
2.03000000e-01	1.88378587e-02	2.96431125e-04
2.03500000e-01	1.88047236e-02	2.95709204e-04
2.04000000e-01	1.89403879e-02	2.97929387e-04
2.04500000e-01	1.86510612e-02	2.94547716e-04
2.05000000e-01	1.86535271e-02	2.92251745e-04
2.05500000e-01	1.87646708e-02	2.94620731e-04
2.06000000e-01	1.88167925e-02	2.92889059e-04
2.06500000e-01	1.86866293e-02	2.93065110e-04
2.07000000e-01	1.91168199e-02	2.98440630e-04
2.07500000e-01	1.87017971e-02	2.91495928e-04
2.08000000e-01	1.89068891e-02	2.95191742e-04
2.08500000e-01	1.86264557e-02	2.89219605e-04
2.09000000e-01	1.87962711e-02	2.92689034e-04
2.09500000e-01	1.88780980e-02	2.93003036e-04
2.10000000e-01	1.85319021e-02	2.87403362e-04
2.10500000e-01	1.87946963e-02	2.91417198e-04
2.11000000e-01	1.87415925e-02	2.90332879e-04
2.11500000e-01	1.87981411e-02	2.91240750e-04
2.12000000e-01	1.86942916e-02	2.88181457e-04
2.12500000e-01	1.85567680e-02	2.86467212e-04
2.13000000e-01	1.85239747e-02	2.85654181e-04
2.13500000e-01	1.84616410e-02	2.85434422e-04
2.14000000e-01	1.86920058e-02	2.88525633e-04
2.14500000e-01	1.85564332e-02	2.83560312e-04
2.15000000e-01	1.84659151e-02	2.84896981e-04
2.15500000e-01	1.88730517e-02	2.89043126e-04
2.16000000e-01	1.87239435e-02	2.86982276e-04
2.16500000e-01	1.84321137e-02	2.83346753e-04
2.17000000e-01	1.89259573e-02	2.93265870e-04
2.17500000e-01	1.86615996e-02	2.94189973e-04
2.18000000e-01	1.87167939e-02	2.95421564e-04
2.18500000e-01	1.86958701e-02	2.96876785e-04
2.19000000e-01	1.85131674e-02	2.96651799e-04
2.19500000e-01	1.84979943e-02	2.95962830e-04
2.20000000e-01	1.86533910e-02	3.00972627e-04
2.20500000e-01	1.85249059e-02	2.99259809e-04
2.21000000e-01	1.87521040e-02	3.02698928e-04
2.21500000e-01	1.87240190e-02	3.04480606e-04
2.22000000e-01	1.85192102e-02	3.01155924e-04
2.22500000e-01	1.83617391e-02	2.98872553e-04
2.23000000e-01	1.85814354e-02	3.04714532e-04
2.23500000e-01	1.81393865e-02	2.98046826e-04
2.24000000e-01	1.85780448e-02	3.05191359e-04
2.24500000e-01	1.85327477e-02	3.04755078e-04
2.25000000e-01	1.86536745e-02	3.06445236e-04
2.25500000e-01	1.85716004e-02	3.04504004e-04
2.26000000e-01	1.84584929e-02	3.07554177e-04
2.26500000e-01	1.86376197e-02	3.02525014e-04
2.27000000e-01	1.84525557e-02	2.98105049e-04
2.27500000e-01	1.85077090e-02	2.95541186e-04
2.28000000e-01	1.84647993e-02	2.94814261e-04
2.28500000e-01	1.83465428e-02	2.91184030e-04
2.29000000e-01	1.84156555e-02	2.89428584e-04
2.29500000e-01	1.81513348e-02	2.86732790e-04
2.30000000e-01	1.81616203e-02	2.85056964e-04
2.30500000e-01	1.85322209e-02	2.89616721e-04
2.31000000e-01	1.82880768e-02	2.84383138e-04
2.31500000e-01	1.84082805e-02	2.87622994e-04
2.32000000e-01	1.84873387e-02	2.86999220e-04
2.32500000e-01	1.85321950e-02	2.87718131e-04
2.33000000e-01	1.82654327e-02	2.81810953e-04
2.33500000e-01	1.84220142e-02	2.83862125e-04
2.34000000e-01	1.82216447e-02	2.79374241e-04
2.34500000e-01	1.83159436e-02	2.79723205e-04
2.35000000e-01	1.81440306e-02	2.79188351e-04
2.35500000e-01	1.82050397e-02	2.78617536e-04
2.36000000e-01	1.84370481e-02	2.81334412e-04
2.36500000e-01	1.81465702e-02	2.77898637e-04
2.37000000e-01	1.80592434e-02	2.75001876e-04
2.37500000e-01	1.80239214e-02	2.74102254e-04
2.38000000e-01	1.81713712e-02	2.75124462e-04
2.38500000e-01	1.81560708e-02	2.75723874e-04
2.39000000e-01	1.81531695e-02	2.74370646e-04
2.39500000e-01	1.82075864e-02	2.75695220e-04
2.40000000e-01	1.81318398e-02	2.72340676e-04
2.40500000e-01	1.80758177e-02	2.71170463e-04
2.41000000e-01	1.80934903e-02	2.71576875e-04
2.41500000e-01	1.79519961e-02	2.69391944e-04
2.42000000e-01	1.82189430e-02	2.73366199e-04
2.42500000e-01	1.79333931e-02	2.67965630e-04
2.43000000e-01	1.80875729e-02	2.70104464e-04
2.43500000e-01	1.81588520e-02	2.70146069e-04
2.44000000e-01	1.79537684e-02	2.66705759e-04
2.44500000e-01	1.80141537e-02	2.68414363e-04
2.45000000e-01	1.79643708e-02	2.66763861e-04
2.45500000e-01	1.79264923e-02	2.66163531e-04
2.46000000e-01	1.80427440e-02	2.67321379e-04
2.46500000e-01	1.79807962e-02	2.64939839e-04
2.47000000e-01	1.80116925e-02	2.66762959e-04
2.47500000e-01	1.82456313e-02	2.67860172e-04
2.48000000e-01	1.81151220e-02	2.67182383e-04
2.48500000e-01	1.81505566e-02	2.65381681e-04
2.49000000e-01	1.80434702e-02	2.64911960e-04
2.49500000e-01	1.78979688e-02	2.63143951e-04
2.50000000e-01	1.79731307e-02	2.63286221e-04
2.50500000e-01	1.79514530e-02	2.64085479e-04
2.51000000e-01	1.80170984e-02	2.63004788e-04
2.51500000e-01	1.80532769e-02	2.64409920e-04
2.52000000e-01	1.81127980e-02	2.64884774e-04
2.52500000e-01	1.79771929e-02	2.62130198e-04
2.53000000e-01	1.81014461e-02	2.64079286e-04
2.53500000e-01	1.79977579e-02	2.61040140e-04
2.54000000e-01	1.80925461e-02	2.63682797e-04
2.54500000e-01	1.78844519e-02	2.60392996e-04
2.55000000e-01	1.78748137e-02	2.59376780e-04
2.55500000e-01	1.80527972e-02	2.61729591e-04
2.56000000e-01	1.79906261e-02	2.58860265e-04
2.56500000e-01	1.79484725e-02	2.59355107e-04
2.57000000e-01	1.77942512e-02	2.56266000e-04
2.57500000e-01	1.79563119e-02	2.58617194e-04
2.58000000e-01	1.77428436e-02	2.56981606e-04
2.58500000e-01	1.79080427e-02	2.58366297e-04
2.59000000e-01	1.78263012e-02	2.57375023e-04
2.59500000e-01	1.77495779e-02	2.55171532e-04
2.60000000e-01	1.78176927e-02	2.55132542e-04
2.60500000e-01	1.76379612e-02	2.53065791e-04
2.61000000e-01	1.76533022e-02	2.53505411e-04
2.61500000e-01	1.80534066e-02	2.58711789e-04
2.62000000e-01	1.79216053e-02	2.55318473e-04
2.62500000e-01	1.77307878e-02	2.53109672e-04
2.63000000e-01	1.77278777e-02	2.53773179e-04
2.63500000e-01	1.75790341e-02	2.50305610e-04
2.64000000e-01	1.77166820e-02	2.52369444e-04
2.64500000e-01	1.79017838e-02	2.55399536e-04
2.65000000e-01	1.76789337e-02	2.51655626e-04
2.65500000e-01	1.76901148e-02	2.51807244e-04
2.66000000e-01	1.74754586e-02	2.48124894e-04
2.66500000e-01	1.80869890e-02	2.55724755e-04
2.67000000e-01	1.74075119e-02	2.46010336e-04
2.67500000e-01	1.75780598e-02	2.48213307e-04
2.68000000e-01	1.74925788e-02	2.46885443e-04
2.68500000e-01	1.76225078e-02	2.48804858e-04
2.69000000e-01	1.76027325e-02	2.47527987e-04
2.69500000e-01	1.76784593e-02	2.48699062e-04
2.70000000e-01	1.77036158e-02	2.49074438e-04
2.70500000e-01	1.76527656e-02	2.47161400e-04
2.71000000e-01	1.75743929e-02	2.46571457e-04
2.71500000e-01	1.76132276e-02	2.45739164e-04
2.72000000e-01	1.75866089e-02	2.46135643e-04
2.72500000e-01	1.75330880e-02	2.44991910e-04
2.73000000e-01	1.75777437e-02	2.45352720e-04
2.73500000e-01	1.74769190e-02	2.43730674e-04
2.74000000e-01	1.76422142e-02	2.46228328e-04
2.74500000e-01	1.74113100e-02	2.42353170e-04
2.75000000e-01	1.75413906e-02	2.43872161e-04
2.75500000e-01	1.73726756e-02	2.42790503e-04
2.76000000e-01	1.75252995e-02	2.44522912e-04
2.76500000e-01	1.75709960e-02	2.44126682e-04
2.77000000e-01	1.75552450e-02	2.43682036e-04
2.77500000e-01	1.76341925e-02	2.44851219e-04
2.78000000e-01	1.74684771e-02	2.42113090e-04
2.78500000e-01	1.75447346e-02	2.43890360e-04
2.79000000e-01	1.75552971e-02	2.42909426e-04
2.79500000e-01	1.77365864e-02	2.44099282e-04
2.80000000e-01	1.76399664e-02	2.43060344e-04
2.80500000e-01	1.74651932e-02	2.40622429e-04
2.81000000e-01	1.73903474e-02	2.40238019e-04
2.81500000e-01	1.74162191e-02	2.38639664e-04
2.82000000e-01	1.75821567e-02	2.41043853e-04
2.82500000e-01	1.75564317e-02	2.42218778e-04
2.83000000e-01	1.73465644e-02	2.38460211e-04
2.83500000e-01	1.74340449e-02	2.39159598e-04
2.84000000e-01	1.75053585e-02	2.40355675e-04
2.84500000e-01	1.74679622e-02	2.38673786e-04
2.85000000e-01	1.74095871e-02	2.39350633e-04
2.85500000e-01	1.73375213e-02	2.36058865e-04
2.86000000e-01	1.73442666e-02	2.38003502e-04
2.86500000e-01	1.75443646e-02	2.38927175e-04
2.87000000e-01	1.74001073e-02	2.37394042e-04
2.87500000e-01	1.72433889e-02	2.34465691e-04
2.88000000e-01	1.73878910e-02	2.35984361e-04
2.88500000e-01	1.72675217e-02	2.35115585e-04
2.89000000e-01	1.74497781e-02	2.36207322e-04
2.89500000e-01	1.72981390e-02	2.33947705e-04
2.90000000e-01	1.72873411e-02	2.34016916e-04
2.90500000e-01	1.71841868e-02	2.33508524e-04
2.91000000e-01	1.71934448e-02	2.32697534e-04
2.91500000e-01	1.73507884e-02	2.33973713e-04
2.92000000e-01	1.73256334e-02	2.34082498e-04
2.92500000e-01	1.73356155e-02	2.33366748e-04
2.93000000e-01	1.73185768e-02	2.33104103e-04
2.93500000e-01	1.73963781e-02	2.34814043e-04
2.94000000e-01	1.72311636e-02	2.31231923e-04
2.94500000e-01	1.71409967e-02	2.31022310e-04
2.95000000e-01	1.72270572e-02	2.30807966e-04
2.95500000e-01	1.73939286e-02	2.33309516e-04
2.96000000e-01	1.71917571e-02	2.30295361e-04
2.96500000e-01	1.72443609e-02	2.30399107e-04
2.97000000e-01	1.72522588e-02	2.31216966e-04
2.97500000e-01	1.71783082e-02	2.29131976e-04
2.98000000e-01	1.71235242e-02	2.28104536e-04
2.98500000e-01	1.72756332e-02	2.30677349e-04
2.99000000e-01	1.71708345e-02	2.28372844e-04
2.99500000e-01	1.71663311e-02	2.29551437e-04
3.00000000e-01	1.71687041e-02	2.29189095e-04
3.00500000e-01	1.72299059e-02	2.29151596e-04
3.01000000e-01	1.70417646e-02	2.26907557e-04
3.01500000e-01	1.71488031e-02	2.27541866e-04
3.02000000e-01	1.70005078e-02	2.26261283e-04
3.02500000e-01	1.70840399e-02	2.27100339e-04
3.03000000e-01	1.69739943e-02	2.25140160e-04
3.03500000e-01	1.71139862e-02	2.26443779e-04
3.04000000e-01	1.70423186e-02	2.26394989e-04
3.04500000e-01	1.70731719e-02	2.25018555e-04
3.05000000e-01	1.71398152e-02	2.25160385e-04
3.05500000e-01	1.70600241e-02	2.25686419e-04
3.06000000e-01	1.70950693e-02	2.24640928e-04
3.06500000e-01	1.69861198e-02	2.23751278e-04
3.07000000e-01	1.68762613e-02	2.22043912e-04
3.07500000e-01	1.69976386e-02	2.23658940e-04
3.08000000e-01	1.71209306e-02	2.24707307e-04
3.08500000e-01	1.70900694e-02	2.24051008e-04
3.09000000e-01	1.69829980e-02	2.23124525e-04
3.09500000e-01	1.69811516e-02	2.22558633e-04
3.10000000e-01	1.70949185e-02	2.23605656e-04
3.10500000e-01	1.70451935e-02	2.23328647e-04
3.11000000e-01	1.70954840e-02	2.24044670e-04
3.11500000e-01	1.68396472e-02	2.20901744e-04
3.12000000e-01	1.71605435e-02	2.24070417e-04
3.12500000e-01	1.68635068e-02	2.20435178e-04
3.13000000e-01	1.69774609e-02	2.21713365e-04
3.13500000e-01	1.69373312e-02	2.20440937e-04
3.14000000e-01	1.70465000e-02	2.22227687e-04
3.14500000e-01	1.69646691e-02	2.21343089e-04
3.15000000e-01	1.70136256e-02	2.22016605e-04
3.15500000e-01	1.67925140e-02	2.17892797e-04
3.16000000e-01	1.68803416e-02	2.19350855e-04
3.16500000e-01	1.69041799e-02	2.19009477e-04
3.17000000e-01	1.68581023e-02	2.18901638e-04
3.17500000e-01	1.69140817e-02	2.19449311e-04
3.18000000e-01	1.69447454e-02	2.18973449e-04
3.18500000e-01	1.68079479e-02	2.17534209e-04
3.19000000e-01	1.69265437e-02	2.18340672e-04
3.19500000e-01	1.67125279e-02	2.16257877e-04
3.20000000e-01	1.70201638e-02	2.19521735e-04
3.20500000e-01	1.69415340e-02	2.18289328e-04
3.21000000e-01	1.68084201e-02	2.17041739e-04
3.21500000e-01	1.69914957e-02	2.18475550e-04
3.22000000e-01	1.68091910e-02	2.16074857e-04
3.22500000e-01	1.67778938e-02	2.15522352e-04
3.23000000e-01	1.67453601e-02	2.15523549e-04
3.23500000e-01	1.68456187e-02	2.16323729e-04
3.24000000e-01	1.67024079e-02	2.12800640e-04
3.24500000e-01	1.66301871e-02	2.14029450e-04
3.25000000e-01	1.67927070e-02	2.14728367e-04
3.25500000e-01	1.67678252e-02	2.15095720e-04
3.26000000e-01	1.65666128e-02	2.12296628e-04
3.26500000e-01	1.66784569e-02	2.13069855e-04
3.27000000e-01	1.67063678e-02	2.13456098e-04
3.27500000e-01	1.68708359e-02	2.14717622e-04
3.28000000e-01	1.69321215e-02	2.16556457e-04
3.28500000e-01	1.65317398e-02	2.11763286e-04
3.29000000e-01	1.65592014e-02	2.11205533e-04
3.29500000e-01	1.67161943e-02	2.13269547e-04
3.30000000e-01	1.67092442e-02	2.12237415e-04
3.30500000e-01	1.66194811e-02	2.11267843e-04
3.31000000e-01	1.65544474e-02	2.10734514e-04
3.31500000e-01	1.64069701e-02	2.09167094e-04
3.32000000e-01	1.64722751e-02	2.10123798e-04
3.32500000e-01	1.65828771e-02	2.09697411e-04
3.33000000e-01	1.63390702e-02	2.08366023e-04
3.33500000e-01	1.66055687e-02	2.09905750e-04
3.34000000e-01	1.67213907e-02	2.11362541e-04
3.34500000e-01	1.66826308e-02	2.10936647e-04
3.35000000e-01	1.64634101e-02	2.07487970e-04
3.35500000e-01	1.64552126e-02	2.08250211e-04
3.36000000e-01	1.64729602e-02	2.06898911e-04
3.36500000e-01	1.64677385e-02	2.08052589e-04
3.37000000e-01	1.64538074e-02	2.06676133e-04
3.37500000e-01	1.64927232e-02	2.07502115e-04
3.38000000e-01	1.65597861e-02	2.08387335e-04
3.38500000e-01	1.65614480e-02	2.08542254e-04
3.39000000e-01	1.63575430e-02	2.06260175e-04
3.39500000e-01	1.62896972e-02	2.04923072e-04
3.40000000e-01	1.65557331e-02	2.07802814e-04
3.40500000e-01	1.63633660e-02	2.05043708e-04
3.41000000e-01	1.62553403e-02	2.03051878e-04
3.41500000e-01	1.65269312e-02	2.07432627e-04
3.42000000e-01	1.65059011e-02	2.05762658e-04
3.42500000e-01	1.65047129e-02	2.05886491e-04
3.43000000e-01	1.65542139e-02	2.07080026e-04
3.43500000e-01	1.65003696e-02	2.05301493e-04
3.44000000e-01	1.64846897e-02	2.05481429e-04
3.44500000e-01	1.63173110e-02	2.02897611e-04
3.45000000e-01	1.62291348e-02	2.01921631e-04
3.45500000e-01	1.63333484e-02	2.02985964e-04
3.46000000e-01	1.64038927e-02	2.03848941e-04
3.46500000e-01	1.62344975e-02	2.01642828e-04
3.47000000e-01	1.64143313e-02	2.04260752e-04
3.47500000e-01	1.63939244e-02	2.02955766e-04
3.48000000e-01	1.62713134e-02	2.01494477e-04
3.48500000e-01	1.63405001e-02	2.02039717e-04
3.49000000e-01	1.63123147e-02	2.01815111e-04
3.49500000e-01	1.62096496e-02	2.00505643e-04
3.50000000e-01	1.62342169e-02	1.64215989e-04
3.51000000e-01	1.63583280e-02	1.42938476e-04
3.52000000e-01	1.62359957e-02	1.41839335e-04
3.53000000e-01	1.61687728e-02	1.40740149e-04
3.54000000e-01	1.61977987e-02	1.41032998e-04
3.55000000e-01	1.62161215e-02	1.41038993e-04
3.56000000e-01	1.60934603e-02	1.40371809e-04
3.57000000e-01	1.61466924e-02	1.43477432e-04
3.58000000e-01	1.61693330e-02	1.45115002e-04
3.59000000e-01	1.60921467e-02	1.44936016e-04
3.60000000e-01	1.61553715e-02	1.46488910e-04
3.61000000e-01	1.59975300e-02	1.46217046e-04
3.62000000e-01	1.60362915e-02	1.46766004e-04
3.63000000e-01	1.60495196e-02	1.47736848e-04
3.64000000e-01	1.61057016e-02	1.48382679e-04
3.65000000e-01	1.59417945e-02	1.47805427e-04
3.66000000e-01	1.60145559e-02	1.46634852e-04
3.67000000e-01	1.59702294e-02	1.44251507e-04
3.68000000e-01	1.61077923e-02	1.44358796e-04
3.69000000e-01	1.59272639e-02	1.42295923e-04
3.70000000e-01	1.60292710e-02	1.41834720e-04
3.71000000e-01	1.60251317e-02	1.43815631e-04
3.72000000e-01	1.59603628e-02	1.44464157e-04
3.73000000e-01	1.59107917e-02	1.43890349e-04
3.74000000e-01	1.60293480e-02	1.45123903e-04
3.75000000e-01	1.59511647e-02	1.44789994e-04
3.76000000e-01	1.59282933e-02	1.44245899e-04
3.77000000e-01	1.58189231e-02	1.43974136e-04
3.78000000e-01	1.58615216e-02	1.43972533e-04
3.79000000e-01	1.59026544e-02	1.43983702e-04
3.80000000e-01	1.58161737e-02	1.43328712e-04
3.81000000e-01	1.57162829e-02	1.42471446e-04
3.82000000e-01	1.56874261e-02	1.42439530e-04
3.83000000e-01	1.56659580e-02	1.42169922e-04
3.84000000e-01	1.57172083e-02	1.42185195e-04
3.85000000e-01	1.57631928e-02	1.43045923e-04
3.86000000e-01	1.58241619e-02	1.43322549e-04
3.87000000e-01	1.57253569e-02	1.42254238e-04
3.88000000e-01	1.57557485e-02	1.42418724e-04
3.89000000e-01	1.55846356e-02	1.40868203e-04
3.90000000e-01	1.56033742e-02	1.41069747e-04
3.91000000e-01	1.55362064e-02	1.40524340e-04
3.92000000e-01	1.56435973e-02	1.41152557e-04
3.93000000e-01	1.55790933e-02	1.41657575e-04
3.94000000e-01	1.55781002e-02	1.40962579e-04
3.95000000e-01	1.56886895e-02	1.41449389e-04
3.96000000e-01	1.56408728e-02	1.41367834e-04
3.97000000e-01	1.55760700e-02	1.40611378e-04
3.98000000e-01	1.55278101e-02	1.40448413e-04
3.99000000e-01	1.56042749e-02	1.40912782e-04
4.00000000e-01	1.55123074e-02	1.40189027e-04
4.01000000e-01	1.55400561e-02	1.40357360e-04
4.02000000e-01	1.55524835e-02	1.40811269e-04
4.03000000e-01	1.54541721e-02	1.39616455e-04
4.04000000e-01	1.54984719e-02	1.39808434e-04
4.05000000e-01	1.54171768e-02	1.39161232e-04
4.06000000e-01	1.55583887e-02	1.40594068e-04
4.07000000e-01	1.54108406e-02	1.39086834e-04
4.08000000e-01	1.55042386e-02	1.39775549e-04
4.09000000e-01	1.54550361e-02	1.39253706e-04
4.10000000e-01	1.54432851e-02	1.39086555e-04
4.11000000e-01	1.54519651e-02	1.39334205e-04
4.12000000e-01	1.54498777e-02	1.39084797e-04
4.13000000e-01	1.54824429e-02	1.39219494e-04
4.14000000e-01	1.53930978e-02	1.38870352e-04
4.15000000e-01	1.54407509e-02	1.38681791e-04
4.16000000e-01	1.54844626e-02	1.38951108e-04
4.17000000e-01	1.53728885e-02	1.38267119e-04
4.18000000e-01	1.54114064e-02	1.39968862e-04
4.19000000e-01	1.53830808e-02	1.41740702e-04
4.20000000e-01	1.53882130e-02	1.42237638e-04
4.21000000e-01	1.54708711e-02	1.43339986e-04
4.22000000e-01	1.54740468e-02	1.43849067e-04
4.23000000e-01	1.55232350e-02	1.44732947e-04
4.24000000e-01	1.53975437e-02	1.44311004e-04
4.25000000e-01	1.54624280e-02	1.45041093e-04
4.26000000e-01	1.53695055e-02	1.44172985e-04
4.27000000e-01	1.55143544e-02	1.45002246e-04
4.28000000e-01	1.53735214e-02	1.44393578e-04
4.29000000e-01	1.53860618e-02	1.44918725e-04
4.30000000e-01	1.54907747e-02	1.45874122e-04
4.31000000e-01	1.53956559e-02	1.44731548e-04
4.32000000e-01	1.53069815e-02	1.44428151e-04
4.33000000e-01	1.53338448e-02	1.44827197e-04
4.34000000e-01	1.52753398e-02	1.43999482e-04
4.35000000e-01	1.52418437e-02	1.44246776e-04
4.36000000e-01	1.52001784e-02	1.43774071e-04
4.37000000e-01	1.52130434e-02	1.44146480e-04
4.38000000e-01	1.53209289e-02	1.45393899e-04
4.39000000e-01	1.52034174e-02	1.44399904e-04
4.40000000e-01	1.54381530e-02	1.46182991e-04
4.41000000e-01	1.52837874e-02	1.45322466e-04
4.42000000e-01	1.53498227e-02	1.46226882e-04
4.43000000e-01	1.52975095e-02	1.46122861e-04
4.44000000e-01	1.52939397e-02	1.46148618e-04
4.45000000e-01	1.53165894e-02	1.46301447e-04
4.46000000e-01	1.51797917e-02	1.45350531e-04
4.47000000e-01	1.54008489e-02	1.47214680e-04
4.48000000e-01	1.52511546e-02	1.46462858e-04
4.49000000e-01	1.52983348e-02	1.47238384e-04
4.50000000e-01	1.52483366e-02	1.46684860e-04
4.51000000e-01	1.52604095e-02	1.46737720e-04
4.52000000e-01	1.51742917e-02	1.46458043e-04
4.53000000e-01	1.52594868e-02	1.47069262e-04
4.54000000e-01	1.53320278e-02	1.47501887e-04
4.55000000e-01	1.51234877e-02	1.46183872e-04
4.56000000e-01	1.53631669e-02	1.48329486e-04
4.57000000e-01	1.49440023e-02	1.44798582e-04
4.58000000e-01	1.52548085e-02	1.47211618e-04
4.59000000e-01	1.50723728e-02	1.46492265e-04
4.60000000e-01	1.50963247e-02	1.47119955e-04
4.61000000e-01	1.52751518e-02	1.48174290e-04
4.62000000e-01	1.51714944e-02	1.47422323e-04
4.63000000e-01	1.51738394e-02	1.47852444e-04
4.64000000e-01	1.51570021e-02	1.47439750e-04
4.65000000e-01	1.51945044e-02	1.47881022e-04
4.66000000e-01	1.51380943e-02	1.47469054e-04
4.67000000e-01	1.51420383e-02	1.47110719e-04
4.68000000e-01	1.51214140e-02	1.47297345e-04
4.69000000e-01	1.52706997e-02	1.49099003e-04
4.70000000e-01	1.51506739e-02	1.48111387e-04
4.71000000e-01	1.52151520e-02	1.47951954e-04
4.72000000e-01	1.50193780e-02	1.46516721e-04
4.73000000e-01	1.51520207e-02	1.47743166e-04
4.74000000e-01	1.51194160e-02	1.47595479e-04
4.75000000e-01	1.50566126e-02	1.46730586e-04
4.76000000e-01	1.50281173e-02	1.46736473e-04
4.77000000e-01	1.51138491e-02	1.47576669e-04
4.78000000e-01	1.50049676e-02	1.46783385e-04
4.79000000e-01	1.50589022e-02	1.47205540e-04
4.80000000e-01	1.50083987e-02	1.46429398e-04
4.81000000e-01	1.50688921e-02	1.47194475e-04
4.82000000e-01	1.50182976e-02	1.46708436e-04
4.83000000e-01	1.49041373e-02	1.46208629e-04
4.84000000e-01	1.49155669e-02	1.46170363e-04
4.85000000e-01	1.48071556e-02	1.45532970e-04
4.86000000e-01	1.49832422e-02	1.46571573e-04
4.87000000e-01	1.49015780e-02	1.46388525e-04
4.88000000e-01	1.47769784e-02	1.45233898e-04
4.89000000e-01	1.50417453e-02	1.47935053e-04
4.90000000e-01	1.49141339e-02	1.46891030e-04
4.91000000e-01	1.49316222e-02	1.46684395e-04
4.92000000e-01	1.48068568e-02	1.45826918e-04
4.93000000e-01	1.48006115e-02	1.45684984e-04
4.94000000e-01	1.49027109e-02	1.46781046e-04
4.95000000e-01	1.50107716e-02	1.48844975e-04
4.96000000e-01	1.48769746e-02	1.52019536e-04
4.97000000e-01	1.48171104e-02	1.53987304e-04
4.98000000e-01	1.47159093e-02	1.55181927e-04
4.99000000e-01	1.48248558e-02	1.58121558e-04
5.00000000e-01	1.49461984e-02	1.60590726e-04
5.01000000e-01	1.48771494e-02	1.62190986e-04
5.02000000e-01	1.48418627e-02	1.63477589e-04
5.03000000e-01	1.48967546e-02	1.65620524e-04
5.04000000e-01	1.48737194e-02	1.65991385e-04
5.05000000e-01	1.48028963e-02	1.62768006e-04
5.06000000e-01	1.48439277e-02	1.60148443e-04
5.07000000e-01	1.47989741e-02	1.58025226e-04
5.08000000e-01	1.47875098e-02	1.56859710e-04
5.09000000e-01	1.47847633e-02	1.56035609e-04
5.10000000e-01	1.47635474e-02	1.55331092e-04
5.11000000e-01	1.47136171e-02	1.54581605e-04
5.12000000e-01	1.47322927e-02	1.54716667e-04
5.13000000e-01	1.47128721e-02	1.54273652e-04
5.14000000e-01	1.47639329e-02	1.54320213e-04
5.15000000e-01	1.45658138e-02	1.51480104e-04
5.16000000e-01	1.46449001e-02	1.52199190e-04
5.17000000e-01	1.45642870e-02	1.51624059e-04
5.18000000e-01	1.45563398e-02	1.50709097e-04
5.19000000e-01	1.45735175e-02	1.50364026e-04
5.20000000e-01	1.46083857e-02	1.50328215e-04
5.21000000e-01	1.45039210e-02	1.49467212e-04
5.22000000e-01	1.46098658e-02	1.49848069e-04
5.23000000e-01	1.44151821e-02	1.48415365e-04
5.24000000e-01	1.43966193e-02	1.48824405e-04
5.25000000e-01	1.44860615e-02	1.48489743e-04
5.26000000e-01	1.44508637e-02	1.48626763e-04
5.27000000e-01	1.44076035e-02	1.48202559e-04
5.28000000e-01	1.44446309e-02	1.48697842e-04
5.29000000e-01	1.44078598e-02	1.47970956e-04
5.30000000e-01	1.43783440e-02	1.48308723e-04
5.31000000e-01	1.43990328e-02	1.48491970e-04
5.32000000e-01	1.44283239e-02	1.48554567e-04
5.33000000e-01	1.43441993e-02	1.47345276e-04
5.34000000e-01	1.42915418e-02	1.47054122e-04
5.35000000e-01	1.43136069e-02	1.46763935e-04
5.36000000e-01	1.43486529e-02	1.47459079e-04
5.37000000e-01	1.43359903e-02	1.47783215e-04
5.38000000e-01	1.42732759e-02	1.46416320e-04
5.39000000e-01	1.42807248e-02	1.47392192e-04
5.40000000e-01	1.43369571e-02	1.47513890e-04
5.41000000e-01	1.43319510e-02	1.47595042e-04
5.42000000e-01	1.41900248e-02	1.46444678e-04
5.43000000e-01	1.42220491e-02	1.46567126e-04
5.44000000e-01	1.42757022e-02	1.47161655e-04
5.45000000e-01	1.41420636e-02	1.45764046e-04
5.46000000e-01	1.42935544e-02	1.46847143e-04
5.47000000e-01	1.40743607e-02	1.45382120e-04
5.48000000e-01	1.42604822e-02	1.46618313e-04
5.49000000e-01	1.41922549e-02	1.45866079e-04
5.50000000e-01	1.42021349e-02	1.45914037e-04
5.51000000e-01	1.41041162e-02	1.44945278e-04
5.52000000e-01	1.42458116e-02	1.45793357e-04
5.53000000e-01	1.41747409e-02	1.45248716e-04
5.54000000e-01	1.40524642e-02	1.43462049e-04
5.55000000e-01	1.40737440e-02	1.43671109e-04
5.56000000e-01	1.41382625e-02	1.44383000e-04
5.57000000e-01	1.41123265e-02	1.44128510e-04
5.58000000e-01	1.41600634e-02	1.45151949e-04
5.59000000e-01	1.41313784e-02	1.44505780e-04
5.60000000e-01	1.40394039e-02	1.44106778e-04
5.61000000e-01	1.40466035e-02	1.43688855e-04
5.62000000e-01	1.40777689e-02	1.44578830e-04
5.63000000e-01	1.41116652e-02	1.44323077e-04
5.64000000e-01	1.39916236e-02	1.43764046e-04
5.65000000e-01	1.39870195e-02	1.42985686e-04
5.66000000e-01	1.40969191e-02	1.44459035e-04
5.67000000e-01	1.39216274e-02	1.42773201e-04
5.68000000e-01	1.40669372e-02	1.43910242e-04
5.69000000e-01	1.39617266e-02	1.42953618e-04
5.70000000e-01	1.38182569e-02	1.41090968e-04
5.71000000e-01	1.39722378e-02	1.42860342e-04
5.72000000e-01	1.40130203e-02	1.43143848e-04
5.73000000e-01	1.38802102e-02	1.42415593e-04
5.74000000e-01	1.39086289e-02	1.42215755e-04
5.75000000e-01	1.38760977e-02	1.42370055e-04
5.76000000e-01	1.38063984e-02	1.41920039e-04
5.77000000e-01	1.38656813e-02	1.42205579e-04
5.78000000e-01	1.38999632e-02	1.42182948e-04
5.79000000e-01	1.38320625e-02	1.42102699e-04
5.80000000e-01	1.38074046e-02	1.41971786e-04
5.81000000e-01	1.39971229e-02	1.43671417e-04
5.82000000e-01	1.38745227e-02	1.42137228e-04
5.83000000e-01	1.37551781e-02	1.42074446e-04
5.84000000e-01	1.37349691e-02	1.41385403e-04
5.85000000e-01	1.37763295e-02	1.41726065e-04
5.86000000e-01	1.37846065e-02	1.41851713e-04
5.87000000e-01	1.37861728e-02	1.41573395e-04
5.88000000e-01	1.37263770e-02	1.41291909e-04
5.89000000e-01	1.37681611e-02	1.41640564e-04
5.90000000e-01	1.37824488e-02	1.41423498e-04
5.91000000e-01	1.37859808e-02	1.41987343e-04
5.92000000e-01	1.36324700e-02	1.40353231e-04
5.93000000e-01	1.37294144e-02	1.41487658e-04
5.94000000e-01	1.36391004e-02	1.41045966e-04
5.95000000e-01	1.37384339e-02	1.41689777e-04
5.96000000e-01	1.37445484e-02	1.41486880e-04
5.97000000e-01	1.37527136e-02	1.41141842e-04
5.98000000e-01	1.36982358e-02	1.41303567e-04
5.99000000e-01	1.36332064e-02	1.40606177e-04
6.00000000e-01	1.38067389e-02	1.42333621e-04
6.01000000e-01	1.37133075e-02	1.41297348e-04
6.02000000e-01	1.38206826e-02	1.42230315e-04
6.03000000e-01	1.35750150e-02	1.40027776e-04
6.04000000e-01	1.36076181e-02	1.40341353e-04
6.05000000e-01	1.36294343e-02	1.40522197e-04
6.06000000e-01	1.37548116e-02	1.41742849e-04
6.07000000e-01	1.34841997e-02	1.39230105e-04
6.08000000e-01	1.35313211e-02	1.39966880e-04
6.09000000e-01	1.36051004e-02	1.40631337e-04
6.10000000e-01	1.34866081e-02	1.39704422e-04
6.11000000e-01	1.35912250e-02	1.40503591e-04
6.12000000e-01	1.36303700e-02	1.40608854e-04
6.13000000e-01	1.35662595e-02	1.40436116e-04
6.14000000e-01	1.35551431e-02	1.40212457e-04
6.15000000e-01	1.34243859e-02	1.39192591e-04
6.16000000e-01	1.35250599e-02	1.40020079e-04
6.17000000e-01	1.34552516e-02	1.39207167e-04
6.18000000e-01	1.36247205e-02	1.40729901e-04
6.19000000e-01	1.34869595e-02	1.38682579e-04
6.20000000e-01	1.34080233e-02	1.38211233e-04
6.21000000e-01	1.35434816e-02	1.39337324e-04
6.22000000e-01	1.34421504e-02	1.38222745e-04
6.23000000e-01	1.34989063e-02	1.38716743e-04
6.24000000e-01	1.35631135e-02	1.39203833e-04
6.25000000e-01	1.33484890e-02	1.37418703e-04
6.26000000e-01	1.33527915e-02	1.37503748e-04
6.27000000e-01	1.35273979e-02	1.39120026e-04
6.28000000e-01	1.34559544e-02	1.38120530e-04
6.29000000e-01	1.34063495e-02	1.37782062e-04
6.30000000e-01	1.32551263e-02	1.36400643e-04
6.31000000e-01	1.34375090e-02	1.37666087e-04
6.32000000e-01	1.34458147e-02	1.38152839e-04
6.33000000e-01	1.34427636e-02	1.37997872e-04
6.34000000e-01	1.35140566e-02	1.41884827e-04
6.35000000e-01	1.34160135e-02	1.45156842e-04
6.36000000e-01	1.34455736e-02	1.48318778e-04
6.37000000e-01	1.34896791e-02	1.51374039e-04
6.38000000e-01	1.34223624e-02	1.52362360e-04
6.39000000e-01	1.35550125e-02	1.55825359e-04
6.40000000e-01	1.34431766e-02	1.56350058e-04
6.41000000e-01	1.33290052e-02	1.56726628e-04
6.42000000e-01	1.34691698e-02	1.60155322e-04
6.43000000e-01	1.33942629e-02	1.58848034e-04
6.44000000e-01	1.34645069e-02	1.54265617e-04
6.45000000e-01	1.33949270e-02	1.51384119e-04
6.46000000e-01	1.33961451e-02	1.50225283e-04
6.47000000e-01	1.34433036e-02	1.49553367e-04
6.48000000e-01	1.34377900e-02	1.48366209e-04
6.49000000e-01	1.33619098e-02	1.46880889e-04
6.50000000e-01	1.34499339e-02	1.46830823e-04
6.51000000e-01	1.33404438e-02	1.45759905e-04
6.52000000e-01	1.34479215e-02	1.45698504e-04
6.53000000e-01	1.33310822e-02	1.43896227e-04
6.54000000e-01	1.34155206e-02	1.44737447e-04
6.55000000e-01	1.33696027e-02	1.43994042e-04
6.56000000e-01	1.34495155e-02	1.44114578e-04
6.57000000e-01	1.32627954e-02	1.42068277e-04
6.58000000e-01	1.32405419e-02	1.41809332e-04
6.59000000e-01	1.33046356e-02	1.42578602e-04
6.60000000e-01	1.32681024e-02	1.41575193e-04
6.61000000e-01	1.32648722e-02	1.41707065e-04
6.62000000e-01	1.34149475e-02	1.43225160e-04
6.63000000e-01	1.31589761e-02	1.40893255e-04
6.64000000e-01	1.32959066e-02	1.41800692e-04
6.65000000e-01	1.31407092e-02	1.40268698e-04
6.66000000e-01	1.32412564e-02	1.40853652e-04
6.67000000e-01	1.33611199e-02	1.42172813e-04
6.68000000e-01	1.31726603e-02	1.41049840e-04
6.69000000e-01	1.32929770e-02	1.41332916e-04
6.70000000e-01	1.32900711e-02	1.41528281e-04
6.71000000e-01	1.32948391e-02	1.41657667e-04
6.72000000e-01	1.32763899e-02	1.41079006e-04
6.73000000e-01	1.31641646e-02	1.39519299e-04
6.74000000e-01	1.32426648e-02	1.40773312e-04
6.75000000e-01	1.32768327e-02	1.41004948e-04
6.76000000e-01	1.32276646e-02	1.40817015e-04
6.77000000e-01	1.32285860e-02	1.40789856e-04
6.78000000e-01	1.31763028e-02	1.40330250e-04
6.79000000e-01	1.31500320e-02	1.39834818e-04
6.80000000e-01	1.31623357e-02	1.39671812e-04
6.81000000e-01	1.32721136e-02	1.40537530e-04
6.82000000e-01	1.32439668e-02	1.40855659e-04
6.83000000e-01	1.31598783e-02	1.39628249e-04
6.84000000e-01	1.31875168e-02	1.40298310e-04
6.85000000e-01	1.30688575e-02	1.38957124e-04
6.86000000e-01	1.31193306e-02	1.39182550e-04
6.87000000e-01	1.30038206e-02	1.38437113e-04
6.88000000e-01	1.31667446e-02	1.39676584e-04
6.89000000e-01	1.30440289e-02	1.38496084e-04
6.90000000e-01	1.30641087e-02	1.38474462e-04
6.91000000e-01	1.30912906e-02	1.38725301e-04
6.92000000e-01	1.29795994e-02	1.37564191e-04
6.93000000e-01	1.29697394e-02	1.37895822e-04
6.94000000e-01	1.30967443e-02	1.38939873e-04
6.95000000e-01	1.31320540e-02	1.38746419e-04
6.96000000e-01	1.31443103e-02	1.39781838e-04
6.97000000e-01	1.32057607e-02	1.39754254e-04
6.98000000e-01	1.30948829e-02	1.38779676e-04
6.99000000e-01	1.31058625e-02	1.38699671e-04
7.00000000e-01	1.30769645e-02	1.38177889e-04
7.01000000e-01	1.30222101e-02	1.37863257e-04
7.02000000e-01	1.29754950e-02	1.37518261e-04
7.03000000e-01	1.30307346e-02	1.37857886e-04
7.04000000e-01	1.29507469e-02	1.37527241e-04
7.05000000e-01	1.28911791e-02	1.36676309e-04
7.06000000e-01	1.28848492e-02	1.36581925e-04
7.07000000e-01	1.30485372e-02	1.37819556e-04
7.08000000e-01	1.28315155e-02	1.36063908e-04
7.09000000e-01	1.28327313e-02	1.36022054e-04
7.10000000e-01	1.29828943e-02	1.37565452e-04
7.11000000e-01	1.27496689e-02	1.35048320e-04
7.12000000e-01	1.28872165e-02	1.36432842e-04
7.13000000e-01	1.29627081e-02	1.37154499e-04
7.14000000e-01	1.27912082e-02	1.35812410e-04
7.15000000e-01	1.29110140e-02	1.36612871e-04
7.16000000e-01	1.28943450e-02	1.36545719e-04
7.17000000e-01	1.26536380e-02	1.34577595e-04
7.18000000e-01	1.28395071e-02	1.35880958e-04
7.19000000e-01	1.28083874e-02	1.36192140e-04
7.20000000e-01	1.26938844e-02	1.34569767e-04
7.21000000e-01	1.27379401e-02	1.35805980e-04
7.22000000e-01	1.26010376e-02	1.33358689e-04
7.23000000e-01	1.26357868e-02	1.34304021e-04
7.24000000e-01	1.28083999e-02	1.35419551e-04
7.25000000e-01	1.27153313e-02	1.35197618e-04
7.26000000e-01	1.26834170e-02	1.34655938e-04
7.27000000e-01	1.27454485e-02	1.35287926e-04
7.28000000e-01	1.27276044e-02	1.34787608e-04
7.29000000e-01	1.26705493e-02	1.34687951e-04
7.30000000e-01	1.27157728e-02	1.34623003e-04
7.31000000e-01	1.25918602e-02	1.34091440e-04
7.32000000e-01	1.26787417e-02	1.34761394e-04
7.33000000e-01	1.26037564e-02	1.34047890e-04
7.34000000e-01	1.25870231e-02	1.33564940e-04
7.35000000e-01	1.24993256e-02	1.32440750e-04
7.36000000e-01	1.25168145e-02	1.32711266e-04
7.37000000e-01	1.26653081e-02	1.33694438e-04
7.38000000e-01	1.25560032e-02	1.32633776e-04
7.39000000e-01	1.26322590e-02	1.32480142e-04
7.40000000e-01	1.25628136e-02	1.32147819e-04
7.41000000e-01	1.26254963e-02	1.32500872e-04
7.42000000e-01	1.24685671e-02	1.30855716e-04
7.43000000e-01	1.25893291e-02	1.32448820e-04
7.44000000e-01	1.25525787e-02	1.31932907e-04
7.45000000e-01	1.25522665e-02	1.31945895e-04
7.46000000e-01	1.24649311e-02	1.31546603e-04
7.47000000e-01	1.23776049e-02	1.30065222e-04
7.48000000e-01	1.24532157e-02	1.31260613e-04
7.49000000e-01	1.24219585e-02	1.30850550e-04
7.50000000e-01	1.24607806e-02	1.30514041e-04
7.51000000e-01	1.23128343e-02	1.29606304e-04
7.52000000e-01	1.25768009e-02	1.31943773e-04
7.53000000e-01	1.24837169e-02	1.31188574e-04
7.54000000e-01	1.23869928e-02	1.30289557e-04
7.55000000e-01	1.24113394e-02	1.30632165e-04
7.56000000e-01	1.23474987e-02	1.29762047e-04
7.57000000e-01	1.23888885e-02	1.30664212e-04
7.58000000e-01	1.23605147e-02	1.30087257e-04
7.59000000e-01	1.23613754e-02	1.29911355e-04
7.60000000e-01	1.22392353e-02	1.28036469e-04
7.61000000e-01	1.22582439e-02	1.29079387e-04
7.62000000e-01	1.21359698e-02	1.27634896e-04
7.63000000e-01	1.23057736e-02	1.29066375e-04
7.64000000e-01	1.22296862e-02	1.27838862e-04
7.65000000e-01	1.23130533e-02	1.28358071e-04
7.66000000e-01	1.21278358e-02	1.27060112e-04
7.67000000e-01	1.22316132e-02	1.27658551e-04
7.68000000e-01	1.21232015e-02	1.26460829e-04
7.69000000e-01	1.21373058e-02	1.26941715e-04
7.70000000e-01	1.20746161e-02	1.26578438e-04
7.71000000e-01	1.22640614e-02	1.28197067e-04
7.72000000e-01	1.22251254e-02	1.31701115e-04
7.73000000e-01	1.21158914e-02	1.34461987e-04
7.74000000e-01	1.21410224e-02	1.37509328e-04
7.75000000e-01	1.21042699e-02	1.39742657e-04
7.76000000e-01	1.21849662e-02	1.42646769e-04
7.77000000e-01	1.22333626e-02	1.44830793e-04
7.78000000e-01	1.22612467e-02	1.47344867e-04
7.79000000e-01	1.21111579e-02	1.47108058e-04
7.80000000e-01	1.21644642e-02	1.50017648e-04
7.81000000e-01	1.21876138e-02	1.51329992e-04
7.82000000e-01	1.19146343e-02	1.50396306e-04
7.83000000e-01	1.21363361e-02	1.54526372e-04
7.84000000e-01	1.20722099e-02	1.55750088e-04
7.85000000e-01	1.20141767e-02	1.55937174e-04
7.86000000e-01	1.19562854e-02	1.57392007e-04
7.87000000e-01	1.21180163e-02	1.60897349e-04
7.88000000e-01	1.18471758e-02	1.58412576e-04
7.89000000e-01	1.19869137e-02	1.62085335e-04
7.90000000e-01	1.19490966e-02	1.63572271e-04
7.91000000e-01	1.18182138e-02	1.64366194e-04
7.92000000e-01	1.18097101e-02	1.65090903e-04
7.93000000e-01	1.18100992e-02	1.67390863e-04
7.94000000e-01	1.17473554e-02	1.68014248e-04
7.95000000e-01	1.18389697e-02	1.70522314e-04
7.96000000e-01	1.19267200e-02	1.72929114e-04
7.97000000e-01	1.18432326e-02	1.74258093e-04
7.98000000e-01	1.17325011e-02	1.74748462e-04
7.99000000e-01	1.19620745e-02	1.79392916e-04
8.00000000e-01	1.18727655e-02	1.79754654e-04
8.01000000e-01	1.18783804e-02	1.81949992e-04
8.02000000e-01	1.19756507e-02	1.85276410e-04
8.03000000e-01	1.19373276e-02	1.87053771e-04
8.04000000e-01	1.17525551e-02	1.85775296e-04
8.05000000e-01	1.19061623e-02	1.89707432e-04
8.06000000e-01	1.18397326e-02	1.90589745e-04
8.07000000e-01	1.17601235e-02	1.92089559e-04
8.08000000e-01	1.17700960e-02	1.94265665e-04
8.09000000e-01	1.17841326e-02	1.96214031e-04
8.10000000e-01	1.17378691e-02	1.98499395e-04
8.11000000e-01	1.18516693e-02	2.01568092e-04
8.12000000e-01	1.16153003e-02	2.00539555e-04
8.13000000e-01	1.16721139e-02	2.03800614e-04
8.14000000e-01	1.16432452e-02	2.05494598e-04
8.15000000e-01	1.14957807e-02	2.06236536e-04
8.16000000e-01	1.18177285e-02	2.13258655e-04
8.17000000e-01	1.17022047e-02	2.14901533e-04
8.18000000e-01	1.15985711e-02	2.15009054e-04
8.19000000e-01	1.15081311e-02	2.17533902e-04
8.20000000e-01	1.16444661e-02	2.21770495e-04
8.21000000e-01	1.15182789e-02	2.22962215e-04
8.22000000e-01	1.15505047e-02	2.26974097e-04
8.23000000e-01	1.17749855e-02	2.32277265e-04
8.24000000e-01	1.13903480e-02	2.30371960e-04
8.25000000e-01	1.14573847e-02	2.32099344e-04
8.26000000e-01	1.15909333e-02	2.41002570e-04
8.27000000e-01	1.15043490e-02	2.41804547e-04
8.28000000e-01	1.12916995e-02	2.41541939e-04
8.29000000e-01	1.14445260e-02	2.49291057e-04
8.30000000e-01	1.15675964e-02	2.54490551e-04
8.31000000e-01	1.15300691e-02	2.56240519e-04
8.32000000e-01	1.14060494e-02	2.58828375e-04
8.33000000e-01	1.10976619e-02	2.57917171e-04
8.34000000e-01	1.11181806e-02	2.63387443e-04
8.35000000e-01	1.13519135e-02	2.72245383e-04
8.36000000e-01	1.11021145e-02	2.71852163e-04
8.37000000e-01	1.11186877e-02	2.79273881e-04
8.38000000e-01	1.13239501e-02	2.85555529e-04
8.39000000e-01	1.12289495e-02	2.92544002e-04
8.40000000e-01	1.09131436e-02	2.88995262e-04
8.41000000e-01	1.14187256e-02	3.09131383e-04
8.42000000e-01	1.11261733e-02	3.08104628e-04
8.43000000e-01	1.11071432e-02	3.13718977e-04
8.44000000e-01	1.12798708e-02	3.27306381e-04
8.45000000e-01	1.12978672e-02	3.34569065e-04
8.46000000e-01	1.10228021e-02	3.37260780e-04
8.47000000e-01	1.09966141e-02	3.46988219e-04
8.48000000e-01	1.12595061e-02	3.67578338e-04
8.49000000e-01	1.09404867e-02	3.66611807e-04
8.50000000e-01	1.11166863e-02	3.82888677e-04
8.51000000e-01	1.11806140e-02	4.06947164e-04
8.52000000e-01	1.09822267e-02	4.09152498e-04
8.53000000e-01	1.08557569e-02	4.26113982e-04
8.54000000e-01	1.11290757e-02	4.58995689e-04
8.55000000e-01	1.14377021e-02	4.79463653e-04
8.56000000e-01	1.13246214e-02	4.84308425e-04
8.57000000e-01	1.10418670e-02	4.97219632e-04
8.58000000e-01	1.09755714e-02	5.05424604e-04
8.59000000e-01	1.07112124e-02	5.16178112e-04
8.60000000e-01	1.09555671e-02	5.33955056e-04
8.61000000e-01	1.05871382e-02	5.36142899e-04
8.62000000e-01	1.16162109e-02	6.10388583e-04
8.63000000e-01	1.02139515e-02	5.63859676e-04
8.64000000e-01	1.06834534e-02	6.14023118e-04
8.65000000e-01	1.05914018e-02	6.38674770e-04
8.66000000e-01	1.07583825e-02	6.79135218e-04
8.67000000e-01	1.04858906e-02	7.17680993e-04
8.68000000e-01	1.17073647e-02	8.20487622e-04
8.69000000e-01	1.09593117e-02	8.32150172e-04
8.70000000e-01	9.84477799e-03	8.14909354e-04
8.71000000e-01	1.08386987e-02	1.02126012e-03
8.72000000e-01	9.94014887e-03	1.05734022e-03
8.73000000e-01	1.07467163e-02	1.37415194e-03
8.74000000e-01	1.14389544e-02	1.85494923e-03
8.75000000e-01	7.23237435e-03	2.44393128e-03
