% Filename : SEC6_00037_00027.h5
% Date & Time : 30-Oct-2025 17:41:19
% X-ray Energy (keV) : 13.30001
% Exposure Time (s) : 0.500
% Beam Center : 1461.24000, 208.98300
% Sample to Detector Distance (SDD) (mm) : 1990.750
% Detector Pixel Size (mm) : 0.075
% Photodiode Value : 140995.000
% I0 of Sample : 0
% I0 of Standard : 1
% 
% q(A^-1)   I(q)    I(q)_SE
0.00000000e+00	1.02509696e-02	6.01015426e-03
2.50000000e-04	0.00000000e+00	0.00000000e+00
5.00000000e-04	0.00000000e+00	0.00000000e+00
7.50000000e-04	0.00000000e+00	0.00000000e+00
1.00000000e-03	0.00000000e+00	0.00000000e+00
1.25000000e-03	0.00000000e+00	0.00000000e+00
1.50000000e-03	0.00000000e+00	0.00000000e+00
1.75000000e-03	0.00000000e+00	0.00000000e+00
2.00000000e-03	0.00000000e+00	0.00000000e+00
2.25000000e-03	0.00000000e+00	0.00000000e+00
2.50000000e-03	0.00000000e+00	0.00000000e+00
2.75000000e-03	0.00000000e+00	0.00000000e+00
3.00000000e-03	0.00000000e+00	0.00000000e+00
3.25000000e-03	4.33899195e+02	2.57753999e+02
3.50000000e-03	2.91701737e+02	7.08536601e+01
3.75000000e-03	2.67213383e+02	5.30508550e+01
4.00000000e-03	1.96756898e+02	3.41262327e+01
4.25000000e-03	1.33781982e+02	1.94912885e+01
4.50000000e-03	1.15435446e+02	1.50237451e+01
4.75000000e-03	9.76903417e+01	1.12671674e+01
5.00000000e-03	7.62835257e+01	8.32940721e+00
5.25000000e-03	6.28071300e+01	6.74403538e+00
5.50000000e-03	5.25218865e+01	5.46729032e+00
5.75000000e-03	4.46096598e+01	4.56857504e+00
6.00000000e-03	3.87013965e+01	3.79828870e+00
6.25000000e-03	3.26864706e+01	3.18183469e+00
6.50000000e-03	2.84632658e+01	2.66708986e+00
6.75000000e-03	2.45592191e+01	2.25391832e+00
7.00000000e-03	2.12348759e+01	1.89056388e+00
7.25000000e-03	1.86875791e+01	1.62862074e+00
7.50000000e-03	1.66136785e+01	1.44043333e+00
7.75000000e-03	1.43722409e+01	1.21562121e+00
8.00000000e-03	1.27467942e+01	1.06209631e+00
8.25000000e-03	1.13717519e+01	9.02008243e-01
8.50000000e-03	1.00439186e+01	7.84468469e-01
8.75000000e-03	9.16988301e+00	7.11487383e-01
9.00000000e-03	8.11036258e+00	6.17041919e-01
9.25000000e-03	7.36956011e+00	5.44944320e-01
9.50000000e-03	6.60090955e+00	4.78222221e-01
9.75000000e-03	6.07152587e+00	4.39052574e-01
1.00000000e-02	5.55381529e+00	3.95216587e-01
1.02500000e-02	5.04467513e+00	3.59327342e-01
1.05000000e-02	4.66120794e+00	3.19170162e-01
1.07500000e-02	4.25111111e+00	2.90451244e-01
1.10000000e-02	3.96824139e+00	2.64473175e-01
1.12500000e-02	3.66781566e+00	2.49489201e-01
1.15000000e-02	3.37845430e+00	2.23188366e-01
1.17500000e-02	3.10348619e+00	2.00472972e-01
1.20000000e-02	2.91367459e+00	1.88111027e-01
1.22500000e-02	2.71455830e+00	1.70842993e-01
1.25000000e-02	2.52337926e+00	1.59159052e-01
1.27500000e-02	2.35948105e+00	1.46856986e-01
1.30000000e-02	2.22158015e+00	1.36420043e-01
1.32500000e-02	2.06281481e+00	1.23732177e-01
1.35000000e-02	1.93638797e+00	1.15936289e-01
1.37500000e-02	1.83554031e+00	1.09786729e-01
1.40000000e-02	1.71701870e+00	1.01183841e-01
1.42500000e-02	1.62396750e+00	9.39271753e-02
1.45000000e-02	1.52507551e+00	8.79251298e-02
1.47500000e-02	1.45321095e+00	8.29735998e-02
1.50000000e-02	1.35188183e+00	7.65087438e-02
1.52500000e-02	1.28146276e+00	7.16541916e-02
1.55000000e-02	1.21388599e+00	6.68376603e-02
1.57500000e-02	1.13838105e+00	6.24572171e-02
1.60000000e-02	1.07422554e+00	5.81420793e-02
1.62500000e-02	1.02761101e+00	5.60552731e-02
1.65000000e-02	9.71574699e-01	5.17746462e-02
1.67500000e-02	9.28238101e-01	4.86989407e-02
1.70000000e-02	8.77224239e-01	4.59113301e-02
1.72500000e-02	8.20476356e-01	4.27816108e-02
1.75000000e-02	7.85505060e-01	4.07754001e-02
1.77500000e-02	7.47366413e-01	3.79919436e-02
1.80000000e-02	7.12112822e-01	3.63613061e-02
1.82500000e-02	6.85401335e-01	3.40133086e-02
1.85000000e-02	6.49638169e-01	3.31537632e-02
1.87500000e-02	6.23116311e-01	3.10304616e-02
1.90000000e-02	5.90683602e-01	2.93120604e-02
1.92500000e-02	5.64698149e-01	2.75826930e-02
1.95000000e-02	5.39210965e-01	2.62881217e-02
1.97500000e-02	5.13547871e-01	2.49680985e-02
2.00000000e-02	4.89290948e-01	2.35609922e-02
2.02500000e-02	4.69572878e-01	2.25523526e-02
2.05000000e-02	4.49182203e-01	2.10451104e-02
2.07500000e-02	4.31432111e-01	2.02180458e-02
2.10000000e-02	4.13386508e-01	1.95611296e-02
2.12500000e-02	4.00181279e-01	1.88998708e-02
2.15000000e-02	3.82607929e-01	1.79050496e-02
2.17500000e-02	3.70042762e-01	1.74430008e-02
2.20000000e-02	3.53557472e-01	1.67800306e-02
2.22500000e-02	3.44255590e-01	1.62271299e-02
2.25000000e-02	3.31195729e-01	1.56997062e-02
2.27500000e-02	3.19554840e-01	1.49397581e-02
2.30000000e-02	3.06033190e-01	1.44887275e-02
2.32500000e-02	2.95694069e-01	1.38312804e-02
2.35000000e-02	2.88358264e-01	1.36709971e-02
2.37500000e-02	2.79117504e-01	1.30957098e-02
2.40000000e-02	2.70524175e-01	1.27778743e-02
2.42500000e-02	2.56485345e-01	1.20144832e-02
2.45000000e-02	2.46834654e-01	1.15962460e-02
2.47500000e-02	2.43472626e-01	1.12911440e-02
2.50000000e-02	2.34024733e-01	1.09241410e-02
2.52500000e-02	2.27715195e-01	1.06878675e-02
2.55000000e-02	2.17785380e-01	1.00131474e-02
2.57500000e-02	2.10872956e-01	9.72253178e-03
2.60000000e-02	2.04612864e-01	9.37191939e-03
2.62500000e-02	1.98445626e-01	9.22723270e-03
2.65000000e-02	1.90831380e-01	8.76622540e-03
2.67500000e-02	1.86254411e-01	8.48575279e-03
2.70000000e-02	1.79657015e-01	8.23015369e-03
2.72500000e-02	1.75062742e-01	7.92344218e-03
2.75000000e-02	1.70112127e-01	7.86195960e-03
2.77500000e-02	1.67966476e-01	7.73678313e-03
2.80000000e-02	1.58558322e-01	7.11990322e-03
2.82500000e-02	1.55110202e-01	6.96331075e-03
2.85000000e-02	1.54020101e-01	6.93953172e-03
2.87500000e-02	1.49265757e-01	6.75842031e-03
2.90000000e-02	1.44771324e-01	6.56333237e-03
2.92500000e-02	1.41566763e-01	6.22943445e-03
2.95000000e-02	1.36911542e-01	6.14406017e-03
2.97500000e-02	1.33582268e-01	5.91892708e-03
3.00000000e-02	1.29529222e-01	5.80857485e-03
3.02500000e-02	1.25698392e-01	5.61917499e-03
3.05000000e-02	1.23959299e-01	5.42986647e-03
3.07500000e-02	1.21495634e-01	5.37414767e-03
3.10000000e-02	1.17363881e-01	5.20429194e-03
3.12500000e-02	1.17773634e-01	5.24088701e-03
3.15000000e-02	1.12440180e-01	4.94131845e-03
3.17500000e-02	1.10323540e-01	4.77705085e-03
3.20000000e-02	1.07732288e-01	4.73595015e-03
3.22500000e-02	1.08766731e-01	4.77019817e-03
3.25000000e-02	1.03991317e-01	4.57563270e-03
3.27500000e-02	1.02785950e-01	4.47327769e-03
3.30000000e-02	1.00422758e-01	4.33593511e-03
3.32500000e-02	9.71235795e-02	4.21019772e-03
3.35000000e-02	9.67542925e-02	4.22400351e-03
3.37500000e-02	9.60565842e-02	4.14726006e-03
3.40000000e-02	9.06355577e-02	3.92013299e-03
3.42500000e-02	9.05354437e-02	3.87338879e-03
3.45000000e-02	8.95859762e-02	3.86877996e-03
3.47500000e-02	8.82065393e-02	3.77937119e-03
3.50000000e-02	8.56489036e-02	3.67556401e-03
3.52500000e-02	8.51823126e-02	3.64799425e-03
3.55000000e-02	8.17113695e-02	3.44856864e-03
3.57500000e-02	8.18490073e-02	3.49866711e-03
3.60000000e-02	8.08521743e-02	3.45910019e-03
3.62500000e-02	7.84660128e-02	3.34776910e-03
3.65000000e-02	7.68007472e-02	3.25654885e-03
3.67500000e-02	7.72227127e-02	3.25811123e-03
3.70000000e-02	7.34040609e-02	3.10351110e-03
3.72500000e-02	7.25001565e-02	3.05217954e-03
3.75000000e-02	7.04114713e-02	2.99513317e-03
3.77500000e-02	7.09620036e-02	2.96402552e-03
3.80000000e-02	6.91668911e-02	2.88037385e-03
3.82500000e-02	6.77900483e-02	2.81007511e-03
3.85000000e-02	6.79057712e-02	2.84213009e-03
3.87500000e-02	6.77296596e-02	2.80210530e-03
3.90000000e-02	6.68908732e-02	2.79082919e-03
3.92500000e-02	6.60176639e-02	2.72777546e-03
3.95000000e-02	6.35149862e-02	2.64269361e-03
3.97500000e-02	6.36580623e-02	2.62972532e-03
4.00000000e-02	6.25508486e-02	2.58774848e-03
4.02500000e-02	6.17101362e-02	2.55645881e-03
4.05000000e-02	6.07287271e-02	2.47552360e-03
4.07500000e-02	5.91831100e-02	2.40418358e-03
4.10000000e-02	5.91149666e-02	2.43422544e-03
4.12500000e-02	5.99366948e-02	2.44166549e-03
4.15000000e-02	5.76514934e-02	2.32996189e-03
4.17500000e-02	5.63505179e-02	2.28345053e-03
4.20000000e-02	5.57017788e-02	2.23860556e-03
4.22500000e-02	5.58114591e-02	2.24932112e-03
4.25000000e-02	5.40432137e-02	2.17488368e-03
4.27500000e-02	5.41786889e-02	2.17723248e-03
4.30000000e-02	5.40189191e-02	2.16297423e-03
4.32500000e-02	5.36428342e-02	2.14537862e-03
4.35000000e-02	5.12185127e-02	2.07266801e-03
4.37500000e-02	5.15768926e-02	2.04691024e-03
4.40000000e-02	5.09013283e-02	2.04392186e-03
4.42500000e-02	5.15476725e-02	2.05507157e-03
4.45000000e-02	4.98102193e-02	1.97315396e-03
4.47500000e-02	5.00366729e-02	1.98206975e-03
4.50000000e-02	4.87415643e-02	1.93846356e-03
4.52500000e-02	4.81412517e-02	1.90048673e-03
4.55000000e-02	4.88913481e-02	1.92647913e-03
4.57500000e-02	4.81182464e-02	1.89284908e-03
4.60000000e-02	4.66463357e-02	1.83890582e-03
4.62500000e-02	4.63382307e-02	1.82787252e-03
4.65000000e-02	4.66554765e-02	1.82596733e-03
4.67500000e-02	4.62287438e-02	1.79484517e-03
4.70000000e-02	4.56066597e-02	1.77880661e-03
4.72500000e-02	4.48807770e-02	1.75085022e-03
4.75000000e-02	4.55321527e-02	1.79000013e-03
4.77500000e-02	4.38301054e-02	1.69696863e-03
4.80000000e-02	4.34082716e-02	1.68278240e-03
4.82500000e-02	4.36853069e-02	1.69095817e-03
4.85000000e-02	4.38830986e-02	1.71418992e-03
4.87500000e-02	4.26140366e-02	1.65157673e-03
4.90000000e-02	4.32321634e-02	1.65129186e-03
4.92500000e-02	4.26050773e-02	1.64430089e-03
4.95000000e-02	4.16012240e-02	1.59966349e-03
4.97500000e-02	4.09230942e-02	1.58152583e-03
5.00000000e-02	4.04488316e-02	1.55657347e-03
5.02500000e-02	4.05031596e-02	1.53369983e-03
5.05000000e-02	4.03507713e-02	1.53693944e-03
5.07500000e-02	3.96374458e-02	1.51284173e-03
5.10000000e-02	4.00176786e-02	1.52363723e-03
5.12500000e-02	4.01593571e-02	1.52686853e-03
5.15000000e-02	3.91338773e-02	1.47030954e-03
5.17500000e-02	3.91453745e-02	1.49099488e-03
5.20000000e-02	3.89573154e-02	1.47549145e-03
5.22500000e-02	3.93190102e-02	1.49646563e-03
5.25000000e-02	3.92158589e-02	1.47110974e-03
5.27500000e-02	3.70488817e-02	1.39094297e-03
5.30000000e-02	3.80068380e-02	1.43262465e-03
5.32500000e-02	3.71688700e-02	1.40173206e-03
5.35000000e-02	3.67201073e-02	1.37721991e-03
5.37500000e-02	3.77368575e-02	1.40172435e-03
5.40000000e-02	3.60805377e-02	1.34708351e-03
5.42500000e-02	3.61062026e-02	1.33910801e-03
5.45000000e-02	3.60995533e-02	1.35242346e-03
5.47500000e-02	3.56850589e-02	1.32815942e-03
5.50000000e-02	3.53142796e-02	1.30872293e-03
5.52500000e-02	3.44091661e-02	1.27310471e-03
5.55000000e-02	3.47215440e-02	1.28543837e-03
5.57500000e-02	3.34026827e-02	1.24629277e-03
5.60000000e-02	3.53596189e-02	1.29346197e-03
5.62500000e-02	3.47978309e-02	1.28315077e-03
5.65000000e-02	3.44669460e-02	1.26082675e-03
5.67500000e-02	3.52070220e-02	1.29676565e-03
5.70000000e-02	3.41515986e-02	1.24851267e-03
5.72500000e-02	3.31573827e-02	1.21480968e-03
5.75000000e-02	3.33168059e-02	1.22682093e-03
5.77500000e-02	3.37247602e-02	1.22746846e-03
5.80000000e-02	3.37275464e-02	1.23474268e-03
5.82500000e-02	3.22495406e-02	1.17122805e-03
5.85000000e-02	3.29458953e-02	1.19380094e-03
5.87500000e-02	3.30846536e-02	1.20627809e-03
5.90000000e-02	3.23959481e-02	1.17372075e-03
5.92500000e-02	3.26672173e-02	1.17397497e-03
5.95000000e-02	3.20560145e-02	1.14907008e-03
5.97500000e-02	3.11993240e-02	1.13896516e-03
6.00000000e-02	3.18434153e-02	1.15231129e-03
6.02500000e-02	3.09381609e-02	1.11683238e-03
6.05000000e-02	3.09506023e-02	1.11219347e-03
6.07500000e-02	3.12209888e-02	1.11688114e-03
6.10000000e-02	3.16090623e-02	1.12923214e-03
6.12500000e-02	3.04578667e-02	1.08349859e-03
6.15000000e-02	3.11460469e-02	1.10533259e-03
6.17500000e-02	3.02199752e-02	1.07446986e-03
6.20000000e-02	3.09012506e-02	1.10207760e-03
6.22500000e-02	2.99748243e-02	1.06960358e-03
6.25000000e-02	3.00561849e-02	1.07246110e-03
6.27500000e-02	2.98789636e-02	1.05562471e-03
6.30000000e-02	3.00125643e-02	1.06643126e-03
6.32500000e-02	2.97876220e-02	1.05784201e-03
6.35000000e-02	3.00553305e-02	1.06471601e-03
6.37500000e-02	2.95198576e-02	1.05098688e-03
6.40000000e-02	2.96509585e-02	1.04516474e-03
6.42500000e-02	3.01896056e-02	1.05399447e-03
6.45000000e-02	2.93992442e-02	1.02768167e-03
6.47500000e-02	2.90265356e-02	1.02256631e-03
6.50000000e-02	2.94348216e-02	1.03673730e-03
6.52500000e-02	2.88028170e-02	1.00728258e-03
6.55000000e-02	2.97733225e-02	1.03506920e-03
6.57500000e-02	2.94578796e-02	1.03039024e-03
6.60000000e-02	2.90278445e-02	1.01107810e-03
6.62500000e-02	2.96958752e-02	1.03707450e-03
6.65000000e-02	2.77548395e-02	9.60985423e-04
6.67500000e-02	2.84610217e-02	9.82410778e-04
6.70000000e-02	2.85686511e-02	9.93252608e-04
6.72500000e-02	2.74440774e-02	9.55616897e-04
6.75000000e-02	2.76785599e-02	9.50165668e-04
6.77500000e-02	2.78058418e-02	9.55337406e-04
6.80000000e-02	2.80167039e-02	9.73877663e-04
6.82500000e-02	2.77111096e-02	9.53933241e-04
6.85000000e-02	2.80066398e-02	9.60278888e-04
6.87500000e-02	2.80003722e-02	9.54903062e-04
6.90000000e-02	2.73738752e-02	9.37538773e-04
6.92500000e-02	2.70601140e-02	9.27066777e-04
6.95000000e-02	2.71036880e-02	9.30274247e-04
6.97500000e-02	2.80648275e-02	9.59822169e-04
7.00000000e-02	2.74119390e-02	9.33083023e-04
7.02500000e-02	2.74829720e-02	9.32489391e-04
7.05000000e-02	2.72673130e-02	9.20378414e-04
7.07500000e-02	2.65055811e-02	9.16977662e-04
7.10000000e-02	2.64777445e-02	8.96605287e-04
7.12500000e-02	2.63921300e-02	8.98425786e-04
7.15000000e-02	2.70399734e-02	9.15153311e-04
7.17500000e-02	2.67929593e-02	9.00707607e-04
7.20000000e-02	2.61915308e-02	8.90443166e-04
7.22500000e-02	2.61285373e-02	8.80324282e-04
7.25000000e-02	2.66742006e-02	8.96976057e-04
7.27500000e-02	2.68795473e-02	9.03073999e-04
7.30000000e-02	2.70911305e-02	9.09562267e-04
7.32500000e-02	2.63583238e-02	8.80700339e-04
7.35000000e-02	2.65464347e-02	8.89532556e-04
7.37500000e-02	2.58908498e-02	8.67142684e-04
7.40000000e-02	2.67756915e-02	8.97209034e-04
7.42500000e-02	2.57731316e-02	8.64300147e-04
7.45000000e-02	2.55716895e-02	8.52936711e-04
7.47500000e-02	2.56049687e-02	8.54644179e-04
7.50000000e-02	2.56136781e-02	8.53616784e-04
7.52500000e-02	2.51051341e-02	8.37718591e-04
7.55000000e-02	2.55530481e-02	8.40343293e-04
7.57500000e-02	2.60185953e-02	8.56225203e-04
7.60000000e-02	2.58845887e-02	8.58168805e-04
7.62500000e-02	2.57920946e-02	8.58620016e-04
7.65000000e-02	2.54328500e-02	8.40765723e-04
7.67500000e-02	2.54713570e-02	8.42269052e-04
7.70000000e-02	2.55616063e-02	8.39489707e-04
7.72500000e-02	2.57399635e-02	8.66399554e-04
7.75000000e-02	2.50471160e-02	8.48373528e-04
7.77500000e-02	2.52264835e-02	8.55448479e-04
7.80000000e-02	2.55096086e-02	8.71931320e-04
7.82500000e-02	2.56553410e-02	8.79584729e-04
7.85000000e-02	2.53051501e-02	8.75366932e-04
7.87500000e-02	2.50147607e-02	8.65474249e-04
7.90000000e-02	2.55839482e-02	8.93750564e-04
7.92500000e-02	2.52071441e-02	8.74556434e-04
7.95000000e-02	2.47259687e-02	8.70412550e-04
7.97500000e-02	2.54117683e-02	8.88569891e-04
8.00000000e-02	2.54241031e-02	8.92381044e-04
8.02500000e-02	2.43409607e-02	8.57163744e-04
8.05000000e-02	2.43186917e-02	8.60071840e-04
8.07500000e-02	2.45339815e-02	8.68760102e-04
8.10000000e-02	2.42181476e-02	8.56603051e-04
8.12500000e-02	2.43249632e-02	8.66284831e-04
8.15000000e-02	2.48187277e-02	8.76564995e-04
8.17500000e-02	2.48686159e-02	8.88179644e-04
8.20000000e-02	2.44409527e-02	8.72639135e-04
8.22500000e-02	2.41733609e-02	8.66752410e-04
8.25000000e-02	2.47137078e-02	8.83791321e-04
8.27500000e-02	2.48054120e-02	8.79088522e-04
8.30000000e-02	2.41700558e-02	8.73244604e-04
8.32500000e-02	2.43503626e-02	8.85415833e-04
8.35000000e-02	2.37888945e-02	8.65325899e-04
8.37500000e-02	2.45560440e-02	8.76049212e-04
8.40000000e-02	2.38070706e-02	8.61879189e-04
8.42500000e-02	2.41377892e-02	8.74101852e-04
8.45000000e-02	2.39867727e-02	8.70067930e-04
8.47500000e-02	2.36550408e-02	8.65324728e-04
8.50000000e-02	2.34292486e-02	8.50451642e-04
8.52500000e-02	2.38171012e-02	8.69149354e-04
8.55000000e-02	2.35115774e-02	8.52908194e-04
8.57500000e-02	2.39395629e-02	8.77480940e-04
8.60000000e-02	2.37828060e-02	8.66765538e-04
8.62500000e-02	2.36840450e-02	8.67389943e-04
8.65000000e-02	2.34965147e-02	8.54266187e-04
8.67500000e-02	2.39297102e-02	8.62307919e-04
8.70000000e-02	2.39893570e-02	8.61953927e-04
8.72500000e-02	2.34119618e-02	8.23134626e-04
8.75000000e-02	2.37491470e-02	8.25162326e-04
8.77500000e-02	2.40469526e-02	8.38739250e-04
8.80000000e-02	2.35681529e-02	8.23169856e-04
8.82500000e-02	2.37674389e-02	8.20438116e-04
8.85000000e-02	2.33660452e-02	8.04808766e-04
8.87500000e-02	2.34117323e-02	7.92782686e-04
8.90000000e-02	2.40839434e-02	8.19455552e-04
8.92500000e-02	2.44598170e-02	8.24248791e-04
8.95000000e-02	2.35606936e-02	7.97388371e-04
8.97500000e-02	2.33068055e-02	7.78776701e-04
9.00000000e-02	2.34097578e-02	7.83663312e-04
9.02500000e-02	2.35549274e-02	7.86987637e-04
9.05000000e-02	2.34132157e-02	7.82187913e-04
9.07500000e-02	2.38768698e-02	7.93510091e-04
9.10000000e-02	2.28469830e-02	7.58744067e-04
9.12500000e-02	2.31353459e-02	7.64862929e-04
9.15000000e-02	2.39624473e-02	7.91247326e-04
9.17500000e-02	2.24407154e-02	7.46175796e-04
9.20000000e-02	2.29025232e-02	7.51185284e-04
9.22500000e-02	2.28377297e-02	7.49192405e-04
9.25000000e-02	2.35776304e-02	7.70787754e-04
9.27500000e-02	2.32407767e-02	7.56082620e-04
9.30000000e-02	2.35858020e-02	7.69387316e-04
9.32500000e-02	2.38754322e-02	7.78911019e-04
9.35000000e-02	2.25923306e-02	7.29867174e-04
9.37500000e-02	2.27639150e-02	7.44805596e-04
9.40000000e-02	2.32711110e-02	7.60099886e-04
9.42500000e-02	2.33004263e-02	7.50468760e-04
9.45000000e-02	2.25249804e-02	7.28038442e-04
9.47500000e-02	2.34428056e-02	7.54215596e-04
9.50000000e-02	2.27660808e-02	7.32914366e-04
9.52500000e-02	2.30064945e-02	7.36103812e-04
9.55000000e-02	2.31709576e-02	7.38638412e-04
9.57500000e-02	2.26721664e-02	7.23488163e-04
9.60000000e-02	2.25245523e-02	7.25277303e-04
9.62500000e-02	2.28098411e-02	7.32877248e-04
9.65000000e-02	2.24891531e-02	7.16735357e-04
9.67500000e-02	2.25758247e-02	7.15710641e-04
9.70000000e-02	2.28132662e-02	7.22141950e-04
9.72500000e-02	2.29349432e-02	7.27646151e-04
9.75000000e-02	2.34198677e-02	7.40104974e-04
9.77500000e-02	2.27761174e-02	7.13719812e-04
9.80000000e-02	2.22266876e-02	7.06802471e-04
9.82500000e-02	2.23753213e-02	7.08225597e-04
9.85000000e-02	2.29377334e-02	7.20610996e-04
9.87500000e-02	2.26849552e-02	7.09728258e-04
9.90000000e-02	2.25659951e-02	7.08747195e-04
9.92500000e-02	2.25683409e-02	7.13162149e-04
9.95000000e-02	2.23718732e-02	7.03343751e-04
9.97500000e-02	2.32112837e-02	7.22635326e-04
1.00000000e-01	2.22786173e-02	5.66089979e-04
1.00500000e-01	2.25147923e-02	4.99938698e-04
1.01000000e-01	2.22660412e-02	4.87745901e-04
1.01500000e-01	2.25410490e-02	4.94640060e-04
1.02000000e-01	2.22588033e-02	4.86989611e-04
1.02500000e-01	2.21670207e-02	4.81316441e-04
1.03000000e-01	2.22201941e-02	4.83076748e-04
1.03500000e-01	2.23951327e-02	4.81944578e-04
1.04000000e-01	2.19793696e-02	4.75326874e-04
1.04500000e-01	2.20721074e-02	4.76130296e-04
1.05000000e-01	2.21127116e-02	4.74995200e-04
1.05500000e-01	2.19582019e-02	4.69442325e-04
1.06000000e-01	2.16702517e-02	4.64695369e-04
1.06500000e-01	2.20428875e-02	4.67050097e-04
1.07000000e-01	2.17769697e-02	4.69921241e-04
1.07500000e-01	2.19225506e-02	4.79908581e-04
1.08000000e-01	2.16885516e-02	4.79481800e-04
1.08500000e-01	2.22500478e-02	4.95534454e-04
1.09000000e-01	2.16688834e-02	4.83890979e-04
1.09500000e-01	2.18574823e-02	4.93928038e-04
1.10000000e-01	2.20294391e-02	4.91026270e-04
1.10500000e-01	2.18203119e-02	4.76540749e-04
1.11000000e-01	2.17369466e-02	4.64638389e-04
1.11500000e-01	2.21863181e-02	4.75106044e-04
1.12000000e-01	2.19429878e-02	4.62538812e-04
1.12500000e-01	2.20206712e-02	4.61267934e-04
1.13000000e-01	2.21221514e-02	4.63944739e-04
1.13500000e-01	2.20867776e-02	4.61052816e-04
1.14000000e-01	2.18964633e-02	4.57484990e-04
1.14500000e-01	2.18532287e-02	4.54871637e-04
1.15000000e-01	2.16618619e-02	4.47167254e-04
1.15500000e-01	2.16555741e-02	4.47726452e-04
1.16000000e-01	2.17350359e-02	4.46670569e-04
1.16500000e-01	2.13810481e-02	4.40654232e-04
1.17000000e-01	2.20072401e-02	4.51718361e-04
1.17500000e-01	2.13669305e-02	4.34785586e-04
1.18000000e-01	2.16199035e-02	4.43485303e-04
1.18500000e-01	2.11527870e-02	4.30278225e-04
1.19000000e-01	2.14129402e-02	4.35445480e-04
1.19500000e-01	2.15456917e-02	4.37431612e-04
1.20000000e-01	2.15443154e-02	4.33304410e-04
1.20500000e-01	2.11710958e-02	4.27142239e-04
1.21000000e-01	2.15934327e-02	4.34469753e-04
1.21500000e-01	2.13429497e-02	4.30294588e-04
1.22000000e-01	2.14286893e-02	4.29283872e-04
1.22500000e-01	2.15774351e-02	4.32091950e-04
1.23000000e-01	2.16509282e-02	4.32034394e-04
1.23500000e-01	2.15143289e-02	4.26622453e-04
1.24000000e-01	2.14450691e-02	4.26615973e-04
1.24500000e-01	2.14991061e-02	4.25305053e-04
1.25000000e-01	2.12524719e-02	4.21099280e-04
1.25500000e-01	2.13212064e-02	4.20181155e-04
1.26000000e-01	2.13553265e-02	4.19701317e-04
1.26500000e-01	2.13117658e-02	4.19624175e-04
1.27000000e-01	2.11916105e-02	4.17182702e-04
1.27500000e-01	2.10265142e-02	4.11770071e-04
1.28000000e-01	2.13326895e-02	4.17269862e-04
1.28500000e-01	2.13226154e-02	4.15655420e-04
1.29000000e-01	2.13708195e-02	4.17895732e-04
1.29500000e-01	2.12122364e-02	4.11902163e-04
1.30000000e-01	2.11747574e-02	4.12147672e-04
1.30500000e-01	2.11934626e-02	4.10383114e-04
1.31000000e-01	2.12616116e-02	4.10780592e-04
1.31500000e-01	2.13515584e-02	4.12043897e-04
1.32000000e-01	2.11367555e-02	4.05889094e-04
1.32500000e-01	2.13876860e-02	4.10204757e-04
1.33000000e-01	2.12206571e-02	4.06885939e-04
1.33500000e-01	2.10744173e-02	4.03279304e-04
1.34000000e-01	2.10554624e-02	4.01374524e-04
1.34500000e-01	2.12295339e-02	4.00774960e-04
1.35000000e-01	2.09467362e-02	3.95710660e-04
1.35500000e-01	2.12647903e-02	4.03743536e-04
1.36000000e-01	2.07213405e-02	3.91837282e-04
1.36500000e-01	2.08990892e-02	3.96062278e-04
1.37000000e-01	2.10318075e-02	3.93705753e-04
1.37500000e-01	2.09074250e-02	3.91634641e-04
1.38000000e-01	2.08243746e-02	3.90278836e-04
1.38500000e-01	2.10127701e-02	3.95144039e-04
1.39000000e-01	2.10426543e-02	3.95446890e-04
1.39500000e-01	2.07086296e-02	3.88150957e-04
1.40000000e-01	2.09884518e-02	3.93653527e-04
1.40500000e-01	2.06336809e-02	3.85585752e-04
1.41000000e-01	2.08218205e-02	3.87581538e-04
1.41500000e-01	2.09459462e-02	3.90998837e-04
1.42000000e-01	2.04802033e-02	3.82293613e-04
1.42500000e-01	2.07023291e-02	3.84551228e-04
1.43000000e-01	2.07666362e-02	3.85568325e-04
1.43500000e-01	2.03301803e-02	3.75843439e-04
1.44000000e-01	2.04011304e-02	3.78043888e-04
1.44500000e-01	2.02817558e-02	3.72655404e-04
1.45000000e-01	2.02954460e-02	3.74669073e-04
1.45500000e-01	2.05513081e-02	3.77296580e-04
1.46000000e-01	2.06898820e-02	3.77107873e-04
1.46500000e-01	2.06561949e-02	3.79251712e-04
1.47000000e-01	2.06707919e-02	3.78124961e-04
1.47500000e-01	2.02230573e-02	3.69130476e-04
1.48000000e-01	2.06448019e-02	3.76488405e-04
1.48500000e-01	2.03271430e-02	3.70635636e-04
1.49000000e-01	2.02525930e-02	3.67702952e-04
1.49500000e-01	2.06343504e-02	3.73980974e-04
1.50000000e-01	2.03903581e-02	3.71433193e-04
1.50500000e-01	2.02883862e-02	3.68501919e-04
1.51000000e-01	2.03432323e-02	3.66324178e-04
1.51500000e-01	2.03603474e-02	3.66856713e-04
1.52000000e-01	2.04390765e-02	3.65268377e-04
1.52500000e-01	2.04008290e-02	3.66609686e-04
1.53000000e-01	2.05068077e-02	3.68650889e-04
1.53500000e-01	2.03787501e-02	3.64074445e-04
1.54000000e-01	2.03328545e-02	3.61576995e-04
1.54500000e-01	2.01339027e-02	3.65797761e-04
1.55000000e-01	2.04208519e-02	3.76432080e-04
1.55500000e-01	2.02216617e-02	3.75208250e-04
1.56000000e-01	2.03922087e-02	3.79559704e-04
1.56500000e-01	2.05425813e-02	3.83539439e-04
1.57000000e-01	2.02589194e-02	3.79949687e-04
1.57500000e-01	2.01109170e-02	3.69862045e-04
1.58000000e-01	1.98201289e-02	3.58035045e-04
1.58500000e-01	1.97168619e-02	3.54784401e-04
1.59000000e-01	2.00455470e-02	3.58563985e-04
1.59500000e-01	2.01973979e-02	3.58743938e-04
1.60000000e-01	2.02128711e-02	3.60536128e-04
1.60500000e-01	2.02702531e-02	3.61228717e-04
1.61000000e-01	1.99253729e-02	3.52776310e-04
1.61500000e-01	2.00001325e-02	3.52191182e-04
1.62000000e-01	2.00911180e-02	3.54685678e-04
1.62500000e-01	1.99941110e-02	3.53464190e-04
1.63000000e-01	2.02934895e-02	3.53902701e-04
1.63500000e-01	2.01325818e-02	3.54865857e-04
1.64000000e-01	2.00704413e-02	3.50583337e-04
1.64500000e-01	1.99346723e-02	3.49436455e-04
1.65000000e-01	1.98167073e-02	3.47871357e-04
1.65500000e-01	1.99574424e-02	3.47403980e-04
1.66000000e-01	1.98420544e-02	3.46652141e-04
1.66500000e-01	1.99508100e-02	3.45726631e-04
1.67000000e-01	1.96791583e-02	3.44053869e-04
1.67500000e-01	2.00220369e-02	3.47120673e-04
1.68000000e-01	1.99107006e-02	3.43576521e-04
1.68500000e-01	1.98375876e-02	3.42177735e-04
1.69000000e-01	2.01007747e-02	3.46445534e-04
1.69500000e-01	1.95383322e-02	3.36673660e-04
1.70000000e-01	1.99196100e-02	3.40623323e-04
1.70500000e-01	1.96716868e-02	3.37643883e-04
1.71000000e-01	1.97139551e-02	3.37290719e-04
1.71500000e-01	1.95169962e-02	3.35283552e-04
1.72000000e-01	1.95698636e-02	3.35495363e-04
1.72500000e-01	1.96898435e-02	3.36124416e-04
1.73000000e-01	1.99115874e-02	3.38974254e-04
1.73500000e-01	1.97313618e-02	3.34261217e-04
1.74000000e-01	1.95904915e-02	3.32155864e-04
1.74500000e-01	1.97671698e-02	3.33211665e-04
1.75000000e-01	1.99469471e-02	3.35349398e-04
1.75500000e-01	1.96561129e-02	3.29820896e-04
1.76000000e-01	1.97320320e-02	3.31153334e-04
1.76500000e-01	1.93354383e-02	3.25648525e-04
1.77000000e-01	1.93805247e-02	3.24818009e-04
1.77500000e-01	1.96677537e-02	3.29778090e-04
1.78000000e-01	1.94272268e-02	3.25793762e-04
1.78500000e-01	1.95160967e-02	3.27168977e-04
1.79000000e-01	1.94098159e-02	3.24760971e-04
1.79500000e-01	1.96043136e-02	3.28112565e-04
1.80000000e-01	1.95626638e-02	3.28019216e-04
1.80500000e-01	1.95569838e-02	3.26428934e-04
1.81000000e-01	1.97233710e-02	3.29150723e-04
1.81500000e-01	1.94826825e-02	3.24132124e-04
1.82000000e-01	1.97064328e-02	3.27795181e-04
1.82500000e-01	1.92302781e-02	3.18069930e-04
1.83000000e-01	1.95426808e-02	3.25035192e-04
1.83500000e-01	1.97570135e-02	3.26168359e-04
1.84000000e-01	1.94564767e-02	3.23472728e-04
1.84500000e-01	1.95122995e-02	3.22592496e-04
1.85000000e-01	1.94266850e-02	3.21609206e-04
1.85500000e-01	1.93626552e-02	3.19049416e-04
1.86000000e-01	1.89395922e-02	3.11868284e-04
1.86500000e-01	1.91690347e-02	3.15152562e-04
1.87000000e-01	1.92868307e-02	3.16601791e-04
1.87500000e-01	1.93779128e-02	3.17069167e-04
1.88000000e-01	1.94184152e-02	3.18005040e-04
1.88500000e-01	1.96327370e-02	3.19743597e-04
1.89000000e-01	1.93684199e-02	3.15642072e-04
1.89500000e-01	1.94213006e-02	3.17242047e-04
1.90000000e-01	1.91347582e-02	3.10852600e-04
1.90500000e-01	1.91626093e-02	3.11926160e-04
1.91000000e-01	1.92247509e-02	3.12364475e-04
1.91500000e-01	1.94161256e-02	3.15497248e-04
1.92000000e-01	1.91219636e-02	3.10032980e-04
1.92500000e-01	1.89451902e-02	3.06964222e-04
1.93000000e-01	1.91554212e-02	3.09793930e-04
1.93500000e-01	1.91737742e-02	3.08741371e-04
1.94000000e-01	1.91155732e-02	3.08059237e-04
1.94500000e-01	1.93232870e-02	3.11438531e-04
1.95000000e-01	1.91159754e-02	3.08621384e-04
1.95500000e-01	1.92317029e-02	3.09297419e-04
1.96000000e-01	1.90520026e-02	3.06240257e-04
1.96500000e-01	1.90738719e-02	3.05554316e-04
1.97000000e-01	1.90640931e-02	3.03877599e-04
1.97500000e-01	1.90812897e-02	3.05283214e-04
1.98000000e-01	1.90900061e-02	3.05366852e-04
1.98500000e-01	1.90222924e-02	3.02920736e-04
1.99000000e-01	1.89629692e-02	3.02419559e-04
1.99500000e-01	1.92720718e-02	3.06005379e-04
2.00000000e-01	1.88921749e-02	2.99819820e-04
2.00500000e-01	1.92085517e-02	3.04613027e-04
2.01000000e-01	1.89834015e-02	3.01064712e-04
2.01500000e-01	1.88516776e-02	2.98567841e-04
2.02000000e-01	1.88602281e-02	2.98760327e-04
2.02500000e-01	1.90896452e-02	3.01967939e-04
2.03000000e-01	1.91048064e-02	3.01330975e-04
2.03500000e-01	1.90552580e-02	3.00139722e-04
2.04000000e-01	1.87452910e-02	2.95582843e-04
2.04500000e-01	1.91071606e-02	3.00099039e-04
2.05000000e-01	1.90327849e-02	2.98484599e-04
2.05500000e-01	1.88602891e-02	2.96036110e-04
2.06000000e-01	1.88814398e-02	2.96553977e-04
2.06500000e-01	1.89548194e-02	2.97269509e-04
2.07000000e-01	1.89653667e-02	2.95176412e-04
2.07500000e-01	1.88527387e-02	2.95330150e-04
2.08000000e-01	1.88808979e-02	2.95959150e-04
2.08500000e-01	1.87832822e-02	2.92233707e-04
2.09000000e-01	1.88666789e-02	2.93331908e-04
2.09500000e-01	1.85966630e-02	2.89177205e-04
2.10000000e-01	1.87187156e-02	2.90501412e-04
2.10500000e-01	1.86093277e-02	2.88807623e-04
2.11000000e-01	1.90813063e-02	2.94413773e-04
2.11500000e-01	1.88857175e-02	2.93101909e-04
2.12000000e-01	1.90274636e-02	2.93256376e-04
2.12500000e-01	1.89225120e-02	2.91694328e-04
2.13000000e-01	1.88048116e-02	2.90649544e-04
2.13500000e-01	1.87464941e-02	2.89395484e-04
2.14000000e-01	1.85705857e-02	2.86794418e-04
2.14500000e-01	1.89254945e-02	2.89486259e-04
2.15000000e-01	1.88575279e-02	2.90976554e-04
2.15500000e-01	1.87554082e-02	2.86927042e-04
2.16000000e-01	1.87803006e-02	2.87896729e-04
2.16500000e-01	1.85503847e-02	2.85195749e-04
2.17000000e-01	1.86292261e-02	2.88531513e-04
2.17500000e-01	1.85851496e-02	2.93613410e-04
2.18000000e-01	1.87474195e-02	2.95780456e-04
2.18500000e-01	1.86387576e-02	2.96454021e-04
2.19000000e-01	1.87436515e-02	2.99649084e-04
2.19500000e-01	1.84970653e-02	2.97583032e-04
2.20000000e-01	1.87568363e-02	3.02821128e-04
2.20500000e-01	1.85693414e-02	3.00568297e-04
2.21000000e-01	1.88034808e-02	3.03512529e-04
2.21500000e-01	1.88219757e-02	3.04822899e-04
2.22000000e-01	1.87031070e-02	3.03936922e-04
2.22500000e-01	1.87319783e-02	3.04517541e-04
2.23000000e-01	1.85470894e-02	3.03335627e-04
2.23500000e-01	1.88295379e-02	3.07598147e-04
2.24000000e-01	1.86503742e-02	3.06413633e-04
2.24500000e-01	1.88213007e-02	3.09366926e-04
2.25000000e-01	1.85771520e-02	3.06696411e-04
2.25500000e-01	1.85213911e-02	3.05194699e-04
2.26000000e-01	1.82570106e-02	3.02812237e-04
2.26500000e-01	1.84325848e-02	3.00523488e-04
2.27000000e-01	1.84152490e-02	2.97820623e-04
2.27500000e-01	1.86404973e-02	2.97299411e-04
2.28000000e-01	1.85277072e-02	2.94774928e-04
2.28500000e-01	1.85420524e-02	2.94260964e-04
2.29000000e-01	1.86555893e-02	2.94381280e-04
2.29500000e-01	1.83528425e-02	2.88950395e-04
2.30000000e-01	1.84700265e-02	2.89961390e-04
2.30500000e-01	1.84380937e-02	2.87874112e-04
2.31000000e-01	1.84918525e-02	2.87736769e-04
2.31500000e-01	1.84542792e-02	2.87558055e-04
2.32000000e-01	1.83019576e-02	2.84263318e-04
2.32500000e-01	1.85457217e-02	2.87782356e-04
2.33000000e-01	1.85564654e-02	2.86114128e-04
2.33500000e-01	1.85210097e-02	2.85063508e-04
2.34000000e-01	1.83914214e-02	2.82771012e-04
2.34500000e-01	1.83465910e-02	2.80903181e-04
2.35000000e-01	1.81804801e-02	2.79496009e-04
2.35500000e-01	1.84380906e-02	2.82608369e-04
2.36000000e-01	1.83176568e-02	2.79971585e-04
2.36500000e-01	1.80495190e-02	2.75755286e-04
2.37000000e-01	1.85515717e-02	2.82750641e-04
2.37500000e-01	1.83527684e-02	2.78360888e-04
2.38000000e-01	1.84137039e-02	2.78406217e-04
2.38500000e-01	1.85828065e-02	2.81548876e-04
2.39000000e-01	1.83020845e-02	2.77021088e-04
2.39500000e-01	1.84096349e-02	2.77805131e-04
2.40000000e-01	1.82285329e-02	2.74877921e-04
2.40500000e-01	1.84074903e-02	2.77072192e-04
2.41000000e-01	1.83805922e-02	2.75658467e-04
2.41500000e-01	1.81535994e-02	2.73232541e-04
2.42000000e-01	1.83350595e-02	2.74349561e-04
2.42500000e-01	1.84626663e-02	2.74776752e-04
2.43000000e-01	1.83550954e-02	2.74136049e-04
2.43500000e-01	1.80165121e-02	2.67658427e-04
2.44000000e-01	1.82583984e-02	2.71024912e-04
2.44500000e-01	1.85067565e-02	2.74385301e-04
2.45000000e-01	1.82104892e-02	2.69501055e-04
2.45500000e-01	1.82029446e-02	2.70463845e-04
2.46000000e-01	1.80570461e-02	2.67080309e-04
2.46500000e-01	1.80252513e-02	2.66424155e-04
2.47000000e-01	1.81095083e-02	2.67312306e-04
2.47500000e-01	1.82310301e-02	2.67728745e-04
2.48000000e-01	1.79573054e-02	2.64971888e-04
2.48500000e-01	1.78813248e-02	2.62908036e-04
2.49000000e-01	1.82519578e-02	2.67724669e-04
2.49500000e-01	1.78406958e-02	2.62326665e-04
2.50000000e-01	1.80946441e-02	2.65570145e-04
2.50500000e-01	1.81959718e-02	2.68169141e-04
2.51000000e-01	1.80044558e-02	2.63710985e-04
2.51500000e-01	1.80640623e-02	2.65145386e-04
2.52000000e-01	1.82774253e-02	2.66692848e-04
2.52500000e-01	1.80090254e-02	2.62704395e-04
2.53000000e-01	1.79155154e-02	2.62071928e-04
2.53500000e-01	1.80356403e-02	2.62725814e-04
2.54000000e-01	1.81157342e-02	2.64271142e-04
2.54500000e-01	1.81501326e-02	2.63388922e-04
2.55000000e-01	1.80873741e-02	2.60960563e-04
2.55500000e-01	1.81282461e-02	2.62343660e-04
2.56000000e-01	1.79854750e-02	2.60854288e-04
2.56500000e-01	1.78920874e-02	2.59379271e-04
2.57000000e-01	1.82574344e-02	2.62328413e-04
2.57500000e-01	1.78633355e-02	2.57513233e-04
2.58000000e-01	1.80612118e-02	2.61346251e-04
2.58500000e-01	1.81120978e-02	2.61017236e-04
2.59000000e-01	1.78877850e-02	2.56386872e-04
2.59500000e-01	1.78399007e-02	2.56397451e-04
2.60000000e-01	1.78404081e-02	2.56879867e-04
2.60500000e-01	1.77560123e-02	2.55356739e-04
2.61000000e-01	1.79108507e-02	2.55560163e-04
2.61500000e-01	1.78600322e-02	2.55369602e-04
2.62000000e-01	1.78949535e-02	2.55524320e-04
2.62500000e-01	1.78344789e-02	2.56006673e-04
2.63000000e-01	1.78681264e-02	2.55974811e-04
2.63500000e-01	1.79100799e-02	2.55222379e-04
2.64000000e-01	1.79147480e-02	2.55932289e-04
2.64500000e-01	1.79202912e-02	2.54098789e-04
2.65000000e-01	1.78682339e-02	2.52351125e-04
2.65500000e-01	1.77726127e-02	2.51949846e-04
2.66000000e-01	1.76907916e-02	2.50864642e-04
2.66500000e-01	1.78466218e-02	2.52287707e-04
2.67000000e-01	1.81052101e-02	2.55980362e-04
2.67500000e-01	1.78552295e-02	2.51439101e-04
2.68000000e-01	1.76775889e-02	2.49414688e-04
2.68500000e-01	1.78380079e-02	2.51337765e-04
2.69000000e-01	1.80145449e-02	2.52687648e-04
2.69500000e-01	1.76055163e-02	2.47128921e-04
2.70000000e-01	1.78221028e-02	2.49646026e-04
2.70500000e-01	1.77685637e-02	2.49017385e-04
2.71000000e-01	1.76974833e-02	2.48000933e-04
2.71500000e-01	1.77587626e-02	2.49054862e-04
2.72000000e-01	1.77246933e-02	2.47152671e-04
2.72500000e-01	1.76467160e-02	2.47127276e-04
2.73000000e-01	1.78140336e-02	2.48761780e-04
2.73500000e-01	1.76681408e-02	2.46467550e-04
2.74000000e-01	1.75495330e-02	2.44493909e-04
2.74500000e-01	1.78413644e-02	2.48410413e-04
2.75000000e-01	1.78655858e-02	2.48436784e-04
2.75500000e-01	1.76215432e-02	2.45505591e-04
2.76000000e-01	1.77324734e-02	2.46927747e-04
2.76500000e-01	1.75566527e-02	2.43930277e-04
2.77000000e-01	1.77881829e-02	2.46921965e-04
2.77500000e-01	1.76707784e-02	2.45284540e-04
2.78000000e-01	1.76152841e-02	2.43708724e-04
2.78500000e-01	1.77024228e-02	2.44507686e-04
2.79000000e-01	1.77670423e-02	2.43947661e-04
2.79500000e-01	1.77702330e-02	2.44726319e-04
2.80000000e-01	1.73903926e-02	2.40252295e-04
2.80500000e-01	1.76918613e-02	2.44368398e-04
2.81000000e-01	1.74449520e-02	2.40587294e-04
2.81500000e-01	1.74931472e-02	2.40195479e-04
2.82000000e-01	1.75616086e-02	2.42148996e-04
2.82500000e-01	1.76413152e-02	2.43082332e-04
2.83000000e-01	1.75918542e-02	2.41526418e-04
2.83500000e-01	1.75630358e-02	2.40551710e-04
2.84000000e-01	1.77407182e-02	2.42538380e-04
2.84500000e-01	1.75026415e-02	2.39737958e-04
2.85000000e-01	1.74199591e-02	2.39142255e-04
2.85500000e-01	1.76011224e-02	2.41524218e-04
2.86000000e-01	1.74827801e-02	2.39210559e-04
2.86500000e-01	1.74543328e-02	2.37634351e-04
2.87000000e-01	1.73686921e-02	2.36837619e-04
2.87500000e-01	1.75105499e-02	2.37521021e-04
2.88000000e-01	1.74752604e-02	2.36515484e-04
2.88500000e-01	1.75805321e-02	2.38941517e-04
2.89000000e-01	1.74706225e-02	2.36876344e-04
2.89500000e-01	1.73277432e-02	2.34812767e-04
2.90000000e-01	1.73978455e-02	2.36131175e-04
2.90500000e-01	1.73042334e-02	2.34586675e-04
2.91000000e-01	1.73698984e-02	2.34496796e-04
2.91500000e-01	1.73623819e-02	2.34489921e-04
2.92000000e-01	1.75945491e-02	2.37297034e-04
2.92500000e-01	1.75031758e-02	2.35531603e-04
2.93000000e-01	1.74167045e-02	2.34652784e-04
2.93500000e-01	1.74488593e-02	2.34576296e-04
2.94000000e-01	1.73076750e-02	2.32475457e-04
2.94500000e-01	1.73147646e-02	2.33526525e-04
2.95000000e-01	1.72692122e-02	2.32012462e-04
2.95500000e-01	1.73635675e-02	2.33089095e-04
2.96000000e-01	1.72554771e-02	2.31733368e-04
2.96500000e-01	1.72441109e-02	2.31022922e-04
2.97000000e-01	1.72924284e-02	2.31270550e-04
2.97500000e-01	1.72905643e-02	2.30816006e-04
2.98000000e-01	1.72635313e-02	2.30606662e-04
2.98500000e-01	1.72493335e-02	2.31540644e-04
2.99000000e-01	1.74557585e-02	2.32292733e-04
2.99500000e-01	1.72279049e-02	2.29889047e-04
3.00000000e-01	1.73903892e-02	2.32025983e-04
3.00500000e-01	1.70791330e-02	2.27126621e-04
3.01000000e-01	1.73059175e-02	2.29104088e-04
3.01500000e-01	1.73500371e-02	2.30612849e-04
3.02000000e-01	1.73030465e-02	2.29262072e-04
3.02500000e-01	1.72684728e-02	2.29364667e-04
3.03000000e-01	1.70992431e-02	2.26850296e-04
3.03500000e-01	1.71877096e-02	2.27278425e-04
3.04000000e-01	1.71212708e-02	2.27156610e-04
3.04500000e-01	1.71528146e-02	2.26775496e-04
3.05000000e-01	1.71545712e-02	2.26487832e-04
3.05500000e-01	1.72783223e-02	2.27838821e-04
3.06000000e-01	1.71599124e-02	2.25092721e-04
3.06500000e-01	1.71168697e-02	2.25287334e-04
3.07000000e-01	1.72515092e-02	2.26304598e-04
3.07500000e-01	1.72106752e-02	2.25862102e-04
3.08000000e-01	1.70165737e-02	2.24901658e-04
3.08500000e-01	1.69582798e-02	2.22910603e-04
3.09000000e-01	1.70520980e-02	2.24626795e-04
3.09500000e-01	1.70048775e-02	2.23227655e-04
3.10000000e-01	1.71511018e-02	2.24753954e-04
3.10500000e-01	1.70745585e-02	2.23277689e-04
3.11000000e-01	1.69670190e-02	2.22281391e-04
3.11500000e-01	1.69121418e-02	2.20912823e-04
3.12000000e-01	1.70992525e-02	2.23253487e-04
3.12500000e-01	1.69135810e-02	2.20883073e-04
3.13000000e-01	1.70214607e-02	2.22099784e-04
3.13500000e-01	1.70437840e-02	2.21496190e-04
3.14000000e-01	1.70210647e-02	2.21478290e-04
3.14500000e-01	1.68894243e-02	2.19852016e-04
3.15000000e-01	1.69008733e-02	2.19934132e-04
3.15500000e-01	1.69510881e-02	2.19730449e-04
3.16000000e-01	1.70347306e-02	2.21623202e-04
3.16500000e-01	1.70446017e-02	2.21002740e-04
3.17000000e-01	1.69201416e-02	2.19396577e-04
3.17500000e-01	1.70493930e-02	2.21024873e-04
3.18000000e-01	1.70265999e-02	2.19942722e-04
3.18500000e-01	1.70087136e-02	2.20525658e-04
3.19000000e-01	1.70347795e-02	2.20175001e-04
3.19500000e-01	1.70253986e-02	2.19626787e-04
3.20000000e-01	1.69567166e-02	2.19053606e-04
3.20500000e-01	1.68687733e-02	2.18182370e-04
3.21000000e-01	1.67568066e-02	2.16707798e-04
3.21500000e-01	1.69988997e-02	2.19322675e-04
3.22000000e-01	1.68249220e-02	2.16961649e-04
3.22500000e-01	1.67520771e-02	2.14977892e-04
3.23000000e-01	1.68855333e-02	2.16873092e-04
3.23500000e-01	1.69358374e-02	2.17427857e-04
3.24000000e-01	1.66960502e-02	2.14016057e-04
3.24500000e-01	1.68940070e-02	2.17350873e-04
3.25000000e-01	1.68527105e-02	2.15664121e-04
3.25500000e-01	1.66583083e-02	2.13352427e-04
3.26000000e-01	1.67624227e-02	2.13941751e-04
3.26500000e-01	1.69851167e-02	2.16650086e-04
3.27000000e-01	1.67433180e-02	2.13883988e-04
3.27500000e-01	1.66787864e-02	2.12391407e-04
3.28000000e-01	1.67448996e-02	2.14049386e-04
3.28500000e-01	1.67915913e-02	2.13424442e-04
3.29000000e-01	1.66947563e-02	2.12145289e-04
3.29500000e-01	1.66502268e-02	2.11809500e-04
3.30000000e-01	1.66137011e-02	2.11473016e-04
3.30500000e-01	1.67495125e-02	2.12609260e-04
3.31000000e-01	1.66937885e-02	2.11684687e-04
3.31500000e-01	1.67271091e-02	2.12687758e-04
3.32000000e-01	1.66407425e-02	2.11504875e-04
3.32500000e-01	1.67685210e-02	2.12073824e-04
3.33000000e-01	1.67569837e-02	2.12108357e-04
3.33500000e-01	1.68002597e-02	2.11921938e-04
3.34000000e-01	1.66874233e-02	2.11042773e-04
3.34500000e-01	1.65861091e-02	2.10520817e-04
3.35000000e-01	1.66094435e-02	2.09956727e-04
3.35500000e-01	1.66327556e-02	2.10024867e-04
3.36000000e-01	1.66336424e-02	2.09468270e-04
3.36500000e-01	1.64382511e-02	2.07195061e-04
3.37000000e-01	1.65572593e-02	2.08666111e-04
3.37500000e-01	1.66275330e-02	2.09536940e-04
3.38000000e-01	1.66887983e-02	2.09808415e-04
3.38500000e-01	1.65837695e-02	2.07757025e-04
3.39000000e-01	1.65045426e-02	2.07795737e-04
3.39500000e-01	1.64957213e-02	2.07034472e-04
3.40000000e-01	1.65573726e-02	2.07603936e-04
3.40500000e-01	1.64225589e-02	2.05835029e-04
3.41000000e-01	1.64900984e-02	2.06508005e-04
3.41500000e-01	1.64952644e-02	2.07140010e-04
3.42000000e-01	1.65488823e-02	2.06415640e-04
3.42500000e-01	1.65252918e-02	2.06979344e-04
3.43000000e-01	1.64845512e-02	2.06312271e-04
3.43500000e-01	1.64489328e-02	2.04830470e-04
3.44000000e-01	1.65035512e-02	2.06830488e-04
3.44500000e-01	1.65699184e-02	2.06118324e-04
3.45000000e-01	1.64044776e-02	2.04683810e-04
3.45500000e-01	1.65780825e-02	2.06434205e-04
3.46000000e-01	1.64740690e-02	2.05560298e-04
3.46500000e-01	1.63711070e-02	2.03461883e-04
3.47000000e-01	1.64270583e-02	2.04377219e-04
3.47500000e-01	1.65909315e-02	2.05760986e-04
3.48000000e-01	1.64733945e-02	2.03978813e-04
3.48500000e-01	1.63048779e-02	2.02304522e-04
3.49000000e-01	1.64209148e-02	2.03654274e-04
3.49500000e-01	1.64536714e-02	2.03374233e-04
3.50000000e-01	1.63633415e-02	1.65169405e-04
3.51000000e-01	1.63988965e-02	1.43242048e-04
3.52000000e-01	1.61787002e-02	1.41010214e-04
3.53000000e-01	1.63282263e-02	1.42200100e-04
3.54000000e-01	1.63578190e-02	1.41839900e-04
3.55000000e-01	1.62561240e-02	1.41132859e-04
3.56000000e-01	1.63064912e-02	1.42186580e-04
3.57000000e-01	1.63055250e-02	1.44581350e-04
3.58000000e-01	1.62051974e-02	1.44969427e-04
3.59000000e-01	1.60867216e-02	1.45342025e-04
3.60000000e-01	1.61920009e-02	1.47020023e-04
3.61000000e-01	1.61490018e-02	1.47123955e-04
3.62000000e-01	1.61568735e-02	1.48154627e-04
3.63000000e-01	1.60435655e-02	1.47608441e-04
3.64000000e-01	1.61017463e-02	1.48498390e-04
3.65000000e-01	1.60277350e-02	1.48911989e-04
3.66000000e-01	1.60659449e-02	1.46977040e-04
3.67000000e-01	1.61044477e-02	1.45142233e-04
3.68000000e-01	1.60653567e-02	1.44024585e-04
3.69000000e-01	1.60160727e-02	1.42875919e-04
3.70000000e-01	1.60244853e-02	1.42186956e-04
3.71000000e-01	1.60253728e-02	1.44041816e-04
3.72000000e-01	1.59958243e-02	1.44821902e-04
3.73000000e-01	1.61158522e-02	1.45858699e-04
3.74000000e-01	1.59528920e-02	1.44905972e-04
3.75000000e-01	1.59958996e-02	1.44951377e-04
3.76000000e-01	1.59612867e-02	1.44718039e-04
3.77000000e-01	1.58700545e-02	1.44013419e-04
3.78000000e-01	1.61023196e-02	1.45822030e-04
3.79000000e-01	1.58893434e-02	1.44350368e-04
3.80000000e-01	1.59670264e-02	1.44631464e-04
3.81000000e-01	1.58121980e-02	1.43212514e-04
3.82000000e-01	1.58221053e-02	1.43619697e-04
3.83000000e-01	1.57641484e-02	1.42776160e-04
3.84000000e-01	1.57188151e-02	1.42692871e-04
3.85000000e-01	1.58094625e-02	1.43490652e-04
3.86000000e-01	1.58575619e-02	1.44074909e-04
3.87000000e-01	1.56248421e-02	1.41687752e-04
3.88000000e-01	1.56462321e-02	1.41485914e-04
3.89000000e-01	1.57675941e-02	1.42663868e-04
3.90000000e-01	1.57020550e-02	1.41824255e-04
3.91000000e-01	1.57477052e-02	1.42537913e-04
3.92000000e-01	1.57925578e-02	1.42547398e-04
3.93000000e-01	1.57064797e-02	1.42095067e-04
3.94000000e-01	1.56455471e-02	1.41272442e-04
3.95000000e-01	1.57543935e-02	1.41851395e-04
3.96000000e-01	1.56886862e-02	1.41862739e-04
3.97000000e-01	1.56633542e-02	1.41256497e-04
3.98000000e-01	1.57287554e-02	1.41977202e-04
3.99000000e-01	1.55947714e-02	1.40881770e-04
4.00000000e-01	1.56444512e-02	1.41333915e-04
4.01000000e-01	1.56777409e-02	1.41541154e-04
4.02000000e-01	1.56387327e-02	1.41279054e-04
4.03000000e-01	1.56010360e-02	1.40591525e-04
4.04000000e-01	1.55073685e-02	1.40357671e-04
4.05000000e-01	1.55527116e-02	1.40242243e-04
4.06000000e-01	1.55706290e-02	1.40605581e-04
4.07000000e-01	1.55041830e-02	1.39870546e-04
4.08000000e-01	1.55852496e-02	1.40667023e-04
4.09000000e-01	1.53981054e-02	1.38426899e-04
4.10000000e-01	1.53043118e-02	1.38248423e-04
4.11000000e-01	1.54544648e-02	1.39281334e-04
4.12000000e-01	1.55050585e-02	1.39571360e-04
4.13000000e-01	1.53262420e-02	1.38254866e-04
4.14000000e-01	1.55515886e-02	1.39314010e-04
4.15000000e-01	1.55400455e-02	1.39635246e-04
4.16000000e-01	1.54597982e-02	1.39291030e-04
4.17000000e-01	1.53594179e-02	1.37926672e-04
4.18000000e-01	1.53527968e-02	1.39563417e-04
4.19000000e-01	1.55885834e-02	1.43824867e-04
4.20000000e-01	1.54353679e-02	1.42444818e-04
4.21000000e-01	1.53953729e-02	1.43209034e-04
4.22000000e-01	1.55921047e-02	1.45002117e-04
4.23000000e-01	1.54532416e-02	1.44300000e-04
4.24000000e-01	1.55320594e-02	1.45561301e-04
4.25000000e-01	1.55074937e-02	1.45337722e-04
4.26000000e-01	1.54025211e-02	1.44417025e-04
4.27000000e-01	1.53649822e-02	1.44143561e-04
4.28000000e-01	1.53587642e-02	1.45038144e-04
4.29000000e-01	1.53315415e-02	1.44499561e-04
4.30000000e-01	1.55068398e-02	1.46026103e-04
4.31000000e-01	1.53678848e-02	1.44756025e-04
4.32000000e-01	1.54626045e-02	1.45382168e-04
4.33000000e-01	1.53883417e-02	1.44598859e-04
4.34000000e-01	1.52123132e-02	1.43268441e-04
4.35000000e-01	1.53298277e-02	1.45216031e-04
4.36000000e-01	1.54292693e-02	1.45836638e-04
4.37000000e-01	1.54008421e-02	1.45624566e-04
4.38000000e-01	1.53131288e-02	1.45551933e-04
4.39000000e-01	1.52299107e-02	1.44712772e-04
4.40000000e-01	1.53202284e-02	1.45741974e-04
4.41000000e-01	1.52706656e-02	1.45537119e-04
4.42000000e-01	1.52121843e-02	1.45268498e-04
4.43000000e-01	1.53752164e-02	1.46230001e-04
4.44000000e-01	1.52100513e-02	1.45386602e-04
4.45000000e-01	1.51039518e-02	1.44567747e-04
4.46000000e-01	1.51797136e-02	1.45301353e-04
4.47000000e-01	1.52604869e-02	1.46473610e-04
4.48000000e-01	1.52158736e-02	1.45882023e-04
4.49000000e-01	1.51999529e-02	1.45912793e-04
4.50000000e-01	1.50916079e-02	1.45359465e-04
4.51000000e-01	1.52389884e-02	1.46535262e-04
4.52000000e-01	1.52127853e-02	1.46850195e-04
4.53000000e-01	1.52641234e-02	1.47508211e-04
4.54000000e-01	1.51205496e-02	1.46329102e-04
4.55000000e-01	1.53202815e-02	1.48035257e-04
4.56000000e-01	1.51660989e-02	1.46810572e-04
4.57000000e-01	1.50444808e-02	1.45671063e-04
4.58000000e-01	1.51562222e-02	1.47106765e-04
4.59000000e-01	1.51042174e-02	1.46394627e-04
4.60000000e-01	1.50797786e-02	1.46571061e-04
4.61000000e-01	1.50466993e-02	1.46216163e-04
4.62000000e-01	1.50550239e-02	1.46554717e-04
4.63000000e-01	1.51129141e-02	1.46750477e-04
4.64000000e-01	1.50586130e-02	1.46808928e-04
4.65000000e-01	1.51246554e-02	1.47086401e-04
4.66000000e-01	1.49411557e-02	1.45604912e-04
4.67000000e-01	1.50900496e-02	1.46896462e-04
4.68000000e-01	1.50261305e-02	1.46560710e-04
4.69000000e-01	1.51115066e-02	1.47794625e-04
4.70000000e-01	1.49788052e-02	1.46563629e-04
4.71000000e-01	1.49672693e-02	1.46047249e-04
4.72000000e-01	1.50362470e-02	1.46726159e-04
4.73000000e-01	1.50784868e-02	1.47657283e-04
4.74000000e-01	1.50416683e-02	1.46622210e-04
4.75000000e-01	1.49702643e-02	1.46309314e-04
4.76000000e-01	1.49740597e-02	1.46061909e-04
4.77000000e-01	1.50451077e-02	1.47143055e-04
4.78000000e-01	1.48924039e-02	1.45887297e-04
4.79000000e-01	1.49545779e-02	1.45911790e-04
4.80000000e-01	1.48466525e-02	1.45430862e-04
4.81000000e-01	1.49901048e-02	1.46467050e-04
4.82000000e-01	1.48320980e-02	1.45010591e-04
4.83000000e-01	1.47976932e-02	1.45001621e-04
4.84000000e-01	1.48530967e-02	1.45697567e-04
4.85000000e-01	1.50803954e-02	1.47377611e-04
4.86000000e-01	1.48033925e-02	1.45160622e-04
4.87000000e-01	1.49179680e-02	1.46518133e-04
4.88000000e-01	1.47866478e-02	1.45340229e-04
4.89000000e-01	1.49288099e-02	1.46331291e-04
4.90000000e-01	1.48233142e-02	1.45691515e-04
4.91000000e-01	1.48546526e-02	1.46142273e-04
4.92000000e-01	1.48153419e-02	1.45918463e-04
4.93000000e-01	1.49138783e-02	1.46227663e-04
4.94000000e-01	1.48203137e-02	1.45963573e-04
4.95000000e-01	1.47638250e-02	1.46421266e-04
4.96000000e-01	1.48270520e-02	1.51739566e-04
4.97000000e-01	1.48846195e-02	1.54240076e-04
4.98000000e-01	1.46346545e-02	1.54776633e-04
4.99000000e-01	1.47627687e-02	1.58100958e-04
5.00000000e-01	1.47573763e-02	1.59181042e-04
5.01000000e-01	1.48635909e-02	1.61564569e-04
5.02000000e-01	1.48407114e-02	1.63388919e-04
5.03000000e-01	1.47646037e-02	1.64018342e-04
5.04000000e-01	1.47928694e-02	1.65433307e-04
5.05000000e-01	1.48558781e-02	1.63109024e-04
5.06000000e-01	1.49595920e-02	1.61201805e-04
5.07000000e-01	1.47664228e-02	1.57589943e-04
5.08000000e-01	1.46665869e-02	1.55585178e-04
5.09000000e-01	1.47356672e-02	1.55303263e-04
5.10000000e-01	1.46828273e-02	1.55198894e-04
5.11000000e-01	1.46688966e-02	1.54328824e-04
5.12000000e-01	1.47331337e-02	1.54594385e-04
5.13000000e-01	1.45456744e-02	1.52158130e-04
5.14000000e-01	1.46633499e-02	1.53141803e-04
5.15000000e-01	1.47515150e-02	1.53566254e-04
5.16000000e-01	1.46402726e-02	1.51939401e-04
5.17000000e-01	1.46283032e-02	1.52146534e-04
5.18000000e-01	1.46892789e-02	1.51856792e-04
5.19000000e-01	1.47271597e-02	1.51912431e-04
5.20000000e-01	1.47179033e-02	1.51195452e-04
5.21000000e-01	1.46157936e-02	1.50559701e-04
5.22000000e-01	1.45948520e-02	1.50259867e-04
5.23000000e-01	1.46388591e-02	1.50177365e-04
5.24000000e-01	1.45501425e-02	1.49356713e-04
5.25000000e-01	1.44989370e-02	1.49372713e-04
5.26000000e-01	1.45479384e-02	1.49867419e-04
5.27000000e-01	1.44573857e-02	1.48138261e-04
5.28000000e-01	1.45592251e-02	1.49682820e-04
5.29000000e-01	1.46117005e-02	1.50784746e-04
5.30000000e-01	1.44307812e-02	1.48619885e-04
5.31000000e-01	1.44125815e-02	1.48686305e-04
5.32000000e-01	1.44388857e-02	1.48695562e-04
5.33000000e-01	1.44657862e-02	1.48525718e-04
5.34000000e-01	1.44547522e-02	1.48788491e-04
5.35000000e-01	1.44544845e-02	1.48656552e-04
5.36000000e-01	1.45319990e-02	1.49183363e-04
5.37000000e-01	1.43454087e-02	1.47980823e-04
5.38000000e-01	1.44597532e-02	1.48322027e-04
5.39000000e-01	1.44885971e-02	1.48916935e-04
5.40000000e-01	1.43991367e-02	1.48384150e-04
5.41000000e-01	1.44301352e-02	1.48624278e-04
5.42000000e-01	1.44385817e-02	1.48872571e-04
5.43000000e-01	1.42798161e-02	1.47257866e-04
5.44000000e-01	1.43985617e-02	1.48278063e-04
5.45000000e-01	1.43317909e-02	1.47651211e-04
5.46000000e-01	1.43595184e-02	1.47291256e-04
5.47000000e-01	1.44369039e-02	1.48670167e-04
5.48000000e-01	1.43413351e-02	1.47681181e-04
5.49000000e-01	1.44282219e-02	1.48385056e-04
5.50000000e-01	1.41876137e-02	1.46166502e-04
5.51000000e-01	1.43966910e-02	1.47131704e-04
5.52000000e-01	1.42018032e-02	1.45300180e-04
5.53000000e-01	1.42346515e-02	1.45668062e-04
5.54000000e-01	1.43730016e-02	1.46816976e-04
5.55000000e-01	1.42783692e-02	1.46071453e-04
5.56000000e-01	1.43800798e-02	1.46858177e-04
5.57000000e-01	1.42968455e-02	1.46210528e-04
5.58000000e-01	1.42401808e-02	1.45474659e-04
5.59000000e-01	1.42546799e-02	1.45333863e-04
5.60000000e-01	1.41202871e-02	1.44704103e-04
5.61000000e-01	1.42657295e-02	1.45832578e-04
5.62000000e-01	1.41552774e-02	1.44963454e-04
5.63000000e-01	1.41678070e-02	1.44989497e-04
5.64000000e-01	1.40796687e-02	1.43772922e-04
5.65000000e-01	1.41641024e-02	1.45002583e-04
5.66000000e-01	1.42030003e-02	1.45210086e-04
5.67000000e-01	1.41828190e-02	1.45547508e-04
5.68000000e-01	1.41404712e-02	1.44366890e-04
5.69000000e-01	1.41745718e-02	1.44678172e-04
5.70000000e-01	1.40246821e-02	1.43320726e-04
5.71000000e-01	1.41942705e-02	1.45163476e-04
5.72000000e-01	1.40386913e-02	1.43867563e-04
5.73000000e-01	1.40835733e-02	1.44366291e-04
5.74000000e-01	1.42047092e-02	1.45252345e-04
5.75000000e-01	1.40347835e-02	1.43776444e-04
5.76000000e-01	1.39865691e-02	1.43464691e-04
5.77000000e-01	1.39865642e-02	1.43054829e-04
5.78000000e-01	1.39415409e-02	1.43255363e-04
5.79000000e-01	1.40635285e-02	1.43984909e-04
5.80000000e-01	1.39485563e-02	1.43650407e-04
5.81000000e-01	1.40136292e-02	1.43699979e-04
5.82000000e-01	1.40535225e-02	1.43882828e-04
5.83000000e-01	1.40863675e-02	1.44082695e-04
5.84000000e-01	1.39899049e-02	1.43682232e-04
5.85000000e-01	1.38103493e-02	1.41860106e-04
5.86000000e-01	1.39714530e-02	1.43504065e-04
5.87000000e-01	1.39574093e-02	1.43276507e-04
5.88000000e-01	1.37189632e-02	1.41166551e-04
5.89000000e-01	1.38492539e-02	1.42391915e-04
5.90000000e-01	1.38580814e-02	1.42927643e-04
5.91000000e-01	1.39127920e-02	1.43073341e-04
5.92000000e-01	1.40067943e-02	1.43568754e-04
5.93000000e-01	1.38583497e-02	1.42757533e-04
5.94000000e-01	1.39827410e-02	1.43723022e-04
5.95000000e-01	1.38501077e-02	1.42730079e-04
5.96000000e-01	1.39150533e-02	1.43440014e-04
5.97000000e-01	1.38168654e-02	1.42767778e-04
5.98000000e-01	1.39577560e-02	1.43838871e-04
5.99000000e-01	1.39263389e-02	1.42919305e-04
6.00000000e-01	1.38534161e-02	1.42421851e-04
6.01000000e-01	1.38923991e-02	1.42994329e-04
6.02000000e-01	1.38748872e-02	1.42854477e-04
6.03000000e-01	1.38272227e-02	1.42114172e-04
6.04000000e-01	1.39515662e-02	1.43495612e-04
6.05000000e-01	1.37191279e-02	1.41372414e-04
6.06000000e-01	1.37858935e-02	1.42041064e-04
6.07000000e-01	1.37058554e-02	1.41309841e-04
6.08000000e-01	1.37625632e-02	1.42154219e-04
6.09000000e-01	1.37917518e-02	1.42425737e-04
6.10000000e-01	1.39259079e-02	1.43711618e-04
6.11000000e-01	1.37925075e-02	1.41958860e-04
6.12000000e-01	1.37733771e-02	1.41938404e-04
6.13000000e-01	1.37178349e-02	1.41513603e-04
6.14000000e-01	1.35179177e-02	1.39866077e-04
6.15000000e-01	1.38002759e-02	1.42190251e-04
6.16000000e-01	1.37259436e-02	1.41927978e-04
6.17000000e-01	1.37309120e-02	1.42174277e-04
6.18000000e-01	1.37129084e-02	1.41804484e-04
6.19000000e-01	1.36448277e-02	1.40651141e-04
6.20000000e-01	1.37997765e-02	1.41822558e-04
6.21000000e-01	1.37823606e-02	1.41519225e-04
6.22000000e-01	1.36604570e-02	1.40151234e-04
6.23000000e-01	1.36618198e-02	1.40352047e-04
6.24000000e-01	1.36660921e-02	1.40183402e-04
6.25000000e-01	1.36778884e-02	1.40408945e-04
6.26000000e-01	1.36348655e-02	1.39645897e-04
6.27000000e-01	1.36006881e-02	1.40070929e-04
6.28000000e-01	1.36590383e-02	1.40080924e-04
6.29000000e-01	1.36760410e-02	1.40167033e-04
6.30000000e-01	1.35474593e-02	1.39381564e-04
6.31000000e-01	1.36675085e-02	1.39686971e-04
6.32000000e-01	1.35109949e-02	1.38368890e-04
6.33000000e-01	1.35223274e-02	1.38558351e-04
6.34000000e-01	1.35522915e-02	1.42471845e-04
6.35000000e-01	1.35817041e-02	1.46543999e-04
6.36000000e-01	1.36470707e-02	1.50155384e-04
6.37000000e-01	1.35879565e-02	1.51489340e-04
6.38000000e-01	1.36617729e-02	1.55040005e-04
6.39000000e-01	1.36149064e-02	1.56377730e-04
6.40000000e-01	1.37954111e-02	1.59997449e-04
6.41000000e-01	1.36903695e-02	1.60767821e-04
6.42000000e-01	1.36284691e-02	1.61646080e-04
6.43000000e-01	1.37503035e-02	1.63318912e-04
6.44000000e-01	1.37410701e-02	1.57107538e-04
6.45000000e-01	1.37858480e-02	1.54963267e-04
6.46000000e-01	1.38292716e-02	1.54438726e-04
6.47000000e-01	1.36099872e-02	1.51437694e-04
6.48000000e-01	1.34931274e-02	1.49011548e-04
6.49000000e-01	1.36772589e-02	1.50498973e-04
6.50000000e-01	1.35761700e-02	1.48055408e-04
6.51000000e-01	1.37213126e-02	1.49068335e-04
6.52000000e-01	1.36933714e-02	1.48249583e-04
6.53000000e-01	1.35314516e-02	1.46015345e-04
6.54000000e-01	1.35851151e-02	1.46370115e-04
6.55000000e-01	1.35550708e-02	1.45836530e-04
6.56000000e-01	1.36597788e-02	1.46547427e-04
6.57000000e-01	1.35434514e-02	1.44985332e-04
6.58000000e-01	1.35669441e-02	1.44904391e-04
6.59000000e-01	1.36233989e-02	1.45925033e-04
6.60000000e-01	1.35263717e-02	1.44984089e-04
6.61000000e-01	1.36023389e-02	1.44764881e-04
6.62000000e-01	1.35236189e-02	1.44219640e-04
6.63000000e-01	1.35119849e-02	1.44153397e-04
6.64000000e-01	1.34977977e-02	1.43685245e-04
6.65000000e-01	1.35109551e-02	1.44256246e-04
6.66000000e-01	1.35374315e-02	1.44489215e-04
6.67000000e-01	1.35458430e-02	1.44388530e-04
6.68000000e-01	1.34033364e-02	1.42649460e-04
6.69000000e-01	1.35068635e-02	1.43711220e-04
6.70000000e-01	1.35390690e-02	1.43873725e-04
6.71000000e-01	1.36345896e-02	1.45134783e-04
6.72000000e-01	1.34639511e-02	1.42922153e-04
6.73000000e-01	1.35264151e-02	1.43718621e-04
6.74000000e-01	1.35114771e-02	1.42952582e-04
6.75000000e-01	1.35064208e-02	1.43728044e-04
6.76000000e-01	1.34109380e-02	1.42901388e-04
6.77000000e-01	1.32899795e-02	1.41084838e-04
6.78000000e-01	1.34955631e-02	1.43114203e-04
6.79000000e-01	1.33737635e-02	1.41951954e-04
6.80000000e-01	1.33394838e-02	1.41589835e-04
6.81000000e-01	1.34227343e-02	1.42564941e-04
6.82000000e-01	1.34757894e-02	1.42507094e-04
6.83000000e-01	1.34501698e-02	1.42270542e-04
6.84000000e-01	1.34543628e-02	1.42490660e-04
6.85000000e-01	1.33910197e-02	1.42138007e-04
6.86000000e-01	1.33302944e-02	1.41561183e-04
6.87000000e-01	1.33798677e-02	1.41573532e-04
6.88000000e-01	1.34045518e-02	1.41900363e-04
6.89000000e-01	1.33739670e-02	1.41841947e-04
6.90000000e-01	1.34372281e-02	1.41374907e-04
6.91000000e-01	1.32020296e-02	1.40168857e-04
6.92000000e-01	1.32900387e-02	1.40456533e-04
6.93000000e-01	1.31662596e-02	1.39543648e-04
6.94000000e-01	1.33584708e-02	1.41288444e-04
6.95000000e-01	1.33969555e-02	1.41503203e-04
6.96000000e-01	1.32787423e-02	1.40746956e-04
6.97000000e-01	1.34328203e-02	1.42327264e-04
6.98000000e-01	1.33518368e-02	1.40797417e-04
6.99000000e-01	1.32078840e-02	1.39693953e-04
7.00000000e-01	1.32620134e-02	1.39966856e-04
7.01000000e-01	1.30983570e-02	1.38951798e-04
7.02000000e-01	1.33790303e-02	1.41512093e-04
7.03000000e-01	1.32109972e-02	1.40020506e-04
7.04000000e-01	1.31776939e-02	1.39865101e-04
7.05000000e-01	1.31363477e-02	1.39185528e-04
7.06000000e-01	1.32631026e-02	1.40742981e-04
7.07000000e-01	1.31255730e-02	1.38722655e-04
7.08000000e-01	1.31482208e-02	1.38775135e-04
7.09000000e-01	1.32444363e-02	1.40225880e-04
7.10000000e-01	1.30814204e-02	1.38352408e-04
7.11000000e-01	1.30597840e-02	1.38207858e-04
7.12000000e-01	1.31007113e-02	1.39119683e-04
7.13000000e-01	1.29958230e-02	1.37669281e-04
7.14000000e-01	1.31067952e-02	1.38659624e-04
7.15000000e-01	1.31346770e-02	1.38908264e-04
7.16000000e-01	1.29284497e-02	1.36816151e-04
7.17000000e-01	1.31468578e-02	1.39211095e-04
7.18000000e-01	1.30795079e-02	1.38274192e-04
7.19000000e-01	1.30345127e-02	1.37713458e-04
7.20000000e-01	1.30218866e-02	1.37537486e-04
7.21000000e-01	1.31129819e-02	1.38886323e-04
7.22000000e-01	1.28150812e-02	1.35626279e-04
7.23000000e-01	1.31048324e-02	1.38306207e-04
7.24000000e-01	1.29998479e-02	1.37906987e-04
7.25000000e-01	1.29330551e-02	1.36742337e-04
7.26000000e-01	1.28586237e-02	1.36562903e-04
7.27000000e-01	1.28323664e-02	1.35837931e-04
7.28000000e-01	1.28653459e-02	1.36180173e-04
7.29000000e-01	1.28914583e-02	1.35936701e-04
7.30000000e-01	1.29361006e-02	1.36998188e-04
7.31000000e-01	1.29645714e-02	1.36803349e-04
7.32000000e-01	1.28405819e-02	1.36106055e-04
7.33000000e-01	1.27954589e-02	1.35586156e-04
7.34000000e-01	1.28502699e-02	1.36023973e-04
7.35000000e-01	1.28953549e-02	1.36124853e-04
7.36000000e-01	1.28578669e-02	1.35295948e-04
7.37000000e-01	1.28908924e-02	1.35411946e-04
7.38000000e-01	1.28214937e-02	1.34526693e-04
7.39000000e-01	1.28485701e-02	1.34939376e-04
7.40000000e-01	1.28763571e-02	1.35006258e-04
7.41000000e-01	1.27940792e-02	1.34208715e-04
7.42000000e-01	1.27305473e-02	1.33723164e-04
7.43000000e-01	1.28108431e-02	1.34073524e-04
7.44000000e-01	1.26286569e-02	1.32207014e-04
7.45000000e-01	1.28942891e-02	1.34561279e-04
7.46000000e-01	1.27410689e-02	1.32893534e-04
7.47000000e-01	1.27685739e-02	1.34145645e-04
7.48000000e-01	1.28635209e-02	1.34749705e-04
7.49000000e-01	1.27142876e-02	1.33613755e-04
7.50000000e-01	1.27885770e-02	1.33876084e-04
7.51000000e-01	1.26694511e-02	1.32409199e-04
7.52000000e-01	1.27597429e-02	1.33873193e-04
7.53000000e-01	1.27581675e-02	1.33747142e-04
7.54000000e-01	1.26918074e-02	1.33030801e-04
7.55000000e-01	1.27640957e-02	1.33970646e-04
7.56000000e-01	1.27285783e-02	1.33701286e-04
7.57000000e-01	1.26253932e-02	1.32530390e-04
7.58000000e-01	1.26675231e-02	1.32743320e-04
7.59000000e-01	1.26753276e-02	1.33096267e-04
7.60000000e-01	1.25057833e-02	1.31018317e-04
7.61000000e-01	1.25845314e-02	1.31560069e-04
7.62000000e-01	1.25333505e-02	1.30897014e-04
7.63000000e-01	1.26980711e-02	1.32583082e-04
7.64000000e-01	1.25221532e-02	1.30611856e-04
7.65000000e-01	1.25724858e-02	1.31226874e-04
7.66000000e-01	1.25618667e-02	1.30864412e-04
7.67000000e-01	1.25004435e-02	1.30081765e-04
7.68000000e-01	1.24883875e-02	1.30026665e-04
7.69000000e-01	1.25983875e-02	1.31430592e-04
7.70000000e-01	1.25389841e-02	1.30644759e-04
7.71000000e-01	1.24810245e-02	1.30183723e-04
7.72000000e-01	1.24945946e-02	1.33877837e-04
7.73000000e-01	1.25877140e-02	1.39199318e-04
7.74000000e-01	1.23767734e-02	1.40152229e-04
7.75000000e-01	1.25589955e-02	1.44270784e-04
7.76000000e-01	1.24977812e-02	1.45906575e-04
7.77000000e-01	1.24941447e-02	1.47839852e-04
7.78000000e-01	1.26260041e-02	1.51092833e-04
7.79000000e-01	1.26004847e-02	1.52569956e-04
7.80000000e-01	1.23996375e-02	1.52140897e-04
7.81000000e-01	1.24334922e-02	1.54943047e-04
7.82000000e-01	1.24316628e-02	1.55917368e-04
7.83000000e-01	1.23428895e-02	1.57539347e-04
7.84000000e-01	1.24442468e-02	1.59245146e-04
7.85000000e-01	1.22966215e-02	1.59449645e-04
7.86000000e-01	1.22906839e-02	1.61492512e-04
7.87000000e-01	1.25338426e-02	1.65561418e-04
7.88000000e-01	1.23027946e-02	1.65280662e-04
7.89000000e-01	1.22697039e-02	1.65918933e-04
7.90000000e-01	1.24981433e-02	1.70330181e-04
7.91000000e-01	1.24373261e-02	1.71918052e-04
7.92000000e-01	1.22871878e-02	1.70827287e-04
7.93000000e-01	1.23404000e-02	1.72944757e-04
7.94000000e-01	1.22727593e-02	1.74274589e-04
7.95000000e-01	1.22486227e-02	1.75947896e-04
7.96000000e-01	1.23035542e-02	1.78422639e-04
7.97000000e-01	1.21057974e-02	1.77571544e-04
7.98000000e-01	1.22890450e-02	1.81753841e-04
7.99000000e-01	1.21305229e-02	1.81868945e-04
8.00000000e-01	1.22095922e-02	1.83658104e-04
8.01000000e-01	1.21291443e-02	1.85562744e-04
8.02000000e-01	1.21454168e-02	1.86427755e-04
8.03000000e-01	1.20484909e-02	1.87823325e-04
8.04000000e-01	1.22330666e-02	1.92013606e-04
8.05000000e-01	1.19659817e-02	1.91797501e-04
8.06000000e-01	1.22140322e-02	1.97193711e-04
8.07000000e-01	1.21049170e-02	1.96989593e-04
8.08000000e-01	1.20725382e-02	1.99052950e-04
8.09000000e-01	1.18495854e-02	1.97513434e-04
8.10000000e-01	1.22149077e-02	2.04177926e-04
8.11000000e-01	1.21649808e-02	2.06115542e-04
8.12000000e-01	1.20606155e-02	2.07413212e-04
8.13000000e-01	1.21239554e-02	2.11067670e-04
8.14000000e-01	1.21874393e-02	2.13447283e-04
8.15000000e-01	1.20502962e-02	2.14518058e-04
8.16000000e-01	1.21251557e-02	2.17977127e-04
8.17000000e-01	1.21119765e-02	2.20603320e-04
8.18000000e-01	1.21190199e-02	2.24139791e-04
8.19000000e-01	1.20225534e-02	2.24599638e-04
8.20000000e-01	1.21060490e-02	2.31291795e-04
8.21000000e-01	1.18726327e-02	2.27838176e-04
8.22000000e-01	1.20112038e-02	2.33518375e-04
8.23000000e-01	1.17517279e-02	2.32760235e-04
8.24000000e-01	1.18932761e-02	2.38111929e-04
8.25000000e-01	1.20995195e-02	2.44935985e-04
8.26000000e-01	1.18576894e-02	2.44147391e-04
8.27000000e-01	1.18560866e-02	2.47403178e-04
8.28000000e-01	1.16249566e-02	2.47258836e-04
8.29000000e-01	1.16662550e-02	2.53785866e-04
8.30000000e-01	1.15567944e-02	2.54374814e-04
8.31000000e-01	1.17171908e-02	2.60903295e-04
8.32000000e-01	1.14639056e-02	2.61460775e-04
8.33000000e-01	1.18140528e-02	2.72451465e-04
8.34000000e-01	1.15885547e-02	2.71341890e-04
8.35000000e-01	1.14313313e-02	2.73902820e-04
8.36000000e-01	1.12782901e-02	2.76450971e-04
8.37000000e-01	1.18312308e-02	2.93302794e-04
8.38000000e-01	1.14732931e-02	2.89215887e-04
8.39000000e-01	1.15205026e-02	2.96742432e-04
8.40000000e-01	1.18524127e-02	3.09223675e-04
8.41000000e-01	1.14171183e-02	3.10222319e-04
8.42000000e-01	1.16095548e-02	3.20765514e-04
8.43000000e-01	1.14714882e-02	3.25197852e-04
8.44000000e-01	1.17408811e-02	3.37552117e-04
8.45000000e-01	1.19221597e-02	3.55666040e-04
8.46000000e-01	1.16477413e-02	3.56367862e-04
8.47000000e-01	1.16214847e-02	3.67851937e-04
8.48000000e-01	1.15609907e-02	3.73830414e-04
8.49000000e-01	1.14151369e-02	3.81211623e-04
8.50000000e-01	1.12242104e-02	3.86570312e-04
8.51000000e-01	1.17553815e-02	4.22898216e-04
8.52000000e-01	1.17153326e-02	4.33200392e-04
8.53000000e-01	1.12316488e-02	4.35283890e-04
8.54000000e-01	1.13669936e-02	4.60546098e-04
8.55000000e-01	1.10243239e-02	4.63099932e-04
8.56000000e-01	1.19705448e-02	5.12826701e-04
8.57000000e-01	1.10645306e-02	4.92938224e-04
8.58000000e-01	1.14413171e-02	5.27738172e-04
8.59000000e-01	1.13837705e-02	5.38998600e-04
8.60000000e-01	1.13267870e-02	5.56577865e-04
8.61000000e-01	1.14645545e-02	5.68672280e-04
8.62000000e-01	1.12150569e-02	5.83914680e-04
8.63000000e-01	1.17027050e-02	6.29129512e-04
8.64000000e-01	1.07829566e-02	6.14422115e-04
8.65000000e-01	1.13220757e-02	6.75622411e-04
8.66000000e-01	1.05787539e-02	6.72424731e-04
8.67000000e-01	1.13863477e-02	7.64060868e-04
8.68000000e-01	1.16295205e-02	8.32269092e-04
8.69000000e-01	1.14721023e-02	8.66049454e-04
8.70000000e-01	1.10250353e-02	9.02772981e-04
8.71000000e-01	1.27503845e-02	1.14105419e-03
8.72000000e-01	1.08656206e-02	1.14300281e-03
8.73000000e-01	1.23536107e-02	1.48032190e-03
8.74000000e-01	1.30026933e-02	2.02450414e-03
8.75000000e-01	1.36676492e-02	4.35572697e-03
