% Filename : SEC7_00039_00030.h5
% Date & Time : 30-Oct-2025 17:49:11
% X-ray Energy (keV) : 13.30001
% Exposure Time (s) : 0.500
% Beam Center : 1461.24000, 208.98300
% Sample to Detector Distance (SDD) (mm) : 1990.750
% Detector Pixel Size (mm) : 0.075
% Photodiode Value : 141620.000
% I0 of Sample : 0
% I0 of Standard : 1
% 
% q(A^-1)   I(q)    I(q)_SE
0.00000000e+00	8.93002054e-03	4.94083210e-03
2.50000000e-04	0.00000000e+00	0.00000000e+00
5.00000000e-04	0.00000000e+00	0.00000000e+00
7.50000000e-04	0.00000000e+00	0.00000000e+00
1.00000000e-03	0.00000000e+00	0.00000000e+00
1.25000000e-03	0.00000000e+00	0.00000000e+00
1.50000000e-03	0.00000000e+00	0.00000000e+00
1.75000000e-03	0.00000000e+00	0.00000000e+00
2.00000000e-03	0.00000000e+00	0.00000000e+00
2.25000000e-03	0.00000000e+00	0.00000000e+00
2.50000000e-03	0.00000000e+00	0.00000000e+00
2.75000000e-03	0.00000000e+00	0.00000000e+00
3.00000000e-03	0.00000000e+00	0.00000000e+00
3.25000000e-03	1.89130047e+02	1.12101218e+02
3.50000000e-03	9.17247212e+01	2.35464210e+01
3.75000000e-03	6.54711175e+01	1.50627401e+01
4.00000000e-03	4.92538603e+01	1.08432966e+01
4.25000000e-03	3.38891930e+01	6.13365885e+00
4.50000000e-03	3.80454167e+01	6.13647755e+00
4.75000000e-03	3.38173603e+01	4.90712716e+00
5.00000000e-03	2.67892569e+01	3.63634716e+00
5.25000000e-03	2.14808027e+01	2.85353218e+00
5.50000000e-03	1.73297872e+01	2.22382620e+00
5.75000000e-03	1.49086959e+01	1.84131687e+00
6.00000000e-03	1.22998797e+01	1.46589077e+00
6.25000000e-03	1.05423137e+01	1.22044254e+00
6.50000000e-03	9.01304168e+00	1.02495371e+00
6.75000000e-03	7.81168944e+00	8.80442955e-01
7.00000000e-03	6.94054520e+00	7.53822724e-01
7.25000000e-03	5.90874432e+00	6.29512089e-01
7.50000000e-03	5.03506100e+00	5.27625459e-01
7.75000000e-03	4.44126856e+00	4.54688344e-01
8.00000000e-03	4.06843741e+00	4.14967568e-01
8.25000000e-03	3.54353627e+00	3.46049142e-01
8.50000000e-03	3.17818406e+00	3.04676800e-01
8.75000000e-03	2.91227605e+00	2.77112595e-01
9.00000000e-03	2.60002590e+00	2.46664540e-01
9.25000000e-03	2.33037880e+00	2.14588225e-01
9.50000000e-03	2.11558075e+00	1.90450748e-01
9.75000000e-03	1.92218047e+00	1.70950916e-01
1.00000000e-02	1.73198012e+00	1.52139731e-01
1.02500000e-02	1.57553030e+00	1.36216988e-01
1.05000000e-02	1.45778048e+00	1.19869699e-01
1.07500000e-02	1.34839269e+00	1.11233381e-01
1.10000000e-02	1.23643905e+00	9.87142419e-02
1.12500000e-02	1.13040868e+00	9.21421197e-02
1.15000000e-02	1.04728363e+00	8.51468941e-02
1.17500000e-02	9.59044619e-01	7.53628330e-02
1.20000000e-02	9.01603452e-01	7.00558955e-02
1.22500000e-02	8.36884920e-01	6.41967552e-02
1.25000000e-02	7.88723359e-01	5.97924983e-02
1.27500000e-02	7.48609784e-01	5.61118594e-02
1.30000000e-02	6.88971998e-01	5.02956652e-02
1.32500000e-02	6.37609614e-01	4.56911565e-02
1.35000000e-02	5.94378446e-01	4.28771182e-02
1.37500000e-02	5.66120935e-01	4.01081241e-02
1.40000000e-02	5.21048784e-01	3.61177662e-02
1.42500000e-02	4.88267130e-01	3.33544093e-02
1.45000000e-02	4.66558634e-01	3.16553631e-02
1.47500000e-02	4.32924716e-01	2.94401391e-02
1.50000000e-02	4.11787007e-01	2.74850919e-02
1.52500000e-02	3.86767670e-01	2.56368614e-02
1.55000000e-02	3.67304216e-01	2.39392242e-02
1.57500000e-02	3.42035604e-01	2.19941732e-02
1.60000000e-02	3.25959687e-01	2.07028169e-02
1.62500000e-02	3.10038251e-01	1.98317696e-02
1.65000000e-02	2.91249917e-01	1.82965171e-02
1.67500000e-02	2.76952585e-01	1.70712454e-02
1.70000000e-02	2.69139586e-01	1.65902625e-02
1.72500000e-02	2.52177442e-01	1.53907839e-02
1.75000000e-02	2.41205547e-01	1.47944109e-02
1.77500000e-02	2.29800971e-01	1.36191106e-02
1.80000000e-02	2.18562467e-01	1.30402701e-02
1.82500000e-02	2.06093254e-01	1.17900723e-02
1.85000000e-02	1.99776496e-01	1.17587354e-02
1.87500000e-02	1.87474606e-01	1.07813277e-02
1.90000000e-02	1.78070434e-01	1.01854358e-02
1.92500000e-02	1.67089315e-01	9.24088038e-03
1.95000000e-02	1.60818023e-01	8.98329427e-03
1.97500000e-02	1.53862172e-01	8.59393699e-03
2.00000000e-02	1.47377343e-01	8.10661070e-03
2.02500000e-02	1.43086652e-01	7.80037752e-03
2.05000000e-02	1.37234483e-01	7.26376333e-03
2.07500000e-02	1.32635968e-01	7.03803443e-03
2.10000000e-02	1.27285558e-01	6.80693028e-03
2.12500000e-02	1.21186352e-01	6.47481982e-03
2.15000000e-02	1.17602019e-01	6.21589000e-03
2.17500000e-02	1.15068954e-01	6.08964842e-03
2.20000000e-02	1.09764921e-01	5.81390711e-03
2.22500000e-02	1.07066231e-01	5.61397413e-03
2.25000000e-02	1.04263869e-01	5.48874511e-03
2.27500000e-02	9.89678482e-02	5.10565249e-03
2.30000000e-02	9.92902749e-02	5.20227620e-03
2.32500000e-02	9.44224283e-02	4.87070375e-03
2.35000000e-02	9.31444770e-02	4.86560496e-03
2.37500000e-02	8.97472031e-02	4.63059413e-03
2.40000000e-02	8.75540329e-02	4.53280495e-03
2.42500000e-02	8.56053515e-02	4.36320936e-03
2.45000000e-02	8.09477412e-02	4.13664220e-03
2.47500000e-02	7.94585181e-02	3.99307752e-03
2.50000000e-02	7.80743239e-02	3.94602145e-03
2.52500000e-02	7.65595686e-02	3.86397216e-03
2.55000000e-02	7.49023817e-02	3.69972226e-03
2.57500000e-02	7.27035300e-02	3.61731310e-03
2.60000000e-02	7.03611912e-02	3.46977192e-03
2.62500000e-02	6.79955411e-02	3.40266361e-03
2.65000000e-02	6.75479860e-02	3.30171933e-03
2.67500000e-02	6.39243892e-02	3.11073782e-03
2.70000000e-02	6.46458793e-02	3.15534774e-03
2.72500000e-02	6.40500911e-02	3.10892985e-03
2.75000000e-02	6.27375389e-02	3.09220815e-03
2.77500000e-02	6.13291480e-02	3.01483716e-03
2.80000000e-02	6.06842767e-02	2.90709204e-03
2.82500000e-02	5.80517695e-02	2.76353783e-03
2.85000000e-02	5.71178369e-02	2.71693496e-03
2.87500000e-02	5.54473624e-02	2.64464497e-03
2.90000000e-02	5.55532410e-02	2.67329054e-03
2.92500000e-02	5.64746694e-02	2.62799328e-03
2.95000000e-02	5.42140005e-02	2.56132376e-03
2.97500000e-02	5.27153389e-02	2.47857679e-03
3.00000000e-02	5.15342207e-02	2.43402090e-03
3.02500000e-02	5.15555960e-02	2.43608000e-03
3.05000000e-02	5.00008482e-02	2.31189931e-03
3.07500000e-02	4.91827234e-02	2.29428670e-03
3.10000000e-02	4.89383613e-02	2.25727302e-03
3.12500000e-02	4.82257586e-02	2.24795077e-03
3.15000000e-02	4.63072633e-02	2.13207619e-03
3.17500000e-02	4.71715310e-02	2.13484475e-03
3.20000000e-02	4.67820482e-02	2.16549726e-03
3.22500000e-02	4.65507397e-02	2.13683181e-03
3.25000000e-02	4.55495691e-02	2.09407309e-03
3.27500000e-02	4.46528302e-02	2.02072760e-03
3.30000000e-02	4.38034682e-02	1.98769738e-03
3.32500000e-02	4.30916583e-02	1.93281452e-03
3.35000000e-02	4.19913221e-02	1.91556975e-03
3.37500000e-02	4.29535083e-02	1.92922367e-03
3.40000000e-02	4.16265502e-02	1.88110952e-03
3.42500000e-02	4.12985339e-02	1.84732728e-03
3.45000000e-02	4.00075248e-02	1.80629782e-03
3.47500000e-02	4.04217953e-02	1.80529508e-03
3.50000000e-02	3.90648760e-02	1.74197900e-03
3.52500000e-02	3.88331568e-02	1.73756468e-03
3.55000000e-02	3.87994436e-02	1.71861214e-03
3.57500000e-02	3.86814458e-02	1.72806191e-03
3.60000000e-02	3.69128346e-02	1.64977522e-03
3.62500000e-02	3.76318136e-02	1.66304722e-03
3.65000000e-02	3.68176997e-02	1.63653002e-03
3.67500000e-02	3.65170702e-02	1.61137528e-03
3.70000000e-02	3.63649897e-02	1.59262866e-03
3.72500000e-02	3.56849562e-02	1.56370331e-03
3.75000000e-02	3.62696856e-02	1.59188119e-03
3.77500000e-02	3.56780625e-02	1.56217560e-03
3.80000000e-02	3.47941754e-02	1.51028964e-03
3.82500000e-02	3.43781406e-02	1.48162356e-03
3.85000000e-02	3.37187873e-02	1.47300789e-03
3.87500000e-02	3.45132815e-02	1.49339841e-03
3.90000000e-02	3.36321662e-02	1.46363048e-03
3.92500000e-02	3.36692123e-02	1.43931832e-03
3.95000000e-02	3.25258173e-02	1.40415363e-03
3.97500000e-02	3.35727475e-02	1.43716604e-03
4.00000000e-02	3.32812095e-02	1.42034748e-03
4.02500000e-02	3.36538735e-02	1.45048123e-03
4.05000000e-02	3.16637604e-02	1.33758415e-03
4.07500000e-02	3.26576929e-02	1.38111504e-03
4.10000000e-02	3.27629448e-02	1.39571549e-03
4.12500000e-02	3.26488188e-02	1.37811243e-03
4.15000000e-02	3.20227729e-02	1.34406291e-03
4.17500000e-02	3.22043931e-02	1.34541863e-03
4.20000000e-02	3.13011514e-02	1.30542280e-03
4.22500000e-02	3.15782905e-02	1.31344264e-03
4.25000000e-02	3.15417098e-02	1.31726443e-03
4.27500000e-02	3.05005965e-02	1.26646323e-03
4.30000000e-02	3.04559613e-02	1.26070161e-03
4.32500000e-02	3.01329965e-02	1.24813750e-03
4.35000000e-02	3.00642059e-02	1.25258206e-03
4.37500000e-02	3.02133869e-02	1.24288632e-03
4.40000000e-02	3.03857949e-02	1.26488446e-03
4.42500000e-02	2.97584036e-02	1.22880460e-03
4.45000000e-02	2.91326839e-02	1.20123488e-03
4.47500000e-02	2.90914994e-02	1.19278851e-03
4.50000000e-02	2.92065912e-02	1.20397896e-03
4.52500000e-02	3.00052837e-02	1.21903230e-03
4.55000000e-02	2.90038360e-02	1.17586963e-03
4.57500000e-02	2.85905548e-02	1.16558961e-03
4.60000000e-02	2.82370840e-02	1.14052485e-03
4.62500000e-02	2.82185916e-02	1.14160593e-03
4.65000000e-02	2.83092627e-02	1.14278184e-03
4.67500000e-02	2.85033752e-02	1.13826842e-03
4.70000000e-02	2.71109182e-02	1.09810897e-03
4.72500000e-02	2.76352247e-02	1.11587345e-03
4.75000000e-02	2.78698436e-02	1.12259830e-03
4.77500000e-02	2.73707684e-02	1.09683459e-03
4.80000000e-02	2.76996075e-02	1.10861652e-03
4.82500000e-02	2.78246092e-02	1.09557615e-03
4.85000000e-02	2.73844797e-02	1.10381618e-03
4.87500000e-02	2.72681602e-02	1.08341202e-03
4.90000000e-02	2.66455869e-02	1.05277324e-03
4.92500000e-02	2.70228228e-02	1.06583122e-03
4.95000000e-02	2.71949713e-02	1.08141839e-03
4.97500000e-02	2.69535343e-02	1.06524063e-03
5.00000000e-02	2.60782812e-02	1.03555375e-03
5.02500000e-02	2.63591089e-02	1.03048049e-03
5.05000000e-02	2.69944176e-02	1.05496663e-03
5.07500000e-02	2.66421742e-02	1.04032474e-03
5.10000000e-02	2.68668897e-02	1.05666399e-03
5.12500000e-02	2.64327694e-02	1.03717440e-03
5.15000000e-02	2.61362184e-02	1.00880284e-03
5.17500000e-02	2.56247021e-02	1.00483448e-03
5.20000000e-02	2.59755351e-02	1.00970372e-03
5.22500000e-02	2.59895182e-02	1.01634000e-03
5.25000000e-02	2.60573699e-02	1.00445531e-03
5.27500000e-02	2.58842596e-02	1.00123723e-03
5.30000000e-02	2.62922242e-02	1.02745929e-03
5.32500000e-02	2.60331511e-02	9.96554424e-04
5.35000000e-02	2.53880502e-02	9.74449166e-04
5.37500000e-02	2.56718364e-02	9.82176239e-04
5.40000000e-02	2.56606795e-02	9.75557946e-04
5.42500000e-02	2.55929596e-02	9.78850574e-04
5.45000000e-02	2.48830985e-02	9.50348827e-04
5.47500000e-02	2.48710952e-02	9.47703708e-04
5.50000000e-02	2.54840027e-02	9.75841162e-04
5.52500000e-02	2.45204592e-02	9.34058301e-04
5.55000000e-02	2.49833803e-02	9.46741169e-04
5.57500000e-02	2.52539118e-02	9.55486335e-04
5.60000000e-02	2.56047295e-02	9.69395203e-04
5.62500000e-02	2.49602350e-02	9.44058171e-04
5.65000000e-02	2.42589497e-02	9.19358918e-04
5.67500000e-02	2.46890617e-02	9.31823410e-04
5.70000000e-02	2.43797361e-02	9.09359667e-04
5.72500000e-02	2.52604795e-02	9.44541993e-04
5.75000000e-02	2.41208249e-02	9.12325314e-04
5.77500000e-02	2.40216621e-02	8.90304581e-04
5.80000000e-02	2.39732679e-02	8.99474885e-04
5.82500000e-02	2.45415267e-02	9.14021871e-04
5.85000000e-02	2.37577971e-02	8.89794057e-04
5.87500000e-02	2.33092098e-02	8.71771335e-04
5.90000000e-02	2.40623745e-02	8.82932213e-04
5.92500000e-02	2.40753586e-02	8.87626404e-04
5.95000000e-02	2.40752003e-02	8.85545564e-04
5.97500000e-02	2.35842522e-02	8.78809800e-04
6.00000000e-02	2.37186597e-02	8.68521739e-04
6.02500000e-02	2.48054856e-02	9.06836864e-04
6.05000000e-02	2.37897414e-02	8.71112256e-04
6.07500000e-02	2.42016818e-02	8.85260958e-04
6.10000000e-02	2.34372386e-02	8.69230691e-04
6.12500000e-02	2.41778385e-02	8.76629305e-04
6.15000000e-02	2.35534511e-02	8.60667538e-04
6.17500000e-02	2.38034172e-02	8.66361574e-04
6.20000000e-02	2.28539083e-02	8.33401921e-04
6.22500000e-02	2.34878845e-02	8.52802186e-04
6.25000000e-02	2.25303483e-02	8.20958596e-04
6.27500000e-02	2.27568515e-02	8.22194883e-04
6.30000000e-02	2.29313732e-02	8.30149358e-04
6.32500000e-02	2.33846922e-02	8.43253435e-04
6.35000000e-02	2.33666246e-02	8.44239220e-04
6.37500000e-02	2.27661253e-02	8.25875761e-04
6.40000000e-02	2.28242211e-02	8.27872001e-04
6.42500000e-02	2.24187993e-02	8.03905912e-04
6.45000000e-02	2.35950129e-02	8.42625348e-04
6.47500000e-02	2.29256021e-02	8.22731970e-04
6.50000000e-02	2.27509031e-02	8.14645055e-04
6.52500000e-02	2.24445509e-02	8.05125040e-04
6.55000000e-02	2.24394085e-02	8.04910360e-04
6.57500000e-02	2.32900867e-02	8.28111432e-04
6.60000000e-02	2.30623400e-02	8.17543789e-04
6.62500000e-02	2.25194331e-02	8.00192183e-04
6.65000000e-02	2.28139347e-02	8.02533582e-04
6.67500000e-02	2.27675429e-02	8.07179071e-04
6.70000000e-02	2.27049653e-02	8.01502895e-04
6.72500000e-02	2.22608944e-02	7.86245180e-04
6.75000000e-02	2.22403493e-02	7.85959524e-04
6.77500000e-02	2.27723301e-02	7.96051492e-04
6.80000000e-02	2.28770481e-02	8.06531887e-04
6.82500000e-02	2.19680371e-02	7.73363012e-04
6.85000000e-02	2.33005628e-02	8.18451025e-04
6.87500000e-02	2.22122344e-02	7.71399183e-04
6.90000000e-02	2.20803058e-02	7.70291137e-04
6.92500000e-02	2.28902368e-02	7.95728741e-04
6.95000000e-02	2.20331863e-02	7.73085111e-04
6.97500000e-02	2.18310411e-02	7.64325841e-04
7.00000000e-02	2.21251748e-02	7.65540621e-04
7.02500000e-02	2.22113634e-02	7.66979839e-04
7.05000000e-02	2.17465383e-02	7.47255635e-04
7.07500000e-02	2.22119216e-02	7.68584893e-04
7.10000000e-02	2.21069623e-02	7.61595915e-04
7.12500000e-02	2.20176029e-02	7.59574742e-04
7.15000000e-02	2.23122161e-02	7.68218870e-04
7.17500000e-02	2.21443248e-02	7.58961701e-04
7.20000000e-02	2.16914915e-02	7.46078686e-04
7.22500000e-02	2.23719467e-02	7.68417502e-04
7.25000000e-02	2.17797268e-02	7.44496364e-04
7.27500000e-02	2.17376059e-02	7.46993414e-04
7.30000000e-02	2.22230219e-02	7.56607204e-04
7.32500000e-02	2.14715750e-02	7.29063549e-04
7.35000000e-02	2.17880171e-02	7.41947512e-04
7.37500000e-02	2.16192239e-02	7.34996828e-04
7.40000000e-02	2.14996598e-02	7.30618553e-04
7.42500000e-02	2.15899556e-02	7.33347290e-04
7.45000000e-02	2.17258007e-02	7.40388440e-04
7.47500000e-02	2.15159033e-02	7.25288647e-04
7.50000000e-02	2.14545993e-02	7.27085167e-04
7.52500000e-02	2.21680921e-02	7.47078451e-04
7.55000000e-02	2.17961784e-02	7.33016809e-04
7.57500000e-02	2.19249066e-02	7.35877883e-04
7.60000000e-02	2.14707258e-02	7.22643617e-04
7.62500000e-02	2.15743108e-02	7.26714221e-04
7.65000000e-02	2.13771984e-02	7.12624890e-04
7.67500000e-02	2.18260643e-02	7.36697901e-04
7.70000000e-02	2.17908409e-02	7.32288085e-04
7.72500000e-02	2.16867218e-02	7.36067542e-04
7.75000000e-02	2.14434602e-02	7.33863567e-04
7.77500000e-02	2.17257615e-02	7.47600863e-04
7.80000000e-02	2.18186208e-02	7.51572213e-04
7.82500000e-02	2.11403353e-02	7.40617489e-04
7.85000000e-02	2.17964880e-02	7.69547481e-04
7.87500000e-02	2.18172101e-02	7.56379378e-04
7.90000000e-02	2.14722426e-02	7.60075220e-04
7.92500000e-02	2.23465591e-02	7.92836887e-04
7.95000000e-02	2.14815876e-02	7.59170899e-04
7.97500000e-02	2.12041741e-02	7.60867654e-04
8.00000000e-02	2.16421834e-02	7.63524026e-04
8.02500000e-02	2.18789254e-02	7.80500292e-04
8.05000000e-02	2.17565476e-02	7.71653374e-04
8.07500000e-02	2.20343068e-02	7.93652758e-04
8.10000000e-02	2.10363280e-02	7.53886476e-04
8.12500000e-02	2.08168185e-02	7.56275403e-04
8.15000000e-02	2.18820340e-02	7.79965585e-04
8.17500000e-02	2.15381572e-02	7.70642729e-04
8.20000000e-02	2.16504532e-02	7.85073348e-04
8.22500000e-02	2.13515177e-02	7.71883434e-04
8.25000000e-02	2.15363473e-02	7.79771498e-04
8.27500000e-02	2.07624931e-02	7.56149358e-04
8.30000000e-02	2.15540041e-02	7.82995248e-04
8.32500000e-02	2.12701178e-02	7.73711770e-04
8.35000000e-02	2.16336599e-02	7.93362080e-04
8.37500000e-02	2.10546546e-02	7.64434119e-04
8.40000000e-02	2.10505941e-02	7.69904685e-04
8.42500000e-02	2.12349181e-02	7.78903632e-04
8.45000000e-02	2.04258951e-02	7.66721987e-04
8.47500000e-02	2.08691094e-02	7.71459654e-04
8.50000000e-02	2.02541114e-02	7.38375268e-04
8.52500000e-02	2.11718128e-02	7.81318222e-04
8.55000000e-02	2.11390497e-02	7.67362831e-04
8.57500000e-02	2.12033586e-02	7.92981683e-04
8.60000000e-02	2.06899677e-02	7.64394915e-04
8.62500000e-02	2.08736751e-02	7.72101574e-04
8.65000000e-02	2.12290380e-02	7.78787223e-04
8.67500000e-02	2.11554153e-02	7.70595978e-04
8.70000000e-02	2.10708712e-02	7.68281512e-04
8.72500000e-02	2.08714346e-02	7.42690052e-04
8.75000000e-02	2.09717584e-02	7.33388320e-04
8.77500000e-02	2.14355070e-02	7.44466458e-04
8.80000000e-02	2.11043981e-02	7.38478374e-04
8.82500000e-02	2.09283175e-02	7.30980219e-04
8.85000000e-02	2.08844829e-02	7.29794167e-04
8.87500000e-02	2.11066702e-02	7.19751854e-04
8.90000000e-02	2.10282512e-02	7.23364938e-04
8.92500000e-02	2.13462839e-02	7.29040317e-04
8.95000000e-02	2.12445296e-02	7.23934892e-04
8.97500000e-02	2.09150599e-02	7.06586063e-04
9.00000000e-02	2.06832686e-02	6.92893577e-04
9.02500000e-02	2.11652054e-02	7.14510343e-04
9.05000000e-02	2.07275588e-02	7.02988486e-04
9.07500000e-02	2.12560660e-02	7.14869543e-04
9.10000000e-02	2.12312424e-02	7.10383433e-04
9.12500000e-02	2.10060327e-02	7.00232293e-04
9.15000000e-02	2.10508153e-02	7.03172941e-04
9.17500000e-02	2.08762094e-02	6.95364693e-04
9.20000000e-02	2.01669306e-02	6.77369559e-04
9.22500000e-02	2.04557612e-02	6.74619233e-04
9.25000000e-02	2.09591758e-02	6.94874003e-04
9.27500000e-02	2.06719450e-02	6.85430898e-04
9.30000000e-02	2.08343501e-02	6.87786861e-04
9.32500000e-02	2.11746591e-02	7.01480667e-04
9.35000000e-02	2.07233495e-02	6.79451039e-04
9.37500000e-02	2.10746129e-02	6.89363564e-04
9.40000000e-02	2.08809186e-02	6.82395837e-04
9.42500000e-02	2.12750968e-02	6.90427635e-04
9.45000000e-02	2.08219279e-02	6.77995529e-04
9.47500000e-02	2.09000199e-02	6.81835036e-04
9.50000000e-02	2.06472369e-02	6.67126787e-04
9.52500000e-02	2.05745032e-02	6.66039832e-04
9.55000000e-02	2.06703234e-02	6.68367078e-04
9.57500000e-02	2.07190497e-02	6.73014318e-04
9.60000000e-02	2.07912787e-02	6.73258888e-04
9.62500000e-02	2.08927738e-02	6.69152439e-04
9.65000000e-02	2.06828648e-02	6.61942317e-04
9.67500000e-02	2.09610818e-02	6.67207664e-04
9.70000000e-02	2.06784392e-02	6.65720818e-04
9.72500000e-02	2.07482681e-02	6.63423469e-04
9.75000000e-02	2.04921306e-02	6.55379574e-04
9.77500000e-02	2.05129577e-02	6.54953454e-04
9.80000000e-02	2.02507482e-02	6.46074403e-04
9.82500000e-02	2.08234012e-02	6.63716358e-04
9.85000000e-02	2.07663053e-02	6.58683794e-04
9.87500000e-02	2.06559871e-02	6.51970034e-04
9.90000000e-02	2.08702352e-02	6.64709429e-04
9.92500000e-02	2.06251324e-02	6.54307972e-04
9.95000000e-02	2.08927557e-02	6.56415586e-04
9.97500000e-02	2.10967942e-02	6.60426273e-04
1.00000000e-01	2.01928248e-02	5.18766245e-04
1.00500000e-01	2.02432540e-02	4.48700788e-04
1.01000000e-01	2.01946674e-02	4.47508298e-04
1.01500000e-01	2.07566979e-02	4.57991750e-04
1.02000000e-01	2.05987444e-02	4.53023773e-04
1.02500000e-01	2.03096946e-02	4.45873796e-04
1.03000000e-01	2.05519635e-02	4.49163363e-04
1.03500000e-01	2.03664089e-02	4.43775553e-04
1.04000000e-01	2.03223109e-02	4.44978070e-04
1.04500000e-01	2.06726614e-02	4.48990803e-04
1.05000000e-01	2.01337430e-02	4.34887615e-04
1.05500000e-01	2.04401629e-02	4.41642109e-04
1.06000000e-01	2.05090886e-02	4.41372830e-04
1.06500000e-01	2.04140060e-02	4.35847087e-04
1.07000000e-01	2.01889566e-02	4.39120662e-04
1.07500000e-01	2.02644462e-02	4.48027671e-04
1.08000000e-01	2.05918959e-02	4.59464967e-04
1.08500000e-01	2.02381430e-02	4.54875033e-04
1.09000000e-01	2.01276973e-02	4.58495865e-04
1.09500000e-01	2.00889989e-02	4.57544097e-04
1.10000000e-01	2.01149309e-02	4.50228978e-04
1.10500000e-01	2.06446804e-02	4.54072331e-04
1.11000000e-01	2.04936420e-02	4.40860483e-04
1.11500000e-01	1.99485505e-02	4.29423290e-04
1.12000000e-01	2.07256477e-02	4.39726576e-04
1.12500000e-01	2.02227601e-02	4.27376568e-04
1.13000000e-01	2.02614176e-02	4.27733743e-04
1.13500000e-01	2.03828358e-02	4.30628315e-04
1.14000000e-01	2.00888015e-02	4.23151880e-04
1.14500000e-01	1.99695151e-02	4.20842878e-04
1.15000000e-01	2.03712077e-02	4.24354259e-04
1.15500000e-01	2.02404970e-02	4.20715987e-04
1.16000000e-01	2.04201545e-02	4.23890390e-04
1.16500000e-01	2.00402636e-02	4.16648504e-04
1.17000000e-01	2.03549639e-02	4.20550142e-04
1.17500000e-01	2.03059261e-02	4.18466930e-04
1.18000000e-01	2.00560269e-02	4.12540657e-04
1.18500000e-01	2.02474048e-02	4.14562781e-04
1.19000000e-01	2.01692030e-02	4.12567810e-04
1.19500000e-01	2.03660711e-02	4.15577218e-04
1.20000000e-01	2.03155654e-02	4.12539008e-04
1.20500000e-01	2.02111880e-02	4.08077689e-04
1.21000000e-01	2.02836348e-02	4.11984926e-04
1.21500000e-01	2.04085967e-02	4.12929979e-04
1.22000000e-01	2.06937567e-02	4.15740217e-04
1.22500000e-01	2.02366532e-02	4.05251087e-04
1.23000000e-01	2.01603536e-02	4.05860810e-04
1.23500000e-01	2.03150597e-02	4.06034217e-04
1.24000000e-01	1.98650275e-02	3.97704740e-04
1.24500000e-01	2.01025960e-02	3.99666461e-04
1.25000000e-01	2.05311597e-02	4.05545699e-04
1.25500000e-01	2.00829281e-02	3.99627283e-04
1.26000000e-01	2.02220056e-02	4.03156763e-04
1.26500000e-01	2.03325371e-02	4.03976266e-04
1.27000000e-01	2.00653566e-02	3.96328806e-04
1.27500000e-01	2.01979013e-02	3.97439372e-04
1.28000000e-01	1.98225380e-02	3.90317011e-04
1.28500000e-01	2.03948215e-02	3.99791863e-04
1.29000000e-01	2.00313263e-02	3.94193893e-04
1.29500000e-01	2.01389077e-02	3.92582634e-04
1.30000000e-01	1.99396066e-02	3.88749062e-04
1.30500000e-01	2.02846280e-02	3.95422470e-04
1.31000000e-01	1.99199695e-02	3.87382675e-04
1.31500000e-01	2.00937544e-02	3.90873399e-04
1.32000000e-01	1.99424316e-02	3.86053208e-04
1.32500000e-01	2.02412103e-02	3.90185720e-04
1.33000000e-01	2.01857327e-02	3.87778452e-04
1.33500000e-01	1.98285380e-02	3.80118245e-04
1.34000000e-01	1.99173325e-02	3.83104376e-04
1.34500000e-01	2.01902163e-02	3.83963139e-04
1.35000000e-01	2.01721508e-02	3.83089960e-04
1.35500000e-01	2.03004142e-02	3.85290608e-04
1.36000000e-01	2.01635193e-02	3.81328632e-04
1.36500000e-01	2.00410132e-02	3.81778766e-04
1.37000000e-01	1.99868957e-02	3.75913875e-04
1.37500000e-01	1.95710025e-02	3.70745302e-04
1.38000000e-01	2.00929209e-02	3.79007993e-04
1.38500000e-01	2.01293510e-02	3.78439389e-04
1.39000000e-01	1.99194483e-02	3.75171132e-04
1.39500000e-01	1.98788565e-02	3.73151508e-04
1.40000000e-01	1.99083549e-02	3.75876431e-04
1.40500000e-01	1.99419996e-02	3.71790774e-04
1.41000000e-01	1.94784209e-02	3.64137565e-04
1.41500000e-01	1.98556319e-02	3.72235815e-04
1.42000000e-01	1.99446454e-02	3.71383837e-04
1.42500000e-01	1.99158093e-02	3.72084228e-04
1.43000000e-01	2.00842745e-02	3.73438138e-04
1.43500000e-01	2.00706818e-02	3.73708522e-04
1.44000000e-01	1.98395074e-02	3.66350420e-04
1.44500000e-01	2.02274400e-02	3.73402997e-04
1.45000000e-01	1.96565021e-02	3.65159733e-04
1.45500000e-01	1.99338666e-02	3.66442616e-04
1.46000000e-01	1.96607455e-02	3.62002536e-04
1.46500000e-01	1.98478684e-02	3.65624515e-04
1.47000000e-01	1.96741467e-02	3.62798843e-04
1.47500000e-01	1.96342265e-02	3.59753087e-04
1.48000000e-01	1.96242076e-02	3.60046078e-04
1.48500000e-01	1.96730762e-02	3.58916855e-04
1.49000000e-01	1.98299917e-02	3.61173661e-04
1.49500000e-01	1.95946693e-02	3.58553275e-04
1.50000000e-01	1.97980612e-02	3.57101134e-04
1.50500000e-01	1.97369130e-02	3.59611335e-04
1.51000000e-01	1.93622179e-02	3.50677201e-04
1.51500000e-01	1.97966403e-02	3.57757116e-04
1.52000000e-01	1.96251193e-02	3.54005847e-04
1.52500000e-01	1.95786651e-02	3.53714674e-04
1.53000000e-01	1.98171536e-02	3.55747783e-04
1.53500000e-01	1.97897830e-02	3.53596014e-04
1.54000000e-01	1.98017496e-02	3.54850217e-04
1.54500000e-01	1.96269462e-02	3.57860280e-04
1.55000000e-01	1.96250847e-02	3.60699385e-04
1.55500000e-01	1.92939116e-02	3.59899425e-04
1.56000000e-01	1.92955837e-02	3.61282772e-04
1.56500000e-01	1.94212229e-02	3.62493474e-04
1.57000000e-01	1.94839111e-02	3.65612446e-04
1.57500000e-01	1.95034340e-02	3.59273257e-04
1.58000000e-01	1.93306415e-02	3.49721936e-04
1.58500000e-01	1.94634484e-02	3.51464308e-04
1.59000000e-01	1.94385342e-02	3.49140222e-04
1.59500000e-01	1.92455899e-02	3.44571273e-04
1.60000000e-01	1.93433743e-02	3.45323452e-04
1.60500000e-01	1.95285101e-02	3.47272701e-04
1.61000000e-01	1.94145344e-02	3.45631568e-04
1.61500000e-01	1.93265893e-02	3.41966546e-04
1.62000000e-01	1.93679643e-02	3.42931693e-04
1.62500000e-01	1.90848972e-02	3.37349968e-04
1.63000000e-01	1.94845498e-02	3.42771308e-04
1.63500000e-01	1.92936109e-02	3.40481371e-04
1.64000000e-01	1.97336291e-02	3.46699285e-04
1.64500000e-01	1.91998661e-02	3.36813224e-04
1.65000000e-01	1.91751763e-02	3.36809554e-04
1.65500000e-01	1.92253400e-02	3.36666372e-04
1.66000000e-01	1.90637030e-02	3.33907866e-04
1.66500000e-01	1.92800453e-02	3.35538004e-04
1.67000000e-01	1.92185158e-02	3.33710904e-04
1.67500000e-01	1.89368125e-02	3.30332088e-04
1.68000000e-01	1.92741834e-02	3.35123736e-04
1.68500000e-01	1.91621138e-02	3.31732686e-04
1.69000000e-01	1.92514389e-02	3.33814940e-04
1.69500000e-01	1.92171055e-02	3.30976533e-04
1.70000000e-01	1.91357689e-02	3.29706388e-04
1.70500000e-01	1.92345343e-02	3.31007279e-04
1.71000000e-01	1.92263791e-02	3.30007086e-04
1.71500000e-01	1.92755376e-02	3.30921053e-04
1.72000000e-01	1.93386687e-02	3.30651953e-04
1.72500000e-01	1.91082108e-02	3.27912168e-04
1.73000000e-01	1.90746053e-02	3.25342960e-04
1.73500000e-01	1.91292814e-02	3.25133779e-04
1.74000000e-01	1.91307134e-02	3.23620437e-04
1.74500000e-01	1.91042389e-02	3.23156263e-04
1.75000000e-01	1.89858739e-02	3.20349451e-04
1.75500000e-01	1.90479956e-02	3.19015679e-04
1.76000000e-01	1.90498188e-02	3.20393627e-04
1.76500000e-01	1.91389902e-02	3.21364313e-04
1.77000000e-01	1.89372047e-02	3.18075861e-04
1.77500000e-01	1.87211619e-02	3.15743411e-04
1.78000000e-01	1.92359081e-02	3.22356246e-04
1.78500000e-01	1.88124549e-02	3.15961292e-04
1.79000000e-01	1.88639516e-02	3.16860157e-04
1.79500000e-01	1.90469788e-02	3.19713266e-04
1.80000000e-01	1.89038239e-02	3.18057949e-04
1.80500000e-01	1.89870342e-02	3.17548161e-04
1.81000000e-01	1.88025948e-02	3.14886686e-04
1.81500000e-01	1.87997619e-02	3.13064804e-04
1.82000000e-01	1.89901913e-02	3.16786486e-04
1.82500000e-01	1.88678147e-02	3.14079039e-04
1.83000000e-01	1.88535404e-02	3.13276510e-04
1.83500000e-01	1.90365372e-02	3.16606098e-04
1.84000000e-01	1.90012448e-02	3.14944526e-04
1.84500000e-01	1.89129778e-02	3.13376321e-04
1.85000000e-01	1.91886178e-02	3.17581921e-04
1.85500000e-01	1.89197607e-02	3.12014524e-04
1.86000000e-01	1.89546128e-02	3.12207591e-04
1.86500000e-01	1.85648860e-02	3.05160741e-04
1.87000000e-01	1.87665719e-02	3.08482073e-04
1.87500000e-01	1.88307257e-02	3.10167933e-04
1.88000000e-01	1.87350715e-02	3.09315641e-04
1.88500000e-01	1.86939676e-02	3.07321042e-04
1.89000000e-01	1.85858421e-02	3.03821997e-04
1.89500000e-01	1.90733309e-02	3.11504347e-04
1.90000000e-01	1.88993774e-02	3.08720123e-04
1.90500000e-01	1.86358998e-02	3.03647144e-04
1.91000000e-01	1.87772037e-02	3.06102725e-04
1.91500000e-01	1.87485606e-02	3.05311480e-04
1.92000000e-01	1.85038974e-02	3.00210888e-04
1.92500000e-01	1.84877455e-02	2.99668999e-04
1.93000000e-01	1.85551745e-02	3.01684226e-04
1.93500000e-01	1.88090539e-02	3.03451773e-04
1.94000000e-01	1.87721861e-02	3.03325848e-04
1.94500000e-01	1.85801413e-02	2.99861937e-04
1.95000000e-01	1.86522310e-02	3.00568935e-04
1.95500000e-01	1.88366482e-02	3.01958050e-04
1.96000000e-01	1.88612460e-02	3.02842169e-04
1.96500000e-01	1.83840848e-02	2.96753508e-04
1.97000000e-01	1.87117656e-02	2.99861973e-04
1.97500000e-01	1.86469641e-02	2.98700760e-04
1.98000000e-01	1.84950289e-02	2.96624435e-04
1.98500000e-01	1.85825291e-02	2.97264220e-04
1.99000000e-01	1.87829631e-02	3.00392028e-04
1.99500000e-01	1.84770918e-02	2.94199276e-04
2.00000000e-01	1.85564332e-02	2.94937052e-04
2.00500000e-01	1.84280807e-02	2.92792203e-04
2.01000000e-01	1.86707113e-02	2.96088705e-04
2.01500000e-01	1.85216315e-02	2.94234413e-04
2.02000000e-01	1.84359894e-02	2.92491842e-04
2.02500000e-01	1.83193543e-02	2.89721218e-04
2.03000000e-01	1.83746809e-02	2.90539094e-04
2.03500000e-01	1.84369154e-02	2.91942721e-04
2.04000000e-01	1.84319446e-02	2.89844807e-04
2.04500000e-01	1.84453789e-02	2.91112941e-04
2.05000000e-01	1.84430491e-02	2.89545483e-04
2.05500000e-01	1.83822401e-02	2.88365732e-04
2.06000000e-01	1.86003791e-02	2.91498389e-04
2.06500000e-01	1.86070252e-02	2.91673715e-04
2.07000000e-01	1.85124198e-02	2.88786015e-04
2.07500000e-01	1.82756526e-02	2.85048773e-04
2.08000000e-01	1.81527711e-02	2.85417342e-04
2.08500000e-01	1.79868941e-02	2.81536476e-04
2.09000000e-01	1.85479053e-02	2.90716237e-04
2.09500000e-01	1.86295715e-02	2.90276418e-04
2.10000000e-01	1.84213073e-02	2.86586906e-04
2.10500000e-01	1.83675578e-02	2.86551566e-04
2.11000000e-01	1.82713621e-02	2.83759235e-04
2.11500000e-01	1.84586670e-02	2.86842850e-04
2.12000000e-01	1.83088496e-02	2.83939623e-04
2.12500000e-01	1.83581432e-02	2.84177492e-04
2.13000000e-01	1.84542743e-02	2.84609864e-04
2.13500000e-01	1.81811102e-02	2.80390341e-04
2.14000000e-01	1.82717980e-02	2.81908061e-04
2.14500000e-01	1.81206641e-02	2.79578967e-04
2.15000000e-01	1.80134503e-02	2.78729472e-04
2.15500000e-01	1.81979315e-02	2.79121154e-04
2.16000000e-01	1.83753364e-02	2.81960171e-04
2.16500000e-01	1.83623079e-02	2.80204030e-04
2.17000000e-01	1.83222502e-02	2.85223680e-04
2.17500000e-01	1.80360309e-02	2.86543924e-04
2.18000000e-01	1.81501402e-02	2.87621951e-04
2.18500000e-01	1.83285638e-02	2.91581101e-04
2.19000000e-01	1.80202562e-02	2.88521821e-04
2.19500000e-01	1.81247594e-02	2.91563165e-04
2.20000000e-01	1.79498138e-02	2.90063085e-04
2.20500000e-01	1.82655877e-02	2.95925866e-04
2.21000000e-01	1.83865872e-02	2.96966861e-04
2.21500000e-01	1.82498522e-02	2.97327882e-04
2.22000000e-01	1.81764517e-02	2.95642844e-04
2.22500000e-01	1.81738347e-02	2.96497518e-04
2.23000000e-01	1.81507695e-02	2.97135812e-04
2.23500000e-01	1.79722467e-02	2.95467191e-04
2.24000000e-01	1.80948394e-02	2.97255327e-04
2.24500000e-01	1.80694726e-02	2.98279703e-04
2.25000000e-01	1.81479950e-02	2.99214208e-04
2.25500000e-01	1.81015846e-02	2.98424129e-04
2.26000000e-01	1.84366725e-02	3.05439235e-04
2.26500000e-01	1.83053463e-02	2.98002288e-04
2.27000000e-01	1.82652776e-02	2.96472595e-04
2.27500000e-01	1.81846511e-02	2.92182649e-04
2.28000000e-01	1.82370885e-02	2.91954220e-04
2.28500000e-01	1.81549884e-02	2.87517653e-04
2.29000000e-01	1.81385437e-02	2.87257834e-04
2.29500000e-01	1.80765467e-02	2.85045939e-04
2.30000000e-01	1.80225401e-02	2.82984302e-04
2.30500000e-01	1.80072429e-02	2.83000035e-04
2.31000000e-01	1.80126195e-02	2.81999062e-04
2.31500000e-01	1.78236277e-02	2.77529752e-04
2.32000000e-01	1.80953862e-02	2.82450273e-04
2.32500000e-01	1.79055072e-02	2.78447014e-04
2.33000000e-01	1.79919917e-02	2.77910264e-04
2.33500000e-01	1.79442393e-02	2.77592807e-04
2.34000000e-01	1.79922115e-02	2.77882032e-04
2.34500000e-01	1.80478468e-02	2.77674240e-04
2.35000000e-01	1.80476369e-02	2.77341067e-04
2.35500000e-01	1.78571234e-02	2.73828092e-04
2.36000000e-01	1.77167069e-02	2.72083801e-04
2.36500000e-01	1.78475197e-02	2.72572866e-04
2.37000000e-01	1.78010926e-02	2.71430460e-04
2.37500000e-01	1.80623990e-02	2.75391294e-04
2.38000000e-01	1.78509065e-02	2.70597328e-04
2.38500000e-01	1.79453849e-02	2.73096397e-04
2.39000000e-01	1.77217197e-02	2.67761965e-04
2.39500000e-01	1.78521996e-02	2.70590915e-04
2.40000000e-01	1.77978508e-02	2.69272026e-04
2.40500000e-01	1.78435176e-02	2.68222004e-04
2.41000000e-01	1.80147241e-02	2.71543581e-04
2.41500000e-01	1.78501912e-02	2.67393380e-04
2.42000000e-01	1.78023599e-02	2.67497153e-04
2.42500000e-01	1.76677274e-02	2.64759574e-04
2.43000000e-01	1.76797687e-02	2.65029438e-04
2.43500000e-01	1.77047310e-02	2.65764840e-04
2.44000000e-01	1.78776819e-02	2.66485079e-04
2.44500000e-01	1.75063368e-02	2.61116652e-04
2.45000000e-01	1.77822264e-02	2.64331648e-04
2.45500000e-01	1.78000376e-02	2.63886800e-04
2.46000000e-01	1.77263940e-02	2.63322242e-04
2.46500000e-01	1.76563379e-02	2.62291374e-04
2.47000000e-01	1.76956586e-02	2.61556202e-04
2.47500000e-01	1.77537697e-02	2.61297659e-04
2.48000000e-01	1.77108123e-02	2.60211391e-04
2.48500000e-01	1.75153297e-02	2.57424876e-04
2.49000000e-01	1.76502976e-02	2.59955547e-04
2.49500000e-01	1.77417095e-02	2.61081703e-04
2.50000000e-01	1.75747697e-02	2.58417694e-04
2.50500000e-01	1.78787577e-02	2.62641244e-04
2.51000000e-01	1.77664438e-02	2.59291033e-04
2.51500000e-01	1.76520423e-02	2.59055158e-04
2.52000000e-01	1.76449658e-02	2.58276929e-04
2.52500000e-01	1.76904869e-02	2.58303037e-04
2.53000000e-01	1.74977633e-02	2.56197587e-04
2.53500000e-01	1.75145441e-02	2.55795102e-04
2.54000000e-01	1.74962041e-02	2.54497583e-04
2.54500000e-01	1.75709790e-02	2.55343894e-04
2.55000000e-01	1.76830086e-02	2.56604876e-04
2.55500000e-01	1.76616287e-02	2.56461852e-04
2.56000000e-01	1.76857833e-02	2.55823187e-04
2.56500000e-01	1.78074030e-02	2.58422188e-04
2.57000000e-01	1.74644890e-02	2.52522197e-04
2.57500000e-01	1.76667766e-02	2.54877302e-04
2.58000000e-01	1.74481160e-02	2.52345199e-04
2.58500000e-01	1.74875258e-02	2.52244552e-04
2.59000000e-01	1.74334598e-02	2.52016875e-04
2.59500000e-01	1.75399096e-02	2.51627471e-04
2.60000000e-01	1.75573415e-02	2.52386451e-04
2.60500000e-01	1.76824669e-02	2.53392146e-04
2.61000000e-01	1.73172122e-02	2.49098966e-04
2.61500000e-01	1.73759107e-02	2.49882425e-04
2.62000000e-01	1.75034463e-02	2.51223406e-04
2.62500000e-01	1.74997586e-02	2.50665607e-04
2.63000000e-01	1.75493681e-02	2.50572622e-04
2.63500000e-01	1.75224508e-02	2.50126922e-04
2.64000000e-01	1.74214736e-02	2.49382282e-04
2.64500000e-01	1.74434554e-02	2.48610350e-04
2.65000000e-01	1.74877160e-02	2.48762214e-04
2.65500000e-01	1.74469329e-02	2.47578420e-04
2.66000000e-01	1.73676184e-02	2.47008572e-04
2.66500000e-01	1.74558559e-02	2.47583013e-04
2.67000000e-01	1.74318631e-02	2.46724529e-04
2.67500000e-01	1.75254693e-02	2.47766243e-04
2.68000000e-01	1.74284188e-02	2.46718289e-04
2.68500000e-01	1.73073461e-02	2.44589799e-04
2.69000000e-01	1.73050549e-02	2.44098591e-04
2.69500000e-01	1.73626144e-02	2.44474671e-04
2.70000000e-01	1.71994929e-02	2.41691940e-04
2.70500000e-01	1.74585685e-02	2.44469759e-04
2.71000000e-01	1.75056576e-02	2.44639334e-04
2.71500000e-01	1.73297909e-02	2.42799659e-04
2.72000000e-01	1.73041812e-02	2.41798442e-04
2.72500000e-01	1.73236306e-02	2.42339072e-04
2.73000000e-01	1.73106522e-02	2.42212154e-04
2.73500000e-01	1.72433805e-02	2.40336997e-04
2.74000000e-01	1.74630177e-02	2.43581295e-04
2.74500000e-01	1.74345531e-02	2.42878722e-04
2.75000000e-01	1.72505784e-02	2.40964878e-04
2.75500000e-01	1.74706420e-02	2.42857751e-04
2.76000000e-01	1.72504766e-02	2.40113041e-04
2.76500000e-01	1.72139826e-02	2.39499295e-04
2.77000000e-01	1.71986735e-02	2.38940346e-04
2.77500000e-01	1.72387822e-02	2.39059011e-04
2.78000000e-01	1.72470890e-02	2.39107678e-04
2.78500000e-01	1.71731768e-02	2.39294802e-04
2.79000000e-01	1.71764989e-02	2.38187310e-04
2.79500000e-01	1.71567698e-02	2.37485034e-04
2.80000000e-01	1.74032952e-02	2.39850914e-04
2.80500000e-01	1.72327656e-02	2.37831733e-04
2.81000000e-01	1.73266003e-02	2.39448064e-04
2.81500000e-01	1.70246755e-02	2.34878986e-04
2.82000000e-01	1.70683762e-02	2.34072567e-04
2.82500000e-01	1.74037193e-02	2.40178856e-04
2.83000000e-01	1.72323541e-02	2.36838713e-04
2.83500000e-01	1.71205754e-02	2.35320599e-04
2.84000000e-01	1.69990819e-02	2.33766453e-04
2.84500000e-01	1.71178145e-02	2.34673187e-04
2.85000000e-01	1.69949256e-02	2.33325183e-04
2.85500000e-01	1.71125636e-02	2.34048332e-04
2.86000000e-01	1.72147127e-02	2.35968784e-04
2.86500000e-01	1.71609794e-02	2.33980135e-04
2.87000000e-01	1.70088010e-02	2.32200281e-04
2.87500000e-01	1.71259766e-02	2.33020740e-04
2.88000000e-01	1.71521064e-02	2.32663496e-04
2.88500000e-01	1.70550557e-02	2.32419649e-04
2.89000000e-01	1.71233995e-02	2.32355911e-04
2.89500000e-01	1.70870278e-02	2.32876031e-04
2.90000000e-01	1.69805979e-02	2.30763391e-04
2.90500000e-01	1.70443329e-02	2.30640658e-04
2.91000000e-01	1.71439593e-02	2.32198753e-04
2.91500000e-01	1.71305413e-02	2.31224919e-04
2.92000000e-01	1.71318821e-02	2.31009710e-04
2.92500000e-01	1.70722402e-02	2.30003597e-04
2.93000000e-01	1.71334893e-02	2.31725280e-04
2.93500000e-01	1.70744492e-02	2.30235786e-04
2.94000000e-01	1.70695392e-02	2.29615026e-04
2.94500000e-01	1.70243669e-02	2.29710964e-04
2.95000000e-01	1.69637135e-02	2.28112043e-04
2.95500000e-01	1.70371940e-02	2.29207482e-04
2.96000000e-01	1.69405112e-02	2.27384707e-04
2.96500000e-01	1.69116968e-02	2.26993344e-04
2.97000000e-01	1.70099317e-02	2.27717816e-04
2.97500000e-01	1.71030730e-02	2.28731275e-04
2.98000000e-01	1.68063572e-02	2.25029299e-04
2.98500000e-01	1.68887410e-02	2.25967426e-04
2.99000000e-01	1.69684834e-02	2.26194807e-04
2.99500000e-01	1.69468476e-02	2.26097770e-04
3.00000000e-01	1.67812842e-02	2.23986305e-04
3.00500000e-01	1.69205960e-02	2.26043822e-04
3.01000000e-01	1.68253303e-02	2.23110697e-04
3.01500000e-01	1.68151719e-02	2.24852118e-04
3.02000000e-01	1.67900230e-02	2.23920362e-04
3.02500000e-01	1.68477504e-02	2.24404388e-04
3.03000000e-01	1.68601953e-02	2.24220263e-04
3.03500000e-01	1.67053172e-02	2.21173564e-04
3.04000000e-01	1.70320935e-02	2.25998271e-04
3.04500000e-01	1.68673367e-02	2.23832715e-04
3.05000000e-01	1.68003892e-02	2.21786674e-04
3.05500000e-01	1.69293425e-02	2.24463747e-04
3.06000000e-01	1.68592056e-02	2.21889822e-04
3.06500000e-01	1.67096703e-02	2.20803532e-04
3.07000000e-01	1.68032342e-02	2.20991614e-04
3.07500000e-01	1.69881380e-02	2.23617666e-04
3.08000000e-01	1.68344542e-02	2.21453911e-04
3.08500000e-01	1.67689119e-02	2.21416821e-04
3.09000000e-01	1.68214904e-02	2.21105515e-04
3.09500000e-01	1.68361942e-02	2.20947870e-04
3.10000000e-01	1.66200748e-02	2.18752523e-04
3.10500000e-01	1.66841716e-02	2.19847933e-04
3.11000000e-01	1.66573154e-02	2.19269425e-04
3.11500000e-01	1.66796824e-02	2.18460821e-04
3.12000000e-01	1.66197951e-02	2.16924918e-04
3.12500000e-01	1.66168962e-02	2.16965941e-04
3.13000000e-01	1.67416073e-02	2.18583250e-04
3.13500000e-01	1.67408927e-02	2.18265079e-04
3.14000000e-01	1.67579348e-02	2.18662754e-04
3.14500000e-01	1.66974010e-02	2.17659931e-04
3.15000000e-01	1.65627627e-02	2.15607298e-04
3.15500000e-01	1.67948716e-02	2.18757838e-04
3.16000000e-01	1.64584618e-02	2.14270995e-04
3.16500000e-01	1.66670275e-02	2.17281935e-04
3.17000000e-01	1.65167678e-02	2.14974768e-04
3.17500000e-01	1.66968440e-02	2.17230192e-04
3.18000000e-01	1.65182785e-02	2.14169784e-04
3.18500000e-01	1.65795060e-02	2.15175535e-04
3.19000000e-01	1.66262652e-02	2.15293889e-04
3.19500000e-01	1.63860462e-02	2.12197230e-04
3.20000000e-01	1.65411533e-02	2.14553256e-04
3.20500000e-01	1.64315883e-02	2.12611766e-04
3.21000000e-01	1.64895997e-02	2.12632701e-04
3.21500000e-01	1.65818345e-02	2.13894176e-04
3.22000000e-01	1.64754299e-02	2.12543057e-04
3.22500000e-01	1.63642335e-02	2.10925547e-04
3.23000000e-01	1.65460983e-02	2.12105625e-04
3.23500000e-01	1.65101542e-02	2.12802617e-04
3.24000000e-01	1.65421333e-02	2.12259862e-04
3.24500000e-01	1.62086200e-02	2.08820377e-04
3.25000000e-01	1.63822311e-02	2.10500236e-04
3.25500000e-01	1.64748748e-02	2.11390155e-04
3.26000000e-01	1.64610028e-02	2.11457312e-04
3.26500000e-01	1.65920092e-02	2.12427878e-04
3.27000000e-01	1.62834026e-02	2.08306612e-04
3.27500000e-01	1.64742080e-02	2.10152865e-04
3.28000000e-01	1.65379133e-02	2.11715075e-04
3.28500000e-01	1.62695122e-02	2.07991955e-04
3.29000000e-01	1.62469967e-02	2.07300623e-04
3.29500000e-01	1.65642290e-02	2.11451550e-04
3.30000000e-01	1.64627563e-02	2.09424035e-04
3.30500000e-01	1.63725585e-02	2.08609584e-04
3.31000000e-01	1.64710253e-02	2.09161925e-04
3.31500000e-01	1.62395226e-02	2.07503761e-04
3.32000000e-01	1.62206654e-02	2.06653596e-04
3.32500000e-01	1.62734407e-02	2.07366137e-04
3.33000000e-01	1.63071542e-02	2.06962321e-04
3.33500000e-01	1.61985050e-02	2.05846619e-04
3.34000000e-01	1.62179045e-02	2.05573530e-04
3.34500000e-01	1.63862473e-02	2.07570734e-04
3.35000000e-01	1.60547628e-02	2.03198303e-04
3.35500000e-01	1.61901688e-02	2.05040361e-04
3.36000000e-01	1.65425407e-02	2.07625143e-04
3.36500000e-01	1.62397967e-02	2.05092849e-04
3.37000000e-01	1.62022413e-02	2.04040215e-04
3.37500000e-01	1.62475602e-02	2.04545904e-04
3.38000000e-01	1.62553637e-02	2.05675823e-04
3.38500000e-01	1.62337533e-02	2.04277317e-04
3.39000000e-01	1.61066793e-02	2.03673760e-04
3.39500000e-01	1.61794057e-02	2.02672353e-04
3.40000000e-01	1.61674935e-02	2.04083965e-04
3.40500000e-01	1.62759230e-02	2.04703889e-04
3.41000000e-01	1.61203437e-02	2.01398326e-04
3.41500000e-01	1.60641067e-02	2.02026725e-04
3.42000000e-01	1.62091250e-02	2.02572191e-04
3.42500000e-01	1.60435294e-02	2.01586100e-04
3.43000000e-01	1.62450649e-02	2.03335258e-04
3.43500000e-01	1.61012582e-02	2.00871745e-04
3.44000000e-01	1.59845107e-02	2.00605693e-04
3.44500000e-01	1.61649766e-02	2.02056925e-04
3.45000000e-01	1.60790501e-02	2.00527016e-04
3.45500000e-01	1.60294427e-02	2.00221782e-04
3.46000000e-01	1.61077735e-02	2.00610826e-04
3.46500000e-01	1.60681972e-02	2.00308212e-04
3.47000000e-01	1.60137565e-02	1.99075830e-04
3.47500000e-01	1.61451670e-02	2.00474715e-04
3.48000000e-01	1.60474081e-02	1.99372599e-04
3.48500000e-01	1.59891941e-02	1.98908840e-04
3.49000000e-01	1.60488994e-02	1.99369006e-04
3.49500000e-01	1.59956495e-02	1.98076678e-04
3.50000000e-01	1.60541364e-02	1.62439047e-04
3.51000000e-01	1.60148890e-02	1.40229397e-04
3.52000000e-01	1.58113148e-02	1.38384079e-04
3.53000000e-01	1.59210862e-02	1.38909385e-04
3.54000000e-01	1.59696324e-02	1.39106722e-04
3.55000000e-01	1.58836778e-02	1.38605792e-04
3.56000000e-01	1.59206329e-02	1.39100609e-04
3.57000000e-01	1.59264811e-02	1.41852686e-04
3.58000000e-01	1.59010719e-02	1.42543023e-04
3.59000000e-01	1.57092572e-02	1.41915708e-04
3.60000000e-01	1.57852741e-02	1.43587381e-04
3.61000000e-01	1.57940907e-02	1.44131705e-04
3.62000000e-01	1.57020854e-02	1.44160433e-04
3.63000000e-01	1.57084894e-02	1.45030340e-04
3.64000000e-01	1.58054380e-02	1.46177606e-04
3.65000000e-01	1.57711712e-02	1.45882146e-04
3.66000000e-01	1.56674903e-02	1.43937803e-04
3.67000000e-01	1.57973264e-02	1.42810156e-04
3.68000000e-01	1.57394834e-02	1.41466506e-04
3.69000000e-01	1.58805018e-02	1.41513762e-04
3.70000000e-01	1.56135196e-02	1.38895198e-04
3.71000000e-01	1.55957642e-02	1.40531399e-04
3.72000000e-01	1.57669742e-02	1.42894068e-04
3.73000000e-01	1.57872581e-02	1.43224486e-04
3.74000000e-01	1.56301751e-02	1.42241027e-04
3.75000000e-01	1.55032551e-02	1.40973735e-04
3.76000000e-01	1.55759090e-02	1.41970742e-04
3.77000000e-01	1.56042686e-02	1.42189668e-04
3.78000000e-01	1.56209961e-02	1.42476971e-04
3.79000000e-01	1.55338811e-02	1.41543568e-04
3.80000000e-01	1.55558675e-02	1.41327415e-04
3.81000000e-01	1.55936739e-02	1.41368574e-04
3.82000000e-01	1.55054813e-02	1.40766517e-04
3.83000000e-01	1.54883202e-02	1.40019244e-04
3.84000000e-01	1.55084191e-02	1.40830539e-04
3.85000000e-01	1.55460027e-02	1.41235929e-04
3.86000000e-01	1.55896691e-02	1.41535346e-04
3.87000000e-01	1.53892947e-02	1.39850583e-04
3.88000000e-01	1.54581051e-02	1.40172575e-04
3.89000000e-01	1.54218088e-02	1.39996157e-04
3.90000000e-01	1.54118098e-02	1.39629138e-04
3.91000000e-01	1.54716897e-02	1.40199221e-04
3.92000000e-01	1.54578806e-02	1.40043041e-04
3.93000000e-01	1.53684687e-02	1.39184577e-04
3.94000000e-01	1.54146538e-02	1.39641425e-04
3.95000000e-01	1.53634801e-02	1.38997990e-04
3.96000000e-01	1.53884870e-02	1.39015730e-04
3.97000000e-01	1.54237222e-02	1.39255213e-04
3.98000000e-01	1.53841536e-02	1.38986391e-04
3.99000000e-01	1.54337682e-02	1.39804264e-04
4.00000000e-01	1.54881494e-02	1.40203004e-04
4.01000000e-01	1.52636578e-02	1.38070240e-04
4.02000000e-01	1.51868566e-02	1.37513604e-04
4.03000000e-01	1.53135127e-02	1.38279845e-04
4.04000000e-01	1.52866418e-02	1.38524444e-04
4.05000000e-01	1.51665196e-02	1.37288488e-04
4.06000000e-01	1.51838294e-02	1.37734921e-04
4.07000000e-01	1.53492695e-02	1.38794312e-04
4.08000000e-01	1.50704264e-02	1.36570283e-04
4.09000000e-01	1.51611622e-02	1.37313089e-04
4.10000000e-01	1.51438168e-02	1.36828734e-04
4.11000000e-01	1.51558775e-02	1.36952973e-04
4.12000000e-01	1.50976850e-02	1.36645179e-04
4.13000000e-01	1.50247498e-02	1.35554130e-04
4.14000000e-01	1.50153615e-02	1.35652642e-04
4.15000000e-01	1.49941017e-02	1.35229899e-04
4.16000000e-01	1.50662269e-02	1.35989721e-04
4.17000000e-01	1.50385683e-02	1.35252660e-04
4.18000000e-01	1.50770864e-02	1.37639724e-04
4.19000000e-01	1.50891093e-02	1.39303982e-04
4.20000000e-01	1.51481103e-02	1.40198898e-04
4.21000000e-01	1.51940197e-02	1.41325437e-04
4.22000000e-01	1.50934649e-02	1.41201252e-04
4.23000000e-01	1.51886026e-02	1.42069742e-04
4.24000000e-01	1.50077388e-02	1.41287051e-04
4.25000000e-01	1.51689529e-02	1.42365836e-04
4.26000000e-01	1.52401779e-02	1.43016639e-04
4.27000000e-01	1.50578582e-02	1.41614998e-04
4.28000000e-01	1.50755321e-02	1.42310965e-04
4.29000000e-01	1.50638293e-02	1.42317819e-04
4.30000000e-01	1.51500434e-02	1.43152844e-04
4.31000000e-01	1.50988489e-02	1.42394771e-04
4.32000000e-01	1.50883320e-02	1.42174162e-04
4.33000000e-01	1.50535132e-02	1.42126272e-04
4.34000000e-01	1.49600947e-02	1.41221526e-04
4.35000000e-01	1.49324318e-02	1.41427228e-04
4.36000000e-01	1.49265815e-02	1.41503504e-04
4.37000000e-01	1.49968987e-02	1.42246748e-04
4.38000000e-01	1.48853608e-02	1.41784435e-04
4.39000000e-01	1.50105951e-02	1.43338417e-04
4.40000000e-01	1.49219662e-02	1.42599646e-04
4.41000000e-01	1.49372439e-02	1.42646172e-04
4.42000000e-01	1.47928147e-02	1.41507613e-04
4.43000000e-01	1.49032414e-02	1.43184607e-04
4.44000000e-01	1.48397367e-02	1.42310176e-04
4.45000000e-01	1.47857393e-02	1.41762339e-04
4.46000000e-01	1.48262590e-02	1.42527566e-04
4.47000000e-01	1.50545128e-02	1.44639625e-04
4.48000000e-01	1.48637515e-02	1.43169141e-04
4.49000000e-01	1.48556458e-02	1.43203475e-04
4.50000000e-01	1.48791387e-02	1.43400962e-04
4.51000000e-01	1.48770782e-02	1.43786438e-04
4.52000000e-01	1.49075580e-02	1.43872610e-04
4.53000000e-01	1.48748797e-02	1.43494375e-04
4.54000000e-01	1.48906783e-02	1.44070339e-04
4.55000000e-01	1.47497940e-02	1.42681108e-04
4.56000000e-01	1.48059375e-02	1.43660170e-04
4.57000000e-01	1.47940036e-02	1.43477261e-04
4.58000000e-01	1.48860027e-02	1.44498551e-04
4.59000000e-01	1.47830089e-02	1.43738230e-04
4.60000000e-01	1.47438618e-02	1.43649298e-04
4.61000000e-01	1.46381064e-02	1.42803315e-04
4.62000000e-01	1.49201064e-02	1.44840681e-04
4.63000000e-01	1.47115572e-02	1.43676985e-04
4.64000000e-01	1.45821941e-02	1.42703068e-04
4.65000000e-01	1.47643002e-02	1.43745678e-04
4.66000000e-01	1.46813711e-02	1.43137612e-04
4.67000000e-01	1.48512942e-02	1.45234258e-04
4.68000000e-01	1.47177504e-02	1.44002346e-04
4.69000000e-01	1.47835596e-02	1.44424997e-04
4.70000000e-01	1.45379072e-02	1.42263662e-04
4.71000000e-01	1.46555519e-02	1.43679547e-04
4.72000000e-01	1.46721536e-02	1.43654654e-04
4.73000000e-01	1.45562534e-02	1.42586602e-04
4.74000000e-01	1.45257238e-02	1.42081689e-04
4.75000000e-01	1.45726977e-02	1.42917498e-04
4.76000000e-01	1.46045776e-02	1.42784770e-04
4.77000000e-01	1.45187638e-02	1.42529041e-04
4.78000000e-01	1.45906820e-02	1.42824940e-04
4.79000000e-01	1.46125799e-02	1.42647511e-04
4.80000000e-01	1.44688067e-02	1.42006562e-04
4.81000000e-01	1.44788363e-02	1.42490157e-04
4.82000000e-01	1.44945147e-02	1.42210249e-04
4.83000000e-01	1.44629866e-02	1.42262701e-04
4.84000000e-01	1.45703638e-02	1.43367756e-04
4.85000000e-01	1.44919895e-02	1.42786705e-04
4.86000000e-01	1.45387196e-02	1.43092597e-04
4.87000000e-01	1.45622472e-02	1.42940209e-04
4.88000000e-01	1.44734998e-02	1.42513343e-04
4.89000000e-01	1.45262620e-02	1.43042569e-04
4.90000000e-01	1.45010910e-02	1.42913993e-04
4.91000000e-01	1.44969728e-02	1.43244787e-04
4.92000000e-01	1.44116092e-02	1.42392493e-04
4.93000000e-01	1.44821775e-02	1.42791568e-04
4.94000000e-01	1.44645037e-02	1.43259646e-04
4.95000000e-01	1.44289692e-02	1.43240210e-04
4.96000000e-01	1.44404975e-02	1.48200935e-04
4.97000000e-01	1.44489741e-02	1.50471309e-04
4.98000000e-01	1.45992417e-02	1.53983111e-04
4.99000000e-01	1.43329758e-02	1.53811417e-04
5.00000000e-01	1.44546506e-02	1.56725889e-04
5.01000000e-01	1.43463646e-02	1.56327467e-04
5.02000000e-01	1.43226771e-02	1.59090290e-04
5.03000000e-01	1.44010232e-02	1.60706590e-04
5.04000000e-01	1.45684019e-02	1.63201679e-04
5.05000000e-01	1.45627661e-02	1.61003485e-04
5.06000000e-01	1.44708491e-02	1.56482238e-04
5.07000000e-01	1.42691420e-02	1.53076071e-04
5.08000000e-01	1.45178610e-02	1.54538666e-04
5.09000000e-01	1.42772284e-02	1.51536696e-04
5.10000000e-01	1.45091179e-02	1.52616772e-04
5.11000000e-01	1.44443771e-02	1.52507989e-04
5.12000000e-01	1.41936100e-02	1.49402136e-04
5.13000000e-01	1.42952941e-02	1.49381439e-04
5.14000000e-01	1.43503176e-02	1.50331690e-04
5.15000000e-01	1.41318805e-02	1.47824583e-04
5.16000000e-01	1.43256268e-02	1.49530381e-04
5.17000000e-01	1.42653731e-02	1.48180785e-04
5.18000000e-01	1.43063790e-02	1.48645435e-04
5.19000000e-01	1.42879510e-02	1.47956748e-04
5.20000000e-01	1.42784230e-02	1.47446358e-04
5.21000000e-01	1.42657388e-02	1.47861455e-04
5.22000000e-01	1.42079647e-02	1.46816911e-04
5.23000000e-01	1.43023396e-02	1.47182330e-04
5.24000000e-01	1.42768498e-02	1.47394816e-04
5.25000000e-01	1.41416200e-02	1.45700919e-04
5.26000000e-01	1.40284951e-02	1.44587122e-04
5.27000000e-01	1.39918539e-02	1.44731415e-04
5.28000000e-01	1.42461155e-02	1.47139268e-04
5.29000000e-01	1.41562260e-02	1.46269312e-04
5.30000000e-01	1.41644079e-02	1.46196294e-04
5.31000000e-01	1.41589895e-02	1.46374138e-04
5.32000000e-01	1.40874852e-02	1.45535124e-04
5.33000000e-01	1.40819211e-02	1.45008456e-04
5.34000000e-01	1.40705379e-02	1.45338792e-04
5.35000000e-01	1.40174056e-02	1.44651935e-04
5.36000000e-01	1.40592164e-02	1.44905621e-04
5.37000000e-01	1.40909140e-02	1.45164024e-04
5.38000000e-01	1.41636758e-02	1.45931917e-04
5.39000000e-01	1.40315030e-02	1.44651009e-04
5.40000000e-01	1.40408080e-02	1.44631171e-04
5.41000000e-01	1.40413110e-02	1.44960301e-04
5.42000000e-01	1.39493687e-02	1.43961504e-04
5.43000000e-01	1.40714058e-02	1.45486009e-04
5.44000000e-01	1.41038129e-02	1.45421919e-04
5.45000000e-01	1.39369461e-02	1.43984744e-04
5.46000000e-01	1.38501803e-02	1.42906149e-04
5.47000000e-01	1.38982286e-02	1.43552629e-04
5.48000000e-01	1.39272446e-02	1.43696497e-04
5.49000000e-01	1.39584160e-02	1.43645903e-04
5.50000000e-01	1.39698375e-02	1.43718779e-04
5.51000000e-01	1.40535458e-02	1.44620015e-04
5.52000000e-01	1.38680705e-02	1.42197990e-04
5.53000000e-01	1.39092384e-02	1.43082155e-04
5.54000000e-01	1.39202007e-02	1.42621801e-04
5.55000000e-01	1.39069665e-02	1.42208708e-04
5.56000000e-01	1.39374016e-02	1.42505720e-04
5.57000000e-01	1.38604162e-02	1.42106381e-04
5.58000000e-01	1.37285061e-02	1.40950355e-04
5.59000000e-01	1.38659820e-02	1.42009760e-04
5.60000000e-01	1.37079518e-02	1.40978353e-04
5.61000000e-01	1.37512750e-02	1.40790795e-04
5.62000000e-01	1.38366799e-02	1.41984605e-04
5.63000000e-01	1.38514625e-02	1.42021420e-04
5.64000000e-01	1.38485630e-02	1.42269861e-04
5.65000000e-01	1.37913687e-02	1.41865214e-04
5.66000000e-01	1.37988755e-02	1.42023617e-04
5.67000000e-01	1.38284654e-02	1.41778685e-04
5.68000000e-01	1.36489015e-02	1.40457396e-04
5.69000000e-01	1.36581309e-02	1.40208218e-04
5.70000000e-01	1.37430495e-02	1.40961843e-04
5.71000000e-01	1.37788152e-02	1.41464185e-04
5.72000000e-01	1.37733160e-02	1.41122150e-04
5.73000000e-01	1.36008197e-02	1.39609354e-04
5.74000000e-01	1.36712013e-02	1.40452571e-04
5.75000000e-01	1.37250509e-02	1.41382724e-04
5.76000000e-01	1.36232645e-02	1.39674912e-04
5.77000000e-01	1.36448298e-02	1.39874234e-04
5.78000000e-01	1.34626864e-02	1.38989073e-04
5.79000000e-01	1.34970984e-02	1.38707814e-04
5.80000000e-01	1.36209147e-02	1.40257667e-04
5.81000000e-01	1.35617102e-02	1.39579546e-04
5.82000000e-01	1.36205827e-02	1.40197817e-04
5.83000000e-01	1.35529799e-02	1.39334839e-04
5.84000000e-01	1.36288706e-02	1.40199527e-04
5.85000000e-01	1.35181564e-02	1.39465254e-04
5.86000000e-01	1.34772167e-02	1.39316737e-04
5.87000000e-01	1.35404010e-02	1.39583702e-04
5.88000000e-01	1.36177692e-02	1.40271563e-04
5.89000000e-01	1.35484795e-02	1.40311857e-04
5.90000000e-01	1.34047545e-02	1.38731027e-04
5.91000000e-01	1.34356503e-02	1.38734644e-04
5.92000000e-01	1.36001192e-02	1.39814302e-04
5.93000000e-01	1.34852355e-02	1.39196066e-04
5.94000000e-01	1.34266610e-02	1.38753398e-04
5.95000000e-01	1.34688099e-02	1.39149988e-04
5.96000000e-01	1.34987146e-02	1.39362517e-04
5.97000000e-01	1.36084302e-02	1.40327094e-04
5.98000000e-01	1.34585596e-02	1.38977465e-04
5.99000000e-01	1.34472121e-02	1.38653797e-04
6.00000000e-01	1.34268484e-02	1.38995481e-04
6.01000000e-01	1.34685789e-02	1.39042072e-04
6.02000000e-01	1.34690384e-02	1.39028754e-04
6.03000000e-01	1.33704016e-02	1.38746465e-04
6.04000000e-01	1.33572567e-02	1.37999934e-04
6.05000000e-01	1.33032417e-02	1.37433975e-04
6.06000000e-01	1.34754638e-02	1.39393742e-04
6.07000000e-01	1.34816537e-02	1.39404544e-04
6.08000000e-01	1.34843984e-02	1.39358564e-04
6.09000000e-01	1.32632557e-02	1.37441787e-04
6.10000000e-01	1.33945540e-02	1.38816045e-04
6.11000000e-01	1.33560418e-02	1.38218177e-04
6.12000000e-01	1.33096030e-02	1.37923057e-04
6.13000000e-01	1.33028929e-02	1.37995911e-04
6.14000000e-01	1.33686731e-02	1.38318794e-04
6.15000000e-01	1.33075245e-02	1.38147372e-04
6.16000000e-01	1.34060030e-02	1.39209304e-04
6.17000000e-01	1.33488497e-02	1.38677798e-04
6.18000000e-01	1.32528303e-02	1.37390019e-04
6.19000000e-01	1.32667493e-02	1.36881702e-04
6.20000000e-01	1.32857638e-02	1.38016240e-04
6.21000000e-01	1.32798482e-02	1.37076132e-04
6.22000000e-01	1.32961675e-02	1.37393434e-04
6.23000000e-01	1.31581335e-02	1.35661190e-04
6.24000000e-01	1.32739228e-02	1.36651168e-04
6.25000000e-01	1.32890800e-02	1.36648670e-04
6.26000000e-01	1.33034991e-02	1.36648751e-04
6.27000000e-01	1.32953659e-02	1.36575336e-04
6.28000000e-01	1.33980611e-02	1.37524040e-04
6.29000000e-01	1.31744741e-02	1.35990140e-04
6.30000000e-01	1.31720940e-02	1.36122729e-04
6.31000000e-01	1.31422756e-02	1.35786793e-04
6.32000000e-01	1.32119082e-02	1.36148940e-04
6.33000000e-01	1.31070654e-02	1.34480456e-04
6.34000000e-01	1.31805727e-02	1.38781007e-04
6.35000000e-01	1.31825961e-02	1.43286927e-04
6.36000000e-01	1.32922838e-02	1.46701147e-04
6.37000000e-01	1.32093905e-02	1.48827119e-04
6.38000000e-01	1.33032531e-02	1.51328235e-04
6.39000000e-01	1.31344824e-02	1.51227438e-04
6.40000000e-01	1.32415020e-02	1.54222161e-04
6.41000000e-01	1.31823926e-02	1.54938532e-04
6.42000000e-01	1.31047384e-02	1.56721933e-04
6.43000000e-01	1.31989588e-02	1.56978938e-04
6.44000000e-01	1.32501889e-02	1.51988821e-04
6.45000000e-01	1.31483346e-02	1.48786096e-04
6.46000000e-01	1.31422863e-02	1.48150148e-04
6.47000000e-01	1.30776414e-02	1.45521421e-04
6.48000000e-01	1.30780585e-02	1.45422230e-04
6.49000000e-01	1.33199904e-02	1.46361587e-04
6.50000000e-01	1.32325940e-02	1.44582445e-04
6.51000000e-01	1.31983761e-02	1.43789604e-04
6.52000000e-01	1.30260909e-02	1.41857457e-04
6.53000000e-01	1.31176101e-02	1.41710009e-04
6.54000000e-01	1.30958192e-02	1.41308827e-04
6.55000000e-01	1.32774056e-02	1.42676635e-04
6.56000000e-01	1.30343688e-02	1.40423768e-04
6.57000000e-01	1.31841956e-02	1.41456839e-04
6.58000000e-01	1.31630137e-02	1.41407386e-04
6.59000000e-01	1.31985447e-02	1.41668795e-04
6.60000000e-01	1.31890794e-02	1.41505378e-04
6.61000000e-01	1.30990199e-02	1.40224797e-04
6.62000000e-01	1.30406424e-02	1.40046692e-04
6.63000000e-01	1.31266324e-02	1.40717956e-04
6.64000000e-01	1.31479191e-02	1.40607269e-04
6.65000000e-01	1.31013245e-02	1.40383118e-04
6.66000000e-01	1.30517662e-02	1.39690949e-04
6.67000000e-01	1.29535388e-02	1.38497690e-04
6.68000000e-01	1.29643259e-02	1.38573707e-04
6.69000000e-01	1.29744280e-02	1.38770713e-04
6.70000000e-01	1.28969984e-02	1.38007753e-04
6.71000000e-01	1.29551121e-02	1.38715138e-04
6.72000000e-01	1.29935045e-02	1.38677911e-04
6.73000000e-01	1.30994640e-02	1.39419712e-04
6.74000000e-01	1.29905071e-02	1.38585235e-04
6.75000000e-01	1.30175196e-02	1.38607056e-04
6.76000000e-01	1.28399267e-02	1.36937410e-04
6.77000000e-01	1.29287652e-02	1.37933828e-04
6.78000000e-01	1.29671543e-02	1.38016806e-04
6.79000000e-01	1.30040886e-02	1.38728395e-04
6.80000000e-01	1.30314141e-02	1.39249436e-04
6.81000000e-01	1.30087756e-02	1.38676434e-04
6.82000000e-01	1.29862604e-02	1.38539622e-04
6.83000000e-01	1.28104484e-02	1.36952920e-04
6.84000000e-01	1.29640849e-02	1.37723409e-04
6.85000000e-01	1.28373071e-02	1.36789344e-04
6.86000000e-01	1.29134450e-02	1.37333724e-04
6.87000000e-01	1.28625168e-02	1.37064365e-04
6.88000000e-01	1.28605170e-02	1.36840893e-04
6.89000000e-01	1.28923993e-02	1.37303098e-04
6.90000000e-01	1.28517134e-02	1.36929471e-04
6.91000000e-01	1.28125715e-02	1.36394122e-04
6.92000000e-01	1.28020376e-02	1.36049804e-04
6.93000000e-01	1.28402394e-02	1.36309526e-04
6.94000000e-01	1.28772851e-02	1.37024699e-04
6.95000000e-01	1.29025912e-02	1.37288323e-04
6.96000000e-01	1.29051309e-02	1.37304092e-04
6.97000000e-01	1.28077533e-02	1.35751752e-04
6.98000000e-01	1.29125870e-02	1.37412752e-04
6.99000000e-01	1.27883598e-02	1.35903677e-04
7.00000000e-01	1.27288453e-02	1.34686204e-04
7.01000000e-01	1.28372414e-02	1.36160789e-04
7.02000000e-01	1.28852728e-02	1.36265515e-04
7.03000000e-01	1.27238008e-02	1.35513790e-04
7.04000000e-01	1.27244344e-02	1.35324971e-04
7.05000000e-01	1.27092237e-02	1.35158561e-04
7.06000000e-01	1.27378172e-02	1.35776327e-04
7.07000000e-01	1.26661380e-02	1.34404431e-04
7.08000000e-01	1.27721404e-02	1.34670090e-04
7.09000000e-01	1.26724764e-02	1.34719486e-04
7.10000000e-01	1.26867181e-02	1.34725690e-04
7.11000000e-01	1.26267469e-02	1.34099016e-04
7.12000000e-01	1.26513088e-02	1.34318074e-04
7.13000000e-01	1.26339009e-02	1.34475826e-04
7.14000000e-01	1.25535055e-02	1.33758572e-04
7.15000000e-01	1.27206422e-02	1.35595721e-04
7.16000000e-01	1.25022502e-02	1.32614911e-04
7.17000000e-01	1.24993773e-02	1.32674166e-04
7.18000000e-01	1.24045423e-02	1.32056212e-04
7.19000000e-01	1.24408699e-02	1.32614894e-04
7.20000000e-01	1.24936985e-02	1.32898583e-04
7.21000000e-01	1.25337592e-02	1.33363573e-04
7.22000000e-01	1.25819017e-02	1.33490098e-04
7.23000000e-01	1.25266231e-02	1.33654704e-04
7.24000000e-01	1.26146001e-02	1.34052349e-04
7.25000000e-01	1.24362089e-02	1.32402917e-04
7.26000000e-01	1.24237285e-02	1.32313828e-04
7.27000000e-01	1.24574940e-02	1.32669030e-04
7.28000000e-01	1.24103978e-02	1.32052400e-04
7.29000000e-01	1.26084484e-02	1.33795516e-04
7.30000000e-01	1.23268075e-02	1.31365940e-04
7.31000000e-01	1.23541594e-02	1.31894689e-04
7.32000000e-01	1.23842760e-02	1.31735682e-04
7.33000000e-01	1.24098676e-02	1.32352013e-04
7.34000000e-01	1.22437805e-02	1.30202747e-04
7.35000000e-01	1.24109007e-02	1.31412846e-04
7.36000000e-01	1.22468062e-02	1.29734522e-04
7.37000000e-01	1.23141163e-02	1.30278684e-04
7.38000000e-01	1.22879476e-02	1.29895569e-04
7.39000000e-01	1.23285413e-02	1.30172368e-04
7.40000000e-01	1.22299455e-02	1.28818050e-04
7.41000000e-01	1.23894581e-02	1.30487381e-04
7.42000000e-01	1.22252196e-02	1.28848269e-04
7.43000000e-01	1.24066692e-02	1.30680923e-04
7.44000000e-01	1.22556646e-02	1.29161212e-04
7.45000000e-01	1.22207555e-02	1.28582617e-04
7.46000000e-01	1.23575705e-02	1.30152528e-04
7.47000000e-01	1.23401213e-02	1.29997256e-04
7.48000000e-01	1.22387160e-02	1.29135625e-04
7.49000000e-01	1.22457495e-02	1.29283196e-04
7.50000000e-01	1.22038321e-02	1.28845104e-04
7.51000000e-01	1.20969248e-02	1.27601496e-04
7.52000000e-01	1.22211070e-02	1.28916284e-04
7.53000000e-01	1.23830357e-02	1.30577277e-04
7.54000000e-01	1.21282878e-02	1.28515760e-04
7.55000000e-01	1.22505838e-02	1.29332720e-04
7.56000000e-01	1.21134224e-02	1.28074009e-04
7.57000000e-01	1.22465892e-02	1.29202659e-04
7.58000000e-01	1.21713806e-02	1.28288773e-04
7.59000000e-01	1.21938049e-02	1.28682912e-04
7.60000000e-01	1.21948372e-02	1.27910276e-04
7.61000000e-01	1.20881157e-02	1.26857201e-04
7.62000000e-01	1.20938122e-02	1.27057957e-04
7.63000000e-01	1.22257524e-02	1.28186272e-04
7.64000000e-01	1.21680499e-02	1.27612010e-04
7.65000000e-01	1.20047093e-02	1.26064900e-04
7.66000000e-01	1.20143617e-02	1.25754399e-04
7.67000000e-01	1.19999322e-02	1.25685930e-04
7.68000000e-01	1.20376242e-02	1.26358982e-04
7.69000000e-01	1.19993437e-02	1.25993769e-04
7.70000000e-01	1.19006151e-02	1.24779709e-04
7.71000000e-01	1.20598276e-02	1.25939047e-04
7.72000000e-01	1.18793690e-02	1.28200815e-04
7.73000000e-01	1.18770599e-02	1.31962021e-04
7.74000000e-01	1.20691812e-02	1.36702546e-04
7.75000000e-01	1.21796714e-02	1.40433311e-04
7.76000000e-01	1.19958901e-02	1.40873388e-04
7.77000000e-01	1.21519104e-02	1.44192301e-04
7.78000000e-01	1.20117538e-02	1.44699907e-04
7.79000000e-01	1.18972770e-02	1.45353234e-04
7.80000000e-01	1.17974724e-02	1.46300761e-04
7.81000000e-01	1.19681734e-02	1.49246449e-04
7.82000000e-01	1.19692466e-02	1.51213692e-04
7.83000000e-01	1.17156310e-02	1.49501441e-04
7.84000000e-01	1.18495469e-02	1.52907691e-04
7.85000000e-01	1.18808034e-02	1.55321269e-04
7.86000000e-01	1.17889493e-02	1.55712222e-04
7.87000000e-01	1.18879814e-02	1.57442138e-04
7.88000000e-01	1.18008524e-02	1.58825855e-04
7.89000000e-01	1.17329741e-02	1.60177112e-04
7.90000000e-01	1.17150344e-02	1.61291550e-04
7.91000000e-01	1.17721751e-02	1.62909700e-04
7.92000000e-01	1.18814566e-02	1.66384039e-04
7.93000000e-01	1.17546431e-02	1.66376663e-04
7.94000000e-01	1.18347661e-02	1.68771720e-04
7.95000000e-01	1.18852151e-02	1.70872585e-04
7.96000000e-01	1.17871212e-02	1.71598857e-04
7.97000000e-01	1.17278223e-02	1.72278682e-04
7.98000000e-01	1.16590352e-02	1.73614202e-04
7.99000000e-01	1.15903376e-02	1.73923302e-04
8.00000000e-01	1.15259456e-02	1.75476592e-04
8.01000000e-01	1.15582081e-02	1.78642089e-04
8.02000000e-01	1.15461767e-02	1.79249892e-04
8.03000000e-01	1.16435206e-02	1.83450132e-04
8.04000000e-01	1.16952292e-02	1.85056448e-04
8.05000000e-01	1.15520624e-02	1.84644345e-04
8.06000000e-01	1.15638616e-02	1.88095420e-04
8.07000000e-01	1.15941059e-02	1.88773998e-04
8.08000000e-01	1.16409235e-02	1.93564826e-04
8.09000000e-01	1.15803840e-02	1.93511397e-04
8.10000000e-01	1.14507869e-02	1.94273930e-04
8.11000000e-01	1.15443877e-02	1.97239087e-04
8.12000000e-01	1.15270077e-02	1.99622462e-04
8.13000000e-01	1.13537823e-02	2.00128960e-04
8.14000000e-01	1.13968679e-02	2.01238615e-04
8.15000000e-01	1.16622501e-02	2.08649087e-04
8.16000000e-01	1.15361608e-02	2.10221100e-04
8.17000000e-01	1.12701468e-02	2.06897673e-04
8.18000000e-01	1.14571171e-02	2.14217793e-04
8.19000000e-01	1.14699799e-02	2.16048768e-04
8.20000000e-01	1.14975356e-02	2.18875734e-04
8.21000000e-01	1.14362153e-02	2.21711558e-04
8.22000000e-01	1.13864328e-02	2.22753519e-04
8.23000000e-01	1.16901348e-02	2.30433910e-04
8.24000000e-01	1.12228713e-02	2.28014212e-04
8.25000000e-01	1.11599023e-02	2.29820263e-04
8.26000000e-01	1.14897854e-02	2.37300640e-04
8.27000000e-01	1.13401383e-02	2.38533341e-04
8.28000000e-01	1.08126710e-02	2.32002015e-04
8.29000000e-01	1.12931470e-02	2.46186589e-04
8.30000000e-01	1.11273794e-02	2.46366625e-04
8.31000000e-01	1.11809647e-02	2.50275457e-04
8.32000000e-01	1.13659818e-02	2.60192448e-04
8.33000000e-01	1.10697039e-02	2.57448263e-04
8.34000000e-01	1.12004789e-02	2.64575893e-04
8.35000000e-01	1.10367334e-02	2.65305061e-04
8.36000000e-01	1.11637007e-02	2.72444914e-04
8.37000000e-01	1.08776393e-02	2.72455815e-04
8.38000000e-01	1.12619061e-02	2.85409316e-04
8.39000000e-01	1.11123399e-02	2.89758559e-04
8.40000000e-01	1.14363473e-02	2.99544558e-04
8.41000000e-01	1.12349527e-02	3.05276490e-04
8.42000000e-01	1.11316319e-02	3.07932783e-04
8.43000000e-01	1.14039140e-02	3.23022829e-04
8.44000000e-01	1.08302306e-02	3.16798164e-04
8.45000000e-01	1.09680219e-02	3.29453978e-04
8.46000000e-01	1.11359117e-02	3.41878173e-04
8.47000000e-01	1.08971796e-02	3.44199631e-04
8.48000000e-01	1.10464500e-02	3.59609904e-04
8.49000000e-01	1.04623605e-02	3.51909163e-04
8.50000000e-01	1.08369394e-02	3.76673058e-04
8.51000000e-01	1.10158556e-02	4.00560805e-04
8.52000000e-01	1.04325278e-02	3.96562272e-04
8.53000000e-01	1.06205827e-02	4.18081118e-04
8.54000000e-01	1.08662660e-02	4.44291618e-04
8.55000000e-01	1.12070672e-02	4.71499397e-04
8.56000000e-01	1.06877879e-02	4.62973746e-04
8.57000000e-01	1.05845286e-02	4.72895974e-04
8.58000000e-01	1.08596472e-02	4.97857030e-04
8.59000000e-01	1.09021452e-02	5.14078344e-04
8.60000000e-01	1.01633502e-02	4.99929505e-04
8.61000000e-01	1.07609591e-02	5.46676549e-04
8.62000000e-01	1.04689189e-02	5.51759538e-04
8.63000000e-01	1.05120724e-02	5.80857541e-04
8.64000000e-01	1.07810061e-02	6.09366131e-04
8.65000000e-01	1.06237021e-02	6.34823920e-04
8.66000000e-01	1.05044229e-02	6.55616443e-04
8.67000000e-01	1.11184026e-02	7.45923875e-04
8.68000000e-01	1.06780636e-02	7.62213479e-04
8.69000000e-01	1.01208243e-02	7.67981472e-04
8.70000000e-01	1.06378978e-02	8.77063694e-04
8.71000000e-01	1.05333990e-02	9.77505347e-04
8.72000000e-01	1.12779674e-02	1.15591644e-03
8.73000000e-01	1.09026837e-02	1.31007531e-03
8.74000000e-01	1.16224305e-02	1.86366157e-03
8.75000000e-01	1.10559636e-02	3.55772660e-03
