% Filename : SEC7_00039_00009.h5
% Date & Time : 30-Oct-2025 17:48:11
% X-ray Energy (keV) : 13.30001
% Exposure Time (s) : 0.500
% Beam Center : 1461.24000, 208.98300
% Sample to Detector Distance (SDD) (mm) : 1990.750
% Detector Pixel Size (mm) : 0.075
% Photodiode Value : 141982.000
% I0 of Sample : 0
% I0 of Standard : 1
% 
% q(A^-1)   I(q)    I(q)_SE
0.00000000e+00	6.36231886e-03	3.36661929e-03
2.50000000e-04	0.00000000e+00	0.00000000e+00
5.00000000e-04	0.00000000e+00	0.00000000e+00
7.50000000e-04	0.00000000e+00	0.00000000e+00
1.00000000e-03	0.00000000e+00	0.00000000e+00
1.25000000e-03	0.00000000e+00	0.00000000e+00
1.50000000e-03	0.00000000e+00	0.00000000e+00
1.75000000e-03	0.00000000e+00	0.00000000e+00
2.00000000e-03	0.00000000e+00	0.00000000e+00
2.25000000e-03	0.00000000e+00	0.00000000e+00
2.50000000e-03	0.00000000e+00	0.00000000e+00
2.75000000e-03	0.00000000e+00	0.00000000e+00
3.00000000e-03	0.00000000e+00	0.00000000e+00
3.25000000e-03	3.92347803e+00	2.30880553e+00
3.50000000e-03	4.46015199e+00	9.73711953e-01
3.75000000e-03	3.66364994e+00	6.40465868e-01
4.00000000e-03	3.28390088e+00	5.18609247e-01
4.25000000e-03	2.67412184e+00	3.61078663e-01
4.50000000e-03	4.16720699e+00	6.89869999e-01
4.75000000e-03	3.88176358e+00	5.79090114e-01
5.00000000e-03	2.96110549e+00	4.11081881e-01
5.25000000e-03	2.47097549e+00	3.29089802e-01
5.50000000e-03	2.01413327e+00	2.55759096e-01
5.75000000e-03	1.70913286e+00	2.09064351e-01
6.00000000e-03	1.42549728e+00	1.67268250e-01
6.25000000e-03	1.19991460e+00	1.37836713e-01
6.50000000e-03	1.02395761e+00	1.13678043e-01
6.75000000e-03	8.79093941e-01	9.44892364e-02
7.00000000e-03	7.79137149e-01	8.08883539e-02
7.25000000e-03	6.66472671e-01	6.60986120e-02
7.50000000e-03	5.84687557e-01	5.84899231e-02
7.75000000e-03	5.11899699e-01	4.85715754e-02
8.00000000e-03	4.68162522e-01	4.38704135e-02
8.25000000e-03	4.13007770e-01	3.74599056e-02
8.50000000e-03	3.68260680e-01	3.23545372e-02
8.75000000e-03	3.31860080e-01	2.92178185e-02
9.00000000e-03	3.00315477e-01	2.54856923e-02
9.25000000e-03	2.62361379e-01	2.15505223e-02
9.50000000e-03	2.41784653e-01	1.96299145e-02
9.75000000e-03	2.19060962e-01	1.73435590e-02
1.00000000e-02	1.97856251e-01	1.52597496e-02
1.02500000e-02	1.83052099e-01	1.42151964e-02
1.05000000e-02	1.72126998e-01	1.28223655e-02
1.07500000e-02	1.56921222e-01	1.16303439e-02
1.10000000e-02	1.43127098e-01	1.03252543e-02
1.12500000e-02	1.36917846e-01	1.00173770e-02
1.15000000e-02	1.24979714e-01	8.79817412e-03
1.17500000e-02	1.15670123e-01	8.00606389e-03
1.20000000e-02	1.09810648e-01	7.52387622e-03
1.22500000e-02	1.04031557e-01	7.06825910e-03
1.25000000e-02	9.85766071e-02	6.62748097e-03
1.27500000e-02	9.29825808e-02	6.19361386e-03
1.30000000e-02	8.73659584e-02	5.62150457e-03
1.32500000e-02	7.97792161e-02	5.01805560e-03
1.35000000e-02	7.53304349e-02	4.72885518e-03
1.37500000e-02	7.48648497e-02	4.68200222e-03
1.40000000e-02	6.99835223e-02	4.38280559e-03
1.42500000e-02	6.73879501e-02	4.10744061e-03
1.45000000e-02	6.30238376e-02	3.80556546e-03
1.47500000e-02	6.22861115e-02	3.72430992e-03
1.50000000e-02	5.70226378e-02	3.35525929e-03
1.52500000e-02	5.48686011e-02	3.18697734e-03
1.55000000e-02	5.36890894e-02	3.04709795e-03
1.57500000e-02	4.94720039e-02	2.80785602e-03
1.60000000e-02	4.84186243e-02	2.71155115e-03
1.62500000e-02	4.79687235e-02	2.73121792e-03
1.65000000e-02	4.44921151e-02	2.44274498e-03
1.67500000e-02	4.43196398e-02	2.42727975e-03
1.70000000e-02	4.23490268e-02	2.30631679e-03
1.72500000e-02	4.16260036e-02	2.26339694e-03
1.75000000e-02	3.97601833e-02	2.16572875e-03
1.77500000e-02	3.89979018e-02	2.04951183e-03
1.80000000e-02	3.78404700e-02	2.01977447e-03
1.82500000e-02	3.70759028e-02	1.91942142e-03
1.85000000e-02	3.61913504e-02	1.93051661e-03
1.87500000e-02	3.60221723e-02	1.87289097e-03
1.90000000e-02	3.49165307e-02	1.81480391e-03
1.92500000e-02	3.31512192e-02	1.67388761e-03
1.95000000e-02	3.27858565e-02	1.68353529e-03
1.97500000e-02	3.18113161e-02	1.62419580e-03
2.00000000e-02	3.21002376e-02	1.60684998e-03
2.02500000e-02	3.11916356e-02	1.57085525e-03
2.05000000e-02	3.08089265e-02	1.50243286e-03
2.07500000e-02	3.19252028e-02	1.57373819e-03
2.10000000e-02	3.05048272e-02	1.52268808e-03
2.12500000e-02	2.89865350e-02	1.43601008e-03
2.15000000e-02	2.88364460e-02	1.42901043e-03
2.17500000e-02	2.95977805e-02	1.47425341e-03
2.20000000e-02	2.85594999e-02	1.41490720e-03
2.22500000e-02	2.86367193e-02	1.42861332e-03
2.25000000e-02	2.83726786e-02	1.43320571e-03
2.27500000e-02	2.81402531e-02	1.38900902e-03
2.30000000e-02	2.76906120e-02	1.38306287e-03
2.32500000e-02	2.75798757e-02	1.36280501e-03
2.35000000e-02	2.67461122e-02	1.34283850e-03
2.37500000e-02	2.67138813e-02	1.32901033e-03
2.40000000e-02	2.58124709e-02	1.28596512e-03
2.42500000e-02	2.56233188e-02	1.28453577e-03
2.45000000e-02	2.64968109e-02	1.30854846e-03
2.47500000e-02	2.62468309e-02	1.27931308e-03
2.50000000e-02	2.62222676e-02	1.29822214e-03
2.52500000e-02	2.58846536e-02	1.28122713e-03
2.55000000e-02	2.56996199e-02	1.24481309e-03
2.57500000e-02	2.50513663e-02	1.23796986e-03
2.60000000e-02	2.59735662e-02	1.25704433e-03
2.62500000e-02	2.40623406e-02	1.20075168e-03
2.65000000e-02	2.49791487e-02	1.21648167e-03
2.67500000e-02	2.41014807e-02	1.16521868e-03
2.70000000e-02	2.46539414e-02	1.18784335e-03
2.72500000e-02	2.54452937e-02	1.22261605e-03
2.75000000e-02	2.39648224e-02	1.17560967e-03
2.77500000e-02	2.42571476e-02	1.18929172e-03
2.80000000e-02	2.55665671e-02	1.21616502e-03
2.82500000e-02	2.35641647e-02	1.13492515e-03
2.85000000e-02	2.43460414e-02	1.15247928e-03
2.87500000e-02	2.43031542e-02	1.17642114e-03
2.90000000e-02	2.41399928e-02	1.17025796e-03
2.92500000e-02	2.51644120e-02	1.16850822e-03
2.95000000e-02	2.44527235e-02	1.16966353e-03
2.97500000e-02	2.41927747e-02	1.13539501e-03
3.00000000e-02	2.54673393e-02	1.21372699e-03
3.02500000e-02	2.48119420e-02	1.18635507e-03
3.05000000e-02	2.43754067e-02	1.13674480e-03
3.07500000e-02	2.41813871e-02	1.14092923e-03
3.10000000e-02	2.38741326e-02	1.13213876e-03
3.12500000e-02	2.47934414e-02	1.18280044e-03
3.15000000e-02	2.40527308e-02	1.13607453e-03
3.17500000e-02	2.46899207e-02	1.14088771e-03
3.20000000e-02	2.37531455e-02	1.11579903e-03
3.22500000e-02	2.33814402e-02	1.08852478e-03
3.25000000e-02	2.33852522e-02	1.07765659e-03
3.27500000e-02	2.29884277e-02	1.07293767e-03
3.30000000e-02	2.26643021e-02	1.04173651e-03
3.32500000e-02	2.32958035e-02	1.07239007e-03
3.35000000e-02	2.29456751e-02	1.07539518e-03
3.37500000e-02	2.35542887e-02	1.08484653e-03
3.40000000e-02	2.29221018e-02	1.04942576e-03
3.42500000e-02	2.35377878e-02	1.07367658e-03
3.45000000e-02	2.25799312e-02	1.03838724e-03
3.47500000e-02	2.30307944e-02	1.07041339e-03
3.50000000e-02	2.29723802e-02	1.04138372e-03
3.52500000e-02	2.36012391e-02	1.08741419e-03
3.55000000e-02	2.28960332e-02	1.02717076e-03
3.57500000e-02	2.31496937e-02	1.05146631e-03
3.60000000e-02	2.25225328e-02	1.02324956e-03
3.62500000e-02	2.31748263e-02	1.05403318e-03
3.65000000e-02	2.26690301e-02	1.02023749e-03
3.67500000e-02	2.21232811e-02	9.91278963e-04
3.70000000e-02	2.24163622e-02	1.00409445e-03
3.72500000e-02	2.22987674e-02	9.90686847e-04
3.75000000e-02	2.16314832e-02	9.69659260e-04
3.77500000e-02	2.20705740e-02	9.83470276e-04
3.80000000e-02	2.29803220e-02	1.01511834e-03
3.82500000e-02	2.23350717e-02	9.80641891e-04
3.85000000e-02	2.15547780e-02	9.64108567e-04
3.87500000e-02	2.27369181e-02	9.89922132e-04
3.90000000e-02	2.16840862e-02	9.70400726e-04
3.92500000e-02	2.16118402e-02	9.42260878e-04
3.95000000e-02	2.17011892e-02	9.45747729e-04
3.97500000e-02	2.18536270e-02	9.56326789e-04
4.00000000e-02	2.15760897e-02	9.49027651e-04
4.02500000e-02	2.15349587e-02	9.44647547e-04
4.05000000e-02	2.22102456e-02	9.52924308e-04
4.07500000e-02	2.11299660e-02	9.05862465e-04
4.10000000e-02	2.10925899e-02	9.23253586e-04
4.12500000e-02	2.14413930e-02	9.22910427e-04
4.15000000e-02	2.21125173e-02	9.49741530e-04
4.17500000e-02	2.12956363e-02	9.20039246e-04
4.20000000e-02	2.15165210e-02	9.01511567e-04
4.22500000e-02	2.13308200e-02	9.03427795e-04
4.25000000e-02	2.18969993e-02	9.35975151e-04
4.27500000e-02	2.15528408e-02	9.10050740e-04
4.30000000e-02	2.17320081e-02	9.25384579e-04
4.32500000e-02	2.11538384e-02	8.90758503e-04
4.35000000e-02	2.14531414e-02	9.22969392e-04
4.37500000e-02	2.14784353e-02	9.04704498e-04
4.40000000e-02	2.25727860e-02	9.47785283e-04
4.42500000e-02	2.10141179e-02	8.90545079e-04
4.45000000e-02	2.14458634e-02	8.89816284e-04
4.47500000e-02	2.16822747e-02	9.03459876e-04
4.50000000e-02	2.10166972e-02	8.81326811e-04
4.52500000e-02	2.07006246e-02	8.62524270e-04
4.55000000e-02	2.10147143e-02	8.75939160e-04
4.57500000e-02	2.14105833e-02	8.81214681e-04
4.60000000e-02	2.15506137e-02	8.88466638e-04
4.62500000e-02	2.19692916e-02	9.03169664e-04
4.65000000e-02	2.11914283e-02	8.74187524e-04
4.67500000e-02	2.05228250e-02	8.36206486e-04
4.70000000e-02	2.14260444e-02	8.77426337e-04
4.72500000e-02	2.12431920e-02	8.74189838e-04
4.75000000e-02	2.10979017e-02	8.73371583e-04
4.77500000e-02	2.10745593e-02	8.56794652e-04
4.80000000e-02	2.11027131e-02	8.54247193e-04
4.82500000e-02	2.15289160e-02	8.69600835e-04
4.85000000e-02	2.09225844e-02	8.56003728e-04
4.87500000e-02	2.11192526e-02	8.58178878e-04
4.90000000e-02	2.08949509e-02	8.37288437e-04
4.92500000e-02	2.10376841e-02	8.51591706e-04
4.95000000e-02	2.07729356e-02	8.36798953e-04
4.97500000e-02	2.17386100e-02	8.74734068e-04
5.00000000e-02	2.09584421e-02	8.39404426e-04
5.02500000e-02	2.11261756e-02	8.36603129e-04
5.05000000e-02	2.17847891e-02	8.64113334e-04
5.07500000e-02	2.12209769e-02	8.47530094e-04
5.10000000e-02	2.13712702e-02	8.44905358e-04
5.12500000e-02	2.11472286e-02	8.50233845e-04
5.15000000e-02	2.08892470e-02	8.26176494e-04
5.17500000e-02	2.10392233e-02	8.40453737e-04
5.20000000e-02	2.06975576e-02	8.16861667e-04
5.22500000e-02	2.09479572e-02	8.32034695e-04
5.25000000e-02	2.07384960e-02	8.12028000e-04
5.27500000e-02	2.14376146e-02	8.38160959e-04
5.30000000e-02	2.13246794e-02	8.37201638e-04
5.32500000e-02	2.05133241e-02	7.99305931e-04
5.35000000e-02	2.06062916e-02	8.04222206e-04
5.37500000e-02	2.07647127e-02	8.10188972e-04
5.40000000e-02	2.06628359e-02	8.03561434e-04
5.42500000e-02	2.04329676e-02	7.93999442e-04
5.45000000e-02	2.08639479e-02	8.11796951e-04
5.47500000e-02	2.04712599e-02	7.88485046e-04
5.50000000e-02	2.00127649e-02	7.83426332e-04
5.52500000e-02	2.09893607e-02	8.01648616e-04
5.55000000e-02	2.06810402e-02	7.93392367e-04
5.57500000e-02	2.06562446e-02	7.96099609e-04
5.60000000e-02	2.09922084e-02	8.06578058e-04
5.62500000e-02	2.02295933e-02	7.75395326e-04
5.65000000e-02	2.16779010e-02	8.24598857e-04
5.67500000e-02	2.02147662e-02	7.79072940e-04
5.70000000e-02	2.05724161e-02	7.89738043e-04
5.72500000e-02	1.98858473e-02	7.60215734e-04
5.75000000e-02	2.01645594e-02	7.70699502e-04
5.77500000e-02	2.05859484e-02	7.76949683e-04
5.80000000e-02	2.04255558e-02	7.74690950e-04
5.82500000e-02	2.03224729e-02	7.69963774e-04
5.85000000e-02	2.01474833e-02	7.59115272e-04
5.87500000e-02	2.08865403e-02	7.85895706e-04
5.90000000e-02	2.07828204e-02	7.75679195e-04
5.92500000e-02	2.05506366e-02	7.68276625e-04
5.95000000e-02	2.05348430e-02	7.62102905e-04
5.97500000e-02	2.02287163e-02	7.61895460e-04
6.00000000e-02	2.05182108e-02	7.67897949e-04
6.02500000e-02	2.02939493e-02	7.59251166e-04
6.05000000e-02	2.02369232e-02	7.48783587e-04
6.07500000e-02	2.02327046e-02	7.49026125e-04
6.10000000e-02	1.96813946e-02	7.35546383e-04
6.12500000e-02	2.00041160e-02	7.41380265e-04
6.15000000e-02	2.05689545e-02	7.64223673e-04
6.17500000e-02	2.02519458e-02	7.42696185e-04
6.20000000e-02	2.05550424e-02	7.55134102e-04
6.22500000e-02	1.98514937e-02	7.32649869e-04
6.25000000e-02	2.04167009e-02	7.50172044e-04
6.27500000e-02	2.01272506e-02	7.32014522e-04
6.30000000e-02	2.03834837e-02	7.45382897e-04
6.32500000e-02	2.01760529e-02	7.37426544e-04
6.35000000e-02	2.00426818e-02	7.32184303e-04
6.37500000e-02	2.06229159e-02	7.50511202e-04
6.40000000e-02	2.04904813e-02	7.46866382e-04
6.42500000e-02	2.02043015e-02	7.30863681e-04
6.45000000e-02	2.04551389e-02	7.35962814e-04
6.47500000e-02	2.02652793e-02	7.33687672e-04
6.50000000e-02	1.97057548e-02	7.16843038e-04
6.52500000e-02	2.03310315e-02	7.29978968e-04
6.55000000e-02	2.01919054e-02	7.25545575e-04
6.57500000e-02	2.00677916e-02	7.19167616e-04
6.60000000e-02	2.03890360e-02	7.30792525e-04
6.62500000e-02	2.00629110e-02	7.16242569e-04
6.65000000e-02	2.05398883e-02	7.27242486e-04
6.67500000e-02	2.03567544e-02	7.24533330e-04
6.70000000e-02	2.01579381e-02	7.17150883e-04
6.72500000e-02	1.98772654e-02	7.09449653e-04
6.75000000e-02	2.06358327e-02	7.30250965e-04
6.77500000e-02	2.01406824e-02	7.10780680e-04
6.80000000e-02	2.03447650e-02	7.24538381e-04
6.82500000e-02	2.10241736e-02	7.39478108e-04
6.85000000e-02	1.98017459e-02	7.07841085e-04
6.87500000e-02	1.99954060e-02	7.01400297e-04
6.90000000e-02	1.99405244e-02	6.96558713e-04
6.92500000e-02	2.05688150e-02	7.23610944e-04
6.95000000e-02	2.04316355e-02	7.19397536e-04
6.97500000e-02	2.04079633e-02	7.16807949e-04
7.00000000e-02	2.00660479e-02	7.00417115e-04
7.02500000e-02	2.02246590e-02	7.08112059e-04
7.05000000e-02	1.97029830e-02	6.82765931e-04
7.07500000e-02	2.01553973e-02	7.10675687e-04
7.10000000e-02	1.99290561e-02	6.95666462e-04
7.12500000e-02	2.02991018e-02	7.02101493e-04
7.15000000e-02	1.99284403e-02	6.90419925e-04
7.17500000e-02	2.02631320e-02	7.02463894e-04
7.20000000e-02	2.01640435e-02	6.96402328e-04
7.22500000e-02	1.94958315e-02	6.76377938e-04
7.25000000e-02	2.01832724e-02	6.96616276e-04
7.27500000e-02	2.02316480e-02	6.98323618e-04
7.30000000e-02	2.05135655e-02	7.08435797e-04
7.32500000e-02	2.00154250e-02	6.88575471e-04
7.35000000e-02	1.98759947e-02	6.86656080e-04
7.37500000e-02	2.05065390e-02	6.97634185e-04
7.40000000e-02	2.01598294e-02	6.92830485e-04
7.42500000e-02	2.01974243e-02	6.93262628e-04
7.45000000e-02	2.03891484e-02	6.91258938e-04
7.47500000e-02	1.98250433e-02	6.73426928e-04
7.50000000e-02	1.99628314e-02	6.79290415e-04
7.52500000e-02	1.96185105e-02	6.68105192e-04
7.55000000e-02	2.00210105e-02	6.74892779e-04
7.57500000e-02	2.02632721e-02	6.88747992e-04
7.60000000e-02	1.97524735e-02	6.65060575e-04
7.62500000e-02	1.97844642e-02	6.70492929e-04
7.65000000e-02	1.98936206e-02	6.76796395e-04
7.67500000e-02	2.00468309e-02	6.75792070e-04
7.70000000e-02	1.97678842e-02	6.61897272e-04
7.72500000e-02	2.02253396e-02	6.93779751e-04
7.75000000e-02	1.99761418e-02	6.91029440e-04
7.77500000e-02	2.05482479e-02	7.10705335e-04
7.80000000e-02	2.01616366e-02	7.00301092e-04
7.82500000e-02	1.93977587e-02	6.82966341e-04
7.85000000e-02	2.04293061e-02	7.23792581e-04
7.87500000e-02	2.01038871e-02	7.06538030e-04
7.90000000e-02	1.99080254e-02	7.11807503e-04
7.92500000e-02	2.01689149e-02	7.07102941e-04
7.95000000e-02	1.96967332e-02	7.11451222e-04
7.97500000e-02	2.01952418e-02	7.24602708e-04
8.00000000e-02	1.97973814e-02	7.06807790e-04
8.02500000e-02	2.07127971e-02	7.38628840e-04
8.05000000e-02	2.03978921e-02	7.25561714e-04
8.07500000e-02	1.99313493e-02	7.28145700e-04
8.10000000e-02	1.99516920e-02	7.17383285e-04
8.12500000e-02	1.95983518e-02	7.08190214e-04
8.15000000e-02	1.97396835e-02	7.12324031e-04
8.17500000e-02	2.00636455e-02	7.32058157e-04
8.20000000e-02	2.02730942e-02	7.34120041e-04
8.22500000e-02	2.01537182e-02	7.38498735e-04
8.25000000e-02	2.01441337e-02	7.46906178e-04
8.27500000e-02	2.02158464e-02	7.34430515e-04
8.30000000e-02	1.97522853e-02	7.18232297e-04
8.32500000e-02	2.00298063e-02	7.34248043e-04
8.35000000e-02	2.00216820e-02	7.34228261e-04
8.37500000e-02	1.98956588e-02	7.28710331e-04
8.40000000e-02	1.97039829e-02	7.22829905e-04
8.42500000e-02	1.98158417e-02	7.32191387e-04
8.45000000e-02	1.96802402e-02	7.29758655e-04
8.47500000e-02	1.97938618e-02	7.32016266e-04
8.50000000e-02	1.99824704e-02	7.39165759e-04
8.52500000e-02	2.02750893e-02	7.52225431e-04
8.55000000e-02	1.95512947e-02	7.15493203e-04
8.57500000e-02	1.94328650e-02	7.26284016e-04
8.60000000e-02	1.90868225e-02	7.19698701e-04
8.62500000e-02	2.00113141e-02	7.35363825e-04
8.65000000e-02	1.95657273e-02	7.24026112e-04
8.67500000e-02	1.96280304e-02	7.27341206e-04
8.70000000e-02	2.00486649e-02	7.29578585e-04
8.72500000e-02	1.99655969e-02	7.13160879e-04
8.75000000e-02	1.98937602e-02	7.02330041e-04
8.77500000e-02	2.01142047e-02	7.04559701e-04
8.80000000e-02	2.03415175e-02	7.18566515e-04
8.82500000e-02	2.00533773e-02	7.01983683e-04
8.85000000e-02	1.96596303e-02	6.90049376e-04
8.87500000e-02	2.01257064e-02	6.90485312e-04
8.90000000e-02	1.98160016e-02	6.87921886e-04
8.92500000e-02	2.02501275e-02	6.96642058e-04
8.95000000e-02	1.98683187e-02	6.84105902e-04
8.97500000e-02	1.94475363e-02	6.62803650e-04
9.00000000e-02	1.96579125e-02	6.67414071e-04
9.02500000e-02	1.96983212e-02	6.69792688e-04
9.05000000e-02	1.99780684e-02	6.84429621e-04
9.07500000e-02	2.05712140e-02	6.91785096e-04
9.10000000e-02	1.98409304e-02	6.63530514e-04
9.12500000e-02	2.02650698e-02	6.76272049e-04
9.15000000e-02	1.98589061e-02	6.68554162e-04
9.17500000e-02	1.94060871e-02	6.53934819e-04
9.20000000e-02	1.97483283e-02	6.60897014e-04
9.22500000e-02	1.95953692e-02	6.54260868e-04
9.25000000e-02	1.98938181e-02	6.60408639e-04
9.27500000e-02	1.92166591e-02	6.40591657e-04
9.30000000e-02	1.95327036e-02	6.46830880e-04
9.32500000e-02	1.97018586e-02	6.51671453e-04
9.35000000e-02	1.97688077e-02	6.48411457e-04
9.37500000e-02	1.95428832e-02	6.41248428e-04
9.40000000e-02	1.98246108e-02	6.54376990e-04
9.42500000e-02	1.96893202e-02	6.45316365e-04
9.45000000e-02	1.96389949e-02	6.44334292e-04
9.47500000e-02	1.96980008e-02	6.41078251e-04
9.50000000e-02	1.99851624e-02	6.50131613e-04
9.52500000e-02	2.03290355e-02	6.55403881e-04
9.55000000e-02	1.99507896e-02	6.50949162e-04
9.57500000e-02	2.03233201e-02	6.56388724e-04
9.60000000e-02	1.96932689e-02	6.37546423e-04
9.62500000e-02	2.02107627e-02	6.50438399e-04
9.65000000e-02	1.98715494e-02	6.40683093e-04
9.67500000e-02	1.95438307e-02	6.29485858e-04
9.70000000e-02	1.98592211e-02	6.41934403e-04
9.72500000e-02	1.94309681e-02	6.23041934e-04
9.75000000e-02	1.97979427e-02	6.35646467e-04
9.77500000e-02	1.99153609e-02	6.31511324e-04
9.80000000e-02	1.98795231e-02	6.35823929e-04
9.82500000e-02	1.99038677e-02	6.35879708e-04
9.85000000e-02	1.94784162e-02	6.23766083e-04
9.87500000e-02	1.94353607e-02	6.16589809e-04
9.90000000e-02	1.96478873e-02	6.25130206e-04
9.92500000e-02	1.96350630e-02	6.21602429e-04
9.95000000e-02	1.98117971e-02	6.25509978e-04
9.97500000e-02	2.01998599e-02	6.34670758e-04
1.00000000e-01	1.98869844e-02	5.08793514e-04
1.00500000e-01	1.98872048e-02	4.42375003e-04
1.01000000e-01	1.94709620e-02	4.31839984e-04
1.01500000e-01	1.99568530e-02	4.43673270e-04
1.02000000e-01	1.95115098e-02	4.32007146e-04
1.02500000e-01	1.97205467e-02	4.31602025e-04
1.03000000e-01	1.96286237e-02	4.31485356e-04
1.03500000e-01	1.97745061e-02	4.33296279e-04
1.04000000e-01	1.97053342e-02	4.29886936e-04
1.04500000e-01	1.95595847e-02	4.26887441e-04
1.05000000e-01	1.96392245e-02	4.24293566e-04
1.05500000e-01	1.96227785e-02	4.25663410e-04
1.06000000e-01	1.97826420e-02	4.25855239e-04
1.06500000e-01	1.97354931e-02	4.24180418e-04
1.07000000e-01	1.97697004e-02	4.29533771e-04
1.07500000e-01	1.98039683e-02	4.38106853e-04
1.08000000e-01	2.01126486e-02	4.48671964e-04
1.08500000e-01	1.98285117e-02	4.45408831e-04
1.09000000e-01	1.94357733e-02	4.41886811e-04
1.09500000e-01	1.95216177e-02	4.46243667e-04
1.10000000e-01	1.93329639e-02	4.38025055e-04
1.10500000e-01	1.98415240e-02	4.39724502e-04
1.11000000e-01	1.98458296e-02	4.30180318e-04
1.11500000e-01	1.94752367e-02	4.21460299e-04
1.12000000e-01	1.98915388e-02	4.25248121e-04
1.12500000e-01	1.97716288e-02	4.18155376e-04
1.13000000e-01	1.99125038e-02	4.23785702e-04
1.13500000e-01	1.96807319e-02	4.15547519e-04
1.14000000e-01	1.95217364e-02	4.10515528e-04
1.14500000e-01	1.96709045e-02	4.12324857e-04
1.15000000e-01	1.97232648e-02	4.11737710e-04
1.15500000e-01	1.93229627e-02	4.04332149e-04
1.16000000e-01	1.96197422e-02	4.08375967e-04
1.16500000e-01	1.99669980e-02	4.13477838e-04
1.17000000e-01	1.95521082e-02	4.04783298e-04
1.17500000e-01	1.96978597e-02	4.06074182e-04
1.18000000e-01	1.94109044e-02	4.00754177e-04
1.18500000e-01	1.97300963e-02	4.04886983e-04
1.19000000e-01	1.96852099e-02	4.03994409e-04
1.19500000e-01	1.96353554e-02	4.00858991e-04
1.20000000e-01	1.95613395e-02	3.98079006e-04
1.20500000e-01	1.99632326e-02	4.04984891e-04
1.21000000e-01	1.95862725e-02	3.96655502e-04
1.21500000e-01	1.94778621e-02	3.96702211e-04
1.22000000e-01	1.92828869e-02	3.90191981e-04
1.22500000e-01	2.00227292e-02	4.02979417e-04
1.23000000e-01	1.93683327e-02	3.90762088e-04
1.23500000e-01	1.99608273e-02	3.99829679e-04
1.24000000e-01	1.93646323e-02	3.88547417e-04
1.24500000e-01	1.95298117e-02	3.90725206e-04
1.25000000e-01	1.96810394e-02	3.92928309e-04
1.25500000e-01	1.95692612e-02	3.89417660e-04
1.26000000e-01	1.97421197e-02	3.92870400e-04
1.26500000e-01	1.99091876e-02	3.96164152e-04
1.27000000e-01	1.98162214e-02	3.91768333e-04
1.27500000e-01	1.96159923e-02	3.88759478e-04
1.28000000e-01	1.97658441e-02	3.89236727e-04
1.28500000e-01	1.96809316e-02	3.85438645e-04
1.29000000e-01	1.97044233e-02	3.85286325e-04
1.29500000e-01	1.93531315e-02	3.79542266e-04
1.30000000e-01	1.95787385e-02	3.84330495e-04
1.30500000e-01	1.97398645e-02	3.84663429e-04
1.31000000e-01	1.96403006e-02	3.80203340e-04
1.31500000e-01	1.97183893e-02	3.83533100e-04
1.32000000e-01	1.97206831e-02	3.81805989e-04
1.32500000e-01	1.94427692e-02	3.77282204e-04
1.33000000e-01	1.95765352e-02	3.77670961e-04
1.33500000e-01	1.97576818e-02	3.79038174e-04
1.34000000e-01	1.95127271e-02	3.74452250e-04
1.34500000e-01	1.97009717e-02	3.75377065e-04
1.35000000e-01	1.96470207e-02	3.74883681e-04
1.35500000e-01	1.95520044e-02	3.73674181e-04
1.36000000e-01	1.96710366e-02	3.72962974e-04
1.36500000e-01	1.98955026e-02	3.77290843e-04
1.37000000e-01	1.92863885e-02	3.65129455e-04
1.37500000e-01	1.95620468e-02	3.69155391e-04
1.38000000e-01	1.98177859e-02	3.72383899e-04
1.38500000e-01	1.94004199e-02	3.65871853e-04
1.39000000e-01	1.93871844e-02	3.65224596e-04
1.39500000e-01	1.93096891e-02	3.63032789e-04
1.40000000e-01	1.95222630e-02	3.66820644e-04
1.40500000e-01	1.93477952e-02	3.64528903e-04
1.41000000e-01	1.95106836e-02	3.64070768e-04
1.41500000e-01	1.92412185e-02	3.63168075e-04
1.42000000e-01	1.94208856e-02	3.61487432e-04
1.42500000e-01	1.95128143e-02	3.64462263e-04
1.43000000e-01	1.94204562e-02	3.62504624e-04
1.43500000e-01	1.94882594e-02	3.61923348e-04
1.44000000e-01	1.97084818e-02	3.66120279e-04
1.44500000e-01	1.93509580e-02	3.57628257e-04
1.45000000e-01	1.93947912e-02	3.58988398e-04
1.45500000e-01	1.94788887e-02	3.58939663e-04
1.46000000e-01	1.93542786e-02	3.56129569e-04
1.46500000e-01	1.95301875e-02	3.59045300e-04
1.47000000e-01	1.94863809e-02	3.58914815e-04
1.47500000e-01	1.96240314e-02	3.60073760e-04
1.48000000e-01	1.95847841e-02	3.58304207e-04
1.48500000e-01	1.92370662e-02	3.52209309e-04
1.49000000e-01	1.94956684e-02	3.56951239e-04
1.49500000e-01	1.94935286e-02	3.55467894e-04
1.50000000e-01	1.92843929e-02	3.50842908e-04
1.50500000e-01	1.94555559e-02	3.55475719e-04
1.51000000e-01	1.93804336e-02	3.51243243e-04
1.51500000e-01	1.92437393e-02	3.49495273e-04
1.52000000e-01	1.91537539e-02	3.45984672e-04
1.52500000e-01	1.95455195e-02	3.53234861e-04
1.53000000e-01	1.90276279e-02	3.43374116e-04
1.53500000e-01	1.95121439e-02	3.49353257e-04
1.54000000e-01	1.93262856e-02	3.46834574e-04
1.54500000e-01	1.90529714e-02	3.48646626e-04
1.55000000e-01	1.90823561e-02	3.53357081e-04
1.55500000e-01	1.93857110e-02	3.59886279e-04
1.56000000e-01	1.92713507e-02	3.62134551e-04
1.56500000e-01	1.93592693e-02	3.61703874e-04
1.57000000e-01	1.91604146e-02	3.59577341e-04
1.57500000e-01	1.91360253e-02	3.53447625e-04
1.58000000e-01	1.90724247e-02	3.46896258e-04
1.58500000e-01	1.91848057e-02	3.46469141e-04
1.59000000e-01	1.93483068e-02	3.47386400e-04
1.59500000e-01	1.90888038e-02	3.42051070e-04
1.60000000e-01	1.89429328e-02	3.40697723e-04
1.60500000e-01	1.91140712e-02	3.39732181e-04
1.61000000e-01	1.92394916e-02	3.42383195e-04
1.61500000e-01	1.91471711e-02	3.37988599e-04
1.62000000e-01	1.93482499e-02	3.41153900e-04
1.62500000e-01	1.91192408e-02	3.38452220e-04
1.63000000e-01	1.91634995e-02	3.38378509e-04
1.63500000e-01	1.90428366e-02	3.38203021e-04
1.64000000e-01	1.89502129e-02	3.33369366e-04
1.64500000e-01	1.90157909e-02	3.34936212e-04
1.65000000e-01	1.91214387e-02	3.33766268e-04
1.65500000e-01	1.89039419e-02	3.30084049e-04
1.66000000e-01	1.92274765e-02	3.36310871e-04
1.66500000e-01	1.91077050e-02	3.33828820e-04
1.67000000e-01	1.90196607e-02	3.32749961e-04
1.67500000e-01	1.89958316e-02	3.29269776e-04
1.68000000e-01	1.87658298e-02	3.26229556e-04
1.68500000e-01	1.92374006e-02	3.31690708e-04
1.69000000e-01	1.87048360e-02	3.23559565e-04
1.69500000e-01	1.87989290e-02	3.25200771e-04
1.70000000e-01	1.89791041e-02	3.28932651e-04
1.70500000e-01	1.88594244e-02	3.25125374e-04
1.71000000e-01	1.89886490e-02	3.26994292e-04
1.71500000e-01	1.89328423e-02	3.23520945e-04
1.72000000e-01	1.86849451e-02	3.20002907e-04
1.72500000e-01	1.88121762e-02	3.22441221e-04
1.73000000e-01	1.89547006e-02	3.24048897e-04
1.73500000e-01	1.84586154e-02	3.13264037e-04
1.74000000e-01	1.88701314e-02	3.21785444e-04
1.74500000e-01	1.89382024e-02	3.20832361e-04
1.75000000e-01	1.88238332e-02	3.16581614e-04
1.75500000e-01	1.84793889e-02	3.12445906e-04
1.76000000e-01	1.88634851e-02	3.17586247e-04
1.76500000e-01	1.86804461e-02	3.15416997e-04
1.77000000e-01	1.89811988e-02	3.18976411e-04
1.77500000e-01	1.86177423e-02	3.13600306e-04
1.78000000e-01	1.90072779e-02	3.18442812e-04
1.78500000e-01	1.87889059e-02	3.16399932e-04
1.79000000e-01	1.84751768e-02	3.09322404e-04
1.79500000e-01	1.87569628e-02	3.14712237e-04
1.80000000e-01	1.86571456e-02	3.12178011e-04
1.80500000e-01	1.88657669e-02	3.15075961e-04
1.81000000e-01	1.88009169e-02	3.14246041e-04
1.81500000e-01	1.87015744e-02	3.11474387e-04
1.82000000e-01	1.86525862e-02	3.10725018e-04
1.82500000e-01	1.85656233e-02	3.09503254e-04
1.83000000e-01	1.86758306e-02	3.11616312e-04
1.83500000e-01	1.87008792e-02	3.10666282e-04
1.84000000e-01	1.83661285e-02	3.04006444e-04
1.84500000e-01	1.86379649e-02	3.09110388e-04
1.85000000e-01	1.86687717e-02	3.09272678e-04
1.85500000e-01	1.83972183e-02	3.04405775e-04
1.86000000e-01	1.86903357e-02	3.09050136e-04
1.86500000e-01	1.83682689e-02	3.03271221e-04
1.87000000e-01	1.84070293e-02	3.04179599e-04
1.87500000e-01	1.85720538e-02	3.05518966e-04
1.88000000e-01	1.86407161e-02	3.06485342e-04
1.88500000e-01	1.86958071e-02	3.05684095e-04
1.89000000e-01	1.86193311e-02	3.05229202e-04
1.89500000e-01	1.81810963e-02	2.98401438e-04
1.90000000e-01	1.85072253e-02	3.01499540e-04
1.90500000e-01	1.87326034e-02	3.04484152e-04
1.91000000e-01	1.84902224e-02	3.00980027e-04
1.91500000e-01	1.82485316e-02	2.97426435e-04
1.92000000e-01	1.85206798e-02	3.00080959e-04
1.92500000e-01	1.88083263e-02	3.05786084e-04
1.93000000e-01	1.83632570e-02	2.99443572e-04
1.93500000e-01	1.84467869e-02	2.98154641e-04
1.94000000e-01	1.83552307e-02	2.97994614e-04
1.94500000e-01	1.83661660e-02	2.95854187e-04
1.95000000e-01	1.85903562e-02	3.00367267e-04
1.95500000e-01	1.82753383e-02	2.94915148e-04
1.96000000e-01	1.84898936e-02	2.97374432e-04
1.96500000e-01	1.83240144e-02	2.95109364e-04
1.97000000e-01	1.81936454e-02	2.91980710e-04
1.97500000e-01	1.81716978e-02	2.93160192e-04
1.98000000e-01	1.83664855e-02	2.94223951e-04
1.98500000e-01	1.84811643e-02	2.95158268e-04
1.99000000e-01	1.83167602e-02	2.93039205e-04
1.99500000e-01	1.83016857e-02	2.92204449e-04
2.00000000e-01	1.83827621e-02	2.93523099e-04
2.00500000e-01	1.82926149e-02	2.92476858e-04
2.01000000e-01	1.84610049e-02	2.94014210e-04
2.01500000e-01	1.84704529e-02	2.94272770e-04
2.02000000e-01	1.80389910e-02	2.87455033e-04
2.02500000e-01	1.82042173e-02	2.88711244e-04
2.03000000e-01	1.81817425e-02	2.88073220e-04
2.03500000e-01	1.84524859e-02	2.92387726e-04
2.04000000e-01	1.80399034e-02	2.85218406e-04
2.04500000e-01	1.83866349e-02	2.90629882e-04
2.05000000e-01	1.79920792e-02	2.82916979e-04
2.05500000e-01	1.83353719e-02	2.89215844e-04
2.06000000e-01	1.83297505e-02	2.86754656e-04
2.06500000e-01	1.82932201e-02	2.87360971e-04
2.07000000e-01	1.82359869e-02	2.86514248e-04
2.07500000e-01	1.79334813e-02	2.81103321e-04
2.08000000e-01	1.83006853e-02	2.86856518e-04
2.08500000e-01	1.82156324e-02	2.83485651e-04
2.09000000e-01	1.81234223e-02	2.83604742e-04
2.09500000e-01	1.81546050e-02	2.82476749e-04
2.10000000e-01	1.82226585e-02	2.84229297e-04
2.10500000e-01	1.81387430e-02	2.82583998e-04
2.11000000e-01	1.83684277e-02	2.85289476e-04
2.11500000e-01	1.78732814e-02	2.78801192e-04
2.12000000e-01	1.80758199e-02	2.80919823e-04
2.12500000e-01	1.80921290e-02	2.81847769e-04
2.13000000e-01	1.81851454e-02	2.82142954e-04
2.13500000e-01	1.80854036e-02	2.79862987e-04
2.14000000e-01	1.80219840e-02	2.78247032e-04
2.14500000e-01	1.80227429e-02	2.76303321e-04
2.15000000e-01	1.82690354e-02	2.81663544e-04
2.15500000e-01	1.80138898e-02	2.76473168e-04
2.16000000e-01	1.81342559e-02	2.78946601e-04
2.16500000e-01	1.81072974e-02	2.76602310e-04
2.17000000e-01	1.81024293e-02	2.82405095e-04
2.17500000e-01	1.78516390e-02	2.82755552e-04
2.18000000e-01	1.80325009e-02	2.85256725e-04
2.18500000e-01	1.80614259e-02	2.87623936e-04
2.19000000e-01	1.81335715e-02	2.90887870e-04
2.19500000e-01	1.79436487e-02	2.88773947e-04
2.20000000e-01	1.78541230e-02	2.88203652e-04
2.20500000e-01	1.80161307e-02	2.91395067e-04
2.21000000e-01	1.78355093e-02	2.89949605e-04
2.21500000e-01	1.77434755e-02	2.89731023e-04
2.22000000e-01	1.81736813e-02	2.95334013e-04
2.22500000e-01	1.80084104e-02	2.93619641e-04
2.23000000e-01	1.77509627e-02	2.89657308e-04
2.23500000e-01	1.79727791e-02	2.96111491e-04
2.24000000e-01	1.78016066e-02	2.94493661e-04
2.24500000e-01	1.77223205e-02	2.92943517e-04
2.25000000e-01	1.77852720e-02	2.93396866e-04
2.25500000e-01	1.78633535e-02	2.96221380e-04
2.26000000e-01	1.79480731e-02	2.97797905e-04
2.26500000e-01	1.78571107e-02	2.90503014e-04
2.27000000e-01	1.79476720e-02	2.89992596e-04
2.27500000e-01	1.80800329e-02	2.90997771e-04
2.28000000e-01	1.77340815e-02	2.83107080e-04
2.28500000e-01	1.79234648e-02	2.83844764e-04
2.29000000e-01	1.78081104e-02	2.80515895e-04
2.29500000e-01	1.80886086e-02	2.84827480e-04
2.30000000e-01	1.76539277e-02	2.77711924e-04
2.30500000e-01	1.78820637e-02	2.79839741e-04
2.31000000e-01	1.80248508e-02	2.81136223e-04
2.31500000e-01	1.80046999e-02	2.81419305e-04
2.32000000e-01	1.79086749e-02	2.78538393e-04
2.32500000e-01	1.77008628e-02	2.75290048e-04
2.33000000e-01	1.78108562e-02	2.75066638e-04
2.33500000e-01	1.78036403e-02	2.75463607e-04
2.34000000e-01	1.78316536e-02	2.75477143e-04
2.34500000e-01	1.76575894e-02	2.70898345e-04
2.35000000e-01	1.78055324e-02	2.74788046e-04
2.35500000e-01	1.77850785e-02	2.72291482e-04
2.36000000e-01	1.78788668e-02	2.74490790e-04
2.36500000e-01	1.77000192e-02	2.70952060e-04
2.37000000e-01	1.77140814e-02	2.69462124e-04
2.37500000e-01	1.78346284e-02	2.72080617e-04
2.38000000e-01	1.77166797e-02	2.69462263e-04
2.38500000e-01	1.77773206e-02	2.70358534e-04
2.39000000e-01	1.77772695e-02	2.69373895e-04
2.39500000e-01	1.76542994e-02	2.67562071e-04
2.40000000e-01	1.78715879e-02	2.69231955e-04
2.40500000e-01	1.75802833e-02	2.64933878e-04
2.41000000e-01	1.75670873e-02	2.65261124e-04
2.41500000e-01	1.76915649e-02	2.64867447e-04
2.42000000e-01	1.76622854e-02	2.65066551e-04
2.42500000e-01	1.75851809e-02	2.63113629e-04
2.43000000e-01	1.74321647e-02	2.61715431e-04
2.43500000e-01	1.77602447e-02	2.64894029e-04
2.44000000e-01	1.78459047e-02	2.64739395e-04
2.44500000e-01	1.76748391e-02	2.63338101e-04
2.45000000e-01	1.74738471e-02	2.59805187e-04
2.45500000e-01	1.75126972e-02	2.61203759e-04
2.46000000e-01	1.77746402e-02	2.64103229e-04
2.46500000e-01	1.74282690e-02	2.57642665e-04
2.47000000e-01	1.76172332e-02	2.61304167e-04
2.47500000e-01	1.77068162e-02	2.60675159e-04
2.48000000e-01	1.77029155e-02	2.62301561e-04
2.48500000e-01	1.75220463e-02	2.57867012e-04
2.49000000e-01	1.74581087e-02	2.57539426e-04
2.49500000e-01	1.75281461e-02	2.57667813e-04
2.50000000e-01	1.76152322e-02	2.58884318e-04
2.50500000e-01	1.73201947e-02	2.55853254e-04
2.51000000e-01	1.73990188e-02	2.55464208e-04
2.51500000e-01	1.73732669e-02	2.55603779e-04
2.52000000e-01	1.75158796e-02	2.56581551e-04
2.52500000e-01	1.74516410e-02	2.55541923e-04
2.53000000e-01	1.75502644e-02	2.56076286e-04
2.53500000e-01	1.73090762e-02	2.52744652e-04
2.54000000e-01	1.74921053e-02	2.55465798e-04
2.54500000e-01	1.75385417e-02	2.55976353e-04
2.55000000e-01	1.72896234e-02	2.51883833e-04
2.55500000e-01	1.74451180e-02	2.53769567e-04
2.56000000e-01	1.74893040e-02	2.53665945e-04
2.56500000e-01	1.72979703e-02	2.51138763e-04
2.57000000e-01	1.72626013e-02	2.50303550e-04
2.57500000e-01	1.73779761e-02	2.50939084e-04
2.58000000e-01	1.73476698e-02	2.50862880e-04
2.58500000e-01	1.74163021e-02	2.51206198e-04
2.59000000e-01	1.72752306e-02	2.49633994e-04
2.59500000e-01	1.72857287e-02	2.48770565e-04
2.60000000e-01	1.73512927e-02	2.49684623e-04
2.60500000e-01	1.74236214e-02	2.50825359e-04
2.61000000e-01	1.72363960e-02	2.47531446e-04
2.61500000e-01	1.72884652e-02	2.48568285e-04
2.62000000e-01	1.71875369e-02	2.46103474e-04
2.62500000e-01	1.71671654e-02	2.46298253e-04
2.63000000e-01	1.73081209e-02	2.47733655e-04
2.63500000e-01	1.72967155e-02	2.47035436e-04
2.64000000e-01	1.73517765e-02	2.47362764e-04
2.64500000e-01	1.73377046e-02	2.47041422e-04
2.65000000e-01	1.72003724e-02	2.44410021e-04
2.65500000e-01	1.72497824e-02	2.45679301e-04
2.66000000e-01	1.73631718e-02	2.47126691e-04
2.66500000e-01	1.72012844e-02	2.44706105e-04
2.67000000e-01	1.72631282e-02	2.44533459e-04
2.67500000e-01	1.74321126e-02	2.46504550e-04
2.68000000e-01	1.72727448e-02	2.44722678e-04
2.68500000e-01	1.72817124e-02	2.43664192e-04
2.69000000e-01	1.72455882e-02	2.43101174e-04
2.69500000e-01	1.72049141e-02	2.43055114e-04
2.70000000e-01	1.71104900e-02	2.40527297e-04
2.70500000e-01	1.70961611e-02	2.40490318e-04
2.71000000e-01	1.71907660e-02	2.41879335e-04
2.71500000e-01	1.71065638e-02	2.40290518e-04
2.72000000e-01	1.70397692e-02	2.38360422e-04
2.72500000e-01	1.70705794e-02	2.39550170e-04
2.73000000e-01	1.71802676e-02	2.40168840e-04
2.73500000e-01	1.72242852e-02	2.41069605e-04
2.74000000e-01	1.71457295e-02	2.40397278e-04
2.74500000e-01	1.72032163e-02	2.39432909e-04
2.75000000e-01	1.71029420e-02	2.38800987e-04
2.75500000e-01	1.70861795e-02	2.38288725e-04
2.76000000e-01	1.71683198e-02	2.39043054e-04
2.76500000e-01	1.71910742e-02	2.38669962e-04
2.77000000e-01	1.69968445e-02	2.36039102e-04
2.77500000e-01	1.71604899e-02	2.39009782e-04
2.78000000e-01	1.70783153e-02	2.37668265e-04
2.78500000e-01	1.70713791e-02	2.35936447e-04
2.79000000e-01	1.71401092e-02	2.37709188e-04
2.79500000e-01	1.68000558e-02	2.32990328e-04
2.80000000e-01	1.71002656e-02	2.37171292e-04
2.80500000e-01	1.68617098e-02	2.32600603e-04
2.81000000e-01	1.71984357e-02	2.37499790e-04
2.81500000e-01	1.71683363e-02	2.36778681e-04
2.82000000e-01	1.69164297e-02	2.33374611e-04
2.82500000e-01	1.70340702e-02	2.34750486e-04
2.83000000e-01	1.69808372e-02	2.34346579e-04
2.83500000e-01	1.69072905e-02	2.32329429e-04
2.84000000e-01	1.68743061e-02	2.32605190e-04
2.84500000e-01	1.70038171e-02	2.33506713e-04
2.85000000e-01	1.68819965e-02	2.31813821e-04
2.85500000e-01	1.69752979e-02	2.32121113e-04
2.86000000e-01	1.69507116e-02	2.32033710e-04
2.86500000e-01	1.67791821e-02	2.29829983e-04
2.87000000e-01	1.68724637e-02	2.31027802e-04
2.87500000e-01	1.69612824e-02	2.31804629e-04
2.88000000e-01	1.70049351e-02	2.30831279e-04
2.88500000e-01	1.68997054e-02	2.30447732e-04
2.89000000e-01	1.69072476e-02	2.29740067e-04
2.89500000e-01	1.69700975e-02	2.30859309e-04
2.90000000e-01	1.69671437e-02	2.30958765e-04
2.90500000e-01	1.70711220e-02	2.31815239e-04
2.91000000e-01	1.68683879e-02	2.28823396e-04
2.91500000e-01	1.68726598e-02	2.27652804e-04
2.92000000e-01	1.67987641e-02	2.27578539e-04
2.92500000e-01	1.70455789e-02	2.30276662e-04
2.93000000e-01	1.68523692e-02	2.27588805e-04
2.93500000e-01	1.67826572e-02	2.25922141e-04
2.94000000e-01	1.69792230e-02	2.28040229e-04
2.94500000e-01	1.70574898e-02	2.30300174e-04
2.95000000e-01	1.68578990e-02	2.26318771e-04
2.95500000e-01	1.70216667e-02	2.28791274e-04
2.96000000e-01	1.69084305e-02	2.27442001e-04
2.96500000e-01	1.67999878e-02	2.25090953e-04
2.97000000e-01	1.70541053e-02	2.28782572e-04
2.97500000e-01	1.68920817e-02	2.25595530e-04
2.98000000e-01	1.68132554e-02	2.25654072e-04
2.98500000e-01	1.65971484e-02	2.22516152e-04
2.99000000e-01	1.68476381e-02	2.25004066e-04
2.99500000e-01	1.65400766e-02	2.22413656e-04
3.00000000e-01	1.66542237e-02	2.22610059e-04
3.00500000e-01	1.66381999e-02	2.21858600e-04
3.01000000e-01	1.67940100e-02	2.24311624e-04
3.01500000e-01	1.68795778e-02	2.24517067e-04
3.02000000e-01	1.68205979e-02	2.23444490e-04
3.02500000e-01	1.67450330e-02	2.22865866e-04
3.03000000e-01	1.67566998e-02	2.23076397e-04
3.03500000e-01	1.67673052e-02	2.22723935e-04
3.04000000e-01	1.65737134e-02	2.20861251e-04
3.04500000e-01	1.66534368e-02	2.20598136e-04
3.05000000e-01	1.63860787e-02	2.17431884e-04
3.05500000e-01	1.68321775e-02	2.22865420e-04
3.06000000e-01	1.65844712e-02	2.18683333e-04
3.06500000e-01	1.65836912e-02	2.19300445e-04
3.07000000e-01	1.66849518e-02	2.20121612e-04
3.07500000e-01	1.66864571e-02	2.19781397e-04
3.08000000e-01	1.68188866e-02	2.22108104e-04
3.08500000e-01	1.66975984e-02	2.19068495e-04
3.09000000e-01	1.67779370e-02	2.20911487e-04
3.09500000e-01	1.66117693e-02	2.17939999e-04
3.10000000e-01	1.66552745e-02	2.19403314e-04
3.10500000e-01	1.66250950e-02	2.18099744e-04
3.11000000e-01	1.64498980e-02	2.16371068e-04
3.11500000e-01	1.65054224e-02	2.16052321e-04
3.12000000e-01	1.66293524e-02	2.17172213e-04
3.12500000e-01	1.64838358e-02	2.16215084e-04
3.13000000e-01	1.65366004e-02	2.15998548e-04
3.13500000e-01	1.65555403e-02	2.16693055e-04
3.14000000e-01	1.64231284e-02	2.14979079e-04
3.14500000e-01	1.63410287e-02	2.13696880e-04
3.15000000e-01	1.65590161e-02	2.15832616e-04
3.15500000e-01	1.64948060e-02	2.14900950e-04
3.16000000e-01	1.67011773e-02	2.17768006e-04
3.16500000e-01	1.67332575e-02	2.17378233e-04
3.17000000e-01	1.64377963e-02	2.13624594e-04
3.17500000e-01	1.66069863e-02	2.15702965e-04
3.18000000e-01	1.67536949e-02	2.16954695e-04
3.18500000e-01	1.64985588e-02	2.14243258e-04
3.19000000e-01	1.63630724e-02	2.11310214e-04
3.19500000e-01	1.64815934e-02	2.13565906e-04
3.20000000e-01	1.63910469e-02	2.12482929e-04
3.20500000e-01	1.63347183e-02	2.11519801e-04
3.21000000e-01	1.66031772e-02	2.15004961e-04
3.21500000e-01	1.63310266e-02	2.11408129e-04
3.22000000e-01	1.63627191e-02	2.11542285e-04
3.22500000e-01	1.63682397e-02	2.10908632e-04
3.23000000e-01	1.64037920e-02	2.10897603e-04
3.23500000e-01	1.63962725e-02	2.10960276e-04
3.24000000e-01	1.64419832e-02	2.10631809e-04
3.24500000e-01	1.62961299e-02	2.10562294e-04
3.25000000e-01	1.62876153e-02	2.09085119e-04
3.25500000e-01	1.62715667e-02	2.08826751e-04
3.26000000e-01	1.62902050e-02	2.08699872e-04
3.26500000e-01	1.63725736e-02	2.09681037e-04
3.27000000e-01	1.62494112e-02	2.07663809e-04
3.27500000e-01	1.63390704e-02	2.09052462e-04
3.28000000e-01	1.64544211e-02	2.10626849e-04
3.28500000e-01	1.61893934e-02	2.06925571e-04
3.29000000e-01	1.62820645e-02	2.07843828e-04
3.29500000e-01	1.64951551e-02	2.10286135e-04
3.30000000e-01	1.63061901e-02	2.08145789e-04
3.30500000e-01	1.64959100e-02	2.10085953e-04
3.31000000e-01	1.62081259e-02	2.05834055e-04
3.31500000e-01	1.64146533e-02	2.07927757e-04
3.32000000e-01	1.62059052e-02	2.06496645e-04
3.32500000e-01	1.61372490e-02	2.05286748e-04
3.33000000e-01	1.60747316e-02	2.04178797e-04
3.33500000e-01	1.61756060e-02	2.05286977e-04
3.34000000e-01	1.62170231e-02	2.05996936e-04
3.34500000e-01	1.61801045e-02	2.04993016e-04
3.35000000e-01	1.62136892e-02	2.05035136e-04
3.35500000e-01	1.61293480e-02	2.04749030e-04
3.36000000e-01	1.60463474e-02	2.03011660e-04
3.36500000e-01	1.61081629e-02	2.03310612e-04
3.37000000e-01	1.60421368e-02	2.02698867e-04
3.37500000e-01	1.60568705e-02	2.02377439e-04
3.38000000e-01	1.61926662e-02	2.04783564e-04
3.38500000e-01	1.61929662e-02	2.03951729e-04
3.39000000e-01	1.62498301e-02	2.04821404e-04
3.39500000e-01	1.58814298e-02	1.99427322e-04
3.40000000e-01	1.61636613e-02	2.04136292e-04
3.40500000e-01	1.61598543e-02	2.03720928e-04
3.41000000e-01	1.60289742e-02	2.01394036e-04
3.41500000e-01	1.59124248e-02	2.01285075e-04
3.42000000e-01	1.60878653e-02	2.01464898e-04
3.42500000e-01	1.61888553e-02	2.02756558e-04
3.43000000e-01	1.60748902e-02	2.01184442e-04
3.43500000e-01	1.59360815e-02	1.99451812e-04
3.44000000e-01	1.59401767e-02	1.99869962e-04
3.44500000e-01	1.60786839e-02	2.00994644e-04
3.45000000e-01	1.58331771e-02	1.97532826e-04
3.45500000e-01	1.58899405e-02	1.98779013e-04
3.46000000e-01	1.57477765e-02	1.96769979e-04
3.46500000e-01	1.59464091e-02	1.98524514e-04
3.47000000e-01	1.60734975e-02	1.99824583e-04
3.47500000e-01	1.57848213e-02	1.97439854e-04
3.48000000e-01	1.57891889e-02	1.96635070e-04
3.48500000e-01	1.59066350e-02	1.98000497e-04
3.49000000e-01	1.59617891e-02	1.97823902e-04
3.49500000e-01	1.59361137e-02	1.98088941e-04
3.50000000e-01	1.58775162e-02	1.60506887e-04
3.51000000e-01	1.58854957e-02	1.39179059e-04
3.52000000e-01	1.59136778e-02	1.39124061e-04
3.53000000e-01	1.58990134e-02	1.38752707e-04
3.54000000e-01	1.57572037e-02	1.37477952e-04
3.55000000e-01	1.58757069e-02	1.38270671e-04
3.56000000e-01	1.57632856e-02	1.38236755e-04
3.57000000e-01	1.58059183e-02	1.40932430e-04
3.58000000e-01	1.55954999e-02	1.40191716e-04
3.59000000e-01	1.56338601e-02	1.41213942e-04
3.60000000e-01	1.56624452e-02	1.42255268e-04
3.61000000e-01	1.56031876e-02	1.42500613e-04
3.62000000e-01	1.56326771e-02	1.43714173e-04
3.63000000e-01	1.55393770e-02	1.43760899e-04
3.64000000e-01	1.55475979e-02	1.43860310e-04
3.65000000e-01	1.56306258e-02	1.45151671e-04
3.66000000e-01	1.55220396e-02	1.42312388e-04
3.67000000e-01	1.55649735e-02	1.40983189e-04
3.68000000e-01	1.55793668e-02	1.39783381e-04
3.69000000e-01	1.55983577e-02	1.39756959e-04
3.70000000e-01	1.56036381e-02	1.38600531e-04
3.71000000e-01	1.56659086e-02	1.40921492e-04
3.72000000e-01	1.56523620e-02	1.41945334e-04
3.73000000e-01	1.56442177e-02	1.42249567e-04
3.74000000e-01	1.54843419e-02	1.41139676e-04
3.75000000e-01	1.55451053e-02	1.41526787e-04
3.76000000e-01	1.54839449e-02	1.41041799e-04
3.77000000e-01	1.54582401e-02	1.41026720e-04
3.78000000e-01	1.55154182e-02	1.41184283e-04
3.79000000e-01	1.54205461e-02	1.40402106e-04
3.80000000e-01	1.54751266e-02	1.40576312e-04
3.81000000e-01	1.53321536e-02	1.39524318e-04
3.82000000e-01	1.54656377e-02	1.40418322e-04
3.83000000e-01	1.52645425e-02	1.38787847e-04
3.84000000e-01	1.53089185e-02	1.39171348e-04
3.85000000e-01	1.53452673e-02	1.39340457e-04
3.86000000e-01	1.53730348e-02	1.39475808e-04
3.87000000e-01	1.53099921e-02	1.39247265e-04
3.88000000e-01	1.54301661e-02	1.40047136e-04
3.89000000e-01	1.53459214e-02	1.39029243e-04
3.90000000e-01	1.52754604e-02	1.38578570e-04
3.91000000e-01	1.53428574e-02	1.38791528e-04
3.92000000e-01	1.53337684e-02	1.38504326e-04
3.93000000e-01	1.52793219e-02	1.38532723e-04
3.94000000e-01	1.51994124e-02	1.37296401e-04
3.95000000e-01	1.51766643e-02	1.37445704e-04
3.96000000e-01	1.51802501e-02	1.37494448e-04
3.97000000e-01	1.51459271e-02	1.37273682e-04
3.98000000e-01	1.50827963e-02	1.36800765e-04
3.99000000e-01	1.51981893e-02	1.37487112e-04
4.00000000e-01	1.51184184e-02	1.37250070e-04
4.01000000e-01	1.50993925e-02	1.36564207e-04
4.02000000e-01	1.50634451e-02	1.36684718e-04
4.03000000e-01	1.51507988e-02	1.37220781e-04
4.04000000e-01	1.51188264e-02	1.36710387e-04
4.05000000e-01	1.50660392e-02	1.36208971e-04
4.06000000e-01	1.50110747e-02	1.36005706e-04
4.07000000e-01	1.49101053e-02	1.35579692e-04
4.08000000e-01	1.50724774e-02	1.36419337e-04
4.09000000e-01	1.49961645e-02	1.35478738e-04
4.10000000e-01	1.50173854e-02	1.35904777e-04
4.11000000e-01	1.49673028e-02	1.35642916e-04
4.12000000e-01	1.48973405e-02	1.34910286e-04
4.13000000e-01	1.50313235e-02	1.35639755e-04
4.14000000e-01	1.50045320e-02	1.35604912e-04
4.15000000e-01	1.50462341e-02	1.35510570e-04
4.16000000e-01	1.49696702e-02	1.35027756e-04
4.17000000e-01	1.48912192e-02	1.34254748e-04
4.18000000e-01	1.49978449e-02	1.36413764e-04
4.19000000e-01	1.50733146e-02	1.39002027e-04
4.20000000e-01	1.49831104e-02	1.38941446e-04
4.21000000e-01	1.50374679e-02	1.40004998e-04
4.22000000e-01	1.51994182e-02	1.41557429e-04
4.23000000e-01	1.49585483e-02	1.40449566e-04
4.24000000e-01	1.50572182e-02	1.41470712e-04
4.25000000e-01	1.49765172e-02	1.40787421e-04
4.26000000e-01	1.49772708e-02	1.41058333e-04
4.27000000e-01	1.50642229e-02	1.41439380e-04
4.28000000e-01	1.48711711e-02	1.40585524e-04
4.29000000e-01	1.48791161e-02	1.40838408e-04
4.30000000e-01	1.48849946e-02	1.40807459e-04
4.31000000e-01	1.50198768e-02	1.41558635e-04
4.32000000e-01	1.48850060e-02	1.40390532e-04
4.33000000e-01	1.48588796e-02	1.40763473e-04
4.34000000e-01	1.49353787e-02	1.41674150e-04
4.35000000e-01	1.47884248e-02	1.40138778e-04
4.36000000e-01	1.48969530e-02	1.41492904e-04
4.37000000e-01	1.48913678e-02	1.41585956e-04
4.38000000e-01	1.49339180e-02	1.42016991e-04
4.39000000e-01	1.47052954e-02	1.39757374e-04
4.40000000e-01	1.47103375e-02	1.40496345e-04
4.41000000e-01	1.48115058e-02	1.41309933e-04
4.42000000e-01	1.47694809e-02	1.41553307e-04
4.43000000e-01	1.47942330e-02	1.41565250e-04
4.44000000e-01	1.47634103e-02	1.41700832e-04
4.45000000e-01	1.47652745e-02	1.41956799e-04
4.46000000e-01	1.48225811e-02	1.42493477e-04
4.47000000e-01	1.48367194e-02	1.42546401e-04
4.48000000e-01	1.47036384e-02	1.41527127e-04
4.49000000e-01	1.46670043e-02	1.41624226e-04
4.50000000e-01	1.47096301e-02	1.41731748e-04
4.51000000e-01	1.47454727e-02	1.42407972e-04
4.52000000e-01	1.47357895e-02	1.42343901e-04
4.53000000e-01	1.47379779e-02	1.42556921e-04
4.54000000e-01	1.47599747e-02	1.42598978e-04
4.55000000e-01	1.46073076e-02	1.41267791e-04
4.56000000e-01	1.45796356e-02	1.41674558e-04
4.57000000e-01	1.45888505e-02	1.41872336e-04
4.58000000e-01	1.46811490e-02	1.42930309e-04
4.59000000e-01	1.46723230e-02	1.42310102e-04
4.60000000e-01	1.46500614e-02	1.42704898e-04
4.61000000e-01	1.46471681e-02	1.42461677e-04
4.62000000e-01	1.46959151e-02	1.43245563e-04
4.63000000e-01	1.47120455e-02	1.43739863e-04
4.64000000e-01	1.47011147e-02	1.43379597e-04
4.65000000e-01	1.46974420e-02	1.43367669e-04
4.66000000e-01	1.45353334e-02	1.41620143e-04
4.67000000e-01	1.44689124e-02	1.41697554e-04
4.68000000e-01	1.47141573e-02	1.43935531e-04
4.69000000e-01	1.45608086e-02	1.42505747e-04
4.70000000e-01	1.44227041e-02	1.41467526e-04
4.71000000e-01	1.45448526e-02	1.42340684e-04
4.72000000e-01	1.44825041e-02	1.41830801e-04
4.73000000e-01	1.44962885e-02	1.41980816e-04
4.74000000e-01	1.44926105e-02	1.41813114e-04
4.75000000e-01	1.43917963e-02	1.40948740e-04
4.76000000e-01	1.44892799e-02	1.41753221e-04
4.77000000e-01	1.42945212e-02	1.40221671e-04
4.78000000e-01	1.43953565e-02	1.41417554e-04
4.79000000e-01	1.43654542e-02	1.41007307e-04
4.80000000e-01	1.43001451e-02	1.40616072e-04
4.81000000e-01	1.43838222e-02	1.41238144e-04
4.82000000e-01	1.44421428e-02	1.41885309e-04
4.83000000e-01	1.43711472e-02	1.41130744e-04
4.84000000e-01	1.43881956e-02	1.41294627e-04
4.85000000e-01	1.43707485e-02	1.41493047e-04
4.86000000e-01	1.43193844e-02	1.41305217e-04
4.87000000e-01	1.43145681e-02	1.41248560e-04
4.88000000e-01	1.43012391e-02	1.41329585e-04
4.89000000e-01	1.42739177e-02	1.40780627e-04
4.90000000e-01	1.42300400e-02	1.40368205e-04
4.91000000e-01	1.42450044e-02	1.41004885e-04
4.92000000e-01	1.42334920e-02	1.40921383e-04
4.93000000e-01	1.43269889e-02	1.41679875e-04
4.94000000e-01	1.43829216e-02	1.41923733e-04
4.95000000e-01	1.42887136e-02	1.42259140e-04
4.96000000e-01	1.42793148e-02	1.46479146e-04
4.97000000e-01	1.43250463e-02	1.49625070e-04
4.98000000e-01	1.42947375e-02	1.51482989e-04
4.99000000e-01	1.42614688e-02	1.53148843e-04
5.00000000e-01	1.43263109e-02	1.55179684e-04
5.01000000e-01	1.42814104e-02	1.56154413e-04
5.02000000e-01	1.42168183e-02	1.57283823e-04
5.03000000e-01	1.43380016e-02	1.59734541e-04
5.04000000e-01	1.44366448e-02	1.61790658e-04
5.05000000e-01	1.42313478e-02	1.57600120e-04
5.06000000e-01	1.43276713e-02	1.55316778e-04
5.07000000e-01	1.42515201e-02	1.53173064e-04
5.08000000e-01	1.42160192e-02	1.51364784e-04
5.09000000e-01	1.42262334e-02	1.50954095e-04
5.10000000e-01	1.42146331e-02	1.50813269e-04
5.11000000e-01	1.42378776e-02	1.50116974e-04
5.12000000e-01	1.41955325e-02	1.49599875e-04
5.13000000e-01	1.42437130e-02	1.49713668e-04
5.14000000e-01	1.42795664e-02	1.49191945e-04
5.15000000e-01	1.41107983e-02	1.47446003e-04
5.16000000e-01	1.42496152e-02	1.48133431e-04
5.17000000e-01	1.41718940e-02	1.47172412e-04
5.18000000e-01	1.40127318e-02	1.45860533e-04
5.19000000e-01	1.40758221e-02	1.46226349e-04
5.20000000e-01	1.40362371e-02	1.45497782e-04
5.21000000e-01	1.39730233e-02	1.45011589e-04
5.22000000e-01	1.40126881e-02	1.45007603e-04
5.23000000e-01	1.41633790e-02	1.45896015e-04
5.24000000e-01	1.39118296e-02	1.43984708e-04
5.25000000e-01	1.41370269e-02	1.46254451e-04
5.26000000e-01	1.40312547e-02	1.44846193e-04
5.27000000e-01	1.40951268e-02	1.45281919e-04
5.28000000e-01	1.39024689e-02	1.43768669e-04
5.29000000e-01	1.40294392e-02	1.44678459e-04
5.30000000e-01	1.39150887e-02	1.44068964e-04
5.31000000e-01	1.39728695e-02	1.44280637e-04
5.32000000e-01	1.39112480e-02	1.43542180e-04
5.33000000e-01	1.38533907e-02	1.42635397e-04
5.34000000e-01	1.41217557e-02	1.46117987e-04
5.35000000e-01	1.38880903e-02	1.43345800e-04
5.36000000e-01	1.39777745e-02	1.43825712e-04
5.37000000e-01	1.41436399e-02	1.45643255e-04
5.38000000e-01	1.39477259e-02	1.44022186e-04
5.39000000e-01	1.39102882e-02	1.43760674e-04
5.40000000e-01	1.39696319e-02	1.44428344e-04
5.41000000e-01	1.39363258e-02	1.44037129e-04
5.42000000e-01	1.39169480e-02	1.43689207e-04
5.43000000e-01	1.38276263e-02	1.42640038e-04
5.44000000e-01	1.37704524e-02	1.42508618e-04
5.45000000e-01	1.37271868e-02	1.42145942e-04
5.46000000e-01	1.38749907e-02	1.43630173e-04
5.47000000e-01	1.37753688e-02	1.42353480e-04
5.48000000e-01	1.37747090e-02	1.42328124e-04
5.49000000e-01	1.38166577e-02	1.42353819e-04
5.50000000e-01	1.38433161e-02	1.42539310e-04
5.51000000e-01	1.38273625e-02	1.42435151e-04
5.52000000e-01	1.37805839e-02	1.41739401e-04
5.53000000e-01	1.37218285e-02	1.41151677e-04
5.54000000e-01	1.36517592e-02	1.40189565e-04
5.55000000e-01	1.37064748e-02	1.40754248e-04
5.56000000e-01	1.38023698e-02	1.41426197e-04
5.57000000e-01	1.37196802e-02	1.40666906e-04
5.58000000e-01	1.37419135e-02	1.40853712e-04
5.59000000e-01	1.36908082e-02	1.40551038e-04
5.60000000e-01	1.36741661e-02	1.40734152e-04
5.61000000e-01	1.36454143e-02	1.40225456e-04
5.62000000e-01	1.36585240e-02	1.40482306e-04
5.63000000e-01	1.36602903e-02	1.39892194e-04
5.64000000e-01	1.36679622e-02	1.40280919e-04
5.65000000e-01	1.36487973e-02	1.40363575e-04
5.66000000e-01	1.35891394e-02	1.39384041e-04
5.67000000e-01	1.36533333e-02	1.40339186e-04
5.68000000e-01	1.35908385e-02	1.39671542e-04
5.69000000e-01	1.35306701e-02	1.38913503e-04
5.70000000e-01	1.35311898e-02	1.38755191e-04
5.71000000e-01	1.35399839e-02	1.39138987e-04
5.72000000e-01	1.35911638e-02	1.39633497e-04
5.73000000e-01	1.35887165e-02	1.39975919e-04
5.74000000e-01	1.36673427e-02	1.40133044e-04
5.75000000e-01	1.34557392e-02	1.38815535e-04
5.76000000e-01	1.35108007e-02	1.38695072e-04
5.77000000e-01	1.35432271e-02	1.39488393e-04
5.78000000e-01	1.34151211e-02	1.38225018e-04
5.79000000e-01	1.33861556e-02	1.38072998e-04
5.80000000e-01	1.33986144e-02	1.38118854e-04
5.81000000e-01	1.34703274e-02	1.39082243e-04
5.82000000e-01	1.34637010e-02	1.38735344e-04
5.83000000e-01	1.34946705e-02	1.39230852e-04
5.84000000e-01	1.33594250e-02	1.37747018e-04
5.85000000e-01	1.33718666e-02	1.37666597e-04
5.86000000e-01	1.33145055e-02	1.37522078e-04
5.87000000e-01	1.33599491e-02	1.38195596e-04
5.88000000e-01	1.33764103e-02	1.38128343e-04
5.89000000e-01	1.33719916e-02	1.38147486e-04
5.90000000e-01	1.33323962e-02	1.37755044e-04
5.91000000e-01	1.33061209e-02	1.37666240e-04
5.92000000e-01	1.33072611e-02	1.37724864e-04
5.93000000e-01	1.34574917e-02	1.38768162e-04
5.94000000e-01	1.33705659e-02	1.38132867e-04
5.95000000e-01	1.33185169e-02	1.37664400e-04
5.96000000e-01	1.32440598e-02	1.37502430e-04
5.97000000e-01	1.33720321e-02	1.37636324e-04
5.98000000e-01	1.33675860e-02	1.37703100e-04
5.99000000e-01	1.32456611e-02	1.37072308e-04
6.00000000e-01	1.33277626e-02	1.37762011e-04
6.01000000e-01	1.33270173e-02	1.37802533e-04
6.02000000e-01	1.33413388e-02	1.37251469e-04
6.03000000e-01	1.32619731e-02	1.37901827e-04
6.04000000e-01	1.32121564e-02	1.36560881e-04
6.05000000e-01	1.32489830e-02	1.37448197e-04
6.06000000e-01	1.32070296e-02	1.36825566e-04
6.07000000e-01	1.31825548e-02	1.36346137e-04
6.08000000e-01	1.31924338e-02	1.36454156e-04
6.09000000e-01	1.31640377e-02	1.36537024e-04
6.10000000e-01	1.31293823e-02	1.36455537e-04
6.11000000e-01	1.31675877e-02	1.36828159e-04
6.12000000e-01	1.32133765e-02	1.37265925e-04
6.13000000e-01	1.31889375e-02	1.36722843e-04
6.14000000e-01	1.31825192e-02	1.36817910e-04
6.15000000e-01	1.29518058e-02	1.34505490e-04
6.16000000e-01	1.31818166e-02	1.37132225e-04
6.17000000e-01	1.29855364e-02	1.34738357e-04
6.18000000e-01	1.31394094e-02	1.36612926e-04
6.19000000e-01	1.31185210e-02	1.35962615e-04
6.20000000e-01	1.31281693e-02	1.36103660e-04
6.21000000e-01	1.31066623e-02	1.35761700e-04
6.22000000e-01	1.31779093e-02	1.36170842e-04
6.23000000e-01	1.29809079e-02	1.34191747e-04
6.24000000e-01	1.31191865e-02	1.35064201e-04
6.25000000e-01	1.30607155e-02	1.34297278e-04
6.26000000e-01	1.29771142e-02	1.34117766e-04
6.27000000e-01	1.31180648e-02	1.35062315e-04
6.28000000e-01	1.31077863e-02	1.35328047e-04
6.29000000e-01	1.29302910e-02	1.32832949e-04
6.30000000e-01	1.30137607e-02	1.34250449e-04
6.31000000e-01	1.28724629e-02	1.33159297e-04
6.32000000e-01	1.29416902e-02	1.33599453e-04
6.33000000e-01	1.30176223e-02	1.34549200e-04
6.34000000e-01	1.28956336e-02	1.35961808e-04
6.35000000e-01	1.30796906e-02	1.42531581e-04
6.36000000e-01	1.31248882e-02	1.45228244e-04
6.37000000e-01	1.31618956e-02	1.47936707e-04
6.38000000e-01	1.30663043e-02	1.48347192e-04
6.39000000e-01	1.30355578e-02	1.50463652e-04
6.40000000e-01	1.30810729e-02	1.53123973e-04
6.41000000e-01	1.31756383e-02	1.55172736e-04
6.42000000e-01	1.28720431e-02	1.54148444e-04
6.43000000e-01	1.31019877e-02	1.56444433e-04
6.44000000e-01	1.29680055e-02	1.49308601e-04
6.45000000e-01	1.30698077e-02	1.47719539e-04
6.46000000e-01	1.30903593e-02	1.47128250e-04
6.47000000e-01	1.29106768e-02	1.44222309e-04
6.48000000e-01	1.28855163e-02	1.42962947e-04
6.49000000e-01	1.30770851e-02	1.43974459e-04
6.50000000e-01	1.29242259e-02	1.41721808e-04
6.51000000e-01	1.30315846e-02	1.42456172e-04
6.52000000e-01	1.29471779e-02	1.40882261e-04
6.53000000e-01	1.29464678e-02	1.40388065e-04
6.54000000e-01	1.30011292e-02	1.40226699e-04
6.55000000e-01	1.30275352e-02	1.40280041e-04
6.56000000e-01	1.29457414e-02	1.39693098e-04
6.57000000e-01	1.29854189e-02	1.39596036e-04
6.58000000e-01	1.30181407e-02	1.39453552e-04
6.59000000e-01	1.30272622e-02	1.39436137e-04
6.60000000e-01	1.28827490e-02	1.38550357e-04
6.61000000e-01	1.30263732e-02	1.39365296e-04
6.62000000e-01	1.28499004e-02	1.38289720e-04
6.63000000e-01	1.28151663e-02	1.37800703e-04
6.64000000e-01	1.29569058e-02	1.38839326e-04
6.65000000e-01	1.28637166e-02	1.37526427e-04
6.66000000e-01	1.28965725e-02	1.38770119e-04
6.67000000e-01	1.29479679e-02	1.38487378e-04
6.68000000e-01	1.28369644e-02	1.37493585e-04
6.69000000e-01	1.29052320e-02	1.37782303e-04
6.70000000e-01	1.28997453e-02	1.37827847e-04
6.71000000e-01	1.28395797e-02	1.37429756e-04
6.72000000e-01	1.28493900e-02	1.37553475e-04
6.73000000e-01	1.27385674e-02	1.36398743e-04
6.74000000e-01	1.27721606e-02	1.36669873e-04
6.75000000e-01	1.28765557e-02	1.37241726e-04
6.76000000e-01	1.27501917e-02	1.36654473e-04
6.77000000e-01	1.26282277e-02	1.34707429e-04
6.78000000e-01	1.27622731e-02	1.36141435e-04
6.79000000e-01	1.28456700e-02	1.36853459e-04
6.80000000e-01	1.28426324e-02	1.36647334e-04
6.81000000e-01	1.27843017e-02	1.36232346e-04
6.82000000e-01	1.26501635e-02	1.35224825e-04
6.83000000e-01	1.27013708e-02	1.35367462e-04
6.84000000e-01	1.28278948e-02	1.36291963e-04
6.85000000e-01	1.27618562e-02	1.36077752e-04
6.86000000e-01	1.25886759e-02	1.34469190e-04
6.87000000e-01	1.27122557e-02	1.35552564e-04
6.88000000e-01	1.27599289e-02	1.35773254e-04
6.89000000e-01	1.27755618e-02	1.36000961e-04
6.90000000e-01	1.25370171e-02	1.34075884e-04
6.91000000e-01	1.27823636e-02	1.36273386e-04
6.92000000e-01	1.27247261e-02	1.35278355e-04
6.93000000e-01	1.27517576e-02	1.35980486e-04
6.94000000e-01	1.27403932e-02	1.35398362e-04
6.95000000e-01	1.26389215e-02	1.34322590e-04
6.96000000e-01	1.27476917e-02	1.35579609e-04
6.97000000e-01	1.27783704e-02	1.35792379e-04
6.98000000e-01	1.25592381e-02	1.34288240e-04
6.99000000e-01	1.26539163e-02	1.35121498e-04
7.00000000e-01	1.24662183e-02	1.33171295e-04
7.01000000e-01	1.26483284e-02	1.34552330e-04
7.02000000e-01	1.24306663e-02	1.32475626e-04
7.03000000e-01	1.27281334e-02	1.35329984e-04
7.04000000e-01	1.25734370e-02	1.33877198e-04
7.05000000e-01	1.25668902e-02	1.33652560e-04
7.06000000e-01	1.24468305e-02	1.32779284e-04
7.07000000e-01	1.24807551e-02	1.32628822e-04
7.08000000e-01	1.25011325e-02	1.32292154e-04
7.09000000e-01	1.24603055e-02	1.32619887e-04
7.10000000e-01	1.24247219e-02	1.32047171e-04
7.11000000e-01	1.24555684e-02	1.32173642e-04
7.12000000e-01	1.24021502e-02	1.31540233e-04
7.13000000e-01	1.24706144e-02	1.32706421e-04
7.14000000e-01	1.23472469e-02	1.31257531e-04
7.15000000e-01	1.23628499e-02	1.31649079e-04
7.16000000e-01	1.23994226e-02	1.31497662e-04
7.17000000e-01	1.23650255e-02	1.31834217e-04
7.18000000e-01	1.23888152e-02	1.31675928e-04
7.19000000e-01	1.23430177e-02	1.31450276e-04
7.20000000e-01	1.24459490e-02	1.32750703e-04
7.21000000e-01	1.23724097e-02	1.31846631e-04
7.22000000e-01	1.24495012e-02	1.32103943e-04
7.23000000e-01	1.23943043e-02	1.32229175e-04
7.24000000e-01	1.22427598e-02	1.30518089e-04
7.25000000e-01	1.22781220e-02	1.30720772e-04
7.26000000e-01	1.23272879e-02	1.31492212e-04
7.27000000e-01	1.22274439e-02	1.30935936e-04
7.28000000e-01	1.21932244e-02	1.30050910e-04
7.29000000e-01	1.23258848e-02	1.31257597e-04
7.30000000e-01	1.22655942e-02	1.31093851e-04
7.31000000e-01	1.22236334e-02	1.30480378e-04
7.32000000e-01	1.22013299e-02	1.30109473e-04
7.33000000e-01	1.21753918e-02	1.29985854e-04
7.34000000e-01	1.22332805e-02	1.30201332e-04
7.35000000e-01	1.22658617e-02	1.30888741e-04
7.36000000e-01	1.21154197e-02	1.28518336e-04
7.37000000e-01	1.22263585e-02	1.29495493e-04
7.38000000e-01	1.22401563e-02	1.29806102e-04
7.39000000e-01	1.22226834e-02	1.29268310e-04
7.40000000e-01	1.22027577e-02	1.29271042e-04
7.41000000e-01	1.22794184e-02	1.28999939e-04
7.42000000e-01	1.21581795e-02	1.28334232e-04
7.43000000e-01	1.21610074e-02	1.28319280e-04
7.44000000e-01	1.20068070e-02	1.26677154e-04
7.45000000e-01	1.21573291e-02	1.28157581e-04
7.46000000e-01	1.21572741e-02	1.28256075e-04
7.47000000e-01	1.21549418e-02	1.28072185e-04
7.48000000e-01	1.20784178e-02	1.27567937e-04
7.49000000e-01	1.20363435e-02	1.27238614e-04
7.50000000e-01	1.21121266e-02	1.28047140e-04
7.51000000e-01	1.22233796e-02	1.28658516e-04
7.52000000e-01	1.20133752e-02	1.27016975e-04
7.53000000e-01	1.20936260e-02	1.27856339e-04
7.54000000e-01	1.21061280e-02	1.27642482e-04
7.55000000e-01	1.20214669e-02	1.26932023e-04
7.56000000e-01	1.20203631e-02	1.26844061e-04
7.57000000e-01	1.19963958e-02	1.26917267e-04
7.58000000e-01	1.19611974e-02	1.26574366e-04
7.59000000e-01	1.20523229e-02	1.27078200e-04
7.60000000e-01	1.20203484e-02	1.27314531e-04
7.61000000e-01	1.19870304e-02	1.25689830e-04
7.62000000e-01	1.19487533e-02	1.25594125e-04
7.63000000e-01	1.18017814e-02	1.23845550e-04
7.64000000e-01	1.19141519e-02	1.25157687e-04
7.65000000e-01	1.19983597e-02	1.25586311e-04
7.66000000e-01	1.19044664e-02	1.25145995e-04
7.67000000e-01	1.17597471e-02	1.23423388e-04
7.68000000e-01	1.18318408e-02	1.24004891e-04
7.69000000e-01	1.18181771e-02	1.24151071e-04
7.70000000e-01	1.18550194e-02	1.23899295e-04
7.71000000e-01	1.19137389e-02	1.24919310e-04
7.72000000e-01	1.18054041e-02	1.27454463e-04
7.73000000e-01	1.18211024e-02	1.31735753e-04
7.74000000e-01	1.19260608e-02	1.35538368e-04
7.75000000e-01	1.16997454e-02	1.35987415e-04
7.76000000e-01	1.19245275e-02	1.39485817e-04
7.77000000e-01	1.17930742e-02	1.40930001e-04
7.78000000e-01	1.18123863e-02	1.42712827e-04
7.79000000e-01	1.19858377e-02	1.45856397e-04
7.80000000e-01	1.17635915e-02	1.45501328e-04
7.81000000e-01	1.16606501e-02	1.46316782e-04
7.82000000e-01	1.16304407e-02	1.47354860e-04
7.83000000e-01	1.16043899e-02	1.49011442e-04
7.84000000e-01	1.17682258e-02	1.51914571e-04
7.85000000e-01	1.15698850e-02	1.51526774e-04
7.86000000e-01	1.17867908e-02	1.55474782e-04
7.87000000e-01	1.16869436e-02	1.55954005e-04
7.88000000e-01	1.17681904e-02	1.58350322e-04
7.89000000e-01	1.15537436e-02	1.57252368e-04
7.90000000e-01	1.16690901e-02	1.60740814e-04
7.91000000e-01	1.15647353e-02	1.60350918e-04
7.92000000e-01	1.15666410e-02	1.62153093e-04
7.93000000e-01	1.15019116e-02	1.62402593e-04
7.94000000e-01	1.16095422e-02	1.65898556e-04
7.95000000e-01	1.17350375e-02	1.69812533e-04
7.96000000e-01	1.14205905e-02	1.66173804e-04
7.97000000e-01	1.15969483e-02	1.71162156e-04
7.98000000e-01	1.15592903e-02	1.73230506e-04
7.99000000e-01	1.15030175e-02	1.73375865e-04
8.00000000e-01	1.14769264e-02	1.74807303e-04
8.01000000e-01	1.14241818e-02	1.76472274e-04
8.02000000e-01	1.14359528e-02	1.77275814e-04
8.03000000e-01	1.12011074e-02	1.76361600e-04
8.04000000e-01	1.14636541e-02	1.81487995e-04
8.05000000e-01	1.14763372e-02	1.84171323e-04
8.06000000e-01	1.15436709e-02	1.87104223e-04
8.07000000e-01	1.13847090e-02	1.86206713e-04
8.08000000e-01	1.14880396e-02	1.90314671e-04
8.09000000e-01	1.13582106e-02	1.89731060e-04
8.10000000e-01	1.13648428e-02	1.92779656e-04
8.11000000e-01	1.12606495e-02	1.92896375e-04
8.12000000e-01	1.13315547e-02	1.95875957e-04
8.13000000e-01	1.13714100e-02	1.98927130e-04
8.14000000e-01	1.12814832e-02	2.00346849e-04
8.15000000e-01	1.13394016e-02	2.03862498e-04
8.16000000e-01	1.13209706e-02	2.05483106e-04
8.17000000e-01	1.12295008e-02	2.07433687e-04
8.18000000e-01	1.12655034e-02	2.10893760e-04
8.19000000e-01	1.12717369e-02	2.12041422e-04
8.20000000e-01	1.10644992e-02	2.12595849e-04
8.21000000e-01	1.13070178e-02	2.17592041e-04
8.22000000e-01	1.12641560e-02	2.19635195e-04
8.23000000e-01	1.12584430e-02	2.23440402e-04
8.24000000e-01	1.11985553e-02	2.26924521e-04
8.25000000e-01	1.10114392e-02	2.25304281e-04
8.26000000e-01	1.12773763e-02	2.34239729e-04
8.27000000e-01	1.10706909e-02	2.31559601e-04
8.28000000e-01	1.09788692e-02	2.35578423e-04
8.29000000e-01	1.10460757e-02	2.40302292e-04
8.30000000e-01	1.10208011e-02	2.44441184e-04
8.31000000e-01	1.10979777e-02	2.51148338e-04
8.32000000e-01	1.07468122e-02	2.48513709e-04
8.33000000e-01	1.10715815e-02	2.57218789e-04
8.34000000e-01	1.10126300e-02	2.59241419e-04
8.35000000e-01	1.07925510e-02	2.60694116e-04
8.36000000e-01	1.10100965e-02	2.72006183e-04
8.37000000e-01	1.10110017e-02	2.74727143e-04
8.38000000e-01	1.09960649e-02	2.78276453e-04
8.39000000e-01	1.05482168e-02	2.76639804e-04
8.40000000e-01	1.08678448e-02	2.91676115e-04
8.41000000e-01	1.11212523e-02	3.03219276e-04
8.42000000e-01	1.08823714e-02	3.02506156e-04
8.43000000e-01	1.05356023e-02	2.98296874e-04
8.44000000e-01	1.07878446e-02	3.15008519e-04
8.45000000e-01	1.11080732e-02	3.31634423e-04
8.46000000e-01	1.08221174e-02	3.28517705e-04
8.47000000e-01	1.09494027e-02	3.45657713e-04
8.48000000e-01	1.07186971e-02	3.50495139e-04
8.49000000e-01	1.07383341e-02	3.60500389e-04
8.50000000e-01	1.09440538e-02	3.75192980e-04
8.51000000e-01	1.09151017e-02	3.96585672e-04
8.52000000e-01	1.06309660e-02	4.00182852e-04
8.53000000e-01	1.07695255e-02	4.20717205e-04
8.54000000e-01	1.09728015e-02	4.47937283e-04
8.55000000e-01	1.09788857e-02	4.65724827e-04
8.56000000e-01	1.08901504e-02	4.69785636e-04
8.57000000e-01	1.05991694e-02	4.82980450e-04
8.58000000e-01	1.07583658e-02	4.95276955e-04
8.59000000e-01	1.02172022e-02	4.90564091e-04
8.60000000e-01	1.12229978e-02	5.46300632e-04
8.61000000e-01	1.08405914e-02	5.59407307e-04
8.62000000e-01	1.01720061e-02	5.39585531e-04
8.63000000e-01	1.02559677e-02	5.64946554e-04
8.64000000e-01	1.06169667e-02	6.06533037e-04
8.65000000e-01	1.05966270e-02	6.31004364e-04
8.66000000e-01	1.07809438e-02	6.77919637e-04
8.67000000e-01	1.00818567e-02	6.84223714e-04
8.68000000e-01	1.01051019e-02	7.18565791e-04
8.69000000e-01	9.97338610e-03	7.71368226e-04
8.70000000e-01	1.05142999e-02	8.91941596e-04
8.71000000e-01	1.02970133e-02	9.70869874e-04
8.72000000e-01	9.02999774e-03	9.77012649e-04
8.73000000e-01	1.02856013e-02	1.27223656e-03
8.74000000e-01	1.25352837e-02	1.90609121e-03
8.75000000e-01	6.78632264e-03	2.47316890e-03
