% Filename : SEC8_00040_00038.h5
% Date & Time : 30-Oct-2025 17:53:01
% X-ray Energy (keV) : 13.30001
% Exposure Time (s) : 0.500
% Beam Center : 1461.24000, 208.98300
% Sample to Detector Distance (SDD) (mm) : 1990.750
% Detector Pixel Size (mm) : 0.075
% Photodiode Value : 141573.000
% I0 of Sample : 0
% I0 of Standard : 1
% 
% q(A^-1)   I(q)    I(q)_SE
0.00000000e+00	1.02090942e-02	6.50703835e-03
2.50000000e-04	0.00000000e+00	0.00000000e+00
5.00000000e-04	0.00000000e+00	0.00000000e+00
7.50000000e-04	0.00000000e+00	0.00000000e+00
1.00000000e-03	0.00000000e+00	0.00000000e+00
1.25000000e-03	0.00000000e+00	0.00000000e+00
1.50000000e-03	0.00000000e+00	0.00000000e+00
1.75000000e-03	0.00000000e+00	0.00000000e+00
2.00000000e-03	0.00000000e+00	0.00000000e+00
2.25000000e-03	0.00000000e+00	0.00000000e+00
2.50000000e-03	0.00000000e+00	0.00000000e+00
2.75000000e-03	0.00000000e+00	0.00000000e+00
3.00000000e-03	0.00000000e+00	0.00000000e+00
3.25000000e-03	3.89145027e+02	2.27497532e+02
3.50000000e-03	2.82974686e+02	7.21265065e+01
3.75000000e-03	1.94075426e+02	4.12259731e+01
4.00000000e-03	1.58282017e+02	3.04769264e+01
4.25000000e-03	1.02792333e+02	1.59902580e+01
4.50000000e-03	9.36854516e+01	1.31707641e+01
4.75000000e-03	7.53781358e+01	9.35246166e+00
5.00000000e-03	5.98698662e+01	7.11461393e+00
5.25000000e-03	4.98341712e+01	5.90395442e+00
5.50000000e-03	4.19806804e+01	4.85818176e+00
5.75000000e-03	3.53182641e+01	3.99643836e+00
6.00000000e-03	3.00565757e+01	3.22557906e+00
6.25000000e-03	2.55490332e+01	2.67724227e+00
6.50000000e-03	2.20119754e+01	2.25077842e+00
6.75000000e-03	1.92365535e+01	1.91423674e+00
7.00000000e-03	1.66872560e+01	1.61622198e+00
7.25000000e-03	1.46332119e+01	1.37525463e+00
7.50000000e-03	1.30499842e+01	1.22373662e+00
7.75000000e-03	1.13356632e+01	1.04810382e+00
8.00000000e-03	1.01087592e+01	9.16972839e-01
8.25000000e-03	8.82172946e+00	7.64646183e-01
8.50000000e-03	7.79900662e+00	6.62933890e-01
8.75000000e-03	7.13448590e+00	6.02885630e-01
9.00000000e-03	6.35445534e+00	5.25468801e-01
9.25000000e-03	5.67570416e+00	4.55607303e-01
9.50000000e-03	5.28858468e+00	4.14659690e-01
9.75000000e-03	4.66804130e+00	3.65320884e-01
1.00000000e-02	4.33928015e+00	3.32136033e-01
1.02500000e-02	3.90925640e+00	3.02410656e-01
1.05000000e-02	3.59543438e+00	2.65168105e-01
1.07500000e-02	3.27737219e+00	2.42830862e-01
1.10000000e-02	3.04895431e+00	2.18216397e-01
1.12500000e-02	2.78790886e+00	2.03486958e-01
1.15000000e-02	2.58864004e+00	1.84819922e-01
1.17500000e-02	2.34636444e+00	1.63138650e-01
1.20000000e-02	2.17460800e+00	1.49940550e-01
1.22500000e-02	2.05932367e+00	1.39298404e-01
1.25000000e-02	1.89216681e+00	1.27664274e-01
1.27500000e-02	1.79332672e+00	1.19290902e-01
1.30000000e-02	1.66533523e+00	1.08971905e-01
1.32500000e-02	1.54757954e+00	9.89263273e-02
1.35000000e-02	1.46524070e+00	9.40611326e-02
1.37500000e-02	1.37426315e+00	8.79073921e-02
1.40000000e-02	1.27660841e+00	8.03351518e-02
1.42500000e-02	1.20653416e+00	7.44050940e-02
1.45000000e-02	1.13636541e+00	6.96958696e-02
1.47500000e-02	1.06053479e+00	6.48535357e-02
1.50000000e-02	1.00675972e+00	6.07541792e-02
1.52500000e-02	9.46466374e-01	5.64866053e-02
1.55000000e-02	8.96758143e-01	5.25272662e-02
1.57500000e-02	8.28688882e-01	4.83685747e-02
1.60000000e-02	7.91043114e-01	4.54345432e-02
1.62500000e-02	7.61517678e-01	4.45058594e-02
1.65000000e-02	7.08953804e-01	4.03580901e-02
1.67500000e-02	6.70387483e-01	3.75191129e-02
1.70000000e-02	6.34689359e-01	3.52915842e-02
1.72500000e-02	6.06561806e-01	3.34961294e-02
1.75000000e-02	5.72771015e-01	3.18267730e-02
1.77500000e-02	5.53667503e-01	2.99507813e-02
1.80000000e-02	5.19552698e-01	2.81433164e-02
1.82500000e-02	4.99941493e-01	2.64500012e-02
1.85000000e-02	4.76332926e-01	2.57790215e-02
1.87500000e-02	4.50487926e-01	2.37892583e-02
1.90000000e-02	4.27357097e-01	2.24548080e-02
1.92500000e-02	4.15658651e-01	2.14111460e-02
1.95000000e-02	3.92893518e-01	2.02794910e-02
1.97500000e-02	3.76400845e-01	1.94553692e-02
2.00000000e-02	3.61164929e-01	1.83429341e-02
2.02500000e-02	3.42358986e-01	1.73016519e-02
2.05000000e-02	3.28835011e-01	1.63358776e-02
2.07500000e-02	3.12063118e-01	1.54656797e-02
2.10000000e-02	3.02480997e-01	1.50389257e-02
2.12500000e-02	2.94567716e-01	1.46166196e-02
2.15000000e-02	2.82953731e-01	1.39086067e-02
2.17500000e-02	2.74224952e-01	1.36012726e-02
2.20000000e-02	2.61568302e-01	1.30319199e-02
2.22500000e-02	2.55240224e-01	1.26114149e-02
2.25000000e-02	2.43190546e-01	1.21177591e-02
2.27500000e-02	2.33503625e-01	1.14760605e-02
2.30000000e-02	2.29241393e-01	1.13001383e-02
2.32500000e-02	2.19620964e-01	1.06940566e-02
2.35000000e-02	2.13617019e-01	1.05351534e-02
2.37500000e-02	2.03224267e-01	9.95489433e-03
2.40000000e-02	1.96442503e-01	9.64544668e-03
2.42500000e-02	1.90823901e-01	9.32379905e-03
2.45000000e-02	1.83131193e-01	8.96636530e-03
2.47500000e-02	1.78653506e-01	8.63721915e-03
2.50000000e-02	1.71171226e-01	8.27871243e-03
2.52500000e-02	1.67086048e-01	8.18100142e-03
2.55000000e-02	1.61964750e-01	7.71980436e-03
2.57500000e-02	1.56810581e-01	7.50517042e-03
2.60000000e-02	1.49004329e-01	7.09447608e-03
2.62500000e-02	1.48914677e-01	7.18828037e-03
2.65000000e-02	1.41875152e-01	6.77076091e-03
2.67500000e-02	1.39454712e-01	6.59250591e-03
2.70000000e-02	1.35627280e-01	6.45810767e-03
2.72500000e-02	1.27488134e-01	5.99555672e-03
2.75000000e-02	1.26715938e-01	6.02803223e-03
2.77500000e-02	1.24318183e-01	5.91349065e-03
2.80000000e-02	1.20216708e-01	5.59527173e-03
2.82500000e-02	1.18066409e-01	5.48351730e-03
2.85000000e-02	1.16294790e-01	5.45227029e-03
2.87500000e-02	1.12211816e-01	5.25633501e-03
2.90000000e-02	1.10065240e-01	5.14624796e-03
2.92500000e-02	1.08019187e-01	4.88546715e-03
2.95000000e-02	1.05373693e-01	4.88732202e-03
2.97500000e-02	1.01045018e-01	4.62196728e-03
3.00000000e-02	1.01872563e-01	4.68990050e-03
3.02500000e-02	9.99648099e-02	4.59374203e-03
3.05000000e-02	9.64698791e-02	4.33744853e-03
3.07500000e-02	9.25598395e-02	4.21050136e-03
3.10000000e-02	9.22658752e-02	4.18636665e-03
3.12500000e-02	8.87905289e-02	4.06578967e-03
3.15000000e-02	8.80945953e-02	3.99391266e-03
3.17500000e-02	8.49631832e-02	3.75359002e-03
3.20000000e-02	8.31376989e-02	3.75728136e-03
3.22500000e-02	8.28740159e-02	3.73963900e-03
3.25000000e-02	8.19948448e-02	3.71465374e-03
3.27500000e-02	7.99357571e-02	3.57609463e-03
3.30000000e-02	7.77780538e-02	3.43928896e-03
3.32500000e-02	7.67249867e-02	3.38332007e-03
3.35000000e-02	7.45981526e-02	3.31823046e-03
3.37500000e-02	7.20075163e-02	3.18728930e-03
3.40000000e-02	7.05921544e-02	3.13907385e-03
3.42500000e-02	7.15960411e-02	3.12856085e-03
3.45000000e-02	7.07855103e-02	3.11635611e-03
3.47500000e-02	6.83902148e-02	2.98989067e-03
3.50000000e-02	6.73049648e-02	2.95287163e-03
3.52500000e-02	6.51567305e-02	2.84540350e-03
3.55000000e-02	6.64720599e-02	2.85311172e-03
3.57500000e-02	6.39739938e-02	2.79797550e-03
3.60000000e-02	6.32619799e-02	2.75497099e-03
3.62500000e-02	6.27712322e-02	2.75295014e-03
3.65000000e-02	6.17056210e-02	2.67511851e-03
3.67500000e-02	5.94110144e-02	2.56460098e-03
3.70000000e-02	5.93387593e-02	2.55021814e-03
3.72500000e-02	5.94784603e-02	2.55660122e-03
3.75000000e-02	5.60176147e-02	2.41737115e-03
3.77500000e-02	5.54202584e-02	2.38486930e-03
3.80000000e-02	5.52402110e-02	2.37891231e-03
3.82500000e-02	5.53110445e-02	2.34252004e-03
3.85000000e-02	5.42232329e-02	2.30630087e-03
3.87500000e-02	5.32191189e-02	2.24950743e-03
3.90000000e-02	5.36382202e-02	2.30572907e-03
3.92500000e-02	5.25151740e-02	2.19753307e-03
3.95000000e-02	5.19758974e-02	2.20008077e-03
3.97500000e-02	5.09833404e-02	2.14899748e-03
4.00000000e-02	5.02011396e-02	2.12850158e-03
4.02500000e-02	4.93054421e-02	2.07166468e-03
4.05000000e-02	5.01250102e-02	2.08563952e-03
4.07500000e-02	4.77266875e-02	1.97503769e-03
4.10000000e-02	4.80025256e-02	2.00986111e-03
4.12500000e-02	4.77868731e-02	1.98886930e-03
4.15000000e-02	4.66515270e-02	1.91532839e-03
4.17500000e-02	4.61667344e-02	1.90416226e-03
4.20000000e-02	4.62421352e-02	1.88905282e-03
4.22500000e-02	4.65634848e-02	1.89807383e-03
4.25000000e-02	4.53308775e-02	1.85678457e-03
4.27500000e-02	4.53902637e-02	1.85022170e-03
4.30000000e-02	4.40705105e-02	1.81170193e-03
4.32500000e-02	4.45535646e-02	1.82211540e-03
4.35000000e-02	4.44910047e-02	1.83318105e-03
4.37500000e-02	4.28324819e-02	1.73754154e-03
4.40000000e-02	4.21482832e-02	1.71120378e-03
4.42500000e-02	4.30877452e-02	1.74345016e-03
4.45000000e-02	4.19370764e-02	1.69519443e-03
4.47500000e-02	4.14835804e-02	1.66261129e-03
4.50000000e-02	4.14884039e-02	1.67665928e-03
4.52500000e-02	4.11433936e-02	1.64401296e-03
4.55000000e-02	4.04826109e-02	1.61571453e-03
4.57500000e-02	3.97188399e-02	1.57883753e-03
4.60000000e-02	4.08273959e-02	1.62664927e-03
4.62500000e-02	3.90747507e-02	1.55671390e-03
4.65000000e-02	3.87162790e-02	1.52702053e-03
4.67500000e-02	3.86825067e-02	1.52678478e-03
4.70000000e-02	3.86337290e-02	1.52160715e-03
4.72500000e-02	3.83983895e-02	1.51952947e-03
4.75000000e-02	3.74843264e-02	1.49321560e-03
4.77500000e-02	3.81035212e-02	1.50435275e-03
4.80000000e-02	3.74500755e-02	1.46707125e-03
4.82500000e-02	3.56405780e-02	1.40928498e-03
4.85000000e-02	3.68403294e-02	1.45787223e-03
4.87500000e-02	3.66877190e-02	1.43182537e-03
4.90000000e-02	3.58211639e-02	1.38999861e-03
4.92500000e-02	3.58797456e-02	1.39159745e-03
4.95000000e-02	3.58159936e-02	1.39602154e-03
4.97500000e-02	3.59039538e-02	1.39804442e-03
5.00000000e-02	3.63462854e-02	1.40466459e-03
5.02500000e-02	3.45652535e-02	1.32998446e-03
5.05000000e-02	3.54706490e-02	1.35306736e-03
5.07500000e-02	3.41711018e-02	1.31818667e-03
5.10000000e-02	3.43285504e-02	1.32910106e-03
5.12500000e-02	3.41280404e-02	1.32119309e-03
5.15000000e-02	3.46519652e-02	1.32071199e-03
5.17500000e-02	3.32350438e-02	1.27986170e-03
5.20000000e-02	3.36026816e-02	1.28529939e-03
5.22500000e-02	3.39032016e-02	1.30562036e-03
5.25000000e-02	3.37943234e-02	1.28062808e-03
5.27500000e-02	3.27439516e-02	1.25143984e-03
5.30000000e-02	3.33735825e-02	1.27521083e-03
5.32500000e-02	3.32335859e-02	1.26101322e-03
5.35000000e-02	3.25848585e-02	1.23949501e-03
5.37500000e-02	3.23265400e-02	1.22144763e-03
5.40000000e-02	3.19588814e-02	1.20325903e-03
5.42500000e-02	3.17279916e-02	1.19139236e-03
5.45000000e-02	3.17008028e-02	1.19201009e-03
5.47500000e-02	3.15732677e-02	1.18287411e-03
5.50000000e-02	3.19241858e-02	1.20100339e-03
5.52500000e-02	3.17296020e-02	1.18195875e-03
5.55000000e-02	3.05945798e-02	1.14226955e-03
5.57500000e-02	3.11127631e-02	1.16965977e-03
5.60000000e-02	3.01383904e-02	1.11846560e-03
5.62500000e-02	2.97498538e-02	1.10709376e-03
5.65000000e-02	3.00259676e-02	1.11425143e-03
5.67500000e-02	3.08333324e-02	1.15217195e-03
5.70000000e-02	3.04471692e-02	1.12314563e-03
5.72500000e-02	3.00369050e-02	1.10759314e-03
5.75000000e-02	3.00955526e-02	1.11432844e-03
5.77500000e-02	2.96416541e-02	1.08663307e-03
5.80000000e-02	3.01104664e-02	1.10261763e-03
5.82500000e-02	2.91452638e-02	1.06838234e-03
5.85000000e-02	2.95371056e-02	1.09034963e-03
5.87500000e-02	3.01167845e-02	1.09190568e-03
5.90000000e-02	2.95741014e-02	1.07444702e-03
5.92500000e-02	2.89538892e-02	1.05508821e-03
5.95000000e-02	2.87872463e-02	1.04694739e-03
5.97500000e-02	2.87500249e-02	1.04661208e-03
6.00000000e-02	2.89935236e-02	1.05694544e-03
6.02500000e-02	2.89197480e-02	1.04748246e-03
6.05000000e-02	2.86864303e-02	1.03747917e-03
6.07500000e-02	2.81282762e-02	1.02907401e-03
6.10000000e-02	2.83837074e-02	1.02890550e-03
6.12500000e-02	2.77738180e-02	1.00429410e-03
6.15000000e-02	2.70338598e-02	9.77061726e-04
6.17500000e-02	2.75455770e-02	9.88810136e-04
6.20000000e-02	2.71819487e-02	9.77198021e-04
6.22500000e-02	2.77425416e-02	9.97586267e-04
6.25000000e-02	2.75906200e-02	9.88888078e-04
6.27500000e-02	2.75395609e-02	9.79135897e-04
6.30000000e-02	2.71106807e-02	9.64907898e-04
6.32500000e-02	2.72280714e-02	9.69087929e-04
6.35000000e-02	2.73348787e-02	9.72290926e-04
6.37500000e-02	2.75962201e-02	9.84054045e-04
6.40000000e-02	2.69724444e-02	9.59422796e-04
6.42500000e-02	2.72370658e-02	9.61461745e-04
6.45000000e-02	2.71870976e-02	9.59818308e-04
6.47500000e-02	2.67344142e-02	9.45808064e-04
6.50000000e-02	2.61463449e-02	9.31401788e-04
6.52500000e-02	2.71088286e-02	9.47840258e-04
6.55000000e-02	2.65351526e-02	9.30562261e-04
6.57500000e-02	2.71197545e-02	9.49485079e-04
6.60000000e-02	2.63488504e-02	9.25514614e-04
6.62500000e-02	2.61979228e-02	9.27676618e-04
6.65000000e-02	2.64390575e-02	9.27960411e-04
6.67500000e-02	2.66334000e-02	9.26668444e-04
6.70000000e-02	2.63649190e-02	9.24039565e-04
6.72500000e-02	2.54915933e-02	8.94798652e-04
6.75000000e-02	2.59381624e-02	9.01270473e-04
6.77500000e-02	2.62944733e-02	9.06553749e-04
6.80000000e-02	2.49219714e-02	8.68315101e-04
6.82500000e-02	2.65724913e-02	9.19807176e-04
6.85000000e-02	2.58398354e-02	9.02552857e-04
6.87500000e-02	2.60517723e-02	9.01274026e-04
6.90000000e-02	2.53746628e-02	8.68222922e-04
6.92500000e-02	2.58172981e-02	8.89698588e-04
6.95000000e-02	2.58852941e-02	8.95916195e-04
6.97500000e-02	2.62187723e-02	9.02276403e-04
7.00000000e-02	2.50380223e-02	8.58914338e-04
7.02500000e-02	2.50809763e-02	8.54261374e-04
7.05000000e-02	2.57945688e-02	8.80938624e-04
7.07500000e-02	2.56666946e-02	8.85465549e-04
7.10000000e-02	2.49832881e-02	8.50547730e-04
7.12500000e-02	2.47569456e-02	8.45625982e-04
7.15000000e-02	2.48775276e-02	8.42548400e-04
7.17500000e-02	2.53613697e-02	8.57475003e-04
7.20000000e-02	2.50939226e-02	8.59660741e-04
7.22500000e-02	2.41720122e-02	8.21532166e-04
7.25000000e-02	2.45838034e-02	8.34636566e-04
7.27500000e-02	2.48539417e-02	8.47253972e-04
7.30000000e-02	2.45983588e-02	8.31932468e-04
7.32500000e-02	2.43503124e-02	8.23026583e-04
7.35000000e-02	2.45809322e-02	8.30687681e-04
7.37500000e-02	2.35103963e-02	7.90155705e-04
7.40000000e-02	2.41823065e-02	8.16246593e-04
7.42500000e-02	2.43826426e-02	8.20136116e-04
7.45000000e-02	2.45395179e-02	8.28343322e-04
7.47500000e-02	2.38919637e-02	7.98584963e-04
7.50000000e-02	2.31193531e-02	7.81618389e-04
7.52500000e-02	2.47171564e-02	8.24482241e-04
7.55000000e-02	2.40937082e-02	8.02465885e-04
7.57500000e-02	2.41921979e-02	8.06692858e-04
7.60000000e-02	2.42020079e-02	8.02328873e-04
7.62500000e-02	2.44994927e-02	8.12626211e-04
7.65000000e-02	2.46192387e-02	8.16428725e-04
7.67500000e-02	2.40732042e-02	7.96843711e-04
7.70000000e-02	2.37352834e-02	7.87485684e-04
7.72500000e-02	2.37251002e-02	7.98463324e-04
7.75000000e-02	2.38514087e-02	8.09918059e-04
7.77500000e-02	2.38105676e-02	8.15007257e-04
7.80000000e-02	2.32770519e-02	8.01473836e-04
7.82500000e-02	2.36557795e-02	8.20865907e-04
7.85000000e-02	2.37867870e-02	8.30192385e-04
7.87500000e-02	2.37434657e-02	8.21358383e-04
7.90000000e-02	2.35897130e-02	8.25923184e-04
7.92500000e-02	2.39729571e-02	8.34750112e-04
7.95000000e-02	2.43467997e-02	8.48254075e-04
7.97500000e-02	2.40124047e-02	8.49114947e-04
8.00000000e-02	2.34848361e-02	8.26289042e-04
8.02500000e-02	2.41389524e-02	8.49644622e-04
8.05000000e-02	2.41683532e-02	8.51433105e-04
8.07500000e-02	2.40002967e-02	8.54441364e-04
8.10000000e-02	2.35477254e-02	8.40352166e-04
8.12500000e-02	2.35734425e-02	8.39283279e-04
8.15000000e-02	2.44273386e-02	8.62878209e-04
8.17500000e-02	2.33750239e-02	8.34277983e-04
8.20000000e-02	2.31204258e-02	8.29566858e-04
8.22500000e-02	2.35779566e-02	8.51718672e-04
8.25000000e-02	2.36374147e-02	8.51624397e-04
8.27500000e-02	2.39034931e-02	8.55852338e-04
8.30000000e-02	2.25545648e-02	8.15338448e-04
8.32500000e-02	2.32971983e-02	8.36041749e-04
8.35000000e-02	2.36047294e-02	8.58593351e-04
8.37500000e-02	2.28246991e-02	8.18882010e-04
8.40000000e-02	2.27882694e-02	8.26460898e-04
8.42500000e-02	2.30274618e-02	8.38518929e-04
8.45000000e-02	2.28998131e-02	8.37575693e-04
8.47500000e-02	2.24353345e-02	8.20806094e-04
8.50000000e-02	2.23595670e-02	8.09908674e-04
8.52500000e-02	2.31051883e-02	8.44536188e-04
8.55000000e-02	2.25868599e-02	8.22097521e-04
8.57500000e-02	2.27453969e-02	8.37296996e-04
8.60000000e-02	2.26033409e-02	8.22927751e-04
8.62500000e-02	2.30263947e-02	8.44911009e-04
8.65000000e-02	2.30134835e-02	8.44377926e-04
8.67500000e-02	2.24891358e-02	8.20776174e-04
8.70000000e-02	2.26561991e-02	8.16341008e-04
8.72500000e-02	2.25274589e-02	7.97394928e-04
8.75000000e-02	2.22955021e-02	7.83641636e-04
8.77500000e-02	2.25356799e-02	7.85986394e-04
8.80000000e-02	2.32595825e-02	8.06084778e-04
8.82500000e-02	2.31292267e-02	7.99130935e-04
8.85000000e-02	2.23735615e-02	7.74034689e-04
8.87500000e-02	2.29686378e-02	7.79312536e-04
8.90000000e-02	2.24697786e-02	7.75731702e-04
8.92500000e-02	2.21002891e-02	7.53902416e-04
8.95000000e-02	2.27048436e-02	7.71364917e-04
8.97500000e-02	2.25905727e-02	7.62918736e-04
9.00000000e-02	2.21876281e-02	7.44825542e-04
9.02500000e-02	2.19819479e-02	7.40720358e-04
9.05000000e-02	2.24810785e-02	7.51215515e-04
9.07500000e-02	2.23460722e-02	7.45942747e-04
9.10000000e-02	2.26682668e-02	7.51635092e-04
9.12500000e-02	2.15367646e-02	7.17969354e-04
9.15000000e-02	2.21187523e-02	7.33407123e-04
9.17500000e-02	2.24750070e-02	7.44977427e-04
9.20000000e-02	2.21878827e-02	7.29170919e-04
9.22500000e-02	2.22378821e-02	7.34745658e-04
9.25000000e-02	2.19984741e-02	7.19931826e-04
9.27500000e-02	2.31546555e-02	7.58408032e-04
9.30000000e-02	2.25514984e-02	7.39381610e-04
9.32500000e-02	2.20835962e-02	7.24904716e-04
9.35000000e-02	2.20608566e-02	7.24306132e-04
9.37500000e-02	2.17756190e-02	7.10667943e-04
9.40000000e-02	2.23212461e-02	7.25306868e-04
9.42500000e-02	2.21926717e-02	7.23078808e-04
9.45000000e-02	2.24415054e-02	7.28090196e-04
9.47500000e-02	2.23735914e-02	7.17531441e-04
9.50000000e-02	2.23401393e-02	7.14484698e-04
9.52500000e-02	2.22729501e-02	7.14233050e-04
9.55000000e-02	2.19645463e-02	7.05980635e-04
9.57500000e-02	2.20176288e-02	7.09811835e-04
9.60000000e-02	2.15301305e-02	6.89019889e-04
9.62500000e-02	2.18662902e-02	6.97908236e-04
9.65000000e-02	2.11114643e-02	6.78886997e-04
9.67500000e-02	2.19743427e-02	6.99553619e-04
9.70000000e-02	2.14211289e-02	6.84474164e-04
9.72500000e-02	2.15855263e-02	6.86946957e-04
9.75000000e-02	2.14133689e-02	6.81120549e-04
9.77500000e-02	2.20317085e-02	6.97325024e-04
9.80000000e-02	2.16369107e-02	6.83811439e-04
9.82500000e-02	2.20322194e-02	6.95850019e-04
9.85000000e-02	2.19634567e-02	6.96086790e-04
9.87500000e-02	2.14691407e-02	6.81021172e-04
9.90000000e-02	2.21097051e-02	7.00741741e-04
9.92500000e-02	2.19739622e-02	6.98943525e-04
9.95000000e-02	2.19064740e-02	6.90659939e-04
9.97500000e-02	2.14412362e-02	6.75098712e-04
1.00000000e-01	2.15144305e-02	5.49692047e-04
1.00500000e-01	2.19173157e-02	4.85324968e-04
1.01000000e-01	2.16003476e-02	4.74314816e-04
1.01500000e-01	2.16414182e-02	4.74497209e-04
1.02000000e-01	2.14311177e-02	4.68758789e-04
1.02500000e-01	2.17535509e-02	4.71899293e-04
1.03000000e-01	2.14590597e-02	4.65499695e-04
1.03500000e-01	2.13688374e-02	4.63607827e-04
1.04000000e-01	2.13738503e-02	4.61546803e-04
1.04500000e-01	2.16055575e-02	4.67921747e-04
1.05000000e-01	2.14105947e-02	4.56980399e-04
1.05500000e-01	2.13500862e-02	4.58316625e-04
1.06000000e-01	2.12030860e-02	4.53987751e-04
1.06500000e-01	2.14385159e-02	4.57144356e-04
1.07000000e-01	2.14743206e-02	4.65523034e-04
1.07500000e-01	2.15968140e-02	4.74198266e-04
1.08000000e-01	2.10247204e-02	4.67380069e-04
1.08500000e-01	2.12211981e-02	4.76329805e-04
1.09000000e-01	2.17660139e-02	4.89439568e-04
1.09500000e-01	2.08669920e-02	4.71772089e-04
1.10000000e-01	2.10275347e-02	4.71678753e-04
1.10500000e-01	2.14119624e-02	4.69012614e-04
1.11000000e-01	2.12718572e-02	4.59269948e-04
1.11500000e-01	2.12465426e-02	4.54703118e-04
1.12000000e-01	2.11170349e-02	4.48324224e-04
1.12500000e-01	2.12903225e-02	4.48342303e-04
1.13000000e-01	2.09732626e-02	4.41810323e-04
1.13500000e-01	2.09353097e-02	4.40876924e-04
1.14000000e-01	2.10144015e-02	4.40468162e-04
1.14500000e-01	2.12654362e-02	4.41973297e-04
1.15000000e-01	2.12054584e-02	4.38864602e-04
1.15500000e-01	2.12903703e-02	4.41466973e-04
1.16000000e-01	2.07618296e-02	4.30400088e-04
1.16500000e-01	2.09174810e-02	4.30768545e-04
1.17000000e-01	2.09342351e-02	4.32672304e-04
1.17500000e-01	2.10227231e-02	4.30395321e-04
1.18000000e-01	2.09020854e-02	4.27813925e-04
1.18500000e-01	2.12632470e-02	4.33042349e-04
1.19000000e-01	2.06814642e-02	4.23172951e-04
1.19500000e-01	2.09575160e-02	4.25553784e-04
1.20000000e-01	2.08786349e-02	4.23087524e-04
1.20500000e-01	2.09664655e-02	4.23907028e-04
1.21000000e-01	2.08561252e-02	4.20292877e-04
1.21500000e-01	2.07499166e-02	4.18540054e-04
1.22000000e-01	2.10726785e-02	4.21416032e-04
1.22500000e-01	2.08171945e-02	4.16038342e-04
1.23000000e-01	2.08165590e-02	4.18145386e-04
1.23500000e-01	2.11152001e-02	4.20997275e-04
1.24000000e-01	2.07337279e-02	4.15331842e-04
1.24500000e-01	2.10099675e-02	4.14469216e-04
1.25000000e-01	2.09680572e-02	4.16397665e-04
1.25500000e-01	2.14841385e-02	4.23757257e-04
1.26000000e-01	2.09295042e-02	4.14462455e-04
1.26500000e-01	2.10454801e-02	4.15066378e-04
1.27000000e-01	2.04225804e-02	4.02148661e-04
1.27500000e-01	2.07999517e-02	4.10377475e-04
1.28000000e-01	2.09987144e-02	4.12893619e-04
1.28500000e-01	2.10776593e-02	4.11169971e-04
1.29000000e-01	2.10313937e-02	4.09767206e-04
1.29500000e-01	2.07817064e-02	4.04203482e-04
1.30000000e-01	2.08350169e-02	4.04705309e-04
1.30500000e-01	2.08973896e-02	4.04950900e-04
1.31000000e-01	2.10052761e-02	4.04525125e-04
1.31500000e-01	2.08569250e-02	4.01958005e-04
1.32000000e-01	2.08611792e-02	4.02102494e-04
1.32500000e-01	2.08592606e-02	3.99538776e-04
1.33000000e-01	2.07001229e-02	3.98219649e-04
1.33500000e-01	2.08967557e-02	3.97427010e-04
1.34000000e-01	2.09563565e-02	4.00612391e-04
1.34500000e-01	2.05579655e-02	3.90536422e-04
1.35000000e-01	2.08252276e-02	3.94024108e-04
1.35500000e-01	2.10215980e-02	3.97821477e-04
1.36000000e-01	2.06566539e-02	3.89656458e-04
1.36500000e-01	2.10892154e-02	3.99546740e-04
1.37000000e-01	2.06011510e-02	3.86414639e-04
1.37500000e-01	2.06309215e-02	3.87418437e-04
1.38000000e-01	2.07365305e-02	3.89802506e-04
1.38500000e-01	2.06492331e-02	3.88715349e-04
1.39000000e-01	2.05600014e-02	3.87188615e-04
1.39500000e-01	2.05497994e-02	3.85388058e-04
1.40000000e-01	2.06213380e-02	3.86968127e-04
1.40500000e-01	2.05242897e-02	3.82325026e-04
1.41000000e-01	2.04513334e-02	3.82600515e-04
1.41500000e-01	2.04960498e-02	3.83560034e-04
1.42000000e-01	2.02325229e-02	3.76260687e-04
1.42500000e-01	2.06191928e-02	3.84264223e-04
1.43000000e-01	2.04885639e-02	3.80267987e-04
1.43500000e-01	2.02403307e-02	3.75207501e-04
1.44000000e-01	2.04942303e-02	3.78962999e-04
1.44500000e-01	2.00581353e-02	3.71400612e-04
1.45000000e-01	2.02302697e-02	3.73355065e-04
1.45500000e-01	2.03039228e-02	3.73248391e-04
1.46000000e-01	2.00427971e-02	3.68689375e-04
1.46500000e-01	2.03376620e-02	3.72939157e-04
1.47000000e-01	2.05622830e-02	3.76423864e-04
1.47500000e-01	2.04523354e-02	3.73542048e-04
1.48000000e-01	2.01681138e-02	3.68595320e-04
1.48500000e-01	2.01460868e-02	3.67701884e-04
1.49000000e-01	1.99288013e-02	3.62109418e-04
1.49500000e-01	2.02210731e-02	3.66717367e-04
1.50000000e-01	2.00153073e-02	3.62876500e-04
1.50500000e-01	2.02503159e-02	3.68246798e-04
1.51000000e-01	2.02536600e-02	3.65895727e-04
1.51500000e-01	2.02798197e-02	3.64318861e-04
1.52000000e-01	2.01636816e-02	3.61518725e-04
1.52500000e-01	2.04326992e-02	3.67624110e-04
1.53000000e-01	2.03212588e-02	3.65442699e-04
1.53500000e-01	2.02366696e-02	3.60894122e-04
1.54000000e-01	1.99780396e-02	3.57388720e-04
1.54500000e-01	2.00027318e-02	3.66186842e-04
1.55000000e-01	1.97904231e-02	3.64303170e-04
1.55500000e-01	1.98782696e-02	3.69099219e-04
1.56000000e-01	1.98221617e-02	3.71995369e-04
1.56500000e-01	1.98766727e-02	3.70478104e-04
1.57000000e-01	1.98486272e-02	3.70235398e-04
1.57500000e-01	2.01511430e-02	3.69104353e-04
1.58000000e-01	2.00489561e-02	3.62125787e-04
1.58500000e-01	1.99060444e-02	3.59101319e-04
1.59000000e-01	2.00172360e-02	3.57013633e-04
1.59500000e-01	1.98836293e-02	3.54524430e-04
1.60000000e-01	1.98811818e-02	3.54603125e-04
1.60500000e-01	1.98743943e-02	3.51631152e-04
1.61000000e-01	1.98163238e-02	3.52214754e-04
1.61500000e-01	1.98401660e-02	3.50226458e-04
1.62000000e-01	1.96347195e-02	3.45891740e-04
1.62500000e-01	1.98677539e-02	3.50509406e-04
1.63000000e-01	1.99973261e-02	3.51450070e-04
1.63500000e-01	1.97787646e-02	3.49277368e-04
1.64000000e-01	1.96123684e-02	3.42141003e-04
1.64500000e-01	2.00815817e-02	3.51663108e-04
1.65000000e-01	1.94051908e-02	3.38884506e-04
1.65500000e-01	1.95060984e-02	3.40739357e-04
1.66000000e-01	1.96969057e-02	3.42290869e-04
1.66500000e-01	1.97110352e-02	3.42774152e-04
1.67000000e-01	1.98224431e-02	3.43925087e-04
1.67500000e-01	1.98231170e-02	3.43204920e-04
1.68000000e-01	1.98890663e-02	3.43659911e-04
1.68500000e-01	1.95870377e-02	3.39016564e-04
1.69000000e-01	1.97508607e-02	3.42181829e-04
1.69500000e-01	1.98534940e-02	3.40621538e-04
1.70000000e-01	1.98935537e-02	3.41400509e-04
1.70500000e-01	1.96605258e-02	3.37376813e-04
1.71000000e-01	1.98636125e-02	3.39166525e-04
1.71500000e-01	1.96791414e-02	3.37656070e-04
1.72000000e-01	1.97437899e-02	3.36095845e-04
1.72500000e-01	1.91829366e-02	3.27777274e-04
1.73000000e-01	1.94809792e-02	3.32094891e-04
1.73500000e-01	1.95537096e-02	3.32949436e-04
1.74000000e-01	1.93620454e-02	3.28401816e-04
1.74500000e-01	1.96672334e-02	3.30531368e-04
1.75000000e-01	1.94931582e-02	3.27354013e-04
1.75500000e-01	1.93330753e-02	3.24539064e-04
1.76000000e-01	1.92650695e-02	3.24218289e-04
1.76500000e-01	1.92632345e-02	3.24788987e-04
1.77000000e-01	1.96905274e-02	3.29109591e-04
1.77500000e-01	1.92557111e-02	3.21701483e-04
1.78000000e-01	1.93857112e-02	3.24311241e-04
1.78500000e-01	1.91236639e-02	3.21417857e-04
1.79000000e-01	1.92507021e-02	3.22100712e-04
1.79500000e-01	1.95398260e-02	3.26874911e-04
1.80000000e-01	1.95873261e-02	3.27473971e-04
1.80500000e-01	1.96122043e-02	3.26705867e-04
1.81000000e-01	1.94727303e-02	3.24533395e-04
1.81500000e-01	1.93615054e-02	3.22105163e-04
1.82000000e-01	1.95062334e-02	3.23849455e-04
1.82500000e-01	1.94142094e-02	3.22380131e-04
1.83000000e-01	1.97939397e-02	3.28966311e-04
1.83500000e-01	1.94438170e-02	3.22432474e-04
1.84000000e-01	1.89587936e-02	3.14364516e-04
1.84500000e-01	1.94976219e-02	3.21242599e-04
1.85000000e-01	1.92511861e-02	3.18583153e-04
1.85500000e-01	1.92803821e-02	3.17545392e-04
1.86000000e-01	1.92053547e-02	3.17273764e-04
1.86500000e-01	1.93452884e-02	3.18441672e-04
1.87000000e-01	1.91664811e-02	3.15350743e-04
1.87500000e-01	1.91660913e-02	3.13983113e-04
1.88000000e-01	1.89844639e-02	3.11740140e-04
1.88500000e-01	1.91205686e-02	3.12869450e-04
1.89000000e-01	1.91829536e-02	3.13517490e-04
1.89500000e-01	1.91628974e-02	3.12978063e-04
1.90000000e-01	1.89433976e-02	3.09391660e-04
1.90500000e-01	1.91933737e-02	3.11496608e-04
1.91000000e-01	1.90910040e-02	3.10198620e-04
1.91500000e-01	1.90839632e-02	3.11202355e-04
1.92000000e-01	1.93573783e-02	3.13768979e-04
1.92500000e-01	1.88025808e-02	3.03881990e-04
1.93000000e-01	1.92139543e-02	3.10093774e-04
1.93500000e-01	1.92108677e-02	3.09746835e-04
1.94000000e-01	1.90159379e-02	3.08031019e-04
1.94500000e-01	1.88148974e-02	3.03677837e-04
1.95000000e-01	1.89179240e-02	3.04709198e-04
1.95500000e-01	1.90199156e-02	3.04712300e-04
1.96000000e-01	1.88685242e-02	3.02797785e-04
1.96500000e-01	1.90743981e-02	3.06477645e-04
1.97000000e-01	1.91391298e-02	3.05194903e-04
1.97500000e-01	1.89488839e-02	3.03392836e-04
1.98000000e-01	1.90261748e-02	3.04433816e-04
1.98500000e-01	1.89867408e-02	3.02426168e-04
1.99000000e-01	1.91725910e-02	3.05313722e-04
1.99500000e-01	1.88811972e-02	2.99256496e-04
2.00000000e-01	1.88679287e-02	3.00187048e-04
2.00500000e-01	1.88429828e-02	2.99564100e-04
2.01000000e-01	1.88593072e-02	2.98826085e-04
2.01500000e-01	1.89294153e-02	3.00798316e-04
2.02000000e-01	1.88119013e-02	2.96798737e-04
2.02500000e-01	1.87352381e-02	2.96994828e-04
2.03000000e-01	1.87760665e-02	2.94859767e-04
2.03500000e-01	1.89676550e-02	2.99071924e-04
2.04000000e-01	1.91018022e-02	2.99283709e-04
2.04500000e-01	1.87834054e-02	2.95683171e-04
2.05000000e-01	1.89327892e-02	2.95877184e-04
2.05500000e-01	1.85264765e-02	2.90862612e-04
2.06000000e-01	1.86876032e-02	2.92242554e-04
2.06500000e-01	1.89267936e-02	2.95179630e-04
2.07000000e-01	1.86878609e-02	2.91867580e-04
2.07500000e-01	1.86587318e-02	2.91957474e-04
2.08000000e-01	1.88780532e-02	2.94619949e-04
2.08500000e-01	1.86313161e-02	2.88981951e-04
2.09000000e-01	1.86460000e-02	2.89969479e-04
2.09500000e-01	1.89076161e-02	2.92468741e-04
2.10000000e-01	1.89798084e-02	2.93529124e-04
2.10500000e-01	1.87396266e-02	2.90256965e-04
2.11000000e-01	1.84327921e-02	2.86259258e-04
2.11500000e-01	1.85329903e-02	2.87381694e-04
2.12000000e-01	1.88117276e-02	2.89999858e-04
2.12500000e-01	1.86573595e-02	2.89934723e-04
2.13000000e-01	1.86466232e-02	2.88491668e-04
2.13500000e-01	1.86690240e-02	2.86579873e-04
2.14000000e-01	1.83451788e-02	2.83673577e-04
2.14500000e-01	1.87565288e-02	2.87435619e-04
2.15000000e-01	1.83583249e-02	2.83778915e-04
2.15500000e-01	1.84239190e-02	2.82690955e-04
2.16000000e-01	1.85522245e-02	2.84240498e-04
2.16500000e-01	1.84478568e-02	2.83897619e-04
2.17000000e-01	1.86138829e-02	2.89587308e-04
2.17500000e-01	1.87556060e-02	2.96016421e-04
2.18000000e-01	1.85600938e-02	2.93852505e-04
2.18500000e-01	1.83943895e-02	2.92810943e-04
2.19000000e-01	1.82844022e-02	2.91600215e-04
2.19500000e-01	1.85871254e-02	2.97034597e-04
2.20000000e-01	1.83450939e-02	2.95686316e-04
2.20500000e-01	1.82317749e-02	2.94765926e-04
2.21000000e-01	1.83515813e-02	2.98130261e-04
2.21500000e-01	1.85934836e-02	3.01739063e-04
2.22000000e-01	1.83042164e-02	2.97385379e-04
2.22500000e-01	1.86198808e-02	3.03086022e-04
2.23000000e-01	1.86018251e-02	3.02653612e-04
2.23500000e-01	1.84811308e-02	3.03087409e-04
2.24000000e-01	1.85382244e-02	3.02923606e-04
2.24500000e-01	1.86420301e-02	3.05837946e-04
2.25000000e-01	1.84831412e-02	3.05068330e-04
2.25500000e-01	1.83548080e-02	3.02836960e-04
2.26000000e-01	1.84849197e-02	3.05943243e-04
2.26500000e-01	1.86411148e-02	3.03428690e-04
2.27000000e-01	1.83031390e-02	2.95609823e-04
2.27500000e-01	1.84203505e-02	2.95043736e-04
2.28000000e-01	1.86859760e-02	2.97510405e-04
2.28500000e-01	1.87450061e-02	2.96474784e-04
2.29000000e-01	1.84148833e-02	2.90289189e-04
2.29500000e-01	1.81437822e-02	2.86144362e-04
2.30000000e-01	1.83550151e-02	2.88174348e-04
2.30500000e-01	1.84135789e-02	2.87259805e-04
2.31000000e-01	1.84536463e-02	2.88116292e-04
2.31500000e-01	1.83846391e-02	2.86150502e-04
2.32000000e-01	1.82083121e-02	2.82675511e-04
2.32500000e-01	1.83416889e-02	2.84778388e-04
2.33000000e-01	1.83459870e-02	2.83294848e-04
2.33500000e-01	1.82495534e-02	2.80723562e-04
2.34000000e-01	1.83358130e-02	2.81046187e-04
2.34500000e-01	1.82550720e-02	2.78746340e-04
2.35000000e-01	1.83047577e-02	2.80130016e-04
2.35500000e-01	1.83343860e-02	2.79702834e-04
2.36000000e-01	1.81274563e-02	2.76995954e-04
2.36500000e-01	1.82397761e-02	2.77822881e-04
2.37000000e-01	1.82017651e-02	2.76811870e-04
2.37500000e-01	1.81898916e-02	2.76685702e-04
2.38000000e-01	1.82801121e-02	2.77483584e-04
2.38500000e-01	1.81524755e-02	2.75368528e-04
2.39000000e-01	1.82917328e-02	2.76228853e-04
2.39500000e-01	1.82942572e-02	2.76758979e-04
2.40000000e-01	1.82182981e-02	2.74179211e-04
2.40500000e-01	1.78432278e-02	2.68415279e-04
2.41000000e-01	1.82878022e-02	2.74004761e-04
2.41500000e-01	1.79915440e-02	2.69974291e-04
2.42000000e-01	1.80614930e-02	2.70813806e-04
2.42500000e-01	1.78257780e-02	2.66956238e-04
2.43000000e-01	1.84048147e-02	2.74165363e-04
2.43500000e-01	1.81953193e-02	2.71209789e-04
2.44000000e-01	1.82193294e-02	2.70385333e-04
2.44500000e-01	1.79405199e-02	2.66759572e-04
2.45000000e-01	1.80622431e-02	2.67599037e-04
2.45500000e-01	1.80210671e-02	2.66892220e-04
2.46000000e-01	1.82274922e-02	2.69314918e-04
2.46500000e-01	1.80071611e-02	2.65678315e-04
2.47000000e-01	1.79559167e-02	2.64876926e-04
2.47500000e-01	1.80711175e-02	2.65249920e-04
2.48000000e-01	1.78050124e-02	2.62087017e-04
2.48500000e-01	1.80583333e-02	2.65643290e-04
2.49000000e-01	1.79092075e-02	2.62801586e-04
2.49500000e-01	1.80371189e-02	2.65009815e-04
2.50000000e-01	1.78321268e-02	2.61770387e-04
2.50500000e-01	1.80499959e-02	2.65713893e-04
2.51000000e-01	1.79075757e-02	2.62427305e-04
2.51500000e-01	1.79325386e-02	2.62450381e-04
2.52000000e-01	1.78061465e-02	2.60269282e-04
2.52500000e-01	1.79064377e-02	2.60754142e-04
2.53000000e-01	1.79347729e-02	2.61787997e-04
2.53500000e-01	1.80141104e-02	2.62797018e-04
2.54000000e-01	1.78361505e-02	2.60046895e-04
2.54500000e-01	1.80123888e-02	2.62221109e-04
2.55000000e-01	1.80907863e-02	2.61269050e-04
2.55500000e-01	1.78880175e-02	2.60636896e-04
2.56000000e-01	1.79030669e-02	2.59408164e-04
2.56500000e-01	1.78157684e-02	2.57414993e-04
2.57000000e-01	1.79982353e-02	2.58267910e-04
2.57500000e-01	1.80519205e-02	2.59931111e-04
2.58000000e-01	1.78817359e-02	2.57452759e-04
2.58500000e-01	1.77167641e-02	2.55009968e-04
2.59000000e-01	1.78794971e-02	2.57124234e-04
2.59500000e-01	1.80366906e-02	2.57735567e-04
2.60000000e-01	1.77023880e-02	2.54023699e-04
2.60500000e-01	1.78874623e-02	2.55399402e-04
2.61000000e-01	1.77505996e-02	2.53622794e-04
2.61500000e-01	1.78191656e-02	2.55045438e-04
2.62000000e-01	1.77614356e-02	2.53529384e-04
2.62500000e-01	1.78550094e-02	2.54792888e-04
2.63000000e-01	1.78754342e-02	2.54199217e-04
2.63500000e-01	1.77564305e-02	2.53182840e-04
2.64000000e-01	1.77592127e-02	2.52440195e-04
2.64500000e-01	1.77793694e-02	2.53796199e-04
2.65000000e-01	1.77417070e-02	2.52486483e-04
2.65500000e-01	1.75681443e-02	2.49897059e-04
2.66000000e-01	1.75801821e-02	2.49056969e-04
2.66500000e-01	1.77175797e-02	2.50738608e-04
2.67000000e-01	1.76830539e-02	2.49176743e-04
2.67500000e-01	1.77482395e-02	2.49687458e-04
2.68000000e-01	1.76046421e-02	2.48412115e-04
2.68500000e-01	1.77381332e-02	2.50055032e-04
2.69000000e-01	1.73731263e-02	2.44597525e-04
2.69500000e-01	1.77311805e-02	2.49274454e-04
2.70000000e-01	1.77232462e-02	2.48967709e-04
2.70500000e-01	1.78259913e-02	2.48831311e-04
2.71000000e-01	1.76641684e-02	2.46647163e-04
2.71500000e-01	1.74348755e-02	2.44872038e-04
2.72000000e-01	1.75483168e-02	2.45582128e-04
2.72500000e-01	1.76660815e-02	2.47482048e-04
2.73000000e-01	1.74211083e-02	2.43702263e-04
2.73500000e-01	1.75718216e-02	2.44960459e-04
2.74000000e-01	1.75164224e-02	2.44213443e-04
2.74500000e-01	1.75833569e-02	2.44854866e-04
2.75000000e-01	1.75674129e-02	2.44372948e-04
2.75500000e-01	1.78437397e-02	2.48124326e-04
2.76000000e-01	1.76120332e-02	2.45552709e-04
2.76500000e-01	1.76360236e-02	2.44970383e-04
2.77000000e-01	1.74928544e-02	2.41525461e-04
2.77500000e-01	1.75237658e-02	2.42980914e-04
2.78000000e-01	1.74278910e-02	2.41492963e-04
2.78500000e-01	1.77427803e-02	2.45406420e-04
2.79000000e-01	1.76855953e-02	2.43645022e-04
2.79500000e-01	1.75784984e-02	2.42709882e-04
2.80000000e-01	1.75402586e-02	2.41342448e-04
2.80500000e-01	1.76461706e-02	2.43245620e-04
2.81000000e-01	1.75074644e-02	2.41797127e-04
2.81500000e-01	1.75843213e-02	2.42036779e-04
2.82000000e-01	1.74634595e-02	2.39502635e-04
2.82500000e-01	1.74566252e-02	2.40707303e-04
2.83000000e-01	1.75207626e-02	2.40785331e-04
2.83500000e-01	1.73467624e-02	2.37466371e-04
2.84000000e-01	1.76172446e-02	2.40529014e-04
2.84500000e-01	1.74559143e-02	2.39321375e-04
2.85000000e-01	1.74557193e-02	2.39406795e-04
2.85500000e-01	1.74324668e-02	2.38177239e-04
2.86000000e-01	1.72538306e-02	2.36475630e-04
2.86500000e-01	1.73470063e-02	2.36853166e-04
2.87000000e-01	1.72450174e-02	2.35980296e-04
2.87500000e-01	1.73744193e-02	2.36256708e-04
2.88000000e-01	1.73273614e-02	2.34094856e-04
2.88500000e-01	1.71966395e-02	2.35024591e-04
2.89000000e-01	1.72849198e-02	2.34730106e-04
2.89500000e-01	1.72491409e-02	2.34732886e-04
2.90000000e-01	1.73047277e-02	2.34848496e-04
2.90500000e-01	1.71538850e-02	2.32411961e-04
2.91000000e-01	1.73793369e-02	2.34661560e-04
2.91500000e-01	1.73581408e-02	2.33994876e-04
2.92000000e-01	1.73414709e-02	2.33636212e-04
2.92500000e-01	1.73337484e-02	2.32945416e-04
2.93000000e-01	1.73089629e-02	2.34006765e-04
2.93500000e-01	1.72341438e-02	2.31903579e-04
2.94000000e-01	1.75122952e-02	2.34847656e-04
2.94500000e-01	1.71849262e-02	2.31279758e-04
2.95000000e-01	1.72990966e-02	2.32424220e-04
2.95500000e-01	1.71121305e-02	2.29724219e-04
2.96000000e-01	1.73243254e-02	2.32339567e-04
2.96500000e-01	1.72695961e-02	2.30804624e-04
2.97000000e-01	1.73068360e-02	2.31945847e-04
2.97500000e-01	1.71971751e-02	2.30190030e-04
2.98000000e-01	1.72678868e-02	2.30095451e-04
2.98500000e-01	1.73713864e-02	2.31663443e-04
2.99000000e-01	1.73032434e-02	2.30179462e-04
2.99500000e-01	1.74110034e-02	2.32791329e-04
3.00000000e-01	1.74039083e-02	2.32276034e-04
3.00500000e-01	1.72658521e-02	2.29305284e-04
3.01000000e-01	1.70843150e-02	2.26886208e-04
3.01500000e-01	1.70167432e-02	2.26980144e-04
3.02000000e-01	1.71703919e-02	2.27422289e-04
3.02500000e-01	1.73559812e-02	2.29514110e-04
3.03000000e-01	1.72373912e-02	2.28348537e-04
3.03500000e-01	1.69713781e-02	2.24385900e-04
3.04000000e-01	1.71365073e-02	2.26299924e-04
3.04500000e-01	1.71225955e-02	2.26027980e-04
3.05000000e-01	1.70033977e-02	2.25070102e-04
3.05500000e-01	1.71617468e-02	2.26259384e-04
3.06000000e-01	1.68641325e-02	2.22140260e-04
3.06500000e-01	1.72337756e-02	2.26721346e-04
3.07000000e-01	1.72085282e-02	2.26047008e-04
3.07500000e-01	1.71477739e-02	2.25448586e-04
3.08000000e-01	1.70682082e-02	2.23642396e-04
3.08500000e-01	1.71215048e-02	2.25363434e-04
3.09000000e-01	1.69658049e-02	2.23376382e-04
3.09500000e-01	1.71739424e-02	2.25024342e-04
3.10000000e-01	1.71223060e-02	2.25311025e-04
3.10500000e-01	1.68774665e-02	2.21320492e-04
3.11000000e-01	1.68454732e-02	2.20582310e-04
3.11500000e-01	1.70432460e-02	2.22949361e-04
3.12000000e-01	1.69668114e-02	2.21143440e-04
3.12500000e-01	1.69690975e-02	2.21499566e-04
3.13000000e-01	1.69867584e-02	2.21472408e-04
3.13500000e-01	1.69341624e-02	2.20315383e-04
3.14000000e-01	1.68775226e-02	2.20241869e-04
3.14500000e-01	1.68635621e-02	2.19716314e-04
3.15000000e-01	1.67102059e-02	2.18635393e-04
3.15500000e-01	1.68786256e-02	2.19554664e-04
3.16000000e-01	1.68309059e-02	2.18588688e-04
3.16500000e-01	1.70840527e-02	2.21677610e-04
3.17000000e-01	1.68614383e-02	2.18446937e-04
3.17500000e-01	1.69271647e-02	2.18485764e-04
3.18000000e-01	1.68595719e-02	2.17728072e-04
3.18500000e-01	1.66858576e-02	2.16617211e-04
3.19000000e-01	1.68435681e-02	2.17902661e-04
3.19500000e-01	1.67383652e-02	2.16532047e-04
3.20000000e-01	1.68855544e-02	2.18443567e-04
3.20500000e-01	1.67877223e-02	2.16471986e-04
3.21000000e-01	1.66916051e-02	2.15841205e-04
3.21500000e-01	1.67811218e-02	2.16219527e-04
3.22000000e-01	1.68827169e-02	2.17926358e-04
3.22500000e-01	1.68429221e-02	2.15802691e-04
3.23000000e-01	1.66450101e-02	2.14071951e-04
3.23500000e-01	1.68131750e-02	2.16025917e-04
3.24000000e-01	1.65653204e-02	2.12241904e-04
3.24500000e-01	1.65965328e-02	2.12905438e-04
3.25000000e-01	1.67239659e-02	2.14162751e-04
3.25500000e-01	1.68304253e-02	2.15654375e-04
3.26000000e-01	1.67091119e-02	2.14220984e-04
3.26500000e-01	1.67688852e-02	2.13885521e-04
3.27000000e-01	1.65573534e-02	2.11752741e-04
3.27500000e-01	1.66539453e-02	2.12788412e-04
3.28000000e-01	1.66878383e-02	2.13552524e-04
3.28500000e-01	1.67949112e-02	2.13979006e-04
3.29000000e-01	1.67301271e-02	2.13210782e-04
3.29500000e-01	1.65327922e-02	2.11194470e-04
3.30000000e-01	1.67291289e-02	2.12709061e-04
3.30500000e-01	1.68236708e-02	2.13747278e-04
3.31000000e-01	1.66014986e-02	2.11264117e-04
3.31500000e-01	1.67231619e-02	2.12546442e-04
3.32000000e-01	1.67663396e-02	2.12753428e-04
3.32500000e-01	1.65304636e-02	2.08838391e-04
3.33000000e-01	1.66848653e-02	2.10767245e-04
3.33500000e-01	1.66098715e-02	2.09507386e-04
3.34000000e-01	1.65873178e-02	2.09118836e-04
3.34500000e-01	1.64648814e-02	2.08398943e-04
3.35000000e-01	1.64964111e-02	2.08145465e-04
3.35500000e-01	1.66836643e-02	2.10426082e-04
3.36000000e-01	1.66475208e-02	2.09930406e-04
3.36500000e-01	1.64078234e-02	2.06985849e-04
3.37000000e-01	1.65048569e-02	2.07672796e-04
3.37500000e-01	1.64215142e-02	2.06927149e-04
3.38000000e-01	1.64544131e-02	2.07494064e-04
3.38500000e-01	1.63757893e-02	2.05563408e-04
3.39000000e-01	1.64906395e-02	2.06999115e-04
3.39500000e-01	1.65049514e-02	2.06786990e-04
3.40000000e-01	1.64165932e-02	2.06965884e-04
3.40500000e-01	1.64037602e-02	2.05329759e-04
3.41000000e-01	1.63801632e-02	2.04687952e-04
3.41500000e-01	1.65148238e-02	2.06874360e-04
3.42000000e-01	1.64328601e-02	2.05179930e-04
3.42500000e-01	1.65791332e-02	2.06937550e-04
3.43000000e-01	1.64280102e-02	2.04961440e-04
3.43500000e-01	1.64228748e-02	2.04911256e-04
3.44000000e-01	1.63912981e-02	2.05196389e-04
3.44500000e-01	1.63345213e-02	2.03074117e-04
3.45000000e-01	1.62922400e-02	2.03435346e-04
3.45500000e-01	1.63569874e-02	2.03428952e-04
3.46000000e-01	1.62706664e-02	2.03108213e-04
3.46500000e-01	1.63048605e-02	2.02989334e-04
3.47000000e-01	1.63393476e-02	2.02608290e-04
3.47500000e-01	1.64021229e-02	2.03536652e-04
3.48000000e-01	1.63825783e-02	2.03279188e-04
3.48500000e-01	1.64461078e-02	2.03468267e-04
3.49000000e-01	1.63779157e-02	2.01977623e-04
3.49500000e-01	1.63958995e-02	2.02601894e-04
3.50000000e-01	1.62676814e-02	1.64276803e-04
3.51000000e-01	1.63746001e-02	1.42942954e-04
3.52000000e-01	1.61852108e-02	1.41269289e-04
3.53000000e-01	1.62470523e-02	1.40983569e-04
3.54000000e-01	1.60598817e-02	1.39447167e-04
3.55000000e-01	1.62708742e-02	1.41198780e-04
3.56000000e-01	1.61391342e-02	1.40679753e-04
3.57000000e-01	1.61578616e-02	1.43384843e-04
3.58000000e-01	1.61562056e-02	1.44666315e-04
3.59000000e-01	1.60247753e-02	1.44840769e-04
3.60000000e-01	1.60877890e-02	1.46149632e-04
3.61000000e-01	1.60770401e-02	1.46502329e-04
3.62000000e-01	1.59961282e-02	1.46541469e-04
3.63000000e-01	1.61339685e-02	1.48477219e-04
3.64000000e-01	1.59365151e-02	1.47264609e-04
3.65000000e-01	1.60119585e-02	1.48492490e-04
3.66000000e-01	1.60035475e-02	1.46547889e-04
3.67000000e-01	1.59563651e-02	1.43945718e-04
3.68000000e-01	1.59195444e-02	1.42744678e-04
3.69000000e-01	1.59555363e-02	1.41950138e-04
3.70000000e-01	1.59104397e-02	1.40872972e-04
3.71000000e-01	1.60593950e-02	1.44067317e-04
3.72000000e-01	1.59620551e-02	1.44654202e-04
3.73000000e-01	1.58733378e-02	1.44212513e-04
3.74000000e-01	1.58912093e-02	1.43889691e-04
3.75000000e-01	1.60674527e-02	1.45846020e-04
3.76000000e-01	1.59513479e-02	1.44629808e-04
3.77000000e-01	1.59017552e-02	1.44527086e-04
3.78000000e-01	1.58437838e-02	1.44082983e-04
3.79000000e-01	1.59729848e-02	1.45043864e-04
3.80000000e-01	1.57202000e-02	1.42551709e-04
3.81000000e-01	1.57317323e-02	1.42566049e-04
3.82000000e-01	1.57618781e-02	1.42774992e-04
3.83000000e-01	1.58708948e-02	1.43413903e-04
3.84000000e-01	1.57766745e-02	1.43146719e-04
3.85000000e-01	1.57283540e-02	1.42545241e-04
3.86000000e-01	1.57675665e-02	1.42931143e-04
3.87000000e-01	1.56713168e-02	1.42149879e-04
3.88000000e-01	1.57608746e-02	1.42470249e-04
3.89000000e-01	1.56621963e-02	1.41678408e-04
3.90000000e-01	1.58010020e-02	1.42724673e-04
3.91000000e-01	1.56905468e-02	1.41482435e-04
3.92000000e-01	1.56629770e-02	1.41860455e-04
3.93000000e-01	1.56572003e-02	1.41225282e-04
3.94000000e-01	1.56791829e-02	1.41617245e-04
3.95000000e-01	1.55157254e-02	1.40141495e-04
3.96000000e-01	1.55893744e-02	1.40692584e-04
3.97000000e-01	1.56537888e-02	1.41542468e-04
3.98000000e-01	1.56174731e-02	1.41348047e-04
3.99000000e-01	1.56424963e-02	1.41421304e-04
4.00000000e-01	1.55121732e-02	1.40278582e-04
4.01000000e-01	1.54895683e-02	1.39967621e-04
4.02000000e-01	1.56490129e-02	1.41182164e-04
4.03000000e-01	1.55697362e-02	1.40708229e-04
4.04000000e-01	1.54909315e-02	1.40257358e-04
4.05000000e-01	1.54941512e-02	1.39833741e-04
4.06000000e-01	1.55795140e-02	1.40768523e-04
4.07000000e-01	1.53479002e-02	1.38648059e-04
4.08000000e-01	1.56077212e-02	1.40922518e-04
4.09000000e-01	1.54975346e-02	1.39372892e-04
4.10000000e-01	1.54188994e-02	1.38959571e-04
4.11000000e-01	1.53898341e-02	1.38790382e-04
4.12000000e-01	1.54359251e-02	1.39040456e-04
4.13000000e-01	1.54783107e-02	1.39459949e-04
4.14000000e-01	1.53112755e-02	1.37361640e-04
4.15000000e-01	1.55080283e-02	1.39122391e-04
4.16000000e-01	1.52577679e-02	1.37552649e-04
4.17000000e-01	1.52848007e-02	1.37226703e-04
4.18000000e-01	1.53869430e-02	1.39705626e-04
4.19000000e-01	1.54259622e-02	1.41612837e-04
4.20000000e-01	1.53461616e-02	1.41843735e-04
4.21000000e-01	1.54109638e-02	1.42837780e-04
4.22000000e-01	1.53331251e-02	1.42879608e-04
4.23000000e-01	1.54416710e-02	1.44297861e-04
4.24000000e-01	1.54706400e-02	1.45157831e-04
4.25000000e-01	1.54269009e-02	1.44788628e-04
4.26000000e-01	1.53186966e-02	1.43862365e-04
4.27000000e-01	1.53634293e-02	1.44408855e-04
4.28000000e-01	1.53702367e-02	1.44122504e-04
4.29000000e-01	1.54150045e-02	1.45226336e-04
4.30000000e-01	1.53321716e-02	1.44194657e-04
4.31000000e-01	1.53081627e-02	1.43646168e-04
4.32000000e-01	1.53618384e-02	1.44514605e-04
4.33000000e-01	1.51678009e-02	1.42750918e-04
4.34000000e-01	1.52050751e-02	1.43766244e-04
4.35000000e-01	1.52308149e-02	1.43719746e-04
4.36000000e-01	1.51962341e-02	1.43569404e-04
4.37000000e-01	1.52348660e-02	1.44461876e-04
4.38000000e-01	1.52968815e-02	1.44867411e-04
4.39000000e-01	1.51725064e-02	1.44332540e-04
4.40000000e-01	1.52597297e-02	1.45075512e-04
4.41000000e-01	1.52185819e-02	1.44778171e-04
4.42000000e-01	1.50501417e-02	1.44100773e-04
4.43000000e-01	1.53028102e-02	1.45994216e-04
4.44000000e-01	1.52286001e-02	1.45823821e-04
4.45000000e-01	1.52005980e-02	1.45640062e-04
4.46000000e-01	1.52909182e-02	1.45970481e-04
4.47000000e-01	1.51922914e-02	1.45695503e-04
4.48000000e-01	1.50905584e-02	1.44583542e-04
4.49000000e-01	1.49776379e-02	1.44136269e-04
4.50000000e-01	1.51130742e-02	1.45032588e-04
4.51000000e-01	1.51352129e-02	1.45575091e-04
4.52000000e-01	1.52133702e-02	1.46572804e-04
4.53000000e-01	1.50783408e-02	1.45397541e-04
4.54000000e-01	1.51412909e-02	1.45994714e-04
4.55000000e-01	1.50913435e-02	1.46246402e-04
4.56000000e-01	1.49101527e-02	1.44536372e-04
4.57000000e-01	1.48684089e-02	1.44161186e-04
4.58000000e-01	1.49951160e-02	1.45122920e-04
4.59000000e-01	1.50708443e-02	1.46051502e-04
4.60000000e-01	1.51961930e-02	1.47255248e-04
4.61000000e-01	1.51290763e-02	1.47043055e-04
4.62000000e-01	1.49697799e-02	1.45569655e-04
4.63000000e-01	1.50476524e-02	1.46732524e-04
4.64000000e-01	1.50067623e-02	1.46087312e-04
4.65000000e-01	1.49896602e-02	1.45936257e-04
4.66000000e-01	1.49519353e-02	1.46033606e-04
4.67000000e-01	1.49600559e-02	1.45779269e-04
4.68000000e-01	1.49730237e-02	1.46240341e-04
4.69000000e-01	1.50817598e-02	1.47484657e-04
4.70000000e-01	1.49769638e-02	1.46357355e-04
4.71000000e-01	1.49011391e-02	1.46032044e-04
4.72000000e-01	1.48476234e-02	1.45129915e-04
4.73000000e-01	1.48819279e-02	1.45493642e-04
4.74000000e-01	1.48880280e-02	1.45909797e-04
4.75000000e-01	1.46844939e-02	1.43903036e-04
4.76000000e-01	1.48893321e-02	1.45058276e-04
4.77000000e-01	1.49499990e-02	1.45932061e-04
4.78000000e-01	1.48186869e-02	1.44941312e-04
4.79000000e-01	1.46371523e-02	1.43408021e-04
4.80000000e-01	1.47476127e-02	1.44419355e-04
4.81000000e-01	1.47292922e-02	1.44476799e-04
4.82000000e-01	1.48279992e-02	1.45124614e-04
4.83000000e-01	1.47235876e-02	1.44376362e-04
4.84000000e-01	1.48299900e-02	1.46089430e-04
4.85000000e-01	1.48056811e-02	1.45396516e-04
4.86000000e-01	1.47530693e-02	1.44706017e-04
4.87000000e-01	1.47804102e-02	1.44939210e-04
4.88000000e-01	1.47045571e-02	1.44468625e-04
4.89000000e-01	1.47364875e-02	1.45290352e-04
4.90000000e-01	1.47326796e-02	1.44912845e-04
4.91000000e-01	1.47116027e-02	1.44961823e-04
4.92000000e-01	1.46694210e-02	1.44887779e-04
4.93000000e-01	1.47493004e-02	1.45107544e-04
4.94000000e-01	1.47554332e-02	1.45395067e-04
4.95000000e-01	1.47165193e-02	1.46321319e-04
4.96000000e-01	1.47210206e-02	1.50615324e-04
4.97000000e-01	1.45951397e-02	1.52602018e-04
4.98000000e-01	1.46824606e-02	1.55190825e-04
4.99000000e-01	1.48029864e-02	1.57983560e-04
5.00000000e-01	1.46529996e-02	1.58187026e-04
5.01000000e-01	1.47317600e-02	1.60487816e-04
5.02000000e-01	1.48046648e-02	1.62834809e-04
5.03000000e-01	1.45844545e-02	1.62204511e-04
5.04000000e-01	1.46521521e-02	1.64195168e-04
5.05000000e-01	1.47409417e-02	1.62044850e-04
5.06000000e-01	1.47250904e-02	1.58346867e-04
5.07000000e-01	1.47553073e-02	1.57534280e-04
5.08000000e-01	1.47126890e-02	1.56425492e-04
5.09000000e-01	1.46253217e-02	1.54729155e-04
5.10000000e-01	1.47368225e-02	1.55387627e-04
5.11000000e-01	1.46482440e-02	1.53508296e-04
5.12000000e-01	1.47124350e-02	1.53975290e-04
5.13000000e-01	1.45552077e-02	1.52780088e-04
5.14000000e-01	1.47495068e-02	1.53704232e-04
5.15000000e-01	1.45940406e-02	1.51807880e-04
5.16000000e-01	1.45954523e-02	1.51606386e-04
5.17000000e-01	1.46298882e-02	1.52063378e-04
5.18000000e-01	1.44641917e-02	1.50288849e-04
5.19000000e-01	1.45071720e-02	1.49977108e-04
5.20000000e-01	1.45280349e-02	1.49447842e-04
5.21000000e-01	1.45513611e-02	1.49903018e-04
5.22000000e-01	1.45582218e-02	1.49307855e-04
5.23000000e-01	1.43557169e-02	1.48101817e-04
5.24000000e-01	1.45394630e-02	1.49545997e-04
5.25000000e-01	1.44381624e-02	1.48536822e-04
5.26000000e-01	1.45035245e-02	1.49312799e-04
5.27000000e-01	1.44074410e-02	1.48304114e-04
5.28000000e-01	1.45270496e-02	1.49190552e-04
5.29000000e-01	1.44686009e-02	1.49007045e-04
5.30000000e-01	1.43248335e-02	1.47474445e-04
5.31000000e-01	1.43513654e-02	1.47825004e-04
5.32000000e-01	1.44902221e-02	1.48858318e-04
5.33000000e-01	1.44879430e-02	1.48688638e-04
5.34000000e-01	1.44407943e-02	1.48834226e-04
5.35000000e-01	1.44136109e-02	1.48135756e-04
5.36000000e-01	1.44107803e-02	1.48097123e-04
5.37000000e-01	1.43524360e-02	1.47479423e-04
5.38000000e-01	1.43109333e-02	1.47021969e-04
5.39000000e-01	1.41589635e-02	1.45770974e-04
5.40000000e-01	1.43163018e-02	1.46953095e-04
5.41000000e-01	1.43191807e-02	1.46948854e-04
5.42000000e-01	1.43551738e-02	1.48247944e-04
5.43000000e-01	1.42885203e-02	1.46812279e-04
5.44000000e-01	1.41380474e-02	1.45870395e-04
5.45000000e-01	1.43639954e-02	1.47463590e-04
5.46000000e-01	1.41743877e-02	1.45715245e-04
5.47000000e-01	1.42424954e-02	1.46742013e-04
5.48000000e-01	1.44080270e-02	1.48112380e-04
5.49000000e-01	1.40129500e-02	1.44266706e-04
5.50000000e-01	1.42801890e-02	1.46738733e-04
5.51000000e-01	1.43676452e-02	1.46863796e-04
5.52000000e-01	1.42222405e-02	1.46115378e-04
5.53000000e-01	1.43394439e-02	1.46974793e-04
5.54000000e-01	1.41238462e-02	1.44797973e-04
5.55000000e-01	1.42130801e-02	1.45051082e-04
5.56000000e-01	1.40398730e-02	1.43489041e-04
5.57000000e-01	1.42058322e-02	1.45520225e-04
5.58000000e-01	1.42616628e-02	1.45616549e-04
5.59000000e-01	1.41875473e-02	1.45393131e-04
5.60000000e-01	1.40817212e-02	1.44163286e-04
5.61000000e-01	1.41442404e-02	1.44708071e-04
5.62000000e-01	1.40928115e-02	1.44212923e-04
5.63000000e-01	1.40586371e-02	1.43932947e-04
5.64000000e-01	1.40758087e-02	1.44304588e-04
5.65000000e-01	1.40401648e-02	1.43960621e-04
5.66000000e-01	1.40263630e-02	1.43625458e-04
5.67000000e-01	1.40017822e-02	1.43821767e-04
5.68000000e-01	1.40271325e-02	1.43670697e-04
5.69000000e-01	1.41547974e-02	1.44088548e-04
5.70000000e-01	1.40956476e-02	1.44163477e-04
5.71000000e-01	1.39188036e-02	1.42429436e-04
5.72000000e-01	1.38615378e-02	1.42305881e-04
5.73000000e-01	1.39386467e-02	1.43441672e-04
5.74000000e-01	1.38855797e-02	1.42254078e-04
5.75000000e-01	1.39782644e-02	1.43309640e-04
5.76000000e-01	1.37314636e-02	1.41657359e-04
5.77000000e-01	1.39816639e-02	1.43181640e-04
5.78000000e-01	1.38818896e-02	1.42305001e-04
5.79000000e-01	1.37392366e-02	1.41467672e-04
5.80000000e-01	1.39883979e-02	1.43511471e-04
5.81000000e-01	1.38050171e-02	1.42199668e-04
5.82000000e-01	1.39742978e-02	1.43580880e-04
5.83000000e-01	1.39757431e-02	1.43508253e-04
5.84000000e-01	1.39839206e-02	1.43376932e-04
5.85000000e-01	1.38520455e-02	1.41868194e-04
5.86000000e-01	1.38666804e-02	1.42577198e-04
5.87000000e-01	1.38375926e-02	1.42001954e-04
5.88000000e-01	1.36954070e-02	1.41290436e-04
5.89000000e-01	1.37731557e-02	1.41828872e-04
5.90000000e-01	1.38218210e-02	1.42219632e-04
5.91000000e-01	1.38755711e-02	1.42724725e-04
5.92000000e-01	1.38224915e-02	1.42147206e-04
5.93000000e-01	1.38471902e-02	1.42578505e-04
5.94000000e-01	1.37247836e-02	1.41094583e-04
5.95000000e-01	1.38918372e-02	1.42509774e-04
5.96000000e-01	1.37362329e-02	1.41361402e-04
5.97000000e-01	1.37432404e-02	1.41355598e-04
5.98000000e-01	1.38157316e-02	1.42578401e-04
5.99000000e-01	1.37593477e-02	1.41802207e-04
6.00000000e-01	1.36452297e-02	1.40611565e-04
6.01000000e-01	1.36955760e-02	1.41463792e-04
6.02000000e-01	1.38538887e-02	1.42349417e-04
6.03000000e-01	1.36283298e-02	1.40882441e-04
6.04000000e-01	1.37004987e-02	1.41338223e-04
6.05000000e-01	1.37105886e-02	1.41506772e-04
6.06000000e-01	1.37347137e-02	1.41270937e-04
6.07000000e-01	1.36235864e-02	1.40544847e-04
6.08000000e-01	1.37303222e-02	1.41213550e-04
6.09000000e-01	1.36867419e-02	1.41147602e-04
6.10000000e-01	1.36373639e-02	1.41179835e-04
6.11000000e-01	1.36072889e-02	1.40460778e-04
6.12000000e-01	1.36534957e-02	1.40949925e-04
6.13000000e-01	1.35870706e-02	1.40228851e-04
6.14000000e-01	1.35374096e-02	1.39661671e-04
6.15000000e-01	1.35811985e-02	1.40271168e-04
6.16000000e-01	1.36348645e-02	1.40686247e-04
6.17000000e-01	1.35622825e-02	1.40008293e-04
6.18000000e-01	1.34818623e-02	1.39648043e-04
6.19000000e-01	1.35542686e-02	1.39734386e-04
6.20000000e-01	1.34541797e-02	1.38605335e-04
6.21000000e-01	1.35582576e-02	1.39669979e-04
6.22000000e-01	1.34421051e-02	1.38253359e-04
6.23000000e-01	1.35198217e-02	1.39492776e-04
6.24000000e-01	1.36308274e-02	1.39828533e-04
6.25000000e-01	1.35543230e-02	1.38981125e-04
6.26000000e-01	1.35672189e-02	1.38962439e-04
6.27000000e-01	1.35381830e-02	1.38777614e-04
6.28000000e-01	1.35680731e-02	1.39116470e-04
6.29000000e-01	1.34414957e-02	1.38575985e-04
6.30000000e-01	1.33891156e-02	1.37400240e-04
6.31000000e-01	1.33627159e-02	1.37180804e-04
6.32000000e-01	1.34170746e-02	1.37558488e-04
6.33000000e-01	1.35566243e-02	1.38741857e-04
6.34000000e-01	1.35067512e-02	1.41835084e-04
6.35000000e-01	1.34407864e-02	1.45817969e-04
6.36000000e-01	1.35255245e-02	1.48831906e-04
6.37000000e-01	1.34618137e-02	1.51116030e-04
6.38000000e-01	1.33952728e-02	1.51851006e-04
6.39000000e-01	1.35739030e-02	1.56334398e-04
6.40000000e-01	1.35886425e-02	1.58038403e-04
6.41000000e-01	1.33707290e-02	1.56902639e-04
6.42000000e-01	1.34156455e-02	1.59671652e-04
6.43000000e-01	1.35125118e-02	1.60914770e-04
6.44000000e-01	1.35890064e-02	1.55336095e-04
6.45000000e-01	1.35791189e-02	1.52974081e-04
6.46000000e-01	1.35308428e-02	1.51887199e-04
6.47000000e-01	1.34544835e-02	1.49375852e-04
6.48000000e-01	1.34393841e-02	1.48432305e-04
6.49000000e-01	1.33847902e-02	1.47289300e-04
6.50000000e-01	1.36194234e-02	1.48822786e-04
6.51000000e-01	1.34108994e-02	1.45947160e-04
6.52000000e-01	1.34792170e-02	1.45637690e-04
6.53000000e-01	1.35624071e-02	1.45982806e-04
6.54000000e-01	1.34152376e-02	1.44226462e-04
6.55000000e-01	1.33208931e-02	1.43417661e-04
6.56000000e-01	1.33962053e-02	1.44007657e-04
6.57000000e-01	1.35561904e-02	1.44804014e-04
6.58000000e-01	1.33565298e-02	1.42868050e-04
6.59000000e-01	1.33948227e-02	1.42780264e-04
6.60000000e-01	1.35354210e-02	1.44851563e-04
6.61000000e-01	1.35258665e-02	1.44209085e-04
6.62000000e-01	1.32709719e-02	1.41698810e-04
6.63000000e-01	1.33560470e-02	1.42680420e-04
6.64000000e-01	1.34581515e-02	1.43571880e-04
6.65000000e-01	1.33695226e-02	1.42763494e-04
6.66000000e-01	1.33782544e-02	1.42612596e-04
6.67000000e-01	1.33507948e-02	1.42786860e-04
6.68000000e-01	1.33802786e-02	1.42542813e-04
6.69000000e-01	1.34538019e-02	1.43242561e-04
6.70000000e-01	1.34077580e-02	1.42591275e-04
6.71000000e-01	1.33228016e-02	1.42393766e-04
6.72000000e-01	1.33325653e-02	1.41826375e-04
6.73000000e-01	1.32756976e-02	1.41037113e-04
6.74000000e-01	1.32386289e-02	1.40923969e-04
6.75000000e-01	1.33055089e-02	1.41607895e-04
6.76000000e-01	1.33023343e-02	1.41532094e-04
6.77000000e-01	1.32791356e-02	1.41258179e-04
6.78000000e-01	1.32164993e-02	1.40522289e-04
6.79000000e-01	1.32894091e-02	1.41448510e-04
6.80000000e-01	1.33064858e-02	1.41355632e-04
6.81000000e-01	1.33175951e-02	1.41584259e-04
6.82000000e-01	1.32680134e-02	1.40772437e-04
6.83000000e-01	1.32292092e-02	1.40294754e-04
6.84000000e-01	1.33285535e-02	1.41213138e-04
6.85000000e-01	1.34269801e-02	1.41799654e-04
6.86000000e-01	1.32964550e-02	1.41051755e-04
6.87000000e-01	1.31629470e-02	1.39663078e-04
6.88000000e-01	1.33036685e-02	1.41240475e-04
6.89000000e-01	1.32581577e-02	1.40712878e-04
6.90000000e-01	1.32893548e-02	1.40964826e-04
6.91000000e-01	1.31304539e-02	1.39260312e-04
6.92000000e-01	1.32304383e-02	1.40196126e-04
6.93000000e-01	1.30270075e-02	1.38394006e-04
6.94000000e-01	1.32612010e-02	1.40569968e-04
6.95000000e-01	1.30833246e-02	1.38907785e-04
6.96000000e-01	1.31830339e-02	1.39603406e-04
6.97000000e-01	1.30751153e-02	1.38674167e-04
6.98000000e-01	1.30523061e-02	1.38442449e-04
6.99000000e-01	1.31289387e-02	1.39043161e-04
7.00000000e-01	1.30651841e-02	1.38303324e-04
7.01000000e-01	1.30342199e-02	1.38930172e-04
7.02000000e-01	1.30866908e-02	1.38716619e-04
7.03000000e-01	1.30878070e-02	1.38288616e-04
7.04000000e-01	1.30751046e-02	1.38540820e-04
7.05000000e-01	1.30667309e-02	1.38273297e-04
7.06000000e-01	1.30909974e-02	1.38732089e-04
7.07000000e-01	1.30363660e-02	1.37617143e-04
7.08000000e-01	1.30351675e-02	1.37669468e-04
7.09000000e-01	1.31210784e-02	1.38604205e-04
7.10000000e-01	1.29560139e-02	1.37030029e-04
7.11000000e-01	1.29457880e-02	1.36798438e-04
7.12000000e-01	1.29433677e-02	1.36699109e-04
7.13000000e-01	1.28801107e-02	1.36497375e-04
7.14000000e-01	1.27782597e-02	1.35330762e-04
7.15000000e-01	1.29676453e-02	1.37268932e-04
7.16000000e-01	1.27227252e-02	1.34648935e-04
7.17000000e-01	1.28700136e-02	1.36283028e-04
7.18000000e-01	1.27451890e-02	1.35379988e-04
7.19000000e-01	1.28032132e-02	1.35958869e-04
7.20000000e-01	1.28714406e-02	1.36505563e-04
7.21000000e-01	1.28179247e-02	1.35583328e-04
7.22000000e-01	1.29071329e-02	1.36824035e-04
7.23000000e-01	1.28954107e-02	1.36518433e-04
7.24000000e-01	1.27627419e-02	1.35300007e-04
7.25000000e-01	1.28050247e-02	1.35624406e-04
7.26000000e-01	1.27362736e-02	1.34756127e-04
7.27000000e-01	1.28863613e-02	1.36349651e-04
7.28000000e-01	1.27416643e-02	1.35165948e-04
7.29000000e-01	1.28281896e-02	1.35664382e-04
7.30000000e-01	1.27433503e-02	1.35330014e-04
7.31000000e-01	1.28388910e-02	1.35768284e-04
7.32000000e-01	1.27803824e-02	1.35722566e-04
7.33000000e-01	1.27321907e-02	1.34510787e-04
7.34000000e-01	1.27823256e-02	1.35584942e-04
7.35000000e-01	1.28471730e-02	1.35528293e-04
7.36000000e-01	1.27118076e-02	1.33684397e-04
7.37000000e-01	1.26569690e-02	1.32988639e-04
7.38000000e-01	1.27808233e-02	1.34417778e-04
7.39000000e-01	1.27808683e-02	1.34088640e-04
7.40000000e-01	1.26823516e-02	1.33445387e-04
7.41000000e-01	1.26132387e-02	1.32773469e-04
7.42000000e-01	1.25874328e-02	1.32244110e-04
7.43000000e-01	1.25658783e-02	1.32182842e-04
7.44000000e-01	1.26438500e-02	1.32762656e-04
7.45000000e-01	1.25599943e-02	1.32228449e-04
7.46000000e-01	1.27146056e-02	1.33147095e-04
7.47000000e-01	1.26066143e-02	1.32413731e-04
7.48000000e-01	1.25584600e-02	1.32353338e-04
7.49000000e-01	1.25136624e-02	1.31397928e-04
7.50000000e-01	1.27491578e-02	1.33704151e-04
7.51000000e-01	1.26129328e-02	1.32368403e-04
7.52000000e-01	1.25721378e-02	1.31978104e-04
7.53000000e-01	1.26129558e-02	1.32697049e-04
7.54000000e-01	1.23867533e-02	1.30270236e-04
7.55000000e-01	1.25691418e-02	1.31879480e-04
7.56000000e-01	1.24831605e-02	1.31454114e-04
7.57000000e-01	1.25034496e-02	1.31450015e-04
7.58000000e-01	1.25143930e-02	1.31398263e-04
7.59000000e-01	1.23631257e-02	1.29993998e-04
7.60000000e-01	1.25377547e-02	1.31553657e-04
7.61000000e-01	1.23712363e-02	1.29483396e-04
7.62000000e-01	1.24150282e-02	1.29880541e-04
7.63000000e-01	1.25346333e-02	1.30804779e-04
7.64000000e-01	1.23987493e-02	1.29296868e-04
7.65000000e-01	1.23053428e-02	1.28568600e-04
7.66000000e-01	1.24420546e-02	1.29647741e-04
7.67000000e-01	1.23533275e-02	1.29226779e-04
7.68000000e-01	1.22359925e-02	1.27716073e-04
7.69000000e-01	1.23720190e-02	1.28923433e-04
7.70000000e-01	1.23273749e-02	1.28528695e-04
7.71000000e-01	1.23245895e-02	1.28329719e-04
7.72000000e-01	1.24022822e-02	1.33141202e-04
7.73000000e-01	1.23844778e-02	1.37399806e-04
7.74000000e-01	1.23368615e-02	1.39889005e-04
7.75000000e-01	1.23681792e-02	1.42542411e-04
7.76000000e-01	1.22698747e-02	1.43680398e-04
7.77000000e-01	1.22538732e-02	1.44805760e-04
7.78000000e-01	1.23104588e-02	1.48090326e-04
7.79000000e-01	1.22983249e-02	1.49545823e-04
7.80000000e-01	1.20531333e-02	1.48783943e-04
7.81000000e-01	1.22499627e-02	1.52666191e-04
7.82000000e-01	1.21332220e-02	1.52398871e-04
7.83000000e-01	1.21391993e-02	1.54688096e-04
7.84000000e-01	1.23457623e-02	1.58999855e-04
7.85000000e-01	1.20494759e-02	1.57154489e-04
7.86000000e-01	1.21404060e-02	1.59954738e-04
7.87000000e-01	1.21914046e-02	1.62051522e-04
7.88000000e-01	1.21222264e-02	1.62169823e-04
7.89000000e-01	1.20593509e-02	1.62920056e-04
7.90000000e-01	1.20951080e-02	1.65895726e-04
7.91000000e-01	1.20662610e-02	1.66888555e-04
7.92000000e-01	1.20926053e-02	1.68596593e-04
7.93000000e-01	1.22131774e-02	1.71271943e-04
7.94000000e-01	1.20488527e-02	1.71276565e-04
7.95000000e-01	1.20709748e-02	1.73511477e-04
7.96000000e-01	1.20006146e-02	1.74855852e-04
7.97000000e-01	1.19481502e-02	1.75353543e-04
7.98000000e-01	1.18585767e-02	1.76032295e-04
7.99000000e-01	1.19989254e-02	1.80097634e-04
8.00000000e-01	1.20900186e-02	1.82998334e-04
8.01000000e-01	1.17776320e-02	1.80255948e-04
8.02000000e-01	1.20028740e-02	1.85790069e-04
8.03000000e-01	1.21049665e-02	1.89476726e-04
8.04000000e-01	1.20003930e-02	1.88995824e-04
8.05000000e-01	1.18588962e-02	1.90258829e-04
8.06000000e-01	1.17848524e-02	1.90937119e-04
8.07000000e-01	1.19662636e-02	1.94464557e-04
8.08000000e-01	1.18627195e-02	1.95560182e-04
8.09000000e-01	1.17100572e-02	1.94912360e-04
8.10000000e-01	1.19658277e-02	2.00505014e-04
8.11000000e-01	1.19369961e-02	2.03565177e-04
8.12000000e-01	1.19243870e-02	2.04716695e-04
8.13000000e-01	1.19734420e-02	2.08461589e-04
8.14000000e-01	1.19234564e-02	2.10599003e-04
8.15000000e-01	1.16832114e-02	2.09472585e-04
8.16000000e-01	1.17868596e-02	2.12809980e-04
8.17000000e-01	1.18175645e-02	2.15963113e-04
8.18000000e-01	1.19189149e-02	2.21257653e-04
8.19000000e-01	1.18089990e-02	2.22853068e-04
8.20000000e-01	1.17532798e-02	2.21551227e-04
8.21000000e-01	1.19535333e-02	2.32139343e-04
8.22000000e-01	1.17724204e-02	2.28774371e-04
8.23000000e-01	1.15063921e-02	2.27910737e-04
8.24000000e-01	1.16152579e-02	2.33706441e-04
8.25000000e-01	1.17140050e-02	2.37097322e-04
8.26000000e-01	1.15755547e-02	2.39831458e-04
8.27000000e-01	1.16380412e-02	2.46132300e-04
8.28000000e-01	1.14923775e-02	2.46275482e-04
8.29000000e-01	1.17778251e-02	2.53629388e-04
8.30000000e-01	1.16664817e-02	2.55313954e-04
8.31000000e-01	1.16006180e-02	2.58946099e-04
8.32000000e-01	1.15136276e-02	2.61404104e-04
8.33000000e-01	1.15978984e-02	2.67726865e-04
8.34000000e-01	1.15918956e-02	2.71872462e-04
8.35000000e-01	1.15507048e-02	2.75952789e-04
8.36000000e-01	1.11151090e-02	2.71401070e-04
8.37000000e-01	1.14052207e-02	2.85728583e-04
8.38000000e-01	1.14196576e-02	2.87580679e-04
8.39000000e-01	1.12864584e-02	2.90723124e-04
8.40000000e-01	1.12434558e-02	2.96908215e-04
8.41000000e-01	1.16057195e-02	3.11765000e-04
8.42000000e-01	1.11407256e-02	3.11263584e-04
8.43000000e-01	1.12975576e-02	3.20415841e-04
8.44000000e-01	1.11034099e-02	3.23115035e-04
8.45000000e-01	1.13180417e-02	3.36565649e-04
8.46000000e-01	1.12383012e-02	3.44356935e-04
8.47000000e-01	1.10682438e-02	3.47620390e-04
8.48000000e-01	1.13283164e-02	3.69484214e-04
8.49000000e-01	1.10098167e-02	3.67953558e-04
8.50000000e-01	1.12924066e-02	3.88519530e-04
8.51000000e-01	1.13110690e-02	4.11779334e-04
8.52000000e-01	1.17509045e-02	4.33573999e-04
8.53000000e-01	1.11965053e-02	4.34562454e-04
8.54000000e-01	1.14961985e-02	4.63496629e-04
8.55000000e-01	1.09667981e-02	4.65096093e-04
8.56000000e-01	1.08952939e-02	4.75350478e-04
8.57000000e-01	1.09428279e-02	4.85523068e-04
8.58000000e-01	1.05311464e-02	4.88247261e-04
8.59000000e-01	1.06311651e-02	5.01584114e-04
8.60000000e-01	1.10376725e-02	5.40662236e-04
8.61000000e-01	1.09434998e-02	5.50506852e-04
8.62000000e-01	1.08692260e-02	5.69896200e-04
8.63000000e-01	1.09441196e-02	6.00013914e-04
8.64000000e-01	1.06818664e-02	6.17105976e-04
8.65000000e-01	1.17248759e-02	6.93809514e-04
8.66000000e-01	1.17522674e-02	7.21086049e-04
8.67000000e-01	1.09976448e-02	7.37035482e-04
8.68000000e-01	1.04873944e-02	7.45724839e-04
8.69000000e-01	1.04494603e-02	7.87365256e-04
8.70000000e-01	1.05688573e-02	8.79683118e-04
8.71000000e-01	1.09871800e-02	9.85630283e-04
8.72000000e-01	1.10898452e-02	1.11941799e-03
8.73000000e-01	1.02615857e-02	1.20972094e-03
8.74000000e-01	1.08700893e-02	1.73004399e-03
8.75000000e-01	1.23357372e-02	4.05777549e-03
