% Filename : SEC8_00040_00016.h5
% Date & Time : 30-Oct-2025 17:51:58
% X-ray Energy (keV) : 13.30001
% Exposure Time (s) : 0.500
% Beam Center : 1461.24000, 208.98300
% Sample to Detector Distance (SDD) (mm) : 1990.750
% Detector Pixel Size (mm) : 0.075
% Photodiode Value : 141427.000
% I0 of Sample : 0
% I0 of Standard : 1
% 
% q(A^-1)   I(q)    I(q)_SE
0.00000000e+00	8.94220828e-03	4.94757178e-03
2.50000000e-04	0.00000000e+00	0.00000000e+00
5.00000000e-04	0.00000000e+00	0.00000000e+00
7.50000000e-04	0.00000000e+00	0.00000000e+00
1.00000000e-03	0.00000000e+00	0.00000000e+00
1.25000000e-03	0.00000000e+00	0.00000000e+00
1.50000000e-03	0.00000000e+00	0.00000000e+00
1.75000000e-03	0.00000000e+00	0.00000000e+00
2.00000000e-03	0.00000000e+00	0.00000000e+00
2.25000000e-03	0.00000000e+00	0.00000000e+00
2.50000000e-03	0.00000000e+00	0.00000000e+00
2.75000000e-03	0.00000000e+00	0.00000000e+00
3.00000000e-03	0.00000000e+00	0.00000000e+00
3.25000000e-03	7.49832585e+02	4.33138454e+02
3.50000000e-03	3.96481465e+02	1.02944833e+02
3.75000000e-03	2.56225743e+02	5.25377093e+01
4.00000000e-03	1.97657597e+02	3.93791683e+01
4.25000000e-03	1.30597386e+02	2.14484725e+01
4.50000000e-03	1.15495962e+02	1.62716681e+01
4.75000000e-03	1.02777622e+02	1.32220856e+01
5.00000000e-03	8.20871737e+01	1.02075801e+01
5.25000000e-03	6.75360598e+01	8.20244206e+00
5.50000000e-03	5.51268052e+01	6.44079505e+00
5.75000000e-03	4.68589958e+01	5.34484636e+00
6.00000000e-03	3.86958636e+01	4.25453917e+00
6.25000000e-03	3.30533703e+01	3.58038544e+00
6.50000000e-03	2.79151825e+01	2.96417988e+00
6.75000000e-03	2.46835037e+01	2.56989100e+00
7.00000000e-03	2.16885964e+01	2.17118976e+00
7.25000000e-03	1.84138838e+01	1.79755809e+00
7.50000000e-03	1.61733724e+01	1.56996483e+00
7.75000000e-03	1.42961050e+01	1.35335534e+00
8.00000000e-03	1.30678018e+01	1.21120851e+00
8.25000000e-03	1.15261350e+01	1.03287500e+00
8.50000000e-03	1.03745039e+01	9.17836546e-01
8.75000000e-03	9.39645175e+00	8.24538937e-01
9.00000000e-03	8.46103654e+00	7.32160263e-01
9.25000000e-03	7.62602585e+00	6.39432292e-01
9.50000000e-03	6.83506597e+00	5.57911324e-01
9.75000000e-03	6.15659985e+00	5.00613788e-01
1.00000000e-02	5.58787503e+00	4.48461667e-01
1.02500000e-02	5.15285693e+00	4.12620602e-01
1.05000000e-02	4.69041142e+00	3.59575969e-01
1.07500000e-02	4.30027489e+00	3.29115730e-01
1.10000000e-02	3.98692868e+00	2.96445473e-01
1.12500000e-02	3.67293991e+00	2.76125314e-01
1.15000000e-02	3.44160546e+00	2.55925099e-01
1.17500000e-02	3.09681891e+00	2.23984320e-01
1.20000000e-02	2.96407740e+00	2.14577704e-01
1.22500000e-02	2.73691650e+00	1.94192155e-01
1.25000000e-02	2.58997347e+00	1.83612376e-01
1.27500000e-02	2.40789750e+00	1.67544871e-01
1.30000000e-02	2.24684838e+00	1.53702516e-01
1.32500000e-02	2.07419815e+00	1.39734220e-01
1.35000000e-02	1.97659441e+00	1.33612170e-01
1.37500000e-02	1.85123806e+00	1.24964065e-01
1.40000000e-02	1.71266130e+00	1.12911678e-01
1.42500000e-02	1.62012071e+00	1.04706384e-01
1.45000000e-02	1.52981375e+00	9.89435089e-02
1.47500000e-02	1.44682070e+00	9.30799872e-02
1.50000000e-02	1.37094229e+00	8.72097615e-02
1.52500000e-02	1.29225171e+00	8.15156809e-02
1.55000000e-02	1.20318979e+00	7.44019627e-02
1.57500000e-02	1.13714694e+00	7.00202911e-02
1.60000000e-02	1.08205022e+00	6.56450381e-02
1.62500000e-02	1.04053348e+00	6.39026679e-02
1.65000000e-02	9.66590833e-01	5.82719034e-02
1.67500000e-02	9.31956334e-01	5.50151276e-02
1.70000000e-02	8.75477980e-01	5.15098092e-02
1.72500000e-02	8.45126361e-01	4.96298469e-02
1.75000000e-02	7.91118733e-01	4.60235526e-02
1.77500000e-02	7.56512976e-01	4.31484111e-02
1.80000000e-02	7.20996174e-01	4.10062598e-02
1.82500000e-02	6.87676699e-01	3.84847705e-02
1.85000000e-02	6.57749064e-01	3.74838772e-02
1.87500000e-02	6.29051243e-01	3.48648274e-02
1.90000000e-02	6.02952817e-01	3.33583043e-02
1.92500000e-02	5.73265971e-01	3.12879720e-02
1.95000000e-02	5.42708836e-01	2.92088616e-02
1.97500000e-02	5.21568842e-01	2.83614211e-02
2.00000000e-02	5.00363305e-01	2.67781098e-02
2.02500000e-02	4.79143057e-01	2.53502832e-02
2.05000000e-02	4.61981216e-01	2.39579550e-02
2.07500000e-02	4.43215641e-01	2.30525055e-02
2.10000000e-02	4.29218954e-01	2.24355888e-02
2.12500000e-02	4.18730032e-01	2.20489677e-02
2.15000000e-02	3.97560983e-01	2.06488348e-02
2.17500000e-02	3.86114691e-01	2.00006802e-02
2.20000000e-02	3.69535409e-01	1.91832771e-02
2.22500000e-02	3.57194570e-01	1.84524815e-02
2.25000000e-02	3.46620815e-01	1.79899551e-02
2.27500000e-02	3.32929589e-01	1.70192833e-02
2.30000000e-02	3.25351397e-01	1.67894156e-02
2.32500000e-02	3.07893808e-01	1.56333712e-02
2.35000000e-02	3.00797440e-01	1.55030231e-02
2.37500000e-02	2.95068130e-01	1.50619509e-02
2.40000000e-02	2.84413006e-01	1.45484764e-02
2.42500000e-02	2.77361927e-01	1.40424797e-02
2.45000000e-02	2.67076934e-01	1.35217553e-02
2.47500000e-02	2.59206442e-01	1.29989479e-02
2.50000000e-02	2.53695594e-01	1.27352132e-02
2.52500000e-02	2.46429027e-01	1.24109380e-02
2.55000000e-02	2.37195975e-01	1.16947106e-02
2.57500000e-02	2.29795256e-01	1.13656410e-02
2.60000000e-02	2.22659809e-01	1.09332185e-02
2.62500000e-02	2.21599714e-01	1.10318916e-02
2.65000000e-02	2.12449232e-01	1.04731149e-02
2.67500000e-02	2.09764325e-01	1.01530869e-02
2.70000000e-02	2.01719613e-01	9.83661366e-03
2.72500000e-02	1.95977829e-01	9.45284458e-03
2.75000000e-02	1.90210105e-01	9.32365093e-03
2.77500000e-02	1.86127845e-01	9.07676781e-03
2.80000000e-02	1.79573571e-01	8.55158906e-03
2.82500000e-02	1.76641917e-01	8.45107488e-03
2.85000000e-02	1.71845032e-01	8.18113881e-03
2.87500000e-02	1.68968469e-01	8.05361515e-03
2.90000000e-02	1.64217964e-01	7.86983493e-03
2.92500000e-02	1.59891147e-01	7.40936749e-03
2.95000000e-02	1.57606910e-01	7.45862691e-03
2.97500000e-02	1.52238880e-01	7.14728765e-03
3.00000000e-02	1.49681387e-01	7.03174346e-03
3.02500000e-02	1.46618453e-01	6.89687464e-03
3.05000000e-02	1.42524264e-01	6.52795067e-03
3.07500000e-02	1.40813443e-01	6.52392176e-03
3.10000000e-02	1.35579988e-01	6.26505152e-03
3.12500000e-02	1.34389499e-01	6.27141824e-03
3.15000000e-02	1.30381747e-01	6.00731559e-03
3.17500000e-02	1.28355580e-01	5.78230120e-03
3.20000000e-02	1.26258682e-01	5.79763206e-03
3.22500000e-02	1.23685340e-01	5.68684453e-03
3.25000000e-02	1.20222896e-01	5.54195642e-03
3.27500000e-02	1.18579500e-01	5.36462554e-03
3.30000000e-02	1.17591752e-01	5.30561433e-03
3.32500000e-02	1.16339324e-01	5.24341491e-03
3.35000000e-02	1.10853854e-01	5.03920218e-03
3.37500000e-02	1.09247166e-01	4.93165042e-03
3.40000000e-02	1.05243760e-01	4.75009511e-03
3.42500000e-02	1.06238270e-01	4.73381830e-03
3.45000000e-02	1.04378721e-01	4.69588371e-03
3.47500000e-02	1.03794058e-01	4.62375639e-03
3.50000000e-02	1.00663455e-01	4.47430086e-03
3.52500000e-02	9.92217462e-02	4.40731247e-03
3.55000000e-02	9.84134541e-02	4.31899319e-03
3.57500000e-02	9.74130131e-02	4.31935364e-03
3.60000000e-02	9.38541162e-02	4.14409298e-03
3.62500000e-02	9.18888922e-02	4.03367298e-03
3.65000000e-02	8.93685565e-02	3.91780193e-03
3.67500000e-02	8.90367288e-02	3.89991856e-03
3.70000000e-02	8.73347395e-02	3.82220990e-03
3.72500000e-02	8.51960417e-02	3.69990679e-03
3.75000000e-02	8.40968314e-02	3.70890656e-03
3.77500000e-02	8.61739853e-02	3.71654723e-03
3.80000000e-02	8.16064075e-02	3.50517714e-03
3.82500000e-02	8.02700355e-02	3.44966164e-03
3.85000000e-02	8.00809177e-02	3.45287185e-03
3.87500000e-02	7.81525194e-02	3.33335717e-03
3.90000000e-02	7.68577229e-02	3.32607658e-03
3.92500000e-02	7.68690188e-02	3.25273903e-03
3.95000000e-02	7.47685697e-02	3.18476457e-03
3.97500000e-02	7.25699406e-02	3.09485222e-03
4.00000000e-02	7.23314680e-02	3.05920831e-03
4.02500000e-02	7.35556254e-02	3.13048757e-03
4.05000000e-02	7.12742327e-02	2.99945588e-03
4.07500000e-02	6.82900130e-02	2.86835934e-03
4.10000000e-02	6.90667343e-02	2.91925888e-03
4.12500000e-02	6.92633119e-02	2.91043885e-03
4.15000000e-02	6.77744941e-02	2.82158010e-03
4.17500000e-02	6.76983270e-02	2.80808022e-03
4.20000000e-02	6.65126730e-02	2.74854962e-03
4.22500000e-02	6.43392511e-02	2.65462127e-03
4.25000000e-02	6.44482721e-02	2.68151849e-03
4.27500000e-02	6.50510560e-02	2.66666649e-03
4.30000000e-02	6.21256654e-02	2.55903595e-03
4.32500000e-02	6.22933203e-02	2.54874073e-03
4.35000000e-02	6.13273806e-02	2.53289481e-03
4.37500000e-02	5.99477807e-02	2.42234996e-03
4.40000000e-02	5.99940558e-02	2.44736051e-03
4.42500000e-02	6.01786672e-02	2.44036177e-03
4.45000000e-02	5.85354115e-02	2.37643558e-03
4.47500000e-02	5.87415767e-02	2.36866724e-03
4.50000000e-02	5.72296429e-02	2.32120604e-03
4.52500000e-02	5.68877169e-02	2.28993256e-03
4.55000000e-02	5.69596088e-02	2.28823429e-03
4.57500000e-02	5.51959364e-02	2.20594526e-03
4.60000000e-02	5.43655132e-02	2.17925886e-03
4.62500000e-02	5.46502578e-02	2.19815956e-03
4.65000000e-02	5.40714911e-02	2.14995546e-03
4.67500000e-02	5.39724385e-02	2.12535767e-03
4.70000000e-02	5.27613250e-02	2.08580001e-03
4.72500000e-02	5.17959742e-02	2.04731719e-03
4.75000000e-02	5.33794595e-02	2.11106800e-03
4.77500000e-02	5.12025668e-02	2.00030493e-03
4.80000000e-02	4.99073793e-02	1.95439887e-03
4.82500000e-02	4.99867963e-02	1.96022773e-03
4.85000000e-02	4.99699084e-02	1.98312006e-03
4.87500000e-02	5.01659926e-02	1.96367407e-03
4.90000000e-02	4.87139323e-02	1.88652961e-03
4.92500000e-02	4.84078815e-02	1.87445324e-03
4.95000000e-02	4.76170191e-02	1.84891092e-03
4.97500000e-02	4.73334205e-02	1.85209966e-03
5.00000000e-02	4.72976480e-02	1.84277845e-03
5.02500000e-02	4.78462591e-02	1.84341306e-03
5.05000000e-02	4.61869121e-02	1.77226747e-03
5.07500000e-02	4.57392178e-02	1.77343272e-03
5.10000000e-02	4.56887756e-02	1.76081531e-03
5.12500000e-02	4.63910048e-02	1.78628722e-03
5.15000000e-02	4.57820697e-02	1.75258705e-03
5.17500000e-02	4.44458758e-02	1.70553662e-03
5.20000000e-02	4.44518385e-02	1.69767589e-03
5.22500000e-02	4.45229189e-02	1.71474407e-03
5.25000000e-02	4.37316507e-02	1.66393868e-03
5.27500000e-02	4.43720624e-02	1.67625540e-03
5.30000000e-02	4.34160860e-02	1.64674739e-03
5.32500000e-02	4.38604113e-02	1.65919397e-03
5.35000000e-02	4.32919596e-02	1.63761047e-03
5.37500000e-02	4.20204940e-02	1.58142281e-03
5.40000000e-02	4.23699183e-02	1.59992098e-03
5.42500000e-02	4.15142827e-02	1.55096952e-03
5.45000000e-02	4.21095812e-02	1.57482489e-03
5.47500000e-02	4.12349308e-02	1.53646748e-03
5.50000000e-02	4.07361802e-02	1.52318581e-03
5.52500000e-02	4.11493959e-02	1.53068672e-03
5.55000000e-02	4.08979263e-02	1.51715975e-03
5.57500000e-02	3.99236548e-02	1.49088155e-03
5.60000000e-02	4.00399542e-02	1.47705463e-03
5.62500000e-02	4.01666490e-02	1.49675745e-03
5.65000000e-02	3.97118735e-02	1.46236960e-03
5.67500000e-02	3.97048134e-02	1.47146887e-03
5.70000000e-02	3.91743585e-02	1.43690425e-03
5.72500000e-02	3.93812922e-02	1.45314293e-03
5.75000000e-02	3.87800125e-02	1.43525472e-03
5.77500000e-02	3.85756325e-02	1.40132815e-03
5.80000000e-02	3.83069293e-02	1.40767832e-03
5.82500000e-02	3.71276013e-02	1.35194110e-03
5.85000000e-02	3.71811541e-02	1.36505059e-03
5.87500000e-02	3.67005326e-02	1.34070500e-03
5.90000000e-02	3.74266480e-02	1.35963016e-03
5.92500000e-02	3.59264056e-02	1.30858287e-03
5.95000000e-02	3.61481339e-02	1.31048885e-03
5.97500000e-02	3.61937723e-02	1.30865600e-03
6.00000000e-02	3.53559458e-02	1.28852557e-03
6.02500000e-02	3.60592518e-02	1.30562982e-03
6.05000000e-02	3.58328452e-02	1.28946606e-03
6.07500000e-02	3.57805946e-02	1.28701212e-03
6.10000000e-02	3.54598316e-02	1.26908309e-03
6.12500000e-02	3.48708266e-02	1.25697066e-03
6.15000000e-02	3.45216257e-02	1.23306351e-03
6.17500000e-02	3.45612413e-02	1.24056720e-03
6.20000000e-02	3.53817059e-02	1.26536614e-03
6.22500000e-02	3.45352616e-02	1.23396013e-03
6.25000000e-02	3.40172670e-02	1.21833862e-03
6.27500000e-02	3.37427100e-02	1.20068336e-03
6.30000000e-02	3.39366855e-02	1.20575215e-03
6.32500000e-02	3.33920247e-02	1.18588847e-03
6.35000000e-02	3.38588357e-02	1.20039926e-03
6.37500000e-02	3.39314518e-02	1.20867331e-03
6.40000000e-02	3.37106088e-02	1.18613186e-03
6.42500000e-02	3.37834210e-02	1.17952527e-03
6.45000000e-02	3.33099819e-02	1.16423824e-03
6.47500000e-02	3.28428551e-02	1.15557244e-03
6.50000000e-02	3.19303191e-02	1.12254756e-03
6.52500000e-02	3.30246488e-02	1.15258344e-03
6.55000000e-02	3.22072163e-02	1.12646253e-03
6.57500000e-02	3.24606144e-02	1.13540795e-03
6.60000000e-02	3.24422863e-02	1.13357862e-03
6.62500000e-02	3.25046950e-02	1.13468288e-03
6.65000000e-02	3.16722641e-02	1.10646293e-03
6.67500000e-02	3.14507322e-02	1.09175343e-03
6.70000000e-02	3.13592244e-02	1.08686981e-03
6.72500000e-02	3.15996607e-02	1.10473673e-03
6.75000000e-02	3.08822375e-02	1.07084253e-03
6.77500000e-02	3.16589045e-02	1.08789764e-03
6.80000000e-02	3.11215228e-02	1.08108288e-03
6.82500000e-02	3.13270180e-02	1.06933618e-03
6.85000000e-02	3.07076472e-02	1.06596413e-03
6.87500000e-02	3.09966413e-02	1.05859028e-03
6.90000000e-02	3.05461472e-02	1.04417717e-03
6.92500000e-02	3.04863985e-02	1.04472762e-03
6.95000000e-02	2.99895169e-02	1.03064055e-03
6.97500000e-02	3.05518353e-02	1.04830224e-03
7.00000000e-02	3.06759126e-02	1.04357512e-03
7.02500000e-02	3.05458800e-02	1.04220831e-03
7.05000000e-02	2.98516816e-02	1.01190870e-03
7.07500000e-02	3.02339254e-02	1.03286604e-03
7.10000000e-02	2.98856086e-02	1.00884858e-03
7.12500000e-02	3.02425643e-02	1.02720913e-03
7.15000000e-02	2.98523222e-02	1.00065888e-03
7.17500000e-02	2.96651664e-02	1.00495881e-03
7.20000000e-02	2.94139801e-02	9.93776532e-04
7.22500000e-02	2.94324828e-02	9.98290337e-04
7.25000000e-02	2.97436086e-02	9.99899049e-04
7.27500000e-02	2.93529784e-02	9.92641377e-04
7.30000000e-02	2.89189240e-02	9.72547456e-04
7.32500000e-02	2.89607458e-02	9.61707462e-04
7.35000000e-02	2.79846621e-02	9.45406733e-04
7.37500000e-02	2.91459197e-02	9.69398262e-04
7.40000000e-02	2.92740177e-02	9.78500122e-04
7.42500000e-02	2.87541543e-02	9.62274022e-04
7.45000000e-02	2.85444494e-02	9.43299007e-04
7.47500000e-02	2.81518647e-02	9.33693496e-04
7.50000000e-02	2.84300697e-02	9.55290289e-04
7.52500000e-02	2.89279086e-02	9.54201109e-04
7.55000000e-02	2.83796371e-02	9.36745999e-04
7.57500000e-02	2.89113104e-02	9.51938836e-04
7.60000000e-02	2.79514065e-02	9.25292979e-04
7.62500000e-02	2.84057801e-02	9.42964760e-04
7.65000000e-02	2.84203737e-02	9.35779332e-04
7.67500000e-02	2.71012532e-02	8.94718000e-04
7.70000000e-02	2.84506941e-02	9.28042897e-04
7.72500000e-02	2.80358304e-02	9.36777081e-04
7.75000000e-02	2.77879505e-02	9.39651507e-04
7.77500000e-02	2.80909084e-02	9.56574920e-04
7.80000000e-02	2.79303074e-02	9.48717462e-04
7.82500000e-02	2.72329676e-02	9.26740570e-04
7.85000000e-02	2.81257145e-02	9.74928889e-04
7.87500000e-02	2.81482377e-02	9.61483392e-04
7.90000000e-02	2.76032670e-02	9.57439381e-04
7.92500000e-02	2.76416517e-02	9.59431501e-04
7.95000000e-02	2.73291765e-02	9.58123974e-04
7.97500000e-02	2.76102209e-02	9.65459647e-04
8.00000000e-02	2.73619434e-02	9.55499090e-04
8.02500000e-02	2.70199755e-02	9.49502851e-04
8.05000000e-02	2.77093552e-02	9.71997558e-04
8.07500000e-02	2.89032872e-02	1.02332270e-03
8.10000000e-02	2.73533387e-02	9.66550002e-04
8.12500000e-02	2.80269316e-02	9.88828562e-04
8.15000000e-02	2.69724757e-02	9.61678008e-04
8.17500000e-02	2.75796488e-02	9.81768524e-04
8.20000000e-02	2.79796290e-02	9.91614794e-04
8.22500000e-02	2.64957208e-02	9.44030976e-04
8.25000000e-02	2.71004478e-02	9.64314895e-04
8.27500000e-02	2.68124156e-02	9.55200244e-04
8.30000000e-02	2.70046680e-02	9.65302898e-04
8.32500000e-02	2.60567220e-02	9.40862195e-04
8.35000000e-02	2.67821849e-02	9.65726153e-04
8.37500000e-02	2.75193680e-02	9.82180943e-04
8.40000000e-02	2.65288353e-02	9.50206989e-04
8.42500000e-02	2.67179833e-02	9.62784803e-04
8.45000000e-02	2.71012449e-02	9.76749137e-04
8.47500000e-02	2.65463234e-02	9.58415692e-04
8.50000000e-02	2.63905177e-02	9.44986038e-04
8.52500000e-02	2.62715136e-02	9.54441968e-04
8.55000000e-02	2.60694801e-02	9.42604506e-04
8.57500000e-02	2.63524100e-02	9.53867197e-04
8.60000000e-02	2.64326204e-02	9.59543150e-04
8.62500000e-02	2.64466304e-02	9.49942036e-04
8.65000000e-02	2.67430656e-02	9.73443148e-04
8.67500000e-02	2.68798564e-02	9.67261938e-04
8.70000000e-02	2.59082056e-02	9.19063055e-04
8.72500000e-02	2.63821962e-02	9.27495999e-04
8.75000000e-02	2.61930537e-02	9.10773443e-04
8.77500000e-02	2.63097324e-02	9.01707574e-04
8.80000000e-02	2.62644876e-02	9.07292653e-04
8.82500000e-02	2.55835939e-02	8.79926310e-04
8.85000000e-02	2.57983732e-02	8.86749754e-04
8.87500000e-02	2.56013766e-02	8.56089435e-04
8.90000000e-02	2.57671172e-02	8.75034513e-04
8.92500000e-02	2.58378929e-02	8.70804685e-04
8.95000000e-02	2.55905726e-02	8.60357991e-04
8.97500000e-02	2.47527951e-02	8.29909779e-04
9.00000000e-02	2.57999754e-02	8.49998462e-04
9.02500000e-02	2.52007942e-02	8.48695661e-04
9.05000000e-02	2.57711122e-02	8.55680195e-04
9.07500000e-02	2.51977372e-02	8.33161822e-04
9.10000000e-02	2.50819227e-02	8.23132710e-04
9.12500000e-02	2.58878257e-02	8.50328378e-04
9.15000000e-02	2.53859713e-02	8.34742165e-04
9.17500000e-02	2.50145150e-02	8.25631286e-04
9.20000000e-02	2.47112227e-02	8.10163499e-04
9.22500000e-02	2.47656245e-02	8.07493361e-04
9.25000000e-02	2.46265933e-02	7.97357685e-04
9.27500000e-02	2.50560049e-02	8.17736769e-04
9.30000000e-02	2.50772649e-02	8.12700793e-04
9.32500000e-02	2.50296619e-02	8.14771764e-04
9.35000000e-02	2.47778079e-02	8.02134665e-04
9.37500000e-02	2.54475541e-02	8.19034337e-04
9.40000000e-02	2.47818473e-02	8.00009259e-04
9.42500000e-02	2.49840117e-02	8.03248347e-04
9.45000000e-02	2.49159046e-02	7.96416808e-04
9.47500000e-02	2.44478387e-02	7.87359221e-04
9.50000000e-02	2.47303260e-02	7.94214052e-04
9.52500000e-02	2.43936910e-02	7.80648825e-04
9.55000000e-02	2.38867832e-02	7.61693822e-04
9.57500000e-02	2.45004822e-02	7.74376264e-04
9.60000000e-02	2.48953244e-02	7.91689406e-04
9.62500000e-02	2.45092154e-02	7.78959997e-04
9.65000000e-02	2.40842988e-02	7.63950709e-04
9.67500000e-02	2.43488590e-02	7.70811462e-04
9.70000000e-02	2.41550246e-02	7.64282206e-04
9.72500000e-02	2.38599027e-02	7.49891975e-04
9.75000000e-02	2.41816127e-02	7.63246411e-04
9.77500000e-02	2.45460944e-02	7.65203656e-04
9.80000000e-02	2.37630330e-02	7.47235553e-04
9.82500000e-02	2.37133544e-02	7.44691444e-04
9.85000000e-02	2.38458134e-02	7.47295784e-04
9.87500000e-02	2.37440359e-02	7.41967321e-04
9.90000000e-02	2.41314678e-02	7.52808533e-04
9.92500000e-02	2.36939560e-02	7.40725458e-04
9.95000000e-02	2.42474777e-02	7.52267336e-04
9.97500000e-02	2.38755661e-02	7.44097263e-04
1.00000000e-01	2.38216677e-02	6.05061545e-04
1.00500000e-01	2.40813435e-02	5.30097121e-04
1.01000000e-01	2.40411997e-02	5.23548584e-04
1.01500000e-01	2.36165043e-02	5.15421244e-04
1.02000000e-01	2.37373917e-02	5.16657059e-04
1.02500000e-01	2.34881688e-02	5.07237722e-04
1.03000000e-01	2.35290513e-02	5.08320064e-04
1.03500000e-01	2.32929866e-02	5.04279731e-04
1.04000000e-01	2.31680336e-02	4.95901880e-04
1.04500000e-01	2.34818396e-02	5.03308076e-04
1.05000000e-01	2.35046678e-02	5.00492308e-04
1.05500000e-01	2.35058041e-02	5.01322888e-04
1.06000000e-01	2.30316307e-02	4.87950798e-04
1.06500000e-01	2.32940892e-02	4.91483850e-04
1.07000000e-01	2.31778838e-02	5.00078660e-04
1.07500000e-01	2.32451348e-02	5.07922581e-04
1.08000000e-01	2.27640936e-02	5.01223099e-04
1.08500000e-01	2.31432733e-02	5.15864683e-04
1.09000000e-01	2.26316852e-02	5.07435141e-04
1.09500000e-01	2.26412879e-02	5.12622234e-04
1.10000000e-01	2.23349689e-02	4.98295752e-04
1.10500000e-01	2.29080705e-02	4.98340867e-04
1.11000000e-01	2.29094554e-02	4.90144046e-04
1.11500000e-01	2.28315717e-02	4.87609834e-04
1.12000000e-01	2.30016225e-02	4.83364690e-04
1.12500000e-01	2.25766054e-02	4.72326464e-04
1.13000000e-01	2.27068153e-02	4.76754981e-04
1.13500000e-01	2.30675126e-02	4.79339644e-04
1.14000000e-01	2.23878262e-02	4.66013633e-04
1.14500000e-01	2.25394856e-02	4.67539815e-04
1.15000000e-01	2.26298247e-02	4.65844386e-04
1.15500000e-01	2.24933857e-02	4.65183564e-04
1.16000000e-01	2.28256580e-02	4.68392735e-04
1.16500000e-01	2.21923374e-02	4.55652250e-04
1.17000000e-01	2.22078070e-02	4.53688642e-04
1.17500000e-01	2.26115459e-02	4.61032226e-04
1.18000000e-01	2.22467453e-02	4.54432229e-04
1.18500000e-01	2.24088985e-02	4.54244460e-04
1.19000000e-01	2.21826607e-02	4.51002956e-04
1.19500000e-01	2.22939755e-02	4.50638678e-04
1.20000000e-01	2.19447860e-02	4.41930532e-04
1.20500000e-01	2.21975718e-02	4.45692445e-04
1.21000000e-01	2.23180583e-02	4.47223784e-04
1.21500000e-01	2.21664395e-02	4.42973175e-04
1.22000000e-01	2.18409234e-02	4.37608737e-04
1.22500000e-01	2.22005008e-02	4.42967924e-04
1.23000000e-01	2.20836964e-02	4.39070429e-04
1.23500000e-01	2.20606535e-02	4.36674614e-04
1.24000000e-01	2.20872523e-02	4.37939710e-04
1.24500000e-01	2.20883018e-02	4.36629298e-04
1.25000000e-01	2.22844456e-02	4.40582898e-04
1.25500000e-01	2.16511090e-02	4.26918677e-04
1.26000000e-01	2.23023392e-02	4.37899658e-04
1.26500000e-01	2.20799929e-02	4.32594507e-04
1.27000000e-01	2.25259173e-02	4.40505729e-04
1.27500000e-01	2.22083838e-02	4.32968599e-04
1.28000000e-01	2.17710646e-02	4.27495749e-04
1.28500000e-01	2.17869260e-02	4.23339555e-04
1.29000000e-01	2.20628462e-02	4.27759936e-04
1.29500000e-01	2.21879045e-02	4.29987600e-04
1.30000000e-01	2.22487831e-02	4.31146973e-04
1.30500000e-01	2.18847782e-02	4.20978448e-04
1.31000000e-01	2.21728480e-02	4.26463563e-04
1.31500000e-01	2.19206546e-02	4.22137788e-04
1.32000000e-01	2.18584455e-02	4.19464019e-04
1.32500000e-01	2.17668800e-02	4.16416050e-04
1.33000000e-01	2.15118813e-02	4.11017653e-04
1.33500000e-01	2.15836268e-02	4.11003894e-04
1.34000000e-01	2.18009723e-02	4.14851759e-04
1.34500000e-01	2.17068152e-02	4.08661000e-04
1.35000000e-01	2.18497207e-02	4.12401984e-04
1.35500000e-01	2.17039091e-02	4.07371629e-04
1.36000000e-01	2.18013641e-02	4.09646469e-04
1.36500000e-01	2.13967746e-02	4.04586302e-04
1.37000000e-01	2.17936487e-02	4.06797005e-04
1.37500000e-01	2.15947575e-02	4.03464797e-04
1.38000000e-01	2.14308780e-02	4.00846907e-04
1.38500000e-01	2.17643416e-02	4.05232827e-04
1.39000000e-01	2.14405445e-02	4.00185725e-04
1.39500000e-01	2.12879548e-02	3.95966189e-04
1.40000000e-01	2.14370606e-02	4.00859453e-04
1.40500000e-01	2.12728006e-02	3.96443971e-04
1.41000000e-01	2.10872047e-02	3.92143496e-04
1.41500000e-01	2.11377143e-02	3.91726297e-04
1.42000000e-01	2.10469846e-02	3.88564853e-04
1.42500000e-01	2.12422901e-02	3.94902037e-04
1.43000000e-01	2.15061774e-02	3.97857007e-04
1.43500000e-01	2.13073282e-02	3.94089852e-04
1.44000000e-01	2.11614548e-02	3.89424251e-04
1.44500000e-01	2.13190300e-02	3.91024230e-04
1.45000000e-01	2.09115767e-02	3.85042478e-04
1.45500000e-01	2.11120201e-02	3.87471959e-04
1.46000000e-01	2.07735452e-02	3.80336618e-04
1.46500000e-01	2.14001693e-02	3.92993758e-04
1.47000000e-01	2.10998741e-02	3.84433170e-04
1.47500000e-01	2.07122413e-02	3.79790441e-04
1.48000000e-01	2.09306062e-02	3.80335950e-04
1.48500000e-01	2.05741489e-02	3.74031339e-04
1.49000000e-01	2.07354268e-02	3.76308528e-04
1.49500000e-01	2.08111047e-02	3.76512402e-04
1.50000000e-01	2.12842883e-02	3.83451318e-04
1.50500000e-01	2.08497580e-02	3.77736857e-04
1.51000000e-01	2.04715863e-02	3.68042332e-04
1.51500000e-01	2.08285541e-02	3.73210136e-04
1.52000000e-01	2.08138116e-02	3.71984985e-04
1.52500000e-01	2.06195892e-02	3.69990590e-04
1.53000000e-01	2.05331960e-02	3.67581440e-04
1.53500000e-01	2.08982172e-02	3.71249283e-04
1.54000000e-01	2.05402732e-02	3.65205651e-04
1.54500000e-01	2.05997171e-02	3.74643055e-04
1.55000000e-01	2.03924469e-02	3.76164414e-04
1.55500000e-01	2.03701497e-02	3.79109536e-04
1.56000000e-01	2.05471134e-02	3.82121559e-04
1.56500000e-01	2.02634235e-02	3.75931964e-04
1.57000000e-01	2.05696093e-02	3.83263147e-04
1.57500000e-01	2.03845653e-02	3.72127448e-04
1.58000000e-01	2.04865497e-02	3.69515869e-04
1.58500000e-01	2.06073045e-02	3.69467321e-04
1.59000000e-01	2.03645085e-02	3.62739131e-04
1.59500000e-01	2.02273044e-02	3.60133116e-04
1.60000000e-01	2.03878265e-02	3.63525071e-04
1.60500000e-01	2.01180696e-02	3.56616639e-04
1.61000000e-01	2.03510076e-02	3.61270267e-04
1.61500000e-01	2.04915204e-02	3.60041973e-04
1.62000000e-01	2.02245737e-02	3.57015273e-04
1.62500000e-01	2.04653484e-02	3.60349441e-04
1.63000000e-01	2.03799920e-02	3.55892280e-04
1.63500000e-01	2.01592361e-02	3.54202103e-04
1.64000000e-01	2.03868721e-02	3.57280849e-04
1.64500000e-01	2.03577318e-02	3.55633032e-04
1.65000000e-01	2.04472829e-02	3.54455230e-04
1.65500000e-01	2.01106431e-02	3.49659921e-04
1.66000000e-01	2.00637085e-02	3.50348490e-04
1.66500000e-01	2.03461128e-02	3.51237101e-04
1.67000000e-01	1.98669769e-02	3.45979923e-04
1.67500000e-01	2.02984060e-02	3.50232869e-04
1.68000000e-01	2.00923319e-02	3.48404718e-04
1.68500000e-01	2.01591907e-02	3.48252570e-04
1.69000000e-01	2.00761540e-02	3.45303751e-04
1.69500000e-01	1.99728240e-02	3.41735625e-04
1.70000000e-01	1.99152683e-02	3.42099470e-04
1.70500000e-01	2.00562761e-02	3.42890841e-04
1.71000000e-01	2.01320409e-02	3.44578492e-04
1.71500000e-01	2.02385755e-02	3.47018684e-04
1.72000000e-01	1.99602473e-02	3.39891933e-04
1.72500000e-01	2.01773216e-02	3.43868619e-04
1.73000000e-01	2.00377218e-02	3.39032674e-04
1.73500000e-01	1.99981220e-02	3.38654000e-04
1.74000000e-01	1.99467807e-02	3.37993004e-04
1.74500000e-01	1.99718119e-02	3.34970158e-04
1.75000000e-01	1.99492699e-02	3.34042553e-04
1.75500000e-01	2.00202628e-02	3.35874094e-04
1.76000000e-01	1.95087175e-02	3.27301382e-04
1.76500000e-01	1.93280772e-02	3.24821081e-04
1.77000000e-01	1.95110674e-02	3.27155565e-04
1.77500000e-01	1.98704390e-02	3.32719006e-04
1.78000000e-01	1.97184501e-02	3.29889519e-04
1.78500000e-01	1.96804285e-02	3.30135899e-04
1.79000000e-01	1.97147514e-02	3.28997712e-04
1.79500000e-01	1.98946891e-02	3.32209132e-04
1.80000000e-01	1.96598666e-02	3.29393989e-04
1.80500000e-01	1.95327087e-02	3.27091942e-04
1.81000000e-01	1.98997626e-02	3.30292070e-04
1.81500000e-01	1.95723358e-02	3.25940574e-04
1.82000000e-01	1.96440382e-02	3.26745781e-04
1.82500000e-01	1.97885331e-02	3.28365411e-04
1.83000000e-01	1.94228328e-02	3.23382750e-04
1.83500000e-01	1.95280654e-02	3.23170124e-04
1.84000000e-01	1.93460664e-02	3.20389251e-04
1.84500000e-01	1.96619480e-02	3.24975861e-04
1.85000000e-01	1.96800003e-02	3.23868393e-04
1.85500000e-01	1.95066596e-02	3.21523164e-04
1.86000000e-01	1.93969021e-02	3.17934805e-04
1.86500000e-01	1.96660680e-02	3.22475024e-04
1.87000000e-01	1.97362766e-02	3.24191406e-04
1.87500000e-01	1.95801582e-02	3.20416014e-04
1.88000000e-01	1.95483112e-02	3.20433398e-04
1.88500000e-01	1.95653659e-02	3.19574326e-04
1.89000000e-01	1.92122473e-02	3.14388043e-04
1.89500000e-01	1.93967814e-02	3.14751713e-04
1.90000000e-01	1.95118894e-02	3.16499865e-04
1.90500000e-01	1.96108174e-02	3.17868191e-04
1.91000000e-01	1.93998100e-02	3.14625703e-04
1.91500000e-01	1.94405044e-02	3.15436814e-04
1.92000000e-01	1.92800083e-02	3.10921470e-04
1.92500000e-01	1.90905666e-02	3.09134533e-04
1.93000000e-01	1.95262163e-02	3.14915807e-04
1.93500000e-01	1.93915660e-02	3.11503641e-04
1.94000000e-01	1.94091984e-02	3.13100185e-04
1.94500000e-01	1.93001761e-02	3.10373580e-04
1.95000000e-01	1.95360522e-02	3.15146654e-04
1.95500000e-01	1.92238768e-02	3.08423264e-04
1.96000000e-01	1.94485598e-02	3.10683182e-04
1.96500000e-01	1.93040491e-02	3.09346642e-04
1.97000000e-01	1.91254449e-02	3.05478038e-04
1.97500000e-01	1.88593271e-02	3.01723179e-04
1.98000000e-01	1.93827317e-02	3.08804614e-04
1.98500000e-01	1.90866343e-02	3.03313473e-04
1.99000000e-01	1.92144863e-02	3.06173360e-04
1.99500000e-01	1.93040628e-02	3.06861056e-04
2.00000000e-01	1.91111514e-02	3.02637512e-04
2.00500000e-01	1.90181328e-02	3.02367637e-04
2.01000000e-01	1.93411948e-02	3.05295889e-04
2.01500000e-01	1.91911799e-02	3.04079045e-04
2.02000000e-01	1.91539856e-02	3.02901275e-04
2.02500000e-01	1.92678522e-02	3.02254083e-04
2.03000000e-01	1.91291314e-02	3.01460098e-04
2.03500000e-01	1.90804889e-02	3.00445706e-04
2.04000000e-01	1.91352215e-02	3.01062476e-04
2.04500000e-01	1.89223661e-02	2.97929201e-04
2.05000000e-01	1.89339013e-02	2.95974409e-04
2.05500000e-01	1.86838787e-02	2.93446681e-04
2.06000000e-01	1.88334239e-02	2.94953126e-04
2.06500000e-01	1.94249559e-02	3.03059396e-04
2.07000000e-01	1.90903859e-02	2.97134319e-04
2.07500000e-01	1.88566113e-02	2.93675369e-04
2.08000000e-01	1.90114288e-02	2.96502265e-04
2.08500000e-01	1.91437134e-02	2.96860565e-04
2.09000000e-01	1.89969485e-02	2.97251757e-04
2.09500000e-01	1.90384656e-02	2.95609857e-04
2.10000000e-01	1.91716652e-02	2.98002702e-04
2.10500000e-01	1.87646814e-02	2.92262438e-04
2.11000000e-01	1.90475280e-02	2.93741397e-04
2.11500000e-01	1.91181582e-02	2.96072715e-04
2.12000000e-01	1.89843839e-02	2.92659711e-04
2.12500000e-01	1.89916745e-02	2.92551484e-04
2.13000000e-01	1.88466676e-02	2.90203547e-04
2.13500000e-01	1.85751816e-02	2.87248653e-04
2.14000000e-01	1.88854104e-02	2.90858416e-04
2.14500000e-01	1.89029192e-02	2.89871196e-04
2.15000000e-01	1.88561549e-02	2.89721208e-04
2.15500000e-01	1.86631111e-02	2.85498226e-04
2.16000000e-01	1.86259006e-02	2.84637465e-04
2.16500000e-01	1.86250463e-02	2.85600213e-04
2.17000000e-01	1.86454441e-02	2.90428617e-04
2.17500000e-01	1.89295746e-02	2.98315478e-04
2.18000000e-01	1.86224361e-02	2.93687239e-04
2.18500000e-01	1.85778376e-02	2.95837434e-04
2.19000000e-01	1.87618155e-02	2.99566993e-04
2.19500000e-01	1.91096239e-02	3.05574883e-04
2.20000000e-01	1.89235560e-02	3.04578878e-04
2.20500000e-01	1.85269500e-02	2.99317892e-04
2.21000000e-01	1.89795847e-02	3.04980836e-04
2.21500000e-01	1.86937792e-02	3.04023404e-04
2.22000000e-01	1.87584595e-02	3.04561792e-04
2.22500000e-01	1.86978313e-02	3.04408614e-04
2.23000000e-01	1.87273981e-02	3.04589015e-04
2.23500000e-01	1.84674223e-02	3.01571618e-04
2.24000000e-01	1.84926940e-02	3.03493767e-04
2.24500000e-01	1.86794321e-02	3.07237914e-04
2.25000000e-01	1.85835176e-02	3.05057121e-04
2.25500000e-01	1.86040841e-02	3.07037288e-04
2.26000000e-01	1.88359558e-02	3.11492183e-04
2.26500000e-01	1.85851617e-02	3.01745898e-04
2.27000000e-01	1.86300712e-02	2.99980770e-04
2.27500000e-01	1.88578246e-02	3.01341158e-04
2.28000000e-01	1.84480978e-02	2.94961130e-04
2.28500000e-01	1.85071753e-02	2.93175276e-04
2.29000000e-01	1.86750767e-02	2.95089080e-04
2.29500000e-01	1.84670543e-02	2.90930753e-04
2.30000000e-01	1.85325428e-02	2.90599914e-04
2.30500000e-01	1.85850345e-02	2.89704574e-04
2.31000000e-01	1.88507645e-02	2.94080261e-04
2.31500000e-01	1.87309290e-02	2.90712463e-04
2.32000000e-01	1.84449558e-02	2.86082504e-04
2.32500000e-01	1.85457411e-02	2.87493445e-04
2.33000000e-01	1.83302757e-02	2.83384671e-04
2.33500000e-01	1.85680583e-02	2.84730430e-04
2.34000000e-01	1.86982896e-02	2.86459318e-04
2.34500000e-01	1.84633465e-02	2.83669823e-04
2.35000000e-01	1.85842853e-02	2.83436896e-04
2.35500000e-01	1.84414360e-02	2.81839305e-04
2.36000000e-01	1.82864613e-02	2.79470101e-04
2.36500000e-01	1.86169943e-02	2.83556454e-04
2.37000000e-01	1.83241181e-02	2.79136197e-04
2.37500000e-01	1.84836774e-02	2.80803835e-04
2.38000000e-01	1.83430637e-02	2.77369124e-04
2.38500000e-01	1.84745802e-02	2.80664175e-04
2.39000000e-01	1.84708105e-02	2.78828765e-04
2.39500000e-01	1.83417709e-02	2.77526713e-04
2.40000000e-01	1.85360604e-02	2.78902078e-04
2.40500000e-01	1.85138765e-02	2.77000869e-04
2.41000000e-01	1.81254712e-02	2.71860440e-04
2.41500000e-01	1.82161085e-02	2.72577100e-04
2.42000000e-01	1.83441847e-02	2.74647760e-04
2.42500000e-01	1.81821348e-02	2.72013846e-04
2.43000000e-01	1.82615059e-02	2.72789729e-04
2.43500000e-01	1.81435418e-02	2.70362384e-04
2.44000000e-01	1.81922329e-02	2.69869218e-04
2.44500000e-01	1.83722601e-02	2.72466868e-04
2.45000000e-01	1.84636672e-02	2.73637229e-04
2.45500000e-01	1.82601817e-02	2.70764901e-04
2.46000000e-01	1.80965594e-02	2.67886890e-04
2.46500000e-01	1.83232023e-02	2.70609311e-04
2.47000000e-01	1.82162394e-02	2.69170518e-04
2.47500000e-01	1.81567035e-02	2.67260324e-04
2.48000000e-01	1.81583362e-02	2.67990826e-04
2.48500000e-01	1.80626016e-02	2.66525734e-04
2.49000000e-01	1.80754602e-02	2.65050613e-04
2.49500000e-01	1.79627954e-02	2.63360275e-04
2.50000000e-01	1.82105849e-02	2.65850155e-04
2.50500000e-01	1.83092400e-02	2.69008430e-04
2.51000000e-01	1.81600404e-02	2.64969084e-04
2.51500000e-01	1.80985685e-02	2.66140547e-04
2.52000000e-01	1.81446893e-02	2.64566123e-04
2.52500000e-01	1.78916753e-02	2.61536333e-04
2.53000000e-01	1.78741236e-02	2.61181026e-04
2.53500000e-01	1.81039075e-02	2.63344357e-04
2.54000000e-01	1.82156044e-02	2.65520144e-04
2.54500000e-01	1.79275621e-02	2.59998572e-04
2.55000000e-01	1.82188881e-02	2.64028416e-04
2.55500000e-01	1.80967594e-02	2.62131822e-04
2.56000000e-01	1.81462525e-02	2.62655515e-04
2.56500000e-01	1.81444546e-02	2.62314867e-04
2.57000000e-01	1.78181220e-02	2.57114812e-04
2.57500000e-01	1.77542997e-02	2.56632654e-04
2.58000000e-01	1.83455645e-02	2.63647617e-04
2.58500000e-01	1.80470485e-02	2.60063430e-04
2.59000000e-01	1.80105614e-02	2.59243080e-04
2.59500000e-01	1.78353599e-02	2.56261016e-04
2.60000000e-01	1.80106642e-02	2.58708291e-04
2.60500000e-01	1.81382111e-02	2.59611031e-04
2.61000000e-01	1.80841827e-02	2.57944973e-04
2.61500000e-01	1.79169668e-02	2.56300874e-04
2.62000000e-01	1.81492701e-02	2.58725544e-04
2.62500000e-01	1.80667115e-02	2.58251800e-04
2.63000000e-01	1.77928644e-02	2.53685866e-04
2.63500000e-01	1.80047398e-02	2.55875974e-04
2.64000000e-01	1.79298161e-02	2.56328565e-04
2.64500000e-01	1.77985127e-02	2.52746140e-04
2.65000000e-01	1.77686979e-02	2.52499659e-04
2.65500000e-01	1.78613726e-02	2.53337741e-04
2.66000000e-01	1.77394756e-02	2.50777212e-04
2.66500000e-01	1.77468055e-02	2.50272089e-04
2.67000000e-01	1.78338850e-02	2.52463396e-04
2.67500000e-01	1.80326029e-02	2.53448044e-04
2.68000000e-01	1.76708981e-02	2.49610034e-04
2.68500000e-01	1.77688221e-02	2.49978216e-04
2.69000000e-01	1.79487337e-02	2.51948750e-04
2.69500000e-01	1.80080178e-02	2.52398052e-04
2.70000000e-01	1.79935328e-02	2.52649371e-04
2.70500000e-01	1.77663305e-02	2.48794090e-04
2.71000000e-01	1.79124520e-02	2.49947905e-04
2.71500000e-01	1.78154238e-02	2.49393198e-04
2.72000000e-01	1.75983525e-02	2.46140906e-04
2.72500000e-01	1.76103513e-02	2.46765063e-04
2.73000000e-01	1.76297374e-02	2.46694628e-04
2.73500000e-01	1.79924503e-02	2.50211296e-04
2.74000000e-01	1.76525113e-02	2.45481640e-04
2.74500000e-01	1.78252944e-02	2.48431006e-04
2.75000000e-01	1.77386231e-02	2.48026610e-04
2.75500000e-01	1.76477454e-02	2.46766538e-04
2.76000000e-01	1.77534552e-02	2.47073359e-04
2.76500000e-01	1.77339709e-02	2.45629106e-04
2.77000000e-01	1.76971912e-02	2.44837565e-04
2.77500000e-01	1.78236527e-02	2.46996754e-04
2.78000000e-01	1.77658192e-02	2.46243109e-04
2.78500000e-01	1.75430688e-02	2.43214726e-04
2.79000000e-01	1.74853416e-02	2.41785596e-04
2.79500000e-01	1.75914584e-02	2.41835664e-04
2.80000000e-01	1.76333001e-02	2.42779154e-04
2.80500000e-01	1.74821056e-02	2.40792127e-04
2.81000000e-01	1.76608899e-02	2.42772274e-04
2.81500000e-01	1.75870072e-02	2.41716212e-04
2.82000000e-01	1.75660704e-02	2.41878351e-04
2.82500000e-01	1.74967607e-02	2.40982862e-04
2.83000000e-01	1.76010030e-02	2.41433973e-04
2.83500000e-01	1.77052685e-02	2.41094368e-04
2.84000000e-01	1.75930952e-02	2.40710935e-04
2.84500000e-01	1.73989363e-02	2.38177894e-04
2.85000000e-01	1.74322530e-02	2.38153893e-04
2.85500000e-01	1.75473579e-02	2.38434089e-04
2.86000000e-01	1.75071548e-02	2.39197748e-04
2.86500000e-01	1.74811662e-02	2.38442937e-04
2.87000000e-01	1.75261864e-02	2.39444143e-04
2.87500000e-01	1.73556888e-02	2.36355217e-04
2.88000000e-01	1.75608201e-02	2.37583020e-04
2.88500000e-01	1.74058868e-02	2.36418699e-04
2.89000000e-01	1.73950737e-02	2.35502466e-04
2.89500000e-01	1.75007771e-02	2.37579718e-04
2.90000000e-01	1.74160269e-02	2.35971082e-04
2.90500000e-01	1.73981174e-02	2.36074954e-04
2.91000000e-01	1.75026302e-02	2.36338219e-04
2.91500000e-01	1.73874163e-02	2.34479318e-04
2.92000000e-01	1.76329386e-02	2.37817340e-04
2.92500000e-01	1.73142501e-02	2.33383266e-04
2.93000000e-01	1.73226007e-02	2.33529601e-04
2.93500000e-01	1.73673984e-02	2.33999604e-04
2.94000000e-01	1.73747108e-02	2.33539465e-04
2.94500000e-01	1.73457521e-02	2.33223609e-04
2.95000000e-01	1.73462653e-02	2.31867354e-04
2.95500000e-01	1.74842581e-02	2.34726197e-04
2.96000000e-01	1.73017716e-02	2.31324108e-04
2.96500000e-01	1.72853373e-02	2.31504150e-04
2.97000000e-01	1.74125888e-02	2.32719014e-04
2.97500000e-01	1.72501960e-02	2.30613318e-04
2.98000000e-01	1.72260592e-02	2.30508390e-04
2.98500000e-01	1.74399136e-02	2.32747203e-04
2.99000000e-01	1.72742362e-02	2.29886576e-04
2.99500000e-01	1.74593936e-02	2.32697169e-04
3.00000000e-01	1.73345181e-02	2.30682304e-04
3.00500000e-01	1.72960638e-02	2.29993458e-04
3.01000000e-01	1.71402413e-02	2.28091946e-04
3.01500000e-01	1.71982592e-02	2.28223910e-04
3.02000000e-01	1.72638362e-02	2.28453852e-04
3.02500000e-01	1.72900392e-02	2.28977910e-04
3.03000000e-01	1.72490433e-02	2.28495607e-04
3.03500000e-01	1.71291120e-02	2.26325857e-04
3.04000000e-01	1.72073793e-02	2.28944192e-04
3.04500000e-01	1.72179488e-02	2.27346572e-04
3.05000000e-01	1.73525982e-02	2.29290985e-04
3.05500000e-01	1.72560384e-02	2.28019610e-04
3.06000000e-01	1.72845055e-02	2.26465143e-04
3.06500000e-01	1.73791454e-02	2.29070667e-04
3.07000000e-01	1.71338009e-02	2.25341398e-04
3.07500000e-01	1.71534119e-02	2.24849757e-04
3.08000000e-01	1.71809388e-02	2.24956764e-04
3.08500000e-01	1.69924914e-02	2.23059357e-04
3.09000000e-01	1.70921485e-02	2.24183377e-04
3.09500000e-01	1.71896766e-02	2.24600947e-04
3.10000000e-01	1.72997332e-02	2.26437632e-04
3.10500000e-01	1.70150979e-02	2.22406367e-04
3.11000000e-01	1.70370694e-02	2.22980087e-04
3.11500000e-01	1.73127755e-02	2.25699488e-04
3.12000000e-01	1.71064162e-02	2.24009050e-04
3.12500000e-01	1.70631490e-02	2.21883263e-04
3.13000000e-01	1.70575185e-02	2.21709789e-04
3.13500000e-01	1.70830471e-02	2.21967048e-04
3.14000000e-01	1.72091632e-02	2.23973214e-04
3.14500000e-01	1.70143033e-02	2.21441317e-04
3.15000000e-01	1.69716960e-02	2.21752174e-04
3.15500000e-01	1.70551752e-02	2.21260571e-04
3.16000000e-01	1.70420747e-02	2.21076279e-04
3.16500000e-01	1.70035835e-02	2.20361216e-04
3.17000000e-01	1.69288344e-02	2.19744371e-04
3.17500000e-01	1.70987639e-02	2.21316850e-04
3.18000000e-01	1.69332175e-02	2.18566486e-04
3.18500000e-01	1.71204825e-02	2.21063011e-04
3.19000000e-01	1.70336517e-02	2.20733329e-04
3.19500000e-01	1.72381696e-02	2.22109086e-04
3.20000000e-01	1.69745787e-02	2.18513982e-04
3.20500000e-01	1.68268728e-02	2.16412085e-04
3.21000000e-01	1.68721376e-02	2.17319169e-04
3.21500000e-01	1.68861549e-02	2.17522287e-04
3.22000000e-01	1.67741680e-02	2.16161799e-04
3.22500000e-01	1.66575500e-02	2.14666203e-04
3.23000000e-01	1.68829388e-02	2.16260228e-04
3.23500000e-01	1.68847435e-02	2.16623866e-04
3.24000000e-01	1.69588349e-02	2.17153347e-04
3.24500000e-01	1.66251343e-02	2.13880081e-04
3.25000000e-01	1.67488100e-02	2.14880092e-04
3.25500000e-01	1.66694162e-02	2.13365650e-04
3.26000000e-01	1.70178366e-02	2.17439266e-04
3.26500000e-01	1.66913127e-02	2.13173910e-04
3.27000000e-01	1.69647739e-02	2.17360812e-04
3.27500000e-01	1.67909925e-02	2.13772959e-04
3.28000000e-01	1.67591280e-02	2.13471463e-04
3.28500000e-01	1.69148543e-02	2.15142594e-04
3.29000000e-01	1.64683269e-02	2.09332726e-04
3.29500000e-01	1.67240752e-02	2.13072260e-04
3.30000000e-01	1.67799784e-02	2.12814195e-04
3.30500000e-01	1.65313601e-02	2.11087975e-04
3.31000000e-01	1.67660715e-02	2.11569289e-04
3.31500000e-01	1.65843545e-02	2.10877184e-04
3.32000000e-01	1.66035722e-02	2.11585338e-04
3.32500000e-01	1.66907547e-02	2.10919800e-04
3.33000000e-01	1.66866383e-02	2.10918732e-04
3.33500000e-01	1.67778833e-02	2.12394226e-04
3.34000000e-01	1.66179838e-02	2.10149455e-04
3.34500000e-01	1.66314953e-02	2.09968045e-04
3.35000000e-01	1.66296689e-02	2.09868877e-04
3.35500000e-01	1.68106275e-02	2.12553716e-04
3.36000000e-01	1.65510623e-02	2.08567280e-04
3.36500000e-01	1.66040906e-02	2.08968247e-04
3.37000000e-01	1.65200700e-02	2.07825730e-04
3.37500000e-01	1.65188735e-02	2.07591680e-04
3.38000000e-01	1.66664719e-02	2.09633373e-04
3.38500000e-01	1.66154284e-02	2.08497435e-04
3.39000000e-01	1.63129903e-02	2.04684400e-04
3.39500000e-01	1.65992489e-02	2.08153557e-04
3.40000000e-01	1.65564409e-02	2.08089548e-04
3.40500000e-01	1.66495146e-02	2.08643960e-04
3.41000000e-01	1.65358528e-02	2.06509131e-04
3.41500000e-01	1.66236995e-02	2.08067251e-04
3.42000000e-01	1.65103092e-02	2.06180334e-04
3.42500000e-01	1.63906510e-02	2.05481844e-04
3.43000000e-01	1.65634601e-02	2.06333983e-04
3.43500000e-01	1.64469833e-02	2.05240599e-04
3.44000000e-01	1.64848847e-02	2.06034251e-04
3.44500000e-01	1.65359759e-02	2.06114107e-04
3.45000000e-01	1.65499151e-02	2.06592836e-04
3.45500000e-01	1.63080576e-02	2.02156594e-04
3.46000000e-01	1.63743518e-02	2.03705976e-04
3.46500000e-01	1.65840579e-02	2.06545138e-04
3.47000000e-01	1.64790260e-02	2.04408039e-04
3.47500000e-01	1.65219260e-02	2.05274705e-04
3.48000000e-01	1.65020828e-02	2.05005578e-04
3.48500000e-01	1.63549424e-02	2.03488762e-04
3.49000000e-01	1.65304199e-02	2.04665038e-04
3.49500000e-01	1.64663621e-02	2.03857037e-04
3.50000000e-01	1.62856463e-02	1.64409796e-04
3.51000000e-01	1.64204590e-02	1.43255719e-04
3.52000000e-01	1.65502350e-02	1.44038054e-04
3.53000000e-01	1.61880022e-02	1.40661598e-04
3.54000000e-01	1.63523949e-02	1.41996429e-04
3.55000000e-01	1.60949224e-02	1.39987724e-04
3.56000000e-01	1.64193825e-02	1.42935463e-04
3.57000000e-01	1.62837829e-02	1.44540646e-04
3.58000000e-01	1.62667908e-02	1.45490432e-04
3.59000000e-01	1.61639495e-02	1.45591711e-04
3.60000000e-01	1.61274093e-02	1.46342954e-04
3.61000000e-01	1.61126992e-02	1.46899070e-04
3.62000000e-01	1.60434130e-02	1.47078163e-04
3.63000000e-01	1.60876170e-02	1.47921812e-04
3.64000000e-01	1.61075680e-02	1.48459594e-04
3.65000000e-01	1.60016698e-02	1.47920881e-04
3.66000000e-01	1.59781496e-02	1.46445239e-04
3.67000000e-01	1.60530792e-02	1.44756046e-04
3.68000000e-01	1.61275467e-02	1.44612483e-04
3.69000000e-01	1.59419480e-02	1.42097003e-04
3.70000000e-01	1.60395326e-02	1.42036685e-04
3.71000000e-01	1.59869004e-02	1.43160575e-04
3.72000000e-01	1.58744468e-02	1.43860243e-04
3.73000000e-01	1.60170681e-02	1.45302850e-04
3.74000000e-01	1.59342928e-02	1.44605099e-04
3.75000000e-01	1.59369842e-02	1.44789836e-04
3.76000000e-01	1.58952561e-02	1.44121695e-04
3.77000000e-01	1.58901678e-02	1.44294982e-04
3.78000000e-01	1.58425376e-02	1.44010985e-04
3.79000000e-01	1.58574300e-02	1.43928220e-04
3.80000000e-01	1.58913870e-02	1.44228274e-04
3.81000000e-01	1.58482042e-02	1.43600311e-04
3.82000000e-01	1.58528205e-02	1.43636022e-04
3.83000000e-01	1.55877680e-02	1.41513278e-04
3.84000000e-01	1.57804638e-02	1.42798402e-04
3.85000000e-01	1.57067388e-02	1.42547270e-04
3.86000000e-01	1.58253524e-02	1.43176352e-04
3.87000000e-01	1.58421530e-02	1.43218105e-04
3.88000000e-01	1.57519279e-02	1.42538824e-04
3.89000000e-01	1.56811648e-02	1.41946436e-04
3.90000000e-01	1.57676642e-02	1.42400798e-04
3.91000000e-01	1.57368626e-02	1.41936856e-04
3.92000000e-01	1.58132167e-02	1.43048261e-04
3.93000000e-01	1.56838921e-02	1.41650876e-04
3.94000000e-01	1.56526058e-02	1.41562798e-04
3.95000000e-01	1.55698047e-02	1.40638273e-04
3.96000000e-01	1.57203332e-02	1.42082290e-04
3.97000000e-01	1.56161282e-02	1.40945895e-04
3.98000000e-01	1.56472328e-02	1.41288049e-04
3.99000000e-01	1.56028895e-02	1.41050598e-04
4.00000000e-01	1.55848904e-02	1.40816332e-04
4.01000000e-01	1.56066630e-02	1.41129470e-04
4.02000000e-01	1.56076598e-02	1.41090294e-04
4.03000000e-01	1.56136065e-02	1.41124117e-04
4.04000000e-01	1.55566234e-02	1.40683867e-04
4.05000000e-01	1.54715554e-02	1.39591141e-04
4.06000000e-01	1.55026961e-02	1.40128500e-04
4.07000000e-01	1.54595969e-02	1.39566866e-04
4.08000000e-01	1.55702725e-02	1.40109587e-04
4.09000000e-01	1.54346064e-02	1.38759261e-04
4.10000000e-01	1.54305175e-02	1.39151880e-04
4.11000000e-01	1.54054151e-02	1.38817819e-04
4.12000000e-01	1.54755124e-02	1.39682347e-04
4.13000000e-01	1.54357457e-02	1.39036469e-04
4.14000000e-01	1.54165024e-02	1.38717535e-04
4.15000000e-01	1.54388209e-02	1.38904815e-04
4.16000000e-01	1.54269390e-02	1.38537936e-04
4.17000000e-01	1.53953398e-02	1.38318735e-04
4.18000000e-01	1.53987633e-02	1.40053490e-04
4.19000000e-01	1.53992420e-02	1.41533669e-04
4.20000000e-01	1.54306187e-02	1.42603386e-04
4.21000000e-01	1.54115588e-02	1.43285266e-04
4.22000000e-01	1.53400973e-02	1.43029758e-04
4.23000000e-01	1.53174367e-02	1.43246305e-04
4.24000000e-01	1.54530379e-02	1.44572400e-04
4.25000000e-01	1.54105555e-02	1.44430530e-04
4.26000000e-01	1.52912549e-02	1.44103111e-04
4.27000000e-01	1.53713022e-02	1.44038980e-04
4.28000000e-01	1.54473165e-02	1.45183894e-04
4.29000000e-01	1.54480605e-02	1.45596415e-04
4.30000000e-01	1.55743043e-02	1.46476377e-04
4.31000000e-01	1.54106055e-02	1.44723919e-04
4.32000000e-01	1.54352190e-02	1.45472287e-04
4.33000000e-01	1.53824047e-02	1.44927021e-04
4.34000000e-01	1.53073742e-02	1.44372742e-04
4.35000000e-01	1.52745591e-02	1.44515912e-04
4.36000000e-01	1.53503294e-02	1.45059970e-04
4.37000000e-01	1.51755663e-02	1.43951587e-04
4.38000000e-01	1.53395792e-02	1.45018967e-04
4.39000000e-01	1.52691054e-02	1.45003251e-04
4.40000000e-01	1.53041839e-02	1.45486304e-04
4.41000000e-01	1.51925188e-02	1.44906589e-04
4.42000000e-01	1.53348552e-02	1.45683130e-04
4.43000000e-01	1.51388307e-02	1.44718476e-04
4.44000000e-01	1.51687659e-02	1.44876378e-04
4.45000000e-01	1.53401630e-02	1.46403393e-04
4.46000000e-01	1.50603339e-02	1.44545969e-04
4.47000000e-01	1.51989501e-02	1.45996924e-04
4.48000000e-01	1.52128448e-02	1.45989865e-04
4.49000000e-01	1.50495966e-02	1.44381962e-04
4.50000000e-01	1.51555841e-02	1.45603518e-04
4.51000000e-01	1.51756589e-02	1.45859088e-04
4.52000000e-01	1.50979474e-02	1.45741419e-04
4.53000000e-01	1.52870183e-02	1.47040883e-04
4.54000000e-01	1.50845501e-02	1.45552200e-04
4.55000000e-01	1.49484578e-02	1.44498694e-04
4.56000000e-01	1.50214265e-02	1.45182005e-04
4.57000000e-01	1.51132936e-02	1.46627986e-04
4.58000000e-01	1.51145222e-02	1.46402880e-04
4.59000000e-01	1.49724065e-02	1.45251921e-04
4.60000000e-01	1.50053222e-02	1.45983613e-04
4.61000000e-01	1.50977769e-02	1.46572115e-04
4.62000000e-01	1.49123998e-02	1.44935170e-04
4.63000000e-01	1.49505289e-02	1.45631752e-04
4.64000000e-01	1.49744189e-02	1.46023589e-04
4.65000000e-01	1.49983367e-02	1.46597848e-04
4.66000000e-01	1.49466369e-02	1.45997169e-04
4.67000000e-01	1.49210213e-02	1.45297221e-04
4.68000000e-01	1.49712676e-02	1.45899483e-04
4.69000000e-01	1.49180108e-02	1.45896070e-04
4.70000000e-01	1.48643244e-02	1.45224888e-04
4.71000000e-01	1.49664409e-02	1.46027903e-04
4.72000000e-01	1.49458294e-02	1.46116849e-04
4.73000000e-01	1.49356455e-02	1.45873489e-04
4.74000000e-01	1.48651066e-02	1.44980214e-04
4.75000000e-01	1.49957962e-02	1.46124577e-04
4.76000000e-01	1.48073692e-02	1.44979462e-04
4.77000000e-01	1.48241043e-02	1.45241794e-04
4.78000000e-01	1.48106393e-02	1.45010452e-04
4.79000000e-01	1.49982712e-02	1.46542155e-04
4.80000000e-01	1.48509096e-02	1.45340027e-04
4.81000000e-01	1.48316275e-02	1.45322496e-04
4.82000000e-01	1.47968721e-02	1.44697562e-04
4.83000000e-01	1.45786580e-02	1.43404178e-04
4.84000000e-01	1.47166891e-02	1.44835031e-04
4.85000000e-01	1.48560432e-02	1.45896170e-04
4.86000000e-01	1.47567285e-02	1.45162042e-04
4.87000000e-01	1.47478913e-02	1.44571427e-04
4.88000000e-01	1.48693993e-02	1.46165401e-04
4.89000000e-01	1.48287162e-02	1.45922296e-04
4.90000000e-01	1.47620541e-02	1.45512380e-04
4.91000000e-01	1.46882712e-02	1.44536139e-04
4.92000000e-01	1.47901023e-02	1.45536904e-04
4.93000000e-01	1.46654650e-02	1.44615820e-04
4.94000000e-01	1.47881809e-02	1.45959870e-04
4.95000000e-01	1.46983245e-02	1.46330430e-04
4.96000000e-01	1.46478767e-02	1.49737151e-04
4.97000000e-01	1.47179691e-02	1.53475037e-04
4.98000000e-01	1.46604790e-02	1.54559312e-04
4.99000000e-01	1.46941305e-02	1.57354489e-04
5.00000000e-01	1.46668138e-02	1.58376287e-04
5.01000000e-01	1.47100225e-02	1.60025122e-04
5.02000000e-01	1.47244036e-02	1.61990158e-04
5.03000000e-01	1.47083844e-02	1.63451672e-04
5.04000000e-01	1.48675855e-02	1.66054876e-04
5.05000000e-01	1.47319575e-02	1.62157488e-04
5.06000000e-01	1.47848944e-02	1.59660654e-04
5.07000000e-01	1.47547018e-02	1.57822844e-04
5.08000000e-01	1.48327043e-02	1.57238279e-04
5.09000000e-01	1.47224734e-02	1.55713829e-04
5.10000000e-01	1.46571251e-02	1.54606066e-04
5.11000000e-01	1.46385579e-02	1.53825713e-04
5.12000000e-01	1.46938918e-02	1.53744002e-04
5.13000000e-01	1.46802911e-02	1.53682511e-04
5.14000000e-01	1.46887885e-02	1.52940233e-04
5.15000000e-01	1.46269548e-02	1.52688268e-04
5.16000000e-01	1.46129467e-02	1.52374002e-04
5.17000000e-01	1.45807922e-02	1.51573706e-04
5.18000000e-01	1.46773840e-02	1.51801499e-04
5.19000000e-01	1.45297297e-02	1.49961565e-04
5.20000000e-01	1.46729457e-02	1.50999332e-04
5.21000000e-01	1.45501002e-02	1.49874244e-04
5.22000000e-01	1.45090647e-02	1.49665635e-04
5.23000000e-01	1.44817472e-02	1.48964569e-04
5.24000000e-01	1.45354378e-02	1.49448068e-04
5.25000000e-01	1.44929434e-02	1.49372596e-04
5.26000000e-01	1.44849494e-02	1.48817807e-04
5.27000000e-01	1.43855622e-02	1.48135497e-04
5.28000000e-01	1.45111930e-02	1.49525694e-04
5.29000000e-01	1.45896338e-02	1.50181796e-04
5.30000000e-01	1.43629628e-02	1.47910026e-04
5.31000000e-01	1.43154463e-02	1.47652355e-04
5.32000000e-01	1.44667968e-02	1.48740084e-04
5.33000000e-01	1.44531717e-02	1.47997334e-04
5.34000000e-01	1.43726180e-02	1.47927186e-04
5.35000000e-01	1.43759934e-02	1.47873618e-04
5.36000000e-01	1.43404217e-02	1.47542479e-04
5.37000000e-01	1.44257928e-02	1.48430698e-04
5.38000000e-01	1.42626330e-02	1.46752879e-04
5.39000000e-01	1.43727955e-02	1.48176045e-04
5.40000000e-01	1.42849092e-02	1.46754506e-04
5.41000000e-01	1.43158067e-02	1.47192597e-04
5.42000000e-01	1.42819374e-02	1.47235919e-04
5.43000000e-01	1.43869159e-02	1.48691918e-04
5.44000000e-01	1.42670207e-02	1.46809302e-04
5.45000000e-01	1.44123838e-02	1.48223361e-04
5.46000000e-01	1.43555002e-02	1.47597710e-04
5.47000000e-01	1.43505010e-02	1.47645986e-04
5.48000000e-01	1.41835903e-02	1.45881549e-04
5.49000000e-01	1.43971290e-02	1.47545961e-04
5.50000000e-01	1.42854902e-02	1.46813304e-04
5.51000000e-01	1.41878528e-02	1.45772518e-04
5.52000000e-01	1.42396574e-02	1.45517157e-04
5.53000000e-01	1.42789512e-02	1.46387577e-04
5.54000000e-01	1.42240363e-02	1.45483444e-04
5.55000000e-01	1.42176412e-02	1.45607594e-04
5.56000000e-01	1.41527019e-02	1.44835893e-04
5.57000000e-01	1.40765609e-02	1.44317761e-04
5.58000000e-01	1.41935738e-02	1.44767424e-04
5.59000000e-01	1.41201485e-02	1.44371391e-04
5.60000000e-01	1.40853409e-02	1.44194080e-04
5.61000000e-01	1.40438706e-02	1.43693602e-04
5.62000000e-01	1.41424409e-02	1.44826235e-04
5.63000000e-01	1.41276428e-02	1.44692215e-04
5.64000000e-01	1.40090458e-02	1.43268862e-04
5.65000000e-01	1.39125715e-02	1.43108372e-04
5.66000000e-01	1.40357780e-02	1.43757327e-04
5.67000000e-01	1.41051699e-02	1.44857329e-04
5.68000000e-01	1.39746585e-02	1.43308140e-04
5.69000000e-01	1.40495573e-02	1.43487862e-04
5.70000000e-01	1.40750862e-02	1.43814686e-04
5.71000000e-01	1.40656085e-02	1.43634565e-04
5.72000000e-01	1.40787678e-02	1.43879529e-04
5.73000000e-01	1.38721611e-02	1.42035084e-04
5.74000000e-01	1.37944981e-02	1.41401256e-04
5.75000000e-01	1.39739373e-02	1.43293554e-04
5.76000000e-01	1.38845405e-02	1.41861583e-04
5.77000000e-01	1.39083544e-02	1.42614132e-04
5.78000000e-01	1.39869148e-02	1.43268106e-04
5.79000000e-01	1.39737702e-02	1.43439111e-04
5.80000000e-01	1.38918837e-02	1.42286708e-04
5.81000000e-01	1.39223885e-02	1.42666601e-04
5.82000000e-01	1.39281887e-02	1.43146906e-04
5.83000000e-01	1.36965777e-02	1.41030714e-04
5.84000000e-01	1.38623784e-02	1.42475426e-04
5.85000000e-01	1.37638638e-02	1.42135273e-04
5.86000000e-01	1.39154611e-02	1.42960638e-04
5.87000000e-01	1.37182726e-02	1.41555773e-04
5.88000000e-01	1.38124865e-02	1.42168266e-04
5.89000000e-01	1.37850256e-02	1.41677039e-04
5.90000000e-01	1.37942390e-02	1.42055028e-04
5.91000000e-01	1.37715101e-02	1.41896425e-04
5.92000000e-01	1.38567291e-02	1.42122011e-04
5.93000000e-01	1.38191532e-02	1.42396991e-04
5.94000000e-01	1.38095048e-02	1.41985532e-04
5.95000000e-01	1.37004090e-02	1.41600382e-04
5.96000000e-01	1.40170733e-02	1.44001458e-04
5.97000000e-01	1.38843295e-02	1.42307984e-04
5.98000000e-01	1.37209350e-02	1.41408309e-04
5.99000000e-01	1.37633492e-02	1.41796667e-04
6.00000000e-01	1.37224602e-02	1.41212225e-04
6.01000000e-01	1.37863214e-02	1.42289899e-04
6.02000000e-01	1.35713377e-02	1.40455634e-04
6.03000000e-01	1.35795505e-02	1.40555554e-04
6.04000000e-01	1.37633174e-02	1.41730048e-04
6.05000000e-01	1.37306334e-02	1.41922098e-04
6.06000000e-01	1.37925126e-02	1.42096006e-04
6.07000000e-01	1.38196736e-02	1.42399367e-04
6.08000000e-01	1.35511420e-02	1.39651132e-04
6.09000000e-01	1.37012636e-02	1.41138403e-04
6.10000000e-01	1.36341463e-02	1.40357902e-04
6.11000000e-01	1.36728728e-02	1.41099706e-04
6.12000000e-01	1.35971871e-02	1.40523604e-04
6.13000000e-01	1.37377728e-02	1.41648196e-04
6.14000000e-01	1.36005673e-02	1.40319274e-04
6.15000000e-01	1.35094415e-02	1.39492254e-04
6.16000000e-01	1.36154414e-02	1.41187847e-04
6.17000000e-01	1.36204123e-02	1.40940390e-04
6.18000000e-01	1.37663237e-02	1.42009464e-04
6.19000000e-01	1.36372507e-02	1.40508831e-04
6.20000000e-01	1.35088163e-02	1.39257544e-04
6.21000000e-01	1.34523041e-02	1.39126226e-04
6.22000000e-01	1.34848631e-02	1.39423537e-04
6.23000000e-01	1.35263904e-02	1.38968885e-04
6.24000000e-01	1.35308966e-02	1.38984353e-04
6.25000000e-01	1.35489446e-02	1.39159086e-04
6.26000000e-01	1.35680720e-02	1.38731016e-04
6.27000000e-01	1.36278297e-02	1.39753587e-04
6.28000000e-01	1.36111229e-02	1.39576815e-04
6.29000000e-01	1.34940938e-02	1.38764449e-04
6.30000000e-01	1.34405479e-02	1.38386042e-04
6.31000000e-01	1.34935775e-02	1.38538204e-04
6.32000000e-01	1.35224978e-02	1.38648457e-04
6.33000000e-01	1.35217464e-02	1.38968458e-04
6.34000000e-01	1.36366469e-02	1.42975954e-04
6.35000000e-01	1.33725603e-02	1.44861673e-04
6.36000000e-01	1.35184208e-02	1.49723567e-04
6.37000000e-01	1.36019364e-02	1.52118291e-04
6.38000000e-01	1.36593869e-02	1.54747337e-04
6.39000000e-01	1.34263639e-02	1.54068239e-04
6.40000000e-01	1.35104125e-02	1.57227842e-04
6.41000000e-01	1.33982690e-02	1.57941204e-04
6.42000000e-01	1.34815958e-02	1.60329919e-04
6.43000000e-01	1.35775215e-02	1.61284670e-04
6.44000000e-01	1.36486392e-02	1.56349383e-04
6.45000000e-01	1.36364342e-02	1.54195734e-04
6.46000000e-01	1.33395737e-02	1.49261255e-04
6.47000000e-01	1.35756911e-02	1.50658409e-04
6.48000000e-01	1.35749193e-02	1.49532672e-04
6.49000000e-01	1.33946061e-02	1.47279806e-04
6.50000000e-01	1.36141638e-02	1.48587731e-04
6.51000000e-01	1.34365356e-02	1.45976947e-04
6.52000000e-01	1.34965944e-02	1.46366418e-04
6.53000000e-01	1.34214284e-02	1.44911979e-04
6.54000000e-01	1.34987462e-02	1.45231132e-04
6.55000000e-01	1.34741183e-02	1.44894593e-04
6.56000000e-01	1.34741389e-02	1.44165700e-04
6.57000000e-01	1.34289053e-02	1.43940249e-04
6.58000000e-01	1.33513426e-02	1.43085781e-04
6.59000000e-01	1.34322409e-02	1.44041982e-04
6.60000000e-01	1.34530937e-02	1.43818738e-04
6.61000000e-01	1.34777967e-02	1.43536579e-04
6.62000000e-01	1.34078818e-02	1.43810511e-04
6.63000000e-01	1.33202386e-02	1.42845051e-04
6.64000000e-01	1.33641284e-02	1.42391905e-04
6.65000000e-01	1.33745203e-02	1.42907798e-04
6.66000000e-01	1.34355091e-02	1.43205281e-04
6.67000000e-01	1.35098939e-02	1.43488247e-04
6.68000000e-01	1.34074396e-02	1.42676576e-04
6.69000000e-01	1.34068377e-02	1.42331287e-04
6.70000000e-01	1.35509505e-02	1.43552399e-04
6.71000000e-01	1.32978497e-02	1.41895847e-04
6.72000000e-01	1.32328309e-02	1.41312007e-04
6.73000000e-01	1.33093036e-02	1.41746525e-04
6.74000000e-01	1.32315403e-02	1.40815177e-04
6.75000000e-01	1.32765464e-02	1.41440347e-04
6.76000000e-01	1.32244269e-02	1.40008735e-04
6.77000000e-01	1.32162696e-02	1.41289428e-04
6.78000000e-01	1.33476191e-02	1.41866472e-04
6.79000000e-01	1.32559710e-02	1.41058140e-04
6.80000000e-01	1.32714708e-02	1.40637636e-04
6.81000000e-01	1.33177132e-02	1.41449090e-04
6.82000000e-01	1.33060931e-02	1.41172654e-04
6.83000000e-01	1.33529932e-02	1.41094025e-04
6.84000000e-01	1.31913339e-02	1.40177902e-04
6.85000000e-01	1.33501156e-02	1.41613790e-04
6.86000000e-01	1.31989190e-02	1.39592319e-04
6.87000000e-01	1.32412733e-02	1.40189216e-04
6.88000000e-01	1.32567626e-02	1.40155054e-04
6.89000000e-01	1.31254599e-02	1.39332635e-04
6.90000000e-01	1.31807127e-02	1.40187759e-04
6.91000000e-01	1.32320631e-02	1.40320432e-04
6.92000000e-01	1.31083268e-02	1.38877448e-04
6.93000000e-01	1.32091610e-02	1.39774278e-04
6.94000000e-01	1.31362868e-02	1.39576261e-04
6.95000000e-01	1.32537487e-02	1.40571880e-04
6.96000000e-01	1.31152129e-02	1.38905033e-04
6.97000000e-01	1.30307677e-02	1.37986125e-04
6.98000000e-01	1.30444180e-02	1.38629212e-04
6.99000000e-01	1.31576839e-02	1.39408772e-04
7.00000000e-01	1.30638964e-02	1.38707476e-04
7.01000000e-01	1.30862593e-02	1.38505485e-04
7.02000000e-01	1.31141491e-02	1.38997926e-04
7.03000000e-01	1.30237903e-02	1.37946144e-04
7.04000000e-01	1.31226674e-02	1.38722098e-04
7.05000000e-01	1.31290432e-02	1.39074194e-04
7.06000000e-01	1.30942636e-02	1.38699112e-04
7.07000000e-01	1.30367085e-02	1.37951719e-04
7.08000000e-01	1.30182935e-02	1.36967810e-04
7.09000000e-01	1.29593919e-02	1.37073706e-04
7.10000000e-01	1.28788896e-02	1.36980045e-04
7.11000000e-01	1.28524526e-02	1.35818364e-04
7.12000000e-01	1.30336785e-02	1.37592309e-04
7.13000000e-01	1.28421678e-02	1.36151042e-04
7.14000000e-01	1.29364796e-02	1.36863331e-04
7.15000000e-01	1.29679171e-02	1.36791963e-04
7.16000000e-01	1.29208882e-02	1.36705025e-04
7.17000000e-01	1.28640345e-02	1.36522829e-04
7.18000000e-01	1.29081607e-02	1.36786025e-04
7.19000000e-01	1.29078187e-02	1.36666297e-04
7.20000000e-01	1.28663142e-02	1.35944461e-04
7.21000000e-01	1.27922291e-02	1.35855032e-04
7.22000000e-01	1.28307947e-02	1.35809401e-04
7.23000000e-01	1.28726723e-02	1.36310151e-04
7.24000000e-01	1.28651635e-02	1.36343702e-04
7.25000000e-01	1.28198850e-02	1.35859462e-04
7.26000000e-01	1.28095346e-02	1.35553736e-04
7.27000000e-01	1.28124198e-02	1.35965149e-04
7.28000000e-01	1.28338253e-02	1.36074267e-04
7.29000000e-01	1.25752948e-02	1.33322731e-04
7.30000000e-01	1.27405288e-02	1.35234789e-04
7.31000000e-01	1.28292355e-02	1.35698932e-04
7.32000000e-01	1.28505104e-02	1.36098942e-04
7.33000000e-01	1.26108060e-02	1.33838197e-04
7.34000000e-01	1.28138716e-02	1.35459371e-04
7.35000000e-01	1.27738355e-02	1.35503023e-04
7.36000000e-01	1.26134293e-02	1.33554955e-04
7.37000000e-01	1.25855600e-02	1.33154759e-04
7.38000000e-01	1.25679076e-02	1.32472945e-04
7.39000000e-01	1.25626855e-02	1.32349418e-04
7.40000000e-01	1.27030647e-02	1.33334223e-04
7.41000000e-01	1.26746371e-02	1.33058995e-04
7.42000000e-01	1.27368764e-02	1.33919240e-04
7.43000000e-01	1.25636456e-02	1.32297505e-04
7.44000000e-01	1.26905103e-02	1.33228136e-04
7.45000000e-01	1.27449272e-02	1.33528292e-04
7.46000000e-01	1.25350958e-02	1.31900404e-04
7.47000000e-01	1.25960421e-02	1.32538984e-04
7.48000000e-01	1.25306221e-02	1.32123500e-04
7.49000000e-01	1.25878132e-02	1.32248240e-04
7.50000000e-01	1.26014477e-02	1.32402232e-04
7.51000000e-01	1.25352041e-02	1.31559066e-04
7.52000000e-01	1.25427012e-02	1.31542275e-04
7.53000000e-01	1.24939505e-02	1.31577320e-04
7.54000000e-01	1.25294878e-02	1.31754258e-04
7.55000000e-01	1.26425957e-02	1.32912398e-04
7.56000000e-01	1.26072747e-02	1.32482118e-04
7.57000000e-01	1.26248652e-02	1.32481201e-04
7.58000000e-01	1.24637650e-02	1.31116121e-04
7.59000000e-01	1.23579479e-02	1.29782683e-04
7.60000000e-01	1.24202607e-02	1.30544852e-04
7.61000000e-01	1.25151810e-02	1.30803307e-04
7.62000000e-01	1.25350021e-02	1.31444461e-04
7.63000000e-01	1.24516503e-02	1.29675243e-04
7.64000000e-01	1.23985731e-02	1.28961783e-04
7.65000000e-01	1.23781421e-02	1.28864828e-04
7.66000000e-01	1.24729297e-02	1.29773275e-04
7.67000000e-01	1.23927753e-02	1.29223131e-04
7.68000000e-01	1.24545469e-02	1.29993725e-04
7.69000000e-01	1.22980193e-02	1.28502870e-04
7.70000000e-01	1.23605183e-02	1.28797900e-04
7.71000000e-01	1.23212190e-02	1.28497568e-04
7.72000000e-01	1.21808062e-02	1.31078520e-04
7.73000000e-01	1.24270436e-02	1.37707488e-04
7.74000000e-01	1.24406632e-02	1.40653906e-04
7.75000000e-01	1.22168607e-02	1.40840340e-04
7.76000000e-01	1.21582508e-02	1.42627949e-04
7.77000000e-01	1.23848718e-02	1.46772620e-04
7.78000000e-01	1.20573352e-02	1.45486803e-04
7.79000000e-01	1.22231004e-02	1.49001569e-04
7.80000000e-01	1.22112159e-02	1.50154188e-04
7.81000000e-01	1.22754496e-02	1.52996052e-04
7.82000000e-01	1.23070511e-02	1.54253573e-04
7.83000000e-01	1.22316690e-02	1.55200270e-04
7.84000000e-01	1.21646150e-02	1.56358554e-04
7.85000000e-01	1.23387722e-02	1.60235075e-04
7.86000000e-01	1.21386272e-02	1.59255172e-04
7.87000000e-01	1.22811510e-02	1.61979461e-04
7.88000000e-01	1.21657436e-02	1.63149850e-04
7.89000000e-01	1.20501064e-02	1.62779212e-04
7.90000000e-01	1.21607217e-02	1.66003038e-04
7.91000000e-01	1.21862712e-02	1.68605781e-04
7.92000000e-01	1.20750598e-02	1.68404711e-04
7.93000000e-01	1.20705234e-02	1.69771927e-04
7.94000000e-01	1.20867698e-02	1.71791512e-04
7.95000000e-01	1.19898331e-02	1.72341355e-04
7.96000000e-01	1.20175458e-02	1.74632725e-04
7.97000000e-01	1.19148315e-02	1.75099102e-04
7.98000000e-01	1.20414170e-02	1.77929623e-04
7.99000000e-01	1.20072842e-02	1.79809662e-04
8.00000000e-01	1.21583334e-02	1.82966222e-04
8.01000000e-01	1.20618632e-02	1.84427061e-04
8.02000000e-01	1.19930643e-02	1.85353674e-04
8.03000000e-01	1.19994561e-02	1.87783627e-04
8.04000000e-01	1.17825695e-02	1.86452532e-04
8.05000000e-01	1.18902689e-02	1.89623650e-04
8.06000000e-01	1.20190568e-02	1.93654048e-04
8.07000000e-01	1.19016469e-02	1.93392485e-04
8.08000000e-01	1.19713825e-02	1.97755417e-04
8.09000000e-01	1.17033003e-02	1.94656746e-04
8.10000000e-01	1.19344332e-02	2.01018727e-04
8.11000000e-01	1.16192951e-02	1.99399564e-04
8.12000000e-01	1.19207689e-02	2.05502287e-04
8.13000000e-01	1.18705454e-02	2.08029913e-04
8.14000000e-01	1.19190970e-02	2.10226992e-04
8.15000000e-01	1.18207340e-02	2.11787734e-04
8.16000000e-01	1.18176824e-02	2.13265628e-04
8.17000000e-01	1.16359939e-02	2.13910754e-04
8.18000000e-01	1.18417344e-02	2.19136363e-04
8.19000000e-01	1.18299891e-02	2.22505384e-04
8.20000000e-01	1.18503364e-02	2.24915462e-04
8.21000000e-01	1.17385803e-02	2.25800575e-04
8.22000000e-01	1.16651794e-02	2.27364890e-04
8.23000000e-01	1.17506140e-02	2.31184399e-04
8.24000000e-01	1.17837302e-02	2.37579915e-04
8.25000000e-01	1.16085636e-02	2.37506022e-04
8.26000000e-01	1.17607007e-02	2.43458717e-04
8.27000000e-01	1.18852992e-02	2.48343783e-04
8.28000000e-01	1.16264248e-02	2.46896479e-04
8.29000000e-01	1.17418413e-02	2.54102699e-04
8.30000000e-01	1.13883581e-02	2.50744107e-04
8.31000000e-01	1.16937565e-02	2.61068176e-04
8.32000000e-01	1.16057330e-02	2.62637630e-04
8.33000000e-01	1.16382042e-02	2.64755958e-04
8.34000000e-01	1.14614942e-02	2.69449330e-04
8.35000000e-01	1.16477704e-02	2.79476619e-04
8.36000000e-01	1.13359717e-02	2.75336072e-04
8.37000000e-01	1.13230293e-02	2.81368756e-04
8.38000000e-01	1.13452889e-02	2.86983175e-04
8.39000000e-01	1.14474017e-02	2.93090355e-04
8.40000000e-01	1.14667173e-02	3.01905665e-04
8.41000000e-01	1.13408381e-02	3.11925729e-04
8.42000000e-01	1.17525627e-02	3.24754779e-04
8.43000000e-01	1.14760251e-02	3.23760199e-04
8.44000000e-01	1.08716973e-02	3.18434178e-04
8.45000000e-01	1.14702847e-02	3.38343173e-04
8.46000000e-01	1.15232429e-02	3.54040755e-04
8.47000000e-01	1.14358356e-02	3.57757868e-04
8.48000000e-01	1.12323270e-02	3.65798588e-04
8.49000000e-01	1.08791255e-02	3.64295072e-04
8.50000000e-01	1.09193735e-02	3.78747645e-04
8.51000000e-01	1.10172106e-02	3.94758461e-04
8.52000000e-01	1.13357383e-02	4.21416819e-04
8.53000000e-01	1.11009651e-02	4.35999093e-04
8.54000000e-01	1.13674303e-02	4.65009397e-04
8.55000000e-01	1.09342836e-02	4.57375040e-04
8.56000000e-01	1.08077458e-02	4.72593420e-04
8.57000000e-01	1.12953652e-02	4.95951352e-04
8.58000000e-01	1.09557261e-02	5.09311847e-04
8.59000000e-01	1.10348322e-02	5.23866391e-04
8.60000000e-01	1.15017699e-02	5.56331878e-04
8.61000000e-01	1.12951623e-02	5.62601055e-04
8.62000000e-01	1.11420451e-02	6.03819493e-04
8.63000000e-01	1.06101173e-02	5.85214897e-04
8.64000000e-01	1.08414196e-02	6.38010495e-04
8.65000000e-01	1.07380957e-02	6.36671311e-04
8.66000000e-01	1.13215143e-02	6.99184604e-04
8.67000000e-01	1.04328701e-02	6.91134334e-04
8.68000000e-01	1.05865867e-02	7.48791979e-04
8.69000000e-01	1.09283002e-02	8.41296895e-04
8.70000000e-01	1.06524102e-02	8.92821512e-04
8.71000000e-01	1.13591383e-02	1.03489368e-03
8.72000000e-01	1.06787610e-02	1.11727793e-03
8.73000000e-01	9.62682695e-03	1.20618732e-03
8.74000000e-01	1.09759646e-02	1.79529740e-03
8.75000000e-01	1.23484563e-02	4.01706658e-03
