% Filename : WB3_00041_00007.h5
% Date & Time : 30-Oct-2025 17:57:07
% X-ray Energy (keV) : 13.30001
% Exposure Time (s) : 0.500
% Photodiode Value : 140952.000
% I0 of Sample : 0
% I0 of Standard : 1
% 
% q(A^-1)   I(q)    I(q)_SE
8.40000000e-01	0.00000000e+00	0.00000000e+00
8.45000000e-01	3.79882541e-03	6.64862331e-04
8.50000000e-01	3.66764129e-03	3.39628007e-04
8.55000000e-01	3.60019773e-03	2.93958960e-04
8.60000000e-01	3.48825348e-03	2.46154717e-04
8.65000000e-01	3.48318057e-03	2.26716339e-04
8.70000000e-01	3.47691335e-03	2.15692985e-04
8.75000000e-01	3.56170543e-03	2.12513725e-04
8.80000000e-01	3.51800881e-03	2.03045484e-04
8.85000000e-01	3.53095712e-03	1.92699612e-04
8.90000000e-01	3.53949711e-03	1.89077912e-04
8.95000000e-01	3.54214661e-03	1.83812074e-04
9.00000000e-01	3.52341473e-03	1.81201318e-04
9.05000000e-01	3.55439562e-03	1.74657118e-04
9.10000000e-01	3.51078920e-03	1.69433642e-04
9.15000000e-01	3.52858141e-03	1.67714179e-04
9.20000000e-01	3.54292202e-03	1.68069521e-04
9.25000000e-01	3.52157311e-03	1.59722211e-04
9.30000000e-01	3.54747643e-03	1.59204203e-04
9.35000000e-01	3.54456684e-03	1.56124106e-04
9.40000000e-01	3.56895945e-03	1.57670591e-04
9.45000000e-01	3.55328126e-03	1.53024383e-04
9.50000000e-01	3.55070469e-03	1.50789914e-04
9.55000000e-01	3.56220463e-03	1.48438871e-04
9.60000000e-01	3.54270005e-03	1.47844716e-04
9.65000000e-01	3.55071473e-03	1.45764410e-04
9.70000000e-01	3.57320261e-03	1.44271059e-04
9.75000000e-01	3.56540198e-03	1.42326110e-04
9.80000000e-01	3.59202113e-03	1.42237963e-04
9.85000000e-01	3.58476411e-03	1.41947273e-04
9.90000000e-01	3.58709320e-03	1.37845418e-04
9.95000000e-01	3.57453150e-03	1.36536215e-04
1.00000000e+00	3.58073432e-03	1.36203952e-04
1.00500000e+00	3.56531346e-03	1.35685747e-04
1.01000000e+00	3.60402330e-03	1.34123281e-04
1.01500000e+00	3.59787256e-03	1.32662070e-04
1.02000000e+00	3.59395880e-03	1.32411394e-04
1.02500000e+00	3.58829169e-03	1.30578431e-04
1.03000000e+00	3.56804594e-03	1.29287478e-04
1.03500000e+00	3.58622385e-03	1.28163923e-04
1.04000000e+00	3.58880662e-03	1.27438957e-04
1.04500000e+00	3.61121070e-03	1.28294254e-04
1.05000000e+00	3.58075547e-03	1.26319624e-04
1.05500000e+00	3.56920041e-03	1.23839584e-04
1.06000000e+00	3.59128968e-03	1.24432967e-04
1.06500000e+00	3.60844640e-03	1.25118990e-04
1.07000000e+00	3.60068862e-03	1.24624134e-04
1.07500000e+00	3.59618663e-03	1.23479640e-04
1.08000000e+00	3.63348472e-03	1.24004161e-04
1.08500000e+00	3.68545884e-03	1.25987406e-04
1.09000000e+00	3.70140609e-03	1.27223954e-04
1.09500000e+00	3.66945974e-03	1.23624998e-04
1.10000000e+00	3.70372439e-03	1.25589537e-04
1.10500000e+00	3.71679022e-03	1.26437604e-04
1.11000000e+00	3.71155190e-03	1.26320780e-04
1.11500000e+00	3.75271308e-03	1.26879185e-04
1.12000000e+00	3.74099955e-03	1.27079485e-04
1.12500000e+00	3.75965072e-03	1.27468775e-04
1.13000000e+00	3.78655728e-03	1.29857225e-04
1.13500000e+00	3.81480358e-03	1.29236243e-04
1.14000000e+00	3.82227013e-03	1.29218201e-04
1.14500000e+00	3.85534390e-03	1.31418618e-04
1.15000000e+00	3.84606727e-03	1.31784851e-04
1.15500000e+00	3.90088666e-03	1.32211663e-04
1.16000000e+00	3.87831192e-03	1.31997555e-04
1.16500000e+00	3.89701915e-03	1.32480039e-04
1.17000000e+00	3.90105678e-03	1.34190146e-04
1.17500000e+00	3.93938939e-03	1.33554069e-04
1.18000000e+00	3.93882535e-03	1.34123334e-04
1.18500000e+00	3.97948568e-03	1.35401747e-04
1.19000000e+00	3.99581065e-03	1.37395060e-04
1.19500000e+00	3.96159035e-03	1.34637779e-04
1.20000000e+00	4.02148120e-03	1.37482358e-04
1.20500000e+00	4.02530541e-03	1.37329075e-04
1.21000000e+00	4.03638690e-03	1.39414779e-04
1.21500000e+00	4.05059325e-03	1.37721037e-04
1.22000000e+00	4.06992015e-03	1.38551482e-04
1.22500000e+00	4.07924167e-03	1.39492048e-04
1.23000000e+00	4.10672487e-03	1.41471207e-04
1.23500000e+00	4.13885491e-03	1.41626941e-04
1.24000000e+00	4.16320608e-03	1.41673535e-04
1.24500000e+00	4.18848124e-03	1.43655347e-04
1.25000000e+00	4.20347779e-03	1.45028620e-04
1.25500000e+00	4.21223637e-03	1.43559033e-04
1.26000000e+00	4.22208602e-03	1.44822601e-04
1.26500000e+00	4.23333839e-03	1.44649449e-04
1.27000000e+00	4.28653035e-03	1.48688566e-04
1.27500000e+00	4.30424659e-03	1.47661709e-04
1.28000000e+00	4.28752980e-03	1.46207990e-04
1.28500000e+00	4.33102794e-03	1.48553384e-04
1.29000000e+00	4.35326063e-03	1.50668986e-04
1.29500000e+00	4.35943855e-03	1.49253240e-04
1.30000000e+00	4.37588196e-03	1.49576894e-04
1.30500000e+00	4.37492640e-03	1.50172350e-04
1.31000000e+00	4.38123705e-03	1.52189055e-04
1.31500000e+00	4.40022610e-03	1.50988642e-04
1.32000000e+00	4.45329690e-03	1.52688755e-04
1.32500000e+00	4.44565076e-03	1.52776567e-04
1.33000000e+00	4.48688113e-03	1.56066656e-04
1.33500000e+00	4.47846372e-03	1.53644917e-04
1.34000000e+00	4.48989213e-03	1.54208178e-04
1.34500000e+00	4.53184829e-03	1.56258499e-04
1.35000000e+00	4.52833012e-03	1.57644011e-04
1.35500000e+00	4.56697976e-03	1.56711678e-04
1.36000000e+00	4.58208064e-03	1.56867923e-04
1.36500000e+00	4.56766369e-03	1.57033624e-04
1.37000000e+00	4.56260884e-03	1.59233328e-04
1.37500000e+00	4.59305409e-03	1.57803458e-04
1.38000000e+00	4.60031248e-03	1.58419507e-04
1.38500000e+00	4.60179505e-03	1.59363341e-04
1.39000000e+00	4.61427467e-03	1.60754374e-04
1.39500000e+00	4.62357745e-03	1.58685679e-04
1.40000000e+00	4.67180911e-03	1.65274956e-04
1.40500000e+00	4.66103028e-03	1.77469467e-04
1.41000000e+00	4.65312582e-03	1.85332864e-04
1.41500000e+00	4.64295817e-03	1.91751858e-04
1.42000000e+00	4.66349413e-03	2.00252965e-04
1.42500000e+00	4.68609773e-03	2.07235744e-04
1.43000000e+00	4.78211454e-03	2.19673440e-04
1.43500000e+00	4.83727700e-03	2.28946950e-04
1.44000000e+00	4.92488241e-03	2.42067292e-04
1.44500000e+00	4.92748187e-03	2.48255475e-04
1.45000000e+00	4.97225769e-03	2.42372726e-04
1.45500000e+00	4.99716286e-03	2.18802043e-04
1.46000000e+00	4.95889561e-03	2.12225591e-04
1.46500000e+00	4.89953281e-03	2.05948911e-04
1.47000000e+00	4.88849303e-03	2.05235292e-04
1.47500000e+00	5.80870703e-03	3.62167959e-04
1.48000000e+00	6.59791202e-03	5.72709798e-04
1.48500000e+00	4.81126193e-03	1.95018956e-04
1.49000000e+00	4.76049161e-03	1.92406775e-04
1.49500000e+00	4.72519603e-03	1.86804447e-04
1.50000000e+00	4.74501037e-03	1.86902639e-04
1.50500000e+00	4.71647094e-03	1.86839483e-04
1.51000000e+00	4.73717206e-03	1.88093509e-04
1.51500000e+00	4.75514571e-03	1.85748431e-04
1.52000000e+00	4.76556019e-03	1.85519578e-04
1.52500000e+00	4.78816260e-03	1.86190531e-04
1.53000000e+00	4.80888776e-03	1.88079556e-04
1.53500000e+00	4.80463695e-03	1.82646697e-04
1.54000000e+00	4.76507747e-03	1.80887423e-04
1.54500000e+00	4.74444659e-03	1.79652651e-04
1.55000000e+00	4.70920869e-03	1.77836886e-04
1.55500000e+00	4.66074096e-03	1.72049442e-04
1.56000000e+00	4.59598845e-03	1.70081296e-04
1.56500000e+00	4.55633050e-03	1.67773355e-04
1.57000000e+00	4.50416832e-03	1.64672495e-04
1.57500000e+00	4.49295547e-03	1.61113441e-04
1.58000000e+00	4.45475244e-03	1.59498100e-04
1.58500000e+00	4.41903989e-03	1.58246472e-04
1.59000000e+00	4.43873438e-03	1.58989561e-04
1.59500000e+00	4.43935763e-03	1.56034621e-04
1.60000000e+00	4.42507467e-03	1.55357178e-04
1.60500000e+00	4.42146178e-03	1.55395281e-04
1.61000000e+00	4.42795273e-03	1.54883336e-04
1.61500000e+00	4.39728629e-03	1.52529745e-04
1.62000000e+00	4.40191140e-03	1.53314881e-04
1.62500000e+00	4.41034767e-03	1.55303011e-04
1.63000000e+00	4.40137500e-03	1.53378582e-04
1.63500000e+00	4.40535384e-03	1.53431558e-04
1.64000000e+00	4.42352380e-03	1.54299014e-04
1.64500000e+00	4.39488192e-03	1.54942607e-04
1.65000000e+00	4.38847031e-03	1.53037601e-04
1.65500000e+00	4.36381524e-03	1.51924605e-04
1.66000000e+00	4.34618328e-03	1.51580960e-04
1.66500000e+00	4.33304277e-03	1.53645151e-04
1.67000000e+00	4.31457306e-03	1.49842033e-04
1.67500000e+00	4.28274499e-03	1.49071326e-04
1.68000000e+00	4.27060594e-03	1.49136037e-04
1.68500000e+00	4.22493422e-03	1.50082738e-04
1.69000000e+00	4.24277463e-03	1.47654005e-04
1.69500000e+00	4.22904936e-03	1.46966618e-04
1.70000000e+00	4.20169930e-03	1.47730840e-04
1.70500000e+00	4.16312336e-03	1.46932405e-04
1.71000000e+00	4.13534600e-03	1.44163151e-04
1.71500000e+00	4.14473217e-03	1.44429671e-04
1.72000000e+00	4.13075955e-03	1.44998435e-04
1.72500000e+00	4.11447587e-03	1.45286877e-04
1.73000000e+00	4.06508156e-03	1.41728177e-04
1.73500000e+00	4.07024848e-03	1.42215376e-04
1.74000000e+00	4.09478014e-03	1.43468969e-04
1.74500000e+00	4.03987317e-03	1.43263651e-04
1.75000000e+00	4.01936681e-03	1.39762759e-04
1.75500000e+00	4.00759249e-03	1.40271179e-04
1.76000000e+00	3.99007505e-03	1.39549191e-04
1.76500000e+00	3.97289845e-03	1.40852986e-04
1.77000000e+00	3.94070228e-03	1.37275765e-04
1.77500000e+00	3.94695749e-03	1.37878928e-04
1.78000000e+00	3.90434222e-03	1.36778332e-04
1.78500000e+00	3.93507823e-03	1.39315203e-04
1.79000000e+00	3.90697904e-03	1.36024479e-04
1.79500000e+00	3.88840910e-03	1.35761507e-04
1.80000000e+00	3.85311729e-03	1.35429548e-04
1.80500000e+00	3.85307330e-03	1.36183920e-04
1.81000000e+00	3.84460413e-03	1.33994378e-04
1.81500000e+00	3.78116542e-03	1.31831898e-04
1.82000000e+00	3.83259688e-03	1.34539231e-04
1.82500000e+00	3.77775620e-03	1.33444512e-04
1.83000000e+00	3.74584296e-03	1.30613345e-04
1.83500000e+00	3.76970744e-03	1.31691634e-04
1.84000000e+00	3.73382119e-03	1.31073262e-04
1.84500000e+00	3.72927080e-03	1.31678985e-04
1.85000000e+00	3.74852105e-03	1.30852368e-04
1.85500000e+00	3.75923222e-03	1.31299204e-04
1.86000000e+00	3.78831603e-03	1.33248924e-04
1.86500000e+00	3.79098259e-03	1.33613260e-04
1.87000000e+00	3.78565584e-03	1.31977812e-04
1.87500000e+00	3.75245644e-03	1.31226495e-04
1.88000000e+00	3.72655542e-03	1.30898652e-04
1.88500000e+00	3.65792552e-03	1.29237718e-04
1.89000000e+00	3.67991120e-03	1.28257113e-04
1.89500000e+00	3.63308660e-03	1.27313787e-04
1.90000000e+00	3.59636101e-03	1.26412518e-04
1.90500000e+00	3.57787002e-03	1.25830429e-04
1.91000000e+00	3.57761212e-03	1.24969026e-04
1.91500000e+00	3.55739995e-03	1.24370528e-04
1.92000000e+00	3.53002416e-03	1.24111208e-04
1.92500000e+00	3.49968474e-03	1.23187788e-04
1.93000000e+00	3.50025464e-03	1.22086179e-04
1.93500000e+00	3.49774970e-03	1.22367737e-04
1.94000000e+00	3.45995154e-03	1.22106500e-04
1.94500000e+00	3.44067331e-03	1.20936035e-04
1.95000000e+00	3.43700237e-03	1.19729277e-04
1.95500000e+00	3.43223010e-03	1.20075874e-04
1.96000000e+00	3.42657138e-03	1.20605164e-04
1.96500000e+00	3.41976044e-03	1.20405566e-04
1.97000000e+00	3.40321486e-03	1.18449718e-04
1.97500000e+00	3.39566598e-03	1.18999455e-04
1.98000000e+00	3.35870244e-03	1.18159372e-04
1.98500000e+00	3.35399750e-03	1.18216837e-04
1.99000000e+00	3.34535566e-03	1.16444498e-04
1.99500000e+00	3.31906509e-03	1.16063411e-04
2.00000000e+00	3.31092639e-03	1.16522771e-04
2.00500000e+00	3.35767380e-03	1.18534374e-04
2.01000000e+00	3.32121375e-03	1.28562610e-04
2.01500000e+00	3.28584535e-03	1.35156672e-04
2.02000000e+00	3.27737191e-03	1.43669339e-04
2.02500000e+00	3.21273879e-03	1.46258498e-04
2.03000000e+00	3.20134429e-03	1.54485278e-04
2.03500000e+00	3.18927847e-03	1.60663155e-04
2.04000000e+00	3.16666300e-03	1.66778715e-04
2.04500000e+00	3.09720183e-03	1.71788401e-04
2.05000000e+00	3.13131809e-03	1.82351470e-04
2.05500000e+00	3.15202976e-03	1.79685888e-04
2.06000000e+00	3.20698963e-03	1.59072267e-04
2.06500000e+00	3.15311036e-03	1.49486275e-04
2.07000000e+00	3.13805196e-03	1.40784109e-04
2.07500000e+00	3.15601479e-03	1.38429711e-04
2.08000000e+00	3.14755475e-03	1.38090174e-04
2.08500000e+00	3.18932695e-03	1.40831693e-04
2.09000000e+00	3.26663075e-03	1.49873078e-04
2.09500000e+00	3.14949845e-03	1.31733044e-04
2.10000000e+00	3.12414429e-03	1.29282590e-04
2.10500000e+00	3.10143319e-03	1.27982588e-04
2.11000000e+00	3.08815806e-03	1.22643619e-04
2.11500000e+00	3.08807240e-03	1.21591926e-04
2.12000000e+00	3.05253942e-03	1.19536032e-04
2.12500000e+00	3.01423828e-03	1.17651124e-04
2.13000000e+00	2.99837251e-03	1.12216330e-04
2.13500000e+00	2.98140334e-03	1.10303743e-04
2.14000000e+00	2.95639091e-03	1.08381368e-04
2.14500000e+00	2.96427545e-03	1.08884688e-04
2.15000000e+00	2.94364600e-03	1.04623660e-04
2.15500000e+00	2.94967560e-03	1.05006343e-04
2.16000000e+00	2.91896280e-03	1.03402105e-04
2.16500000e+00	2.91313610e-03	1.03969997e-04
2.17000000e+00	2.91061943e-03	1.01278030e-04
2.17500000e+00	2.90486277e-03	1.01329796e-04
2.18000000e+00	2.91284784e-03	1.01911767e-04
2.18500000e+00	2.87302115e-03	1.00977838e-04
2.19000000e+00	2.85157869e-03	9.99913234e-05
2.19500000e+00	2.87151518e-03	1.00201662e-04
2.20000000e+00	2.83301819e-03	9.91874216e-05
2.20500000e+00	2.83176171e-03	9.93836101e-05
2.21000000e+00	2.82232936e-03	9.95416577e-05
2.21500000e+00	2.79556114e-03	9.75669502e-05
2.22000000e+00	2.80301095e-03	9.76203309e-05
2.22500000e+00	2.79470590e-03	9.82541195e-05
2.23000000e+00	2.77946596e-03	9.83399617e-05
2.23500000e+00	3.03913131e-03	1.85680926e-04
2.24000000e+00	2.95742735e-03	1.42721288e-04
2.24500000e+00	2.75000740e-03	9.67664613e-05
2.25000000e+00	2.72725591e-03	9.67142674e-05
2.25500000e+00	2.69399647e-03	9.38347354e-05
2.26000000e+00	2.67052267e-03	9.33696858e-05
2.26500000e+00	2.65243985e-03	9.31083894e-05
2.27000000e+00	2.61668456e-03	9.32130897e-05
2.27500000e+00	2.61596279e-03	9.12955827e-05
2.28000000e+00	2.58885513e-03	9.03875424e-05
2.28500000e+00	2.58312049e-03	9.07392955e-05
2.29000000e+00	2.57812066e-03	9.11826381e-05
2.29500000e+00	2.56480802e-03	9.04130042e-05
2.30000000e+00	2.53583102e-03	8.85961782e-05
2.30500000e+00	2.52043925e-03	8.83418369e-05
2.31000000e+00	2.51782671e-03	8.87601762e-05
2.31500000e+00	2.49575012e-03	8.86191905e-05
2.32000000e+00	2.46991203e-03	8.60258586e-05
2.32500000e+00	2.46125049e-03	8.63798492e-05
2.33000000e+00	2.44598287e-03	8.60547401e-05
2.33500000e+00	2.44611198e-03	8.70458617e-05
2.34000000e+00	2.42671159e-03	8.48235944e-05
2.34500000e+00	2.41760441e-03	8.46161980e-05
2.35000000e+00	2.38190591e-03	8.37307465e-05
2.35500000e+00	2.37982651e-03	8.46783987e-05
2.36000000e+00	2.36755186e-03	8.30810432e-05
2.36500000e+00	2.35076467e-03	8.24664924e-05
2.37000000e+00	2.32859707e-03	8.17923372e-05
2.37500000e+00	2.32256141e-03	8.23266195e-05
2.38000000e+00	2.30766351e-03	8.20973580e-05
2.38500000e+00	2.31008759e-03	8.10532266e-05
2.39000000e+00	2.29054606e-03	8.07130344e-05
2.39500000e+00	2.26662422e-03	8.02991811e-05
2.40000000e+00	2.24445162e-03	8.06598943e-05
2.40500000e+00	2.23666665e-03	7.87703801e-05
2.41000000e+00	2.24157091e-03	7.93067787e-05
2.41500000e+00	2.23049375e-03	7.88274449e-05
2.42000000e+00	2.22023633e-03	7.95858033e-05
2.42500000e+00	2.19917473e-03	7.88224101e-05
2.43000000e+00	2.17686687e-03	7.71612448e-05
2.43500000e+00	2.17788725e-03	7.75792756e-05
2.44000000e+00	2.14667372e-03	7.66527444e-05
2.44500000e+00	2.13260258e-03	7.71143150e-05
2.45000000e+00	2.12912124e-03	7.57099942e-05
2.45500000e+00	2.12143145e-03	7.57506209e-05
2.46000000e+00	2.08443304e-03	7.47815326e-05
2.46500000e+00	2.10223430e-03	7.62850160e-05
2.47000000e+00	2.06835157e-03	7.42228621e-05
2.47500000e+00	2.06831833e-03	7.38142165e-05
2.48000000e+00	2.05914407e-03	7.42763244e-05
2.48500000e+00	2.06677312e-03	7.45345223e-05
2.49000000e+00	2.01556525e-03	7.36905876e-05
2.49500000e+00	2.02003562e-03	7.24119830e-05
2.50000000e+00	2.01843753e-03	7.26502579e-05
2.50500000e+00	2.00572969e-03	7.27524003e-05
2.51000000e+00	1.96299317e-03	7.16610435e-05
2.51500000e+00	1.97531483e-03	7.21404641e-05
2.52000000e+00	1.97370461e-03	7.14518258e-05
2.52500000e+00	1.95274637e-03	7.11007848e-05
2.53000000e+00	1.94901040e-03	7.15967757e-05
2.53500000e+00	1.91705489e-03	7.13079569e-05
2.54000000e+00	1.90642666e-03	6.96972597e-05
2.54500000e+00	1.91558494e-03	7.05565914e-05
2.55000000e+00	1.88314268e-03	6.95866610e-05
2.55500000e+00	1.82941201e-03	6.81778658e-05
2.56000000e+00	1.76398430e-03	6.60408559e-05
2.56500000e+00	1.66985995e-03	6.22405102e-05
2.57000000e+00	1.61188872e-03	6.01763694e-05
2.57500000e+00	1.56693145e-03	5.89198392e-05
2.58000000e+00	1.51524421e-03	5.77550999e-05
2.58500000e+00	1.45658480e-03	5.50329003e-05
2.59000000e+00	1.42979482e-03	5.38259948e-05
2.59500000e+00	1.37791206e-03	5.20181843e-05
2.60000000e+00	1.35038753e-03	5.11760010e-05
2.60500000e+00	1.33756435e-03	5.15330273e-05
2.61000000e+00	1.30126846e-03	5.70683439e-05
2.61500000e+00	1.25545415e-03	6.07316458e-05
2.62000000e+00	1.23236014e-03	6.58074583e-05
2.62500000e+00	1.24998650e-03	7.20931717e-05
2.63000000e+00	1.25196792e-03	7.94704261e-05
2.63500000e+00	1.27026201e-03	8.95572529e-05
2.64000000e+00	1.26934362e-03	9.85076585e-05
2.64500000e+00	1.22761482e-03	1.02052561e-04
2.65000000e+00	1.18370768e-03	1.04207684e-04
2.65500000e+00	1.23678419e-03	1.16356515e-04
2.66000000e+00	1.20630020e-03	1.22283862e-04
2.66500000e+00	1.21999560e-03	1.39131879e-04
2.67000000e+00	1.15724056e-03	1.42930644e-04
2.67500000e+00	1.12467567e-03	1.62538822e-04
2.68000000e+00	1.12202918e-03	1.88597118e-04
2.68500000e+00	1.08812763e-03	2.41343167e-04
2.69000000e+00	1.06111991e-03	3.84468344e-04
2.69500000e+00	0.00000000e+00	0.00000000e+00
2.70000000e+00	0.00000000e+00	0.00000000e+00
