% Filename : WDL1_00005_00008.h5
% Date & Time : 30-Oct-2025 14:24:00
% X-ray Energy (keV) : 13.30001
% Exposure Time (s) : 0.500
% Photodiode Value : 134756.000
% I0 of Sample : 0
% I0 of Standard : 1
% 
% q(A^-1)   I(q)    I(q)_SE
8.40000000e-01	0.00000000e+00	0.00000000e+00
8.45000000e-01	2.86369930e-03	5.01842221e-04
8.50000000e-01	2.70212285e-03	2.50989899e-04
8.55000000e-01	2.71256123e-03	2.22064315e-04
8.60000000e-01	2.67056872e-03	1.89346511e-04
8.65000000e-01	2.69322436e-03	1.75554037e-04
8.70000000e-01	2.66246791e-03	1.65512781e-04
8.75000000e-01	2.70256835e-03	1.61574544e-04
8.80000000e-01	2.64958462e-03	1.53274623e-04
8.85000000e-01	2.65400863e-03	1.45079635e-04
8.90000000e-01	2.69245160e-03	1.44054928e-04
8.95000000e-01	2.67003851e-03	1.38797346e-04
9.00000000e-01	2.66800320e-03	1.37574448e-04
9.05000000e-01	2.68490552e-03	1.32317072e-04
9.10000000e-01	2.71073589e-03	1.31101843e-04
9.15000000e-01	2.73071382e-03	1.29941114e-04
9.20000000e-01	2.73174482e-03	1.29821811e-04
9.25000000e-01	2.70949810e-03	1.23178708e-04
9.30000000e-01	2.75265177e-03	1.23978227e-04
9.35000000e-01	2.74299418e-03	1.21084027e-04
9.40000000e-01	2.73930625e-03	1.21262127e-04
9.45000000e-01	2.75680883e-03	1.19032177e-04
9.50000000e-01	2.75924300e-03	1.17353117e-04
9.55000000e-01	2.75268027e-03	1.15055488e-04
9.60000000e-01	2.75945241e-03	1.15435931e-04
9.65000000e-01	2.73894725e-03	1.12634618e-04
9.70000000e-01	2.75647195e-03	1.11512866e-04
9.75000000e-01	2.79178345e-03	1.11729299e-04
9.80000000e-01	2.77082656e-03	1.09998566e-04
9.85000000e-01	2.76141618e-03	1.09637946e-04
9.90000000e-01	2.80247217e-03	1.07997222e-04
9.95000000e-01	2.78500851e-03	1.06747418e-04
1.00000000e+00	2.79771420e-03	1.06653527e-04
1.00500000e+00	2.78783205e-03	1.06344093e-04
1.01000000e+00	2.79992332e-03	1.04561201e-04
1.01500000e+00	2.77954845e-03	1.02794839e-04
1.02000000e+00	2.78267123e-03	1.02807172e-04
1.02500000e+00	2.78026575e-03	1.01620498e-04
1.03000000e+00	2.75880173e-03	1.00387550e-04
1.03500000e+00	2.78535079e-03	9.99273057e-05
1.04000000e+00	2.76471359e-03	9.86175757e-05
1.04500000e+00	2.77072036e-03	9.89059250e-05
1.05000000e+00	2.73652434e-03	9.70389614e-05
1.05500000e+00	2.74123659e-03	9.56647112e-05
1.06000000e+00	2.74933074e-03	9.57520956e-05
1.06500000e+00	2.77067568e-03	9.66828807e-05
1.07000000e+00	2.75413814e-03	9.59052155e-05
1.07500000e+00	2.75947414e-03	9.53698835e-05
1.08000000e+00	2.74624287e-03	9.43154014e-05
1.08500000e+00	2.79407348e-03	9.60368848e-05
1.09000000e+00	2.78722414e-03	9.64186464e-05
1.09500000e+00	2.77793820e-03	9.41376752e-05
1.10000000e+00	2.80023070e-03	9.53733646e-05
1.10500000e+00	2.81101914e-03	9.61613698e-05
1.11000000e+00	2.80655629e-03	9.61218995e-05
1.11500000e+00	2.82475056e-03	9.60567794e-05
1.12000000e+00	2.82150719e-03	9.63173263e-05
1.12500000e+00	2.84281812e-03	9.67404950e-05
1.13000000e+00	2.81854040e-03	9.71597905e-05
1.13500000e+00	2.85268516e-03	9.70460981e-05
1.14000000e+00	2.84827025e-03	9.67834010e-05
1.14500000e+00	2.86325837e-03	9.80623390e-05
1.15000000e+00	2.85770214e-03	9.83507384e-05
1.15500000e+00	2.87644331e-03	9.80014603e-05
1.16000000e+00	2.86686941e-03	9.79405159e-05
1.16500000e+00	2.88837439e-03	9.86697135e-05
1.17000000e+00	2.88494405e-03	9.97026422e-05
1.17500000e+00	2.91463025e-03	9.92460894e-05
1.18000000e+00	2.90827935e-03	9.95538934e-05
1.18500000e+00	2.91718776e-03	9.96970521e-05
1.19000000e+00	2.90310132e-03	1.00265526e-04
1.19500000e+00	2.92452098e-03	9.97868223e-05
1.20000000e+00	2.93554589e-03	1.00709487e-04
1.20500000e+00	2.95426960e-03	1.01130348e-04
1.21000000e+00	2.93413544e-03	1.01851577e-04
1.21500000e+00	2.93968044e-03	1.00305287e-04
1.22000000e+00	2.93561407e-03	1.00278944e-04
1.22500000e+00	2.96581129e-03	1.01739976e-04
1.23000000e+00	2.94342639e-03	1.01772457e-04
1.23500000e+00	2.95732115e-03	1.01592201e-04
1.24000000e+00	2.95842385e-03	1.01122888e-04
1.24500000e+00	2.96454350e-03	1.02089593e-04
1.25000000e+00	2.96455505e-03	1.02669581e-04
1.25500000e+00	2.94980697e-03	1.00949772e-04
1.26000000e+00	2.97850187e-03	1.02573493e-04
1.26500000e+00	2.96178426e-03	1.01508974e-04
1.27000000e+00	2.99034893e-03	1.04038662e-04
1.27500000e+00	2.99126904e-03	1.03065624e-04
1.28000000e+00	2.97930448e-03	1.02070190e-04
1.28500000e+00	2.98181703e-03	1.02685727e-04
1.29000000e+00	2.97916429e-03	1.03466801e-04
1.29500000e+00	2.97973460e-03	1.02403357e-04
1.30000000e+00	2.97967597e-03	1.02279578e-04
1.30500000e+00	2.98970396e-03	1.02998587e-04
1.31000000e+00	2.96650063e-03	1.03433009e-04
1.31500000e+00	2.99106381e-03	1.03052035e-04
1.32000000e+00	3.01467172e-03	1.03652711e-04
1.32500000e+00	2.99891927e-03	1.03445785e-04
1.33000000e+00	2.98904975e-03	1.04283633e-04
1.33500000e+00	2.96995453e-03	1.02256022e-04
1.34000000e+00	2.99414545e-03	1.03194956e-04
1.34500000e+00	2.98552969e-03	1.03354401e-04
1.35000000e+00	2.99112693e-03	1.04525279e-04
1.35500000e+00	2.96782938e-03	1.02340898e-04
1.36000000e+00	3.00162403e-03	1.03273003e-04
1.36500000e+00	2.98982016e-03	1.03188381e-04
1.37000000e+00	2.98304694e-03	1.04501703e-04
1.37500000e+00	2.97472957e-03	1.02583979e-04
1.38000000e+00	2.99661848e-03	1.03584829e-04
1.38500000e+00	2.98121726e-03	1.03580464e-04
1.39000000e+00	2.95608136e-03	1.03329804e-04
1.39500000e+00	2.98798903e-03	1.03009959e-04
1.40000000e+00	2.99663678e-03	1.06403122e-04
1.40500000e+00	2.95015242e-03	1.12794705e-04
1.41000000e+00	2.95944445e-03	1.18337865e-04
1.41500000e+00	2.90357794e-03	1.20404694e-04
1.42000000e+00	2.90828596e-03	1.25432567e-04
1.42500000e+00	2.90242583e-03	1.28879790e-04
1.43000000e+00	2.88190154e-03	1.32926698e-04
1.43500000e+00	2.87775075e-03	1.36760857e-04
1.44000000e+00	2.86913657e-03	1.41624077e-04
1.44500000e+00	2.88349026e-03	1.46086397e-04
1.45000000e+00	2.94153496e-03	1.43997542e-04
1.45500000e+00	2.96722394e-03	1.30628033e-04
1.46000000e+00	2.94737381e-03	1.26630115e-04
1.46500000e+00	2.92477808e-03	1.23426894e-04
1.47000000e+00	2.96210583e-03	1.24692547e-04
1.47500000e+00	2.94113782e-03	1.20370746e-04
1.48000000e+00	2.96032119e-03	1.19716153e-04
1.48500000e+00	2.95634952e-03	1.19675480e-04
1.49000000e+00	2.95940038e-03	1.20090880e-04
1.49500000e+00	2.91345745e-03	1.15531836e-04
1.50000000e+00	2.93872304e-03	1.16321739e-04
1.50500000e+00	2.93901435e-03	1.16713624e-04
1.51000000e+00	2.94230662e-03	1.17205708e-04
1.51500000e+00	2.96966266e-03	1.16282891e-04
1.52000000e+00	2.98042034e-03	1.16394338e-04
1.52500000e+00	2.96116930e-03	1.15468390e-04
1.53000000e+00	2.94802501e-03	1.15631367e-04
1.53500000e+00	2.94060392e-03	1.12144365e-04
1.54000000e+00	2.94651007e-03	1.12207266e-04
1.54500000e+00	2.90061115e-03	1.10211968e-04
1.55000000e+00	2.90788522e-03	1.10116483e-04
1.55500000e+00	2.89467546e-03	1.07199612e-04
1.56000000e+00	2.88687863e-03	1.07160271e-04
1.56500000e+00	2.85272509e-03	1.05307667e-04
1.57000000e+00	2.86602176e-03	1.05085169e-04
1.57500000e+00	2.85053344e-03	1.02571059e-04
1.58000000e+00	2.86176007e-03	1.02798476e-04
1.58500000e+00	2.85000632e-03	1.02345137e-04
1.59000000e+00	2.82803592e-03	1.01578825e-04
1.59500000e+00	2.83857301e-03	1.00103381e-04
1.60000000e+00	2.78757991e-03	9.82166859e-05
1.60500000e+00	2.79621682e-03	9.85679716e-05
1.61000000e+00	2.78840366e-03	9.78520404e-05
1.61500000e+00	2.79165656e-03	9.71468333e-05
1.62000000e+00	2.77305912e-03	9.68377212e-05
1.62500000e+00	2.78202638e-03	9.83287572e-05
1.63000000e+00	2.77558889e-03	9.69869689e-05
1.63500000e+00	2.77810074e-03	9.71698697e-05
1.64000000e+00	2.75547709e-03	9.63304388e-05
1.64500000e+00	2.75798711e-03	9.74557270e-05
1.65000000e+00	2.75235399e-03	9.62413812e-05
1.65500000e+00	2.74317979e-03	9.58682868e-05
1.66000000e+00	2.75625320e-03	9.64410906e-05
1.66500000e+00	2.75389133e-03	9.79255502e-05
1.67000000e+00	2.73967209e-03	9.54471264e-05
1.67500000e+00	2.72412557e-03	9.50884472e-05
1.68000000e+00	2.71746501e-03	9.51860767e-05
1.68500000e+00	2.71826738e-03	9.68853207e-05
1.69000000e+00	2.71544079e-03	9.47149996e-05
1.69500000e+00	2.70426984e-03	9.43063574e-05
1.70000000e+00	2.68624914e-03	9.47385194e-05
1.70500000e+00	2.67142348e-03	9.46300290e-05
1.71000000e+00	2.67498017e-03	9.35027348e-05
1.71500000e+00	2.68051215e-03	9.37003658e-05
1.72000000e+00	2.66582338e-03	9.38855004e-05
1.72500000e+00	2.66036212e-03	9.42339222e-05
1.73000000e+00	2.67202966e-03	9.34115337e-05
1.73500000e+00	2.66329893e-03	9.33630846e-05
1.74000000e+00	2.64977465e-03	9.31392611e-05
1.74500000e+00	2.63086897e-03	9.35371732e-05
1.75000000e+00	2.63598216e-03	9.19728610e-05
1.75500000e+00	2.62649053e-03	9.21974541e-05
1.76000000e+00	2.62056182e-03	9.20185829e-05
1.76500000e+00	2.58275617e-03	9.17879896e-05
1.77000000e+00	2.58977286e-03	9.05396795e-05
1.77500000e+00	2.58928303e-03	9.08002506e-05
1.78000000e+00	2.59302034e-03	9.11601642e-05
1.78500000e+00	2.55683879e-03	9.08626563e-05
1.79000000e+00	2.57848777e-03	9.00962663e-05
1.79500000e+00	2.56238179e-03	8.97301353e-05
1.80000000e+00	2.56716831e-03	9.04457124e-05
1.80500000e+00	2.52550403e-03	8.95635134e-05
1.81000000e+00	2.52764740e-03	8.83789575e-05
1.81500000e+00	2.52349724e-03	8.82640988e-05
1.82000000e+00	2.50576855e-03	8.82277742e-05
1.82500000e+00	2.50149091e-03	8.86009119e-05
1.83000000e+00	2.52013343e-03	8.81398501e-05
1.83500000e+00	2.49724312e-03	8.75211410e-05
1.84000000e+00	2.48004547e-03	8.73426624e-05
1.84500000e+00	2.47759980e-03	8.77775023e-05
1.85000000e+00	2.49077106e-03	8.72464114e-05
1.85500000e+00	2.47021938e-03	8.65249451e-05
1.86000000e+00	2.46299547e-03	8.69620086e-05
1.86500000e+00	2.45943513e-03	8.69535120e-05
1.87000000e+00	2.45329239e-03	8.58568978e-05
1.87500000e+00	2.45465850e-03	8.60670712e-05
1.88000000e+00	2.44225025e-03	8.60893813e-05
1.88500000e+00	2.42329083e-03	8.59272998e-05
1.89000000e+00	2.40870608e-03	8.42432882e-05
1.89500000e+00	2.40737968e-03	8.46479111e-05
1.90000000e+00	2.40904222e-03	8.49952732e-05
1.90500000e+00	2.40196485e-03	8.47899085e-05
1.91000000e+00	2.39714371e-03	8.40113418e-05
1.91500000e+00	2.38645793e-03	8.37248582e-05
1.92000000e+00	2.37905019e-03	8.38570632e-05
1.92500000e+00	2.38200138e-03	8.42150613e-05
1.93000000e+00	2.38851351e-03	8.35854458e-05
1.93500000e+00	2.36216795e-03	8.29826570e-05
1.94000000e+00	2.33050075e-03	8.25236031e-05
1.94500000e+00	2.33894881e-03	8.25433064e-05
1.95000000e+00	2.35269858e-03	8.23153952e-05
1.95500000e+00	2.33215741e-03	8.18044127e-05
1.96000000e+00	2.32709042e-03	8.21752691e-05
1.96500000e+00	2.30713817e-03	8.14923391e-05
1.97000000e+00	2.31824928e-03	8.09216956e-05
1.97500000e+00	2.29640725e-03	8.07612489e-05
1.98000000e+00	2.28587415e-03	8.07112785e-05
1.98500000e+00	2.26414134e-03	8.01055232e-05
1.99000000e+00	2.26606561e-03	7.90472403e-05
1.99500000e+00	2.25091663e-03	7.90485586e-05
2.00000000e+00	2.25713480e-03	7.97445753e-05
2.00500000e+00	2.29371141e-03	8.12056800e-05
2.01000000e+00	2.25412860e-03	8.75319881e-05
2.01500000e+00	2.22405544e-03	9.18329655e-05
2.02000000e+00	2.22666987e-03	9.78956011e-05
2.02500000e+00	2.18785087e-03	9.99807853e-05
2.03000000e+00	2.20364769e-03	1.06728419e-04
2.03500000e+00	2.18207532e-03	1.10285053e-04
2.04000000e+00	2.15635761e-03	1.13924278e-04
2.04500000e+00	2.14690108e-03	1.19353709e-04
2.05000000e+00	2.11584568e-03	1.23745205e-04
2.05500000e+00	2.15979792e-03	1.23769878e-04
2.06000000e+00	2.18508365e-03	1.08940026e-04
2.06500000e+00	2.16466194e-03	1.03028571e-04
2.07000000e+00	2.13664731e-03	9.62979152e-05
2.07500000e+00	2.15173243e-03	9.47810032e-05
2.08000000e+00	2.15653253e-03	9.46801448e-05
2.08500000e+00	2.14222297e-03	9.33197569e-05
2.09000000e+00	2.13966637e-03	9.03717060e-05
2.09500000e+00	2.12760916e-03	8.90435217e-05
2.10000000e+00	2.14010572e-03	8.88739948e-05
2.10500000e+00	2.14276306e-03	8.86043664e-05
2.11000000e+00	2.10712511e-03	8.40095692e-05
2.11500000e+00	2.09609223e-03	8.26895884e-05
2.12000000e+00	2.08550690e-03	8.19850464e-05
2.12500000e+00	2.06229691e-03	8.07387622e-05
2.13000000e+00	2.03769597e-03	7.65504135e-05
2.13500000e+00	2.04112922e-03	7.57950358e-05
2.14000000e+00	2.02068991e-03	7.42924801e-05
2.14500000e+00	2.00753389e-03	7.40825092e-05
2.15000000e+00	1.99795591e-03	7.12265132e-05
2.15500000e+00	1.98183501e-03	7.08452369e-05
2.16000000e+00	1.98121900e-03	7.04957399e-05
2.16500000e+00	1.96580993e-03	7.04440348e-05
2.17000000e+00	1.96820994e-03	6.87651999e-05
2.17500000e+00	1.94985166e-03	6.83147687e-05
2.18000000e+00	1.95821912e-03	6.88727957e-05
2.18500000e+00	1.93169267e-03	6.82394696e-05
2.19000000e+00	1.92060023e-03	6.76133944e-05
2.19500000e+00	1.91324495e-03	6.70311445e-05
2.20000000e+00	1.91488422e-03	6.72080759e-05
2.20500000e+00	1.89399751e-03	6.67116958e-05
2.21000000e+00	1.88119879e-03	6.65464592e-05
2.21500000e+00	1.88667410e-03	6.60312964e-05
2.22000000e+00	1.85903950e-03	6.50829746e-05
2.22500000e+00	1.85686108e-03	6.55327597e-05
2.23000000e+00	1.83826919e-03	6.52461103e-05
2.23500000e+00	1.83152025e-03	6.40484253e-05
2.24000000e+00	1.82684794e-03	6.39267807e-05
2.24500000e+00	1.82467311e-03	6.42724269e-05
2.25000000e+00	1.79147447e-03	6.36878700e-05
2.25500000e+00	1.79519370e-03	6.27100854e-05
2.26000000e+00	1.77848530e-03	6.22926900e-05
2.26500000e+00	1.76205646e-03	6.19232129e-05
2.27000000e+00	1.74258615e-03	6.22064703e-05
2.27500000e+00	1.75776791e-03	6.14742731e-05
2.28000000e+00	1.73026810e-03	6.05081212e-05
2.28500000e+00	1.71646036e-03	6.03467342e-05
2.29000000e+00	1.71238231e-03	6.06840134e-05
2.29500000e+00	1.69712867e-03	5.98663830e-05
2.30000000e+00	1.69206423e-03	5.91777397e-05
2.30500000e+00	1.67669722e-03	5.87677644e-05
2.31000000e+00	1.67098371e-03	5.88582068e-05
2.31500000e+00	1.66261999e-03	5.91281373e-05
2.32000000e+00	1.64275010e-03	5.71325618e-05
2.32500000e+00	1.63159212e-03	5.73114179e-05
2.33000000e+00	1.62847956e-03	5.72983747e-05
2.33500000e+00	1.60599808e-03	5.71044329e-05
2.34000000e+00	1.60882276e-03	5.61917373e-05
2.34500000e+00	1.60839692e-03	5.62127525e-05
2.35000000e+00	1.58814890e-03	5.56775646e-05
2.35500000e+00	1.57033252e-03	5.57627846e-05
2.36000000e+00	1.56681501e-03	5.48880634e-05
2.36500000e+00	1.55707811e-03	5.44721738e-05
2.37000000e+00	1.54296199e-03	5.40373668e-05
2.37500000e+00	1.53902361e-03	5.42979379e-05
2.38000000e+00	1.51987795e-03	5.38977658e-05
2.38500000e+00	1.52998769e-03	5.35110403e-05
2.39000000e+00	1.51156618e-03	5.30878246e-05
2.39500000e+00	1.48925863e-03	5.24614581e-05
2.40000000e+00	1.49497433e-03	5.35410742e-05
2.40500000e+00	1.47373071e-03	5.17285686e-05
2.41000000e+00	1.47508285e-03	5.19811646e-05
2.41500000e+00	1.48347029e-03	5.22410406e-05
2.42000000e+00	1.46120405e-03	5.20839879e-05
2.42500000e+00	1.44947248e-03	5.15240573e-05
2.43000000e+00	1.43291801e-03	5.05132613e-05
2.43500000e+00	1.43849185e-03	5.09506631e-05
2.44000000e+00	1.41563440e-03	5.01969663e-05
2.44500000e+00	1.41602317e-03	5.08977943e-05
2.45000000e+00	1.39808044e-03	4.94904499e-05
2.45500000e+00	1.38649875e-03	4.91481754e-05
2.46000000e+00	1.38701744e-03	4.94321774e-05
2.46500000e+00	1.39048263e-03	5.00003433e-05
2.47000000e+00	1.37331182e-03	4.89650379e-05
2.47500000e+00	1.36667508e-03	4.84418399e-05
2.48000000e+00	1.35915526e-03	4.85335695e-05
2.48500000e+00	1.34595841e-03	4.80871667e-05
2.49000000e+00	1.33683724e-03	4.84632315e-05
2.49500000e+00	1.31994130e-03	4.69325953e-05
2.50000000e+00	1.31847440e-03	4.70038865e-05
2.50500000e+00	1.31936456e-03	4.72476241e-05
2.51000000e+00	1.30756202e-03	4.72242868e-05
2.51500000e+00	1.30078575e-03	4.70374342e-05
2.52000000e+00	1.31149597e-03	4.69645907e-05
2.52500000e+00	1.27485041e-03	4.59231326e-05
2.53000000e+00	1.27721170e-03	4.64728240e-05
2.53500000e+00	1.27393467e-03	4.68334256e-05
2.54000000e+00	1.26528603e-03	4.57448283e-05
2.54500000e+00	1.26122928e-03	4.57984546e-05
2.55000000e+00	1.26058727e-03	4.59615893e-05
2.55500000e+00	1.25155974e-03	4.60501199e-05
2.56000000e+00	1.22797968e-03	4.54690526e-05
2.56500000e+00	1.24282084e-03	4.55187835e-05
2.57000000e+00	1.22725904e-03	4.51827221e-05
2.57500000e+00	1.22114257e-03	4.51308309e-05
2.58000000e+00	1.21082516e-03	4.54954246e-05
2.58500000e+00	1.19544171e-03	4.45276222e-05
2.59000000e+00	1.20101447e-03	4.45741825e-05
2.59500000e+00	1.18987552e-03	4.43963067e-05
2.60000000e+00	1.17634239e-03	4.42215601e-05
2.60500000e+00	1.19820769e-03	4.59537931e-05
2.61000000e+00	1.18136353e-03	5.15960334e-05
2.61500000e+00	1.17243941e-03	5.66737641e-05
2.62000000e+00	1.17470894e-03	6.24919165e-05
2.62500000e+00	1.17731643e-03	6.77128439e-05
2.63000000e+00	1.13332988e-03	7.21416557e-05
2.63500000e+00	1.13716683e-03	8.01400322e-05
2.64000000e+00	1.13955238e-03	8.87993469e-05
2.64500000e+00	1.16055302e-03	9.64362245e-05
2.65000000e+00	1.14861137e-03	1.00686248e-04
2.65500000e+00	1.10463898e-03	1.04753257e-04
2.66000000e+00	1.15731220e-03	1.17114720e-04
2.66500000e+00	1.15134077e-03	1.31231933e-04
2.67000000e+00	1.12931595e-03	1.39930770e-04
2.67500000e+00	1.08780938e-03	1.56289547e-04
2.68000000e+00	1.08319587e-03	1.81165760e-04
2.68500000e+00	1.19394063e-03	2.66781757e-04
2.69000000e+00	1.20415734e-03	4.33632810e-04
2.69500000e+00	0.00000000e+00	0.00000000e+00
2.70000000e+00	0.00000000e+00	0.00000000e+00
