% Filename : WDL12_00046_00015.h5
% Date & Time : 30-Oct-2025 18:09:10
% X-ray Energy (keV) : 13.30001
% Exposure Time (s) : 0.500
% Photodiode Value : 141382.000
% I0 of Sample : 0
% I0 of Standard : 1
% 
% q(A^-1)   I(q)    I(q)_SE
8.40000000e-01	0.00000000e+00	0.00000000e+00
8.45000000e-01	2.87543279e-03	5.03689404e-04
8.50000000e-01	2.86218767e-03	2.65214640e-04
8.55000000e-01	2.79150394e-03	2.28106522e-04
8.60000000e-01	2.78356911e-03	1.96864055e-04
8.65000000e-01	2.79692863e-03	1.82172158e-04
8.70000000e-01	2.77821893e-03	1.72532825e-04
8.75000000e-01	2.80802990e-03	1.68010254e-04
8.80000000e-01	2.77361498e-03	1.60382717e-04
8.85000000e-01	2.79343649e-03	1.52623174e-04
8.90000000e-01	2.83162698e-03	1.51418898e-04
8.95000000e-01	2.80812950e-03	1.46066547e-04
9.00000000e-01	2.82224616e-03	1.45285440e-04
9.05000000e-01	2.84075596e-03	1.39829981e-04
9.10000000e-01	2.86940565e-03	1.38551462e-04
9.15000000e-01	2.83070961e-03	1.34632154e-04
9.20000000e-01	2.84552398e-03	1.35128866e-04
9.25000000e-01	2.86410083e-03	1.30176095e-04
9.30000000e-01	2.85445911e-03	1.28432537e-04
9.35000000e-01	2.88465797e-03	1.27304594e-04
9.40000000e-01	2.87203290e-03	1.27058026e-04
9.45000000e-01	2.89613196e-03	1.25023558e-04
9.50000000e-01	2.89175871e-03	1.23070109e-04
9.55000000e-01	2.88094185e-03	1.20222883e-04
9.60000000e-01	2.92009705e-03	1.22069231e-04
9.65000000e-01	2.88892021e-03	1.18731318e-04
9.70000000e-01	2.92817400e-03	1.18394037e-04
9.75000000e-01	2.91710462e-03	1.16542197e-04
9.80000000e-01	2.93789471e-03	1.16558855e-04
9.85000000e-01	2.96306365e-03	1.17493394e-04
9.90000000e-01	2.91086070e-03	1.12004854e-04
9.95000000e-01	2.92645898e-03	1.11987221e-04
1.00000000e+00	2.93131613e-03	1.11703610e-04
1.00500000e+00	2.90804382e-03	1.10834643e-04
1.01000000e+00	2.93207235e-03	1.09348735e-04
1.01500000e+00	2.93753209e-03	1.08496122e-04
1.02000000e+00	2.91816293e-03	1.07721435e-04
1.02500000e+00	2.93134169e-03	1.06909538e-04
1.03000000e+00	2.94427676e-03	1.07043969e-04
1.03500000e+00	2.95677393e-03	1.05947622e-04
1.04000000e+00	2.90362035e-03	1.03342821e-04
1.04500000e+00	2.93134594e-03	1.04405456e-04
1.05000000e+00	2.91168209e-03	1.03094650e-04
1.05500000e+00	2.91867907e-03	1.01705628e-04
1.06000000e+00	2.91977241e-03	1.01601759e-04
1.06500000e+00	2.94281301e-03	1.02314886e-04
1.07000000e+00	2.92253297e-03	1.01513550e-04
1.07500000e+00	2.96681857e-03	1.02200182e-04
1.08000000e+00	2.95682151e-03	1.01401315e-04
1.08500000e+00	2.96113085e-03	1.01654668e-04
1.09000000e+00	2.96589670e-03	1.02249214e-04
1.09500000e+00	2.95431344e-03	9.99741091e-05
1.10000000e+00	2.99776705e-03	1.02039277e-04
1.10500000e+00	2.99990838e-03	1.02369541e-04
1.11000000e+00	2.97783350e-03	1.01825373e-04
1.11500000e+00	3.01429756e-03	1.02185037e-04
1.12000000e+00	3.02238587e-03	1.02984734e-04
1.12500000e+00	3.04125767e-03	1.03382230e-04
1.13000000e+00	3.02971636e-03	1.04189392e-04
1.13500000e+00	3.03017569e-03	1.02931447e-04
1.14000000e+00	3.06813553e-03	1.04038683e-04
1.14500000e+00	3.05931721e-03	1.04667009e-04
1.15000000e+00	3.03820443e-03	1.04320432e-04
1.15500000e+00	3.07395425e-03	1.04566541e-04
1.16000000e+00	3.08929818e-03	1.05408259e-04
1.16500000e+00	3.10616077e-03	1.05854809e-04
1.17000000e+00	3.11743106e-03	1.07590270e-04
1.17500000e+00	3.10637299e-03	1.05697533e-04
1.18000000e+00	3.12433469e-03	1.06723102e-04
1.18500000e+00	3.12964524e-03	1.06697508e-04
1.19000000e+00	3.12124991e-03	1.07627669e-04
1.19500000e+00	3.14593520e-03	1.07141509e-04
1.20000000e+00	3.16096879e-03	1.08256496e-04
1.20500000e+00	3.16507150e-03	1.08303054e-04
1.21000000e+00	3.14357879e-03	1.08831649e-04
1.21500000e+00	3.16309037e-03	1.07868321e-04
1.22000000e+00	3.17498349e-03	1.08305824e-04
1.22500000e+00	3.16035991e-03	1.08377928e-04
1.23000000e+00	3.21538197e-03	1.10987271e-04
1.23500000e+00	3.18929324e-03	1.09350097e-04
1.24000000e+00	3.20366038e-03	1.09368334e-04
1.24500000e+00	3.18811441e-03	1.09658979e-04
1.25000000e+00	3.21883031e-03	1.11275234e-04
1.25500000e+00	3.20266182e-03	1.09534143e-04
1.26000000e+00	3.22877513e-03	1.11011861e-04
1.26500000e+00	3.21807685e-03	1.10279842e-04
1.27000000e+00	3.24396078e-03	1.12717697e-04
1.27500000e+00	3.21922212e-03	1.10825595e-04
1.28000000e+00	3.23487012e-03	1.10607410e-04
1.28500000e+00	3.22951279e-03	1.11049021e-04
1.29000000e+00	3.22934413e-03	1.12054171e-04
1.29500000e+00	3.24051348e-03	1.11150284e-04
1.30000000e+00	3.24993110e-03	1.11338587e-04
1.30500000e+00	3.25579616e-03	1.12087414e-04
1.31000000e+00	3.25328231e-03	1.13295793e-04
1.31500000e+00	3.25689531e-03	1.12058738e-04
1.32000000e+00	3.27759528e-03	1.12601284e-04
1.32500000e+00	3.26150997e-03	1.12390332e-04
1.33000000e+00	3.25547716e-03	1.13457358e-04
1.33500000e+00	3.26711424e-03	1.12294559e-04
1.34000000e+00	3.27394758e-03	1.12791381e-04
1.34500000e+00	3.25182560e-03	1.12303857e-04
1.35000000e+00	3.26991630e-03	1.13971104e-04
1.35500000e+00	3.26910642e-03	1.12546423e-04
1.36000000e+00	3.26297862e-03	1.12142790e-04
1.36500000e+00	3.27249625e-03	1.12814325e-04
1.37000000e+00	3.25713955e-03	1.13951476e-04
1.37500000e+00	3.27334961e-03	1.12719077e-04
1.38000000e+00	3.25784232e-03	1.12407794e-04
1.38500000e+00	3.27444096e-03	1.13634058e-04
1.39000000e+00	3.25766886e-03	1.13801600e-04
1.39500000e+00	3.28328163e-03	1.13011727e-04
1.40000000e+00	3.29572892e-03	1.16857154e-04
1.40500000e+00	3.27565680e-03	1.25141263e-04
1.41000000e+00	3.26595348e-03	1.30500434e-04
1.41500000e+00	3.23882269e-03	1.34131608e-04
1.42000000e+00	3.23776995e-03	1.39457021e-04
1.42500000e+00	3.22551502e-03	1.43000864e-04
1.43000000e+00	3.19726080e-03	1.47127264e-04
1.43500000e+00	3.18559560e-03	1.51032452e-04
1.44000000e+00	3.17146694e-03	1.56263699e-04
1.44500000e+00	3.16376940e-03	1.60047389e-04
1.45000000e+00	3.23499309e-03	1.58080856e-04
1.45500000e+00	3.29524769e-03	1.44804663e-04
1.46000000e+00	3.26881326e-03	1.40264587e-04
1.46500000e+00	3.24451056e-03	1.36796806e-04
1.47000000e+00	3.24750685e-03	1.36596329e-04
1.47500000e+00	3.27130964e-03	1.33563509e-04
1.48000000e+00	3.25576907e-03	1.31567321e-04
1.48500000e+00	3.29871002e-03	1.33300071e-04
1.49000000e+00	3.27989175e-03	1.32947407e-04
1.49500000e+00	3.28437889e-03	1.30169717e-04
1.50000000e+00	3.31346547e-03	1.30906560e-04
1.50500000e+00	3.26788647e-03	1.29751025e-04
1.51000000e+00	3.29875137e-03	1.31312897e-04
1.51500000e+00	3.31920312e-03	1.29826913e-04
1.52000000e+00	3.36626229e-03	1.31271062e-04
1.52500000e+00	3.35086501e-03	1.30509050e-04
1.53000000e+00	3.33211038e-03	1.30622924e-04
1.53500000e+00	3.26144624e-03	1.24201710e-04
1.54000000e+00	3.25471096e-03	1.23837039e-04
1.54500000e+00	3.23778960e-03	1.22858031e-04
1.55000000e+00	3.23468440e-03	1.22363679e-04
1.55500000e+00	3.22910931e-03	1.19401674e-04
1.56000000e+00	3.20206424e-03	1.18683267e-04
1.56500000e+00	3.20043515e-03	1.18010590e-04
1.57000000e+00	3.17638196e-03	1.16386796e-04
1.57500000e+00	3.17823495e-03	1.14112991e-04
1.58000000e+00	3.13768945e-03	1.12594549e-04
1.58500000e+00	3.15488186e-03	1.13170369e-04
1.59000000e+00	3.14683881e-03	1.12899388e-04
1.59500000e+00	3.14516053e-03	1.10705967e-04
1.60000000e+00	3.10674830e-03	1.09366481e-04
1.60500000e+00	3.10837176e-03	1.09439940e-04
1.61000000e+00	3.09939096e-03	1.08734373e-04
1.61500000e+00	3.10468576e-03	1.07846686e-04
1.62000000e+00	3.09981738e-03	1.08198757e-04
1.62500000e+00	3.07946449e-03	1.08712607e-04
1.63000000e+00	3.07897364e-03	1.07512725e-04
1.63500000e+00	3.06906304e-03	1.07246613e-04
1.64000000e+00	3.07392121e-03	1.07319966e-04
1.64500000e+00	3.04431130e-03	1.07606449e-04
1.65000000e+00	3.05455470e-03	1.06711706e-04
1.65500000e+00	3.03459489e-03	1.05917910e-04
1.66000000e+00	3.02033305e-03	1.05481197e-04
1.66500000e+00	3.03266942e-03	1.07697350e-04
1.67000000e+00	3.01571630e-03	1.04899448e-04
1.67500000e+00	3.01002411e-03	1.04933366e-04
1.68000000e+00	2.98988940e-03	1.04535223e-04
1.68500000e+00	3.00522829e-03	1.06875645e-04
1.69000000e+00	2.99984515e-03	1.04610585e-04
1.69500000e+00	2.96397443e-03	1.03166604e-04
1.70000000e+00	2.96563245e-03	1.04392345e-04
1.70500000e+00	2.97590176e-03	1.05320978e-04
1.71000000e+00	2.95729156e-03	1.03245718e-04
1.71500000e+00	2.95766085e-03	1.03251006e-04
1.72000000e+00	2.94852647e-03	1.03689623e-04
1.72500000e+00	2.95539259e-03	1.04587323e-04
1.73000000e+00	2.95131908e-03	1.02986805e-04
1.73500000e+00	2.95114614e-03	1.03266009e-04
1.74000000e+00	2.90188747e-03	1.01881410e-04
1.74500000e+00	2.89267068e-03	1.02801767e-04
1.75000000e+00	2.90475423e-03	1.01123608e-04
1.75500000e+00	2.91618120e-03	1.02211595e-04
1.76000000e+00	2.89827354e-03	1.01550264e-04
1.76500000e+00	2.89591542e-03	1.02784655e-04
1.77000000e+00	2.87109861e-03	1.00101919e-04
1.77500000e+00	2.88449501e-03	1.00927733e-04
1.78000000e+00	2.86097300e-03	1.00458347e-04
1.78500000e+00	2.84800366e-03	1.01060945e-04
1.79000000e+00	2.86122094e-03	9.98746351e-05
1.79500000e+00	2.85671026e-03	1.00059956e-04
1.80000000e+00	2.84804422e-03	1.00279378e-04
1.80500000e+00	2.82456612e-03	1.00032828e-04
1.81000000e+00	2.84330934e-03	9.92468687e-05
1.81500000e+00	2.82203446e-03	9.85123945e-05
1.82000000e+00	2.80978783e-03	9.87749588e-05
1.82500000e+00	2.81231473e-03	9.94421282e-05
1.83000000e+00	2.80939512e-03	9.80862966e-05
1.83500000e+00	2.78084399e-03	9.73699989e-05
1.84000000e+00	2.78133900e-03	9.78651888e-05
1.84500000e+00	2.76906051e-03	9.79930656e-05
1.85000000e+00	2.76968357e-03	9.69097450e-05
1.85500000e+00	2.76334940e-03	9.66884569e-05
1.86000000e+00	2.74680776e-03	9.67875413e-05
1.86500000e+00	2.74600179e-03	9.70237470e-05
1.87000000e+00	2.72416489e-03	9.51877180e-05
1.87500000e+00	2.75165072e-03	9.63931012e-05
1.88000000e+00	2.73534763e-03	9.62203083e-05
1.88500000e+00	2.72324381e-03	9.64295079e-05
1.89000000e+00	2.70558971e-03	9.44941031e-05
1.89500000e+00	2.72278199e-03	9.55360771e-05
1.90000000e+00	2.69622654e-03	9.49534301e-05
1.90500000e+00	2.68149075e-03	9.44201290e-05
1.91000000e+00	2.66123024e-03	9.31760972e-05
1.91500000e+00	2.65916062e-03	9.31320472e-05
1.92000000e+00	2.65028832e-03	9.33142090e-05
1.92500000e+00	2.64384382e-03	9.32360325e-05
1.93000000e+00	2.63419805e-03	9.20737478e-05
1.93500000e+00	2.61998862e-03	9.18224426e-05
1.94000000e+00	2.61922717e-03	9.24924972e-05
1.94500000e+00	2.61855368e-03	9.21941063e-05
1.95000000e+00	2.60442448e-03	9.08786477e-05
1.95500000e+00	2.58740354e-03	9.06809898e-05
1.96000000e+00	2.58078376e-03	9.09824649e-05
1.96500000e+00	2.57595988e-03	9.09012388e-05
1.97000000e+00	2.54274172e-03	8.86317631e-05
1.97500000e+00	2.57985204e-03	9.04879793e-05
1.98000000e+00	2.54424352e-03	8.96445664e-05
1.98500000e+00	2.53330742e-03	8.95281768e-05
1.99000000e+00	2.51838598e-03	8.78180753e-05
1.99500000e+00	2.52075572e-03	8.83752113e-05
2.00000000e+00	2.50394989e-03	8.83640306e-05
2.00500000e+00	2.52094433e-03	8.91112632e-05
2.01000000e+00	2.51665725e-03	9.76428139e-05
2.01500000e+00	2.47852915e-03	1.02046368e-04
2.02000000e+00	2.44999007e-03	1.07578431e-04
2.02500000e+00	2.47428062e-03	1.12837406e-04
2.03000000e+00	2.46971546e-03	1.19331741e-04
2.03500000e+00	2.40256679e-03	1.21303980e-04
2.04000000e+00	2.41983647e-03	1.27593865e-04
2.04500000e+00	2.37841650e-03	1.32149552e-04
2.05000000e+00	2.37175386e-03	1.38240052e-04
2.05500000e+00	2.41309696e-03	1.37891892e-04
2.06000000e+00	2.44448698e-03	1.21626086e-04
2.06500000e+00	2.41011286e-03	1.14383648e-04
2.07000000e+00	2.40534840e-03	1.08308440e-04
2.07500000e+00	2.38543981e-03	1.04875103e-04
2.08000000e+00	2.38258066e-03	1.04517696e-04
2.08500000e+00	2.36664509e-03	1.02904950e-04
2.09000000e+00	2.37166344e-03	1.00032667e-04
2.09500000e+00	2.38693542e-03	9.97193809e-05
2.10000000e+00	2.36118936e-03	9.79099437e-05
2.10500000e+00	2.33686101e-03	9.65210788e-05
2.11000000e+00	2.36469517e-03	9.42219184e-05
2.11500000e+00	2.34881574e-03	9.25839728e-05
2.12000000e+00	2.32861871e-03	9.13716330e-05
2.12500000e+00	2.32057353e-03	9.07770272e-05
2.13000000e+00	2.28777971e-03	8.57988470e-05
2.13500000e+00	2.28442609e-03	8.46600181e-05
2.14000000e+00	2.25740693e-03	8.29171201e-05
2.14500000e+00	2.26523198e-03	8.34228882e-05
2.15000000e+00	2.26487466e-03	8.06209986e-05
2.15500000e+00	2.22899169e-03	7.95437116e-05
2.16000000e+00	2.22181755e-03	7.89028370e-05
2.16500000e+00	2.22306049e-03	7.94613384e-05
2.17000000e+00	2.20690344e-03	7.70148808e-05
2.17500000e+00	2.20789170e-03	7.72263626e-05
2.18000000e+00	2.18521583e-03	7.66385890e-05
2.18500000e+00	2.18093127e-03	7.68429282e-05
2.19000000e+00	2.15517916e-03	7.57524297e-05
2.19500000e+00	2.15671715e-03	7.53173226e-05
2.20000000e+00	2.13944681e-03	7.49676809e-05
2.20500000e+00	2.16077213e-03	7.59643725e-05
2.21000000e+00	2.12406395e-03	7.50002208e-05
2.21500000e+00	2.12339370e-03	7.42076931e-05
2.22000000e+00	2.09917369e-03	7.32708951e-05
2.22500000e+00	2.08429966e-03	7.34387435e-05
2.23000000e+00	2.06328828e-03	7.30755672e-05
2.23500000e+00	2.07185674e-03	7.23005098e-05
2.24000000e+00	2.04642215e-03	7.15090396e-05
2.24500000e+00	2.04161085e-03	7.17652915e-05
2.25000000e+00	2.02934304e-03	7.20015998e-05
2.25500000e+00	2.00050842e-03	6.97150556e-05
2.26000000e+00	1.99123751e-03	6.96166882e-05
2.26500000e+00	1.97228703e-03	6.92623576e-05
2.27000000e+00	1.98278308e-03	7.05222776e-05
2.27500000e+00	1.96493344e-03	6.85473798e-05
2.28000000e+00	1.94093036e-03	6.76657843e-05
2.28500000e+00	1.93048495e-03	6.77988974e-05
2.29000000e+00	1.89180386e-03	6.68779839e-05
2.29500000e+00	1.88798617e-03	6.64481577e-05
2.30000000e+00	1.89607972e-03	6.61095378e-05
2.30500000e+00	1.89094715e-03	6.60851226e-05
2.31000000e+00	1.87819470e-03	6.60720275e-05
2.31500000e+00	1.85520833e-03	6.57417501e-05
2.32000000e+00	1.84486218e-03	6.40402144e-05
2.32500000e+00	1.83176623e-03	6.41437099e-05
2.33000000e+00	1.82391396e-03	6.39833766e-05
2.33500000e+00	1.81148841e-03	6.42595468e-05
2.34000000e+00	1.80712996e-03	6.29681013e-05
2.34500000e+00	1.78215020e-03	6.21587528e-05
2.35000000e+00	1.78727414e-03	6.25323824e-05
2.35500000e+00	1.77017740e-03	6.27963893e-05
2.36000000e+00	1.74028172e-03	6.08371630e-05
2.36500000e+00	1.73193867e-03	6.05514944e-05
2.37000000e+00	1.72963178e-03	6.04908463e-05
2.37500000e+00	1.71867014e-03	6.05877664e-05
2.38000000e+00	1.71761885e-03	6.09504143e-05
2.38500000e+00	1.69992065e-03	5.94511493e-05
2.39000000e+00	1.69944399e-03	5.95914452e-05
2.39500000e+00	1.68246906e-03	5.92856914e-05
2.40000000e+00	1.67794611e-03	5.99358265e-05
2.40500000e+00	1.66752633e-03	5.84364877e-05
2.41000000e+00	1.64550197e-03	5.78427734e-05
2.41500000e+00	1.65519116e-03	5.82308677e-05
2.42000000e+00	1.63625528e-03	5.82871437e-05
2.42500000e+00	1.61988779e-03	5.75913352e-05
2.43000000e+00	1.62904606e-03	5.73770137e-05
2.43500000e+00	1.60662098e-03	5.68712395e-05
2.44000000e+00	1.58988709e-03	5.63056252e-05
2.44500000e+00	1.57910628e-03	5.67060069e-05
2.45000000e+00	1.58723484e-03	5.60481860e-05
2.45500000e+00	1.57742638e-03	5.58276802e-05
2.46000000e+00	1.56195797e-03	5.55504489e-05
2.46500000e+00	1.55710710e-03	5.60426925e-05
2.47000000e+00	1.55479127e-03	5.53072323e-05
2.47500000e+00	1.53880505e-03	5.44233624e-05
2.48000000e+00	1.53539466e-03	5.48241797e-05
2.48500000e+00	1.52960069e-03	5.45802868e-05
2.49000000e+00	1.51400755e-03	5.47708635e-05
2.49500000e+00	1.50274703e-03	5.33456007e-05
2.50000000e+00	1.48836939e-03	5.29932090e-05
2.50500000e+00	1.49647708e-03	5.35863781e-05
2.51000000e+00	1.47073201e-03	5.30828697e-05
2.51500000e+00	1.46809649e-03	5.30675019e-05
2.52000000e+00	1.45042258e-03	5.19716771e-05
2.52500000e+00	1.46183281e-03	5.25750140e-05
2.53000000e+00	1.43548083e-03	5.21079719e-05
2.53500000e+00	1.44899712e-03	5.33280464e-05
2.54000000e+00	1.43003643e-03	5.16784803e-05
2.54500000e+00	1.42295176e-03	5.15771375e-05
2.55000000e+00	1.42815632e-03	5.21109451e-05
2.55500000e+00	1.41486615e-03	5.20518957e-05
2.56000000e+00	1.39926869e-03	5.17855745e-05
2.56500000e+00	1.38577061e-03	5.07601618e-05
2.57000000e+00	1.38693434e-03	5.10425038e-05
2.57500000e+00	1.38171769e-03	5.10052109e-05
2.58000000e+00	1.38246672e-03	5.17573247e-05
2.58500000e+00	1.35686951e-03	5.04693672e-05
2.59000000e+00	1.36734523e-03	5.06739621e-05
2.59500000e+00	1.36837451e-03	5.09875710e-05
2.60000000e+00	1.35634589e-03	5.08373436e-05
2.60500000e+00	1.34801563e-03	5.17933467e-05
2.61000000e+00	1.34300365e-03	5.87734769e-05
2.61500000e+00	1.34314143e-03	6.49293899e-05
2.62000000e+00	1.27096747e-03	6.77735438e-05
2.62500000e+00	1.28701572e-03	7.42318548e-05
2.63000000e+00	1.30655455e-03	8.29932430e-05
2.63500000e+00	1.33996560e-03	9.44456624e-05
2.64000000e+00	1.31994722e-03	1.02665679e-04
2.64500000e+00	1.35698524e-03	1.12447367e-04
2.65000000e+00	1.31706209e-03	1.15379884e-04
2.65500000e+00	1.33749540e-03	1.27418681e-04
2.66000000e+00	1.23185047e-03	1.24410334e-04
2.66500000e+00	1.30831592e-03	1.48467736e-04
2.67000000e+00	1.28719254e-03	1.58692711e-04
2.67500000e+00	1.19774654e-03	1.72363665e-04
2.68000000e+00	1.14768269e-03	1.91564598e-04
2.68500000e+00	1.17028218e-03	2.61052202e-04
2.69000000e+00	1.08283904e-03	3.92506753e-04
2.69500000e+00	0.00000000e+00	0.00000000e+00
2.70000000e+00	0.00000000e+00	0.00000000e+00
