% Filename : WDL1_00005_00004.h5
% Date & Time : 30-Oct-2025 14:23:48
% X-ray Energy (keV) : 13.30001
% Exposure Time (s) : 0.500
% Photodiode Value : 134899.000
% I0 of Sample : 0
% I0 of Standard : 1
% 
% q(A^-1)   I(q)    I(q)_SE
8.40000000e-01	0.00000000e+00	0.00000000e+00
8.45000000e-01	2.80125124e-03	4.91227091e-04
8.50000000e-01	2.67134835e-03	2.48007982e-04
8.55000000e-01	2.60569318e-03	2.13533455e-04
8.60000000e-01	2.65521162e-03	1.87955852e-04
8.65000000e-01	2.62811212e-03	1.71499384e-04
8.70000000e-01	2.63034821e-03	1.63379210e-04
8.75000000e-01	2.62781897e-03	1.57065593e-04
8.80000000e-01	2.60030956e-03	1.50328517e-04
8.85000000e-01	2.63499307e-03	1.44186883e-04
8.90000000e-01	2.61539821e-03	1.39952093e-04
8.95000000e-01	2.64072476e-03	1.37321268e-04
9.00000000e-01	2.66124991e-03	1.37014092e-04
9.05000000e-01	2.66176753e-03	1.31025445e-04
9.10000000e-01	2.68778409e-03	1.30000475e-04
9.15000000e-01	2.68024283e-03	1.27552112e-04
9.20000000e-01	2.67246300e-03	1.27036808e-04
9.25000000e-01	2.70665024e-03	1.23165897e-04
9.30000000e-01	2.68341891e-03	1.20822523e-04
9.35000000e-01	2.68025318e-03	1.18326894e-04
9.40000000e-01	2.68721852e-03	1.19016312e-04
9.45000000e-01	2.70880051e-03	1.16986887e-04
9.50000000e-01	2.73719118e-03	1.16455657e-04
9.55000000e-01	2.71083255e-03	1.13289055e-04
9.60000000e-01	2.69586810e-03	1.12862961e-04
9.65000000e-01	2.73231277e-03	1.12340250e-04
9.70000000e-01	2.73086295e-03	1.10488633e-04
9.75000000e-01	2.72761251e-03	1.09111541e-04
9.80000000e-01	2.72536271e-03	1.08150718e-04
9.85000000e-01	2.76979036e-03	1.10023447e-04
9.90000000e-01	2.74383685e-03	1.05738863e-04
9.95000000e-01	2.76578687e-03	1.05926061e-04
1.00000000e+00	2.75657026e-03	1.05145663e-04
1.00500000e+00	2.72953643e-03	1.04133629e-04
1.01000000e+00	2.75859004e-03	1.02930681e-04
1.01500000e+00	2.73430844e-03	1.01205834e-04
1.02000000e+00	2.73676465e-03	1.01283183e-04
1.02500000e+00	2.72882005e-03	9.97742586e-05
1.03000000e+00	2.74796817e-03	1.00079238e-04
1.03500000e+00	2.73253841e-03	9.80887346e-05
1.04000000e+00	2.72456406e-03	9.72480784e-05
1.04500000e+00	2.73391355e-03	9.75527211e-05
1.05000000e+00	2.72347030e-03	9.66438548e-05
1.05500000e+00	2.71255900e-03	9.48328308e-05
1.06000000e+00	2.68407644e-03	9.36031843e-05
1.06500000e+00	2.71512062e-03	9.47611446e-05
1.07000000e+00	2.70487256e-03	9.42948702e-05
1.07500000e+00	2.74421028e-03	9.48168693e-05
1.08000000e+00	2.74026111e-03	9.41863260e-05
1.08500000e+00	2.75252476e-03	9.47050804e-05
1.09000000e+00	2.74962109e-03	9.51302828e-05
1.09500000e+00	2.74938334e-03	9.31271952e-05
1.10000000e+00	2.75692184e-03	9.40452968e-05
1.10500000e+00	2.76139706e-03	9.44890072e-05
1.11000000e+00	2.75539649e-03	9.45137226e-05
1.11500000e+00	2.78295236e-03	9.47142049e-05
1.12000000e+00	2.80067091e-03	9.56660659e-05
1.12500000e+00	2.78571884e-03	9.49079952e-05
1.13000000e+00	2.79699433e-03	9.63316345e-05
1.13500000e+00	2.80312293e-03	9.54259454e-05
1.14000000e+00	2.83350887e-03	9.63151827e-05
1.14500000e+00	2.80521998e-03	9.61484752e-05
1.15000000e+00	2.83314877e-03	9.76459596e-05
1.15500000e+00	2.85661294e-03	9.72964785e-05
1.16000000e+00	2.83633380e-03	9.69086743e-05
1.16500000e+00	2.86092818e-03	9.77170024e-05
1.17000000e+00	2.84882770e-03	9.85328519e-05
1.17500000e+00	2.87372584e-03	9.78458991e-05
1.18000000e+00	2.85660183e-03	9.77601076e-05
1.18500000e+00	2.88583706e-03	9.86716060e-05
1.19000000e+00	2.87762371e-03	9.94243748e-05
1.19500000e+00	2.87889652e-03	9.81226046e-05
1.20000000e+00	2.87259364e-03	9.85531700e-05
1.20500000e+00	2.88780360e-03	9.89594138e-05
1.21000000e+00	2.89541433e-03	1.00366373e-04
1.21500000e+00	2.89631870e-03	9.89109329e-05
1.22000000e+00	2.89137265e-03	9.88367662e-05
1.22500000e+00	2.89866649e-03	9.95073226e-05
1.23000000e+00	2.89205555e-03	1.00043738e-04
1.23500000e+00	2.89716237e-03	9.95065566e-05
1.24000000e+00	2.91772476e-03	9.97816156e-05
1.24500000e+00	2.90225650e-03	1.00045119e-04
1.25000000e+00	2.88960293e-03	1.00097403e-04
1.25500000e+00	2.89689785e-03	9.91381389e-05
1.26000000e+00	2.91441129e-03	1.00371994e-04
1.26500000e+00	2.90169277e-03	9.95827954e-05
1.27000000e+00	2.92197711e-03	1.01830013e-04
1.27500000e+00	2.91088747e-03	1.00379345e-04
1.28000000e+00	2.92866433e-03	1.00249886e-04
1.28500000e+00	2.90759055e-03	1.00133142e-04
1.29000000e+00	2.91389132e-03	1.01282427e-04
1.29500000e+00	2.92790786e-03	1.00678545e-04
1.30000000e+00	2.92962164e-03	1.00531027e-04
1.30500000e+00	2.91905929e-03	1.00664107e-04
1.31000000e+00	2.93069730e-03	1.02256501e-04
1.31500000e+00	2.90879955e-03	1.00246106e-04
1.32000000e+00	2.93070099e-03	1.00728251e-04
1.32500000e+00	2.92517165e-03	1.00861363e-04
1.33000000e+00	2.93825958e-03	1.02632080e-04
1.33500000e+00	2.91655185e-03	1.00493385e-04
1.34000000e+00	2.92358137e-03	1.00837154e-04
1.34500000e+00	2.92213284e-03	1.01055002e-04
1.35000000e+00	2.90803059e-03	1.01551075e-04
1.35500000e+00	2.90748898e-03	1.00195274e-04
1.36000000e+00	2.91370981e-03	1.00304018e-04
1.36500000e+00	2.88506023e-03	9.96157342e-05
1.37000000e+00	2.90642600e-03	1.01761946e-04
1.37500000e+00	2.90514779e-03	1.00271497e-04
1.38000000e+00	2.92855282e-03	1.01253616e-04
1.38500000e+00	2.92062995e-03	1.01529914e-04
1.39000000e+00	2.88927355e-03	1.01085565e-04
1.39500000e+00	2.92745056e-03	1.00931980e-04
1.40000000e+00	2.93591918e-03	1.04217348e-04
1.40500000e+00	2.90320984e-03	1.11105440e-04
1.41000000e+00	2.86089257e-03	1.14609509e-04
1.41500000e+00	2.86099972e-03	1.18652365e-04
1.42000000e+00	2.84264806e-03	1.22735549e-04
1.42500000e+00	2.85180203e-03	1.26782138e-04
1.43000000e+00	2.82512103e-03	1.30177302e-04
1.43500000e+00	2.79553981e-03	1.32823795e-04
1.44000000e+00	2.77849564e-03	1.37230461e-04
1.44500000e+00	2.77859546e-03	1.40574750e-04
1.45000000e+00	2.85663007e-03	1.40111493e-04
1.45500000e+00	2.88065092e-03	1.26717027e-04
1.46000000e+00	2.86194353e-03	1.22984181e-04
1.46500000e+00	2.86590900e-03	1.20987917e-04
1.47000000e+00	2.85328045e-03	1.20113853e-04
1.47500000e+00	2.84866161e-03	1.16566718e-04
1.48000000e+00	2.84177200e-03	1.15001193e-04
1.48500000e+00	2.86876894e-03	1.16089575e-04
1.49000000e+00	2.85242779e-03	1.15792523e-04
1.49500000e+00	2.86996881e-03	1.13924905e-04
1.50000000e+00	2.85164439e-03	1.12863936e-04
1.50500000e+00	2.87230886e-03	1.14155188e-04
1.51000000e+00	2.86703499e-03	1.14142408e-04
1.51500000e+00	2.86400802e-03	1.12265059e-04
1.52000000e+00	2.85593524e-03	1.11503000e-04
1.52500000e+00	2.87284174e-03	1.12080872e-04
1.53000000e+00	2.87282556e-03	1.12740110e-04
1.53500000e+00	2.86252660e-03	1.09126267e-04
1.54000000e+00	2.86198836e-03	1.08992914e-04
1.54500000e+00	2.85055252e-03	1.08332370e-04
1.55000000e+00	2.84369192e-03	1.07769472e-04
1.55500000e+00	2.80868615e-03	1.04091684e-04
1.56000000e+00	2.82956104e-03	1.05030388e-04
1.56500000e+00	2.79498252e-03	1.03294803e-04
1.57000000e+00	2.78607023e-03	1.02135299e-04
1.57500000e+00	2.78227105e-03	1.00116488e-04
1.58000000e+00	2.75854101e-03	9.90392399e-05
1.58500000e+00	2.75768734e-03	9.90907537e-05
1.59000000e+00	2.76439430e-03	9.93671999e-05
1.59500000e+00	2.74439147e-03	9.67947112e-05
1.60000000e+00	2.74708899e-03	9.68395133e-05
1.60500000e+00	2.72955629e-03	9.62670365e-05
1.61000000e+00	2.72541554e-03	9.57456292e-05
1.61500000e+00	2.71994969e-03	9.46971025e-05
1.62000000e+00	2.70001430e-03	9.44189136e-05
1.62500000e+00	2.71384861e-03	9.59190331e-05
1.63000000e+00	2.68350479e-03	9.38819214e-05
1.63500000e+00	2.71320113e-03	9.47755100e-05
1.64000000e+00	2.69028290e-03	9.41233976e-05
1.64500000e+00	2.70209764e-03	9.55615624e-05
1.65000000e+00	2.69203252e-03	9.41743521e-05
1.65500000e+00	2.67756623e-03	9.35666972e-05
1.66000000e+00	2.67357811e-03	9.35623137e-05
1.66500000e+00	2.66950351e-03	9.50379092e-05
1.67000000e+00	2.66086888e-03	9.26389879e-05
1.67500000e+00	2.64226458e-03	9.22163713e-05
1.68000000e+00	2.63445221e-03	9.22074794e-05
1.68500000e+00	2.62162063e-03	9.33602658e-05
1.69000000e+00	2.63134377e-03	9.18623390e-05
1.69500000e+00	2.63566879e-03	9.19292900e-05
1.70000000e+00	2.63090803e-03	9.28133173e-05
1.70500000e+00	2.61697621e-03	9.26429934e-05
1.71000000e+00	2.62545063e-03	9.18193013e-05
1.71500000e+00	2.59097370e-03	9.04852861e-05
1.72000000e+00	2.58078949e-03	9.08890178e-05
1.72500000e+00	2.59092529e-03	9.17475697e-05
1.73000000e+00	2.58530952e-03	9.03930761e-05
1.73500000e+00	2.58719974e-03	9.06934875e-05
1.74000000e+00	2.57671989e-03	9.05464487e-05
1.74500000e+00	2.57401817e-03	9.15981699e-05
1.75000000e+00	2.57214522e-03	8.97329082e-05
1.75500000e+00	2.56350107e-03	9.00648045e-05
1.76000000e+00	2.53579448e-03	8.90820769e-05
1.76500000e+00	2.54778750e-03	9.05846577e-05
1.77000000e+00	2.54796146e-03	8.90626401e-05
1.77500000e+00	2.53928701e-03	8.89766250e-05
1.78000000e+00	2.52345731e-03	8.87022068e-05
1.78500000e+00	2.50468728e-03	8.89688045e-05
1.79000000e+00	2.51568609e-03	8.78354505e-05
1.79500000e+00	2.49725513e-03	8.75305359e-05
1.80000000e+00	2.49905731e-03	8.81019606e-05
1.80500000e+00	2.48103998e-03	8.79917069e-05
1.81000000e+00	2.48672759e-03	8.68795093e-05
1.81500000e+00	2.47001576e-03	8.63997072e-05
1.82000000e+00	2.46061564e-03	8.65819679e-05
1.82500000e+00	2.47108101e-03	8.75642927e-05
1.83000000e+00	2.46155971e-03	8.60673840e-05
1.83500000e+00	2.44829972e-03	8.57668352e-05
1.84000000e+00	2.42295171e-03	8.53992575e-05
1.84500000e+00	2.43706609e-03	8.63386769e-05
1.85000000e+00	2.42393792e-03	8.49010506e-05
1.85500000e+00	2.41733925e-03	8.47228715e-05
1.86000000e+00	2.41229864e-03	8.50744706e-05
1.86500000e+00	2.38616125e-03	8.44239496e-05
1.87000000e+00	2.40749547e-03	8.42479628e-05
1.87500000e+00	2.39632492e-03	8.40938885e-05
1.88000000e+00	2.39835927e-03	8.45722153e-05
1.88500000e+00	2.37770938e-03	8.42795710e-05
1.89000000e+00	2.38147699e-03	8.32234219e-05
1.89500000e+00	2.35820927e-03	8.29512533e-05
1.90000000e+00	2.35578118e-03	8.30699538e-05
1.90500000e+00	2.34008534e-03	8.26054197e-05
1.91000000e+00	2.33249793e-03	8.17741341e-05
1.91500000e+00	2.30960875e-03	8.10812111e-05
1.92000000e+00	2.32326747e-03	8.19036536e-05
1.92500000e+00	2.31659475e-03	8.18296747e-05
1.93000000e+00	2.31096754e-03	8.09006382e-05
1.93500000e+00	2.31195564e-03	8.11494227e-05
1.94000000e+00	2.29879603e-03	8.13247375e-05
1.94500000e+00	2.30304680e-03	8.12338362e-05
1.95000000e+00	2.28412314e-03	7.99000757e-05
1.95500000e+00	2.27362517e-03	7.98249241e-05
1.96000000e+00	2.26410406e-03	7.99923747e-05
1.96500000e+00	2.26572049e-03	8.00569177e-05
1.97000000e+00	2.26065174e-03	7.89311162e-05
1.97500000e+00	2.26815211e-03	7.97415751e-05
1.98000000e+00	2.26297508e-03	7.98759480e-05
1.98500000e+00	2.22793421e-03	7.88063303e-05
1.99000000e+00	2.20792399e-03	7.71436950e-05
1.99500000e+00	2.20853486e-03	7.74657890e-05
2.00000000e+00	2.22234192e-03	7.84905121e-05
2.00500000e+00	2.24903892e-03	7.96029269e-05
2.01000000e+00	2.20190157e-03	8.56251694e-05
2.01500000e+00	2.19184117e-03	9.04660166e-05
2.02000000e+00	2.15823512e-03	9.49282798e-05
2.02500000e+00	2.16161596e-03	9.88837635e-05
2.03000000e+00	2.12324224e-03	1.02832483e-04
2.03500000e+00	2.13044024e-03	1.07910825e-04
2.04000000e+00	2.11567312e-03	1.12036163e-04
2.04500000e+00	2.07442088e-03	1.15418409e-04
2.05000000e+00	2.08881967e-03	1.22167214e-04
2.05500000e+00	2.13307357e-03	1.21939360e-04
2.06000000e+00	2.14189853e-03	1.06597237e-04
2.06500000e+00	2.10927829e-03	1.00369221e-04
2.07000000e+00	2.09421844e-03	9.43713720e-05
2.07500000e+00	2.10765091e-03	9.28405508e-05
2.08000000e+00	2.10440150e-03	9.24909110e-05
2.08500000e+00	2.09359227e-03	9.11874953e-05
2.09000000e+00	2.08624779e-03	8.82916814e-05
2.09500000e+00	2.09691428e-03	8.76612953e-05
2.10000000e+00	2.08886413e-03	8.67529452e-05
2.10500000e+00	2.06863599e-03	8.56956138e-05
2.11000000e+00	2.06526578e-03	8.23683350e-05
2.11500000e+00	2.06354328e-03	8.15092681e-05
2.12000000e+00	2.04608479e-03	8.04403413e-05
2.12500000e+00	2.02752599e-03	7.94306920e-05
2.13000000e+00	1.98757503e-03	7.47440780e-05
2.13500000e+00	1.97812428e-03	7.34098563e-05
2.14000000e+00	1.97040755e-03	7.25185522e-05
2.14500000e+00	1.95816569e-03	7.23098321e-05
2.15000000e+00	1.92617832e-03	6.87675425e-05
2.15500000e+00	1.93801147e-03	6.92988413e-05
2.16000000e+00	1.92850015e-03	6.86359927e-05
2.16500000e+00	1.92998063e-03	6.91161545e-05
2.17000000e+00	1.92597435e-03	6.73017825e-05
2.17500000e+00	1.91399406e-03	6.70549019e-05
2.18000000e+00	1.89237866e-03	6.65462211e-05
2.18500000e+00	1.89599794e-03	6.69372734e-05
2.19000000e+00	1.88108632e-03	6.62384985e-05
2.19500000e+00	1.89459154e-03	6.63655982e-05
2.20000000e+00	1.86312450e-03	6.54299315e-05
2.20500000e+00	1.85419624e-03	6.53158352e-05
2.21000000e+00	1.84144876e-03	6.52088044e-05
2.21500000e+00	1.83717546e-03	6.42906755e-05
2.22000000e+00	1.82073144e-03	6.37112147e-05
2.22500000e+00	1.81135659e-03	6.39104570e-05
2.23000000e+00	1.80093357e-03	6.39007667e-05
2.23500000e+00	1.80268759e-03	6.31141050e-05
2.24000000e+00	1.76967425e-03	6.19572138e-05
2.24500000e+00	1.77212810e-03	6.24618407e-05
2.25000000e+00	1.75542451e-03	6.23943175e-05
2.25500000e+00	1.75528360e-03	6.13418913e-05
2.26000000e+00	1.73095954e-03	6.06729755e-05
2.26500000e+00	1.73981913e-03	6.11791731e-05
2.27000000e+00	1.70636736e-03	6.08186781e-05
2.27500000e+00	1.69717107e-03	5.92876163e-05
2.28000000e+00	1.70164824e-03	5.95539014e-05
2.28500000e+00	1.66371700e-03	5.85941878e-05
2.29000000e+00	1.66190255e-03	5.88738397e-05
2.29500000e+00	1.67017906e-03	5.88825183e-05
2.30000000e+00	1.66747996e-03	5.82590771e-05
2.30500000e+00	1.62553114e-03	5.69744317e-05
2.31000000e+00	1.65207925e-03	5.83132857e-05
2.31500000e+00	1.61555194e-03	5.73913811e-05
2.32000000e+00	1.60822958e-03	5.60055290e-05
2.32500000e+00	1.61375916e-03	5.66775002e-05
2.33000000e+00	1.58937433e-03	5.58353910e-05
2.33500000e+00	1.57416517e-03	5.59954285e-05
2.34000000e+00	1.56915775e-03	5.47610664e-05
2.34500000e+00	1.56341953e-03	5.46005898e-05
2.35000000e+00	1.54760544e-03	5.43173256e-05
2.35500000e+00	1.54502256e-03	5.48934522e-05
2.36000000e+00	1.53201566e-03	5.37323795e-05
2.36500000e+00	1.51870783e-03	5.31330272e-05
2.37000000e+00	1.50540519e-03	5.27848989e-05
2.37500000e+00	1.50248363e-03	5.30606614e-05
2.38000000e+00	1.48443572e-03	5.26750426e-05
2.38500000e+00	1.48984650e-03	5.21386282e-05
2.39000000e+00	1.46711136e-03	5.14715899e-05
2.39500000e+00	1.46869088e-03	5.18515086e-05
2.40000000e+00	1.44837181e-03	5.18749676e-05
2.40500000e+00	1.43905550e-03	5.04922492e-05
2.41000000e+00	1.45240585e-03	5.11807429e-05
2.41500000e+00	1.43858195e-03	5.06004336e-05
2.42000000e+00	1.41388308e-03	5.04469460e-05
2.42500000e+00	1.41728304e-03	5.04649321e-05
2.43000000e+00	1.41346870e-03	4.99071186e-05
2.43500000e+00	1.40448738e-03	4.97115672e-05
2.44000000e+00	1.39925612e-03	4.95700870e-05
2.44500000e+00	1.37288270e-03	4.93398939e-05
2.45000000e+00	1.35924872e-03	4.80395129e-05
2.45500000e+00	1.36729891e-03	4.84567842e-05
2.46000000e+00	1.34742267e-03	4.80060019e-05
2.46500000e+00	1.34543305e-03	4.83801826e-05
2.47000000e+00	1.32250238e-03	4.71622789e-05
2.47500000e+00	1.31857247e-03	4.67233216e-05
2.48000000e+00	1.32856815e-03	4.74811687e-05
2.48500000e+00	1.31603587e-03	4.70551127e-05
2.49000000e+00	1.30903692e-03	4.74239410e-05
2.49500000e+00	1.30422659e-03	4.63095016e-05
2.50000000e+00	1.30995031e-03	4.66623980e-05
2.50500000e+00	1.28093284e-03	4.59462950e-05
2.51000000e+00	1.27812719e-03	4.61626294e-05
2.51500000e+00	1.27000127e-03	4.59825756e-05
2.52000000e+00	1.26125912e-03	4.51556989e-05
2.52500000e+00	1.24563190e-03	4.48468849e-05
2.53000000e+00	1.24059609e-03	4.51074067e-05
2.53500000e+00	1.24087632e-03	4.56227788e-05
2.54000000e+00	1.23077945e-03	4.44727571e-05
2.54500000e+00	1.22438810e-03	4.44950596e-05
2.55000000e+00	1.22933971e-03	4.49198420e-05
2.55500000e+00	1.20467345e-03	4.44040144e-05
2.56000000e+00	1.20272347e-03	4.45204789e-05
2.56500000e+00	1.19900660e-03	4.39671337e-05
2.57000000e+00	1.20618688e-03	4.44814023e-05
2.57500000e+00	1.17579775e-03	4.33818312e-05
2.58000000e+00	1.17413073e-03	4.41008091e-05
2.58500000e+00	1.16858501e-03	4.35891510e-05
2.59000000e+00	1.16049358e-03	4.30584470e-05
2.59500000e+00	1.16565839e-03	4.34630461e-05
2.60000000e+00	1.17593690e-03	4.41487337e-05
2.60500000e+00	1.16796105e-03	4.48636895e-05
2.61000000e+00	1.13756649e-03	4.98015260e-05
2.61500000e+00	1.14440459e-03	5.53252713e-05
2.62000000e+00	1.11944673e-03	5.95975595e-05
2.62500000e+00	1.13885907e-03	6.57195554e-05
2.63000000e+00	1.11330589e-03	7.09282084e-05
2.63500000e+00	1.13171858e-03	7.98431354e-05
2.64000000e+00	1.11033796e-03	8.68219851e-05
2.64500000e+00	1.10251819e-03	9.13139015e-05
2.65000000e+00	1.12243534e-03	9.89987429e-05
2.65500000e+00	1.16162959e-03	1.09858482e-04
2.66000000e+00	1.10984499e-03	1.12355397e-04
2.66500000e+00	1.05213715e-03	1.20187292e-04
2.67000000e+00	1.08892660e-03	1.34298115e-04
2.67500000e+00	1.09416141e-03	1.58161264e-04
2.68000000e+00	9.93924701e-04	1.66928667e-04
2.68500000e+00	1.07720232e-03	2.38626539e-04
2.69000000e+00	1.19763468e-03	4.26192173e-04
2.69500000e+00	0.00000000e+00	0.00000000e+00
2.70000000e+00	0.00000000e+00	0.00000000e+00
