% Filename : WDL12_00046_00003.h5
% Date & Time : 30-Oct-2025 18:08:35
% X-ray Energy (keV) : 13.30001
% Exposure Time (s) : 0.500
% Photodiode Value : 141678.000
% I0 of Sample : 0
% I0 of Standard : 1
% 
% q(A^-1)   I(q)    I(q)_SE
8.40000000e-01	0.00000000e+00	0.00000000e+00
8.45000000e-01	2.83813124e-03	4.97331788e-04
8.50000000e-01	2.65695561e-03	2.46782712e-04
8.55000000e-01	2.61895091e-03	2.13777783e-04
8.60000000e-01	2.62027910e-03	1.85311326e-04
8.65000000e-01	2.59471980e-03	1.69286443e-04
8.70000000e-01	2.58226607e-03	1.60546999e-04
8.75000000e-01	2.62928122e-03	1.57106380e-04
8.80000000e-01	2.63946340e-03	1.52629039e-04
8.85000000e-01	2.66110674e-03	1.45456792e-04
8.90000000e-01	2.63901337e-03	1.41334423e-04
8.95000000e-01	2.68094264e-03	1.39374760e-04
9.00000000e-01	2.67259320e-03	1.37589805e-04
9.05000000e-01	2.64672441e-03	1.30312745e-04
9.10000000e-01	2.68543060e-03	1.29778662e-04
9.15000000e-01	2.68381871e-03	1.27706234e-04
9.20000000e-01	2.68493031e-03	1.27553461e-04
9.25000000e-01	2.71932270e-03	1.23567718e-04
9.30000000e-01	2.69593776e-03	1.21231215e-04
9.35000000e-01	2.71466627e-03	1.19857592e-04
9.40000000e-01	2.74097659e-03	1.21370380e-04
9.45000000e-01	2.72421963e-03	1.17568197e-04
9.50000000e-01	2.71993080e-03	1.15727553e-04
9.55000000e-01	2.72898362e-03	1.13861218e-04
9.60000000e-01	2.73378728e-03	1.14324110e-04
9.65000000e-01	2.72891913e-03	1.12235576e-04
9.70000000e-01	2.72652225e-03	1.10274443e-04
9.75000000e-01	2.75460306e-03	1.10191753e-04
9.80000000e-01	2.71976512e-03	1.07908585e-04
9.85000000e-01	2.76486970e-03	1.09827576e-04
9.90000000e-01	2.73799512e-03	1.05416065e-04
9.95000000e-01	2.73611901e-03	1.04764649e-04
1.00000000e+00	2.77510208e-03	1.05835280e-04
1.00500000e+00	2.75537044e-03	1.05177137e-04
1.01000000e+00	2.75304785e-03	1.02807969e-04
1.01500000e+00	2.77200304e-03	1.02518349e-04
1.02000000e+00	2.75024032e-03	1.01744001e-04
1.02500000e+00	2.74001284e-03	1.00044198e-04
1.03000000e+00	2.75013148e-03	1.00110938e-04
1.03500000e+00	2.74451648e-03	9.84747185e-05
1.04000000e+00	2.72959993e-03	9.72936934e-05
1.04500000e+00	2.74021488e-03	9.77311631e-05
1.05000000e+00	2.69980401e-03	9.57152509e-05
1.05500000e+00	2.71810620e-03	9.48922603e-05
1.06000000e+00	2.71815629e-03	9.47183645e-05
1.06500000e+00	2.71018783e-03	9.45652832e-05
1.07000000e+00	2.72505598e-03	9.48895802e-05
1.07500000e+00	2.73800952e-03	9.46425327e-05
1.08000000e+00	2.74336303e-03	9.41132235e-05
1.08500000e+00	2.75330865e-03	9.45618852e-05
1.09000000e+00	2.75327253e-03	9.52250946e-05
1.09500000e+00	2.78420763e-03	9.43576591e-05
1.10000000e+00	2.76756418e-03	9.43159005e-05
1.10500000e+00	2.78260742e-03	9.51826876e-05
1.11000000e+00	2.76346744e-03	9.45689877e-05
1.11500000e+00	2.80862248e-03	9.54576028e-05
1.12000000e+00	2.78412739e-03	9.49752401e-05
1.12500000e+00	2.79344274e-03	9.50996883e-05
1.13000000e+00	2.80272542e-03	9.65601484e-05
1.13500000e+00	2.85862197e-03	9.72259503e-05
1.14000000e+00	2.83922204e-03	9.64431414e-05
1.14500000e+00	2.84850313e-03	9.75329907e-05
1.15000000e+00	2.84696410e-03	9.80222021e-05
1.15500000e+00	2.86729492e-03	9.76176294e-05
1.16000000e+00	2.85798483e-03	9.76741440e-05
1.16500000e+00	2.85977882e-03	9.77375652e-05
1.17000000e+00	2.84780264e-03	9.84039915e-05
1.17500000e+00	2.86749166e-03	9.76787120e-05
1.18000000e+00	2.88943474e-03	9.89212390e-05
1.18500000e+00	2.89574377e-03	9.89577149e-05
1.19000000e+00	2.86034344e-03	9.88179225e-05
1.19500000e+00	2.92384090e-03	9.97359850e-05
1.20000000e+00	2.90369175e-03	9.95075151e-05
1.20500000e+00	2.91629290e-03	9.98281888e-05
1.21000000e+00	2.88626528e-03	1.00097868e-04
1.21500000e+00	2.89834091e-03	9.88773961e-05
1.22000000e+00	2.89091060e-03	9.87838761e-05
1.22500000e+00	2.92693569e-03	1.00416844e-04
1.23000000e+00	2.92353363e-03	1.01177290e-04
1.23500000e+00	2.91934586e-03	1.00299240e-04
1.24000000e+00	2.91331591e-03	9.95182086e-05
1.24500000e+00	2.91622637e-03	1.00430729e-04
1.25000000e+00	2.93073953e-03	1.01553688e-04
1.25500000e+00	2.93872662e-03	1.00510006e-04
1.26000000e+00	2.93937548e-03	1.01154451e-04
1.26500000e+00	2.91908915e-03	1.00124776e-04
1.27000000e+00	2.92900858e-03	1.01983702e-04
1.27500000e+00	2.93769528e-03	1.01175641e-04
1.28000000e+00	2.91780104e-03	9.98863689e-05
1.28500000e+00	2.93152580e-03	1.00982851e-04
1.29000000e+00	2.95605721e-03	1.02688654e-04
1.29500000e+00	2.92861146e-03	1.00654188e-04
1.30000000e+00	2.95084430e-03	1.01213247e-04
1.30500000e+00	2.94024774e-03	1.01342018e-04
1.31000000e+00	2.94019400e-03	1.02469050e-04
1.31500000e+00	2.93918270e-03	1.01135162e-04
1.32000000e+00	2.94150045e-03	1.01178894e-04
1.32500000e+00	2.93338343e-03	1.01243575e-04
1.33000000e+00	2.94079484e-03	1.02568864e-04
1.33500000e+00	2.94395856e-03	1.01434371e-04
1.34000000e+00	2.93656373e-03	1.01218116e-04
1.34500000e+00	2.94523797e-03	1.01892168e-04
1.35000000e+00	2.93822956e-03	1.02582406e-04
1.35500000e+00	2.93717572e-03	1.01198328e-04
1.36000000e+00	2.94862172e-03	1.01461040e-04
1.36500000e+00	2.92989817e-03	1.01128602e-04
1.37000000e+00	2.91059770e-03	1.01966272e-04
1.37500000e+00	2.94409404e-03	1.01463731e-04
1.38000000e+00	2.93414222e-03	1.01434237e-04
1.38500000e+00	2.91715820e-03	1.01287465e-04
1.39000000e+00	2.92144852e-03	1.02283346e-04
1.39500000e+00	2.92752087e-03	1.00895653e-04
1.40000000e+00	2.96762238e-03	1.05349525e-04
1.40500000e+00	2.91303956e-03	1.11364492e-04
1.41000000e+00	2.90241860e-03	1.16120069e-04
1.41500000e+00	2.88114227e-03	1.19360588e-04
1.42000000e+00	2.87884269e-03	1.24304553e-04
1.42500000e+00	2.87443754e-03	1.27553194e-04
1.43000000e+00	2.82282561e-03	1.30061916e-04
1.43500000e+00	2.82439291e-03	1.34228781e-04
1.44000000e+00	2.79941096e-03	1.38190443e-04
1.44500000e+00	2.78983138e-03	1.41366859e-04
1.45000000e+00	2.86207107e-03	1.40337699e-04
1.45500000e+00	2.91357069e-03	1.28148459e-04
1.46000000e+00	2.89656016e-03	1.24544773e-04
1.46500000e+00	2.86755472e-03	1.21002950e-04
1.47000000e+00	2.88808273e-03	1.21583786e-04
1.47500000e+00	2.88572185e-03	1.17957458e-04
1.48000000e+00	2.89385046e-03	1.17146305e-04
1.48500000e+00	2.90635600e-03	1.17589375e-04
1.49000000e+00	2.88806415e-03	1.17122904e-04
1.49500000e+00	2.88258638e-03	1.14356284e-04
1.50000000e+00	2.90501349e-03	1.14941892e-04
1.50500000e+00	2.88810074e-03	1.14924951e-04
1.51000000e+00	2.91564528e-03	1.15988548e-04
1.51500000e+00	2.90848462e-03	1.14004228e-04
1.52000000e+00	2.91798888e-03	1.13953724e-04
1.52500000e+00	2.89070733e-03	1.12678157e-04
1.53000000e+00	2.90981533e-03	1.14163769e-04
1.53500000e+00	2.91731367e-03	1.11191979e-04
1.54000000e+00	2.89098747e-03	1.10007383e-04
1.54500000e+00	2.88444967e-03	1.09528828e-04
1.55000000e+00	2.88185610e-03	1.09153169e-04
1.55500000e+00	2.86318429e-03	1.05993246e-04
1.56000000e+00	2.85970900e-03	1.06078539e-04
1.56500000e+00	2.83594313e-03	1.04674771e-04
1.57000000e+00	2.80089048e-03	1.02637280e-04
1.57500000e+00	2.81326156e-03	1.01187141e-04
1.58000000e+00	2.80964273e-03	1.00900763e-04
1.58500000e+00	2.79199383e-03	1.00279609e-04
1.59000000e+00	2.77695940e-03	9.97588877e-05
1.59500000e+00	2.77168467e-03	9.76580555e-05
1.60000000e+00	2.77597388e-03	9.78281990e-05
1.60500000e+00	2.75058363e-03	9.69769717e-05
1.61000000e+00	2.73508503e-03	9.60640274e-05
1.61500000e+00	2.74429737e-03	9.54081901e-05
1.62000000e+00	2.75875277e-03	9.62858382e-05
1.62500000e+00	2.75198082e-03	9.71767351e-05
1.63000000e+00	2.75295806e-03	9.61778042e-05
1.63500000e+00	2.72481448e-03	9.52563800e-05
1.64000000e+00	2.72621369e-03	9.53538754e-05
1.64500000e+00	2.72239611e-03	9.61717712e-05
1.65000000e+00	2.72793510e-03	9.53208651e-05
1.65500000e+00	2.73125582e-03	9.53513428e-05
1.66000000e+00	2.71540212e-03	9.49710709e-05
1.66500000e+00	2.69872311e-03	9.59520923e-05
1.67000000e+00	2.71306079e-03	9.45100686e-05
1.67500000e+00	2.68609266e-03	9.37729889e-05
1.68000000e+00	2.68324890e-03	9.39772022e-05
1.68500000e+00	2.66357536e-03	9.48142092e-05
1.69000000e+00	2.69504788e-03	9.40676733e-05
1.69500000e+00	2.64522405e-03	9.21810189e-05
1.70000000e+00	2.64295860e-03	9.31535701e-05
1.70500000e+00	2.63683447e-03	9.33877094e-05
1.71000000e+00	2.65097929e-03	9.26612030e-05
1.71500000e+00	2.63946686e-03	9.21729362e-05
1.72000000e+00	2.60616627e-03	9.17794525e-05
1.72500000e+00	2.62596418e-03	9.30306987e-05
1.73000000e+00	2.61216939e-03	9.13337747e-05
1.73500000e+00	2.60609292e-03	9.13519506e-05
1.74000000e+00	2.61751686e-03	9.19452110e-05
1.74500000e+00	2.59152984e-03	9.21352886e-05
1.75000000e+00	2.59459289e-03	9.04757409e-05
1.75500000e+00	2.58490252e-03	9.07096256e-05
1.76000000e+00	2.59946644e-03	9.11888517e-05
1.76500000e+00	2.59097837e-03	9.20334900e-05
1.77000000e+00	2.54355597e-03	8.88659159e-05
1.77500000e+00	2.56568633e-03	8.98792363e-05
1.78000000e+00	2.55454076e-03	8.97106367e-05
1.78500000e+00	2.54680272e-03	9.04257882e-05
1.79000000e+00	2.53971083e-03	8.86488829e-05
1.79500000e+00	2.56228322e-03	8.98074245e-05
1.80000000e+00	2.51932337e-03	8.87275515e-05
1.80500000e+00	2.51609602e-03	8.92024566e-05
1.81000000e+00	2.51436762e-03	8.78681648e-05
1.81500000e+00	2.50135909e-03	8.74948960e-05
1.82000000e+00	2.50224914e-03	8.80640689e-05
1.82500000e+00	2.48691641e-03	8.81063427e-05
1.83000000e+00	2.49742524e-03	8.73017126e-05
1.83500000e+00	2.48071506e-03	8.69430730e-05
1.84000000e+00	2.47044923e-03	8.70594697e-05
1.84500000e+00	2.47007100e-03	8.74728132e-05
1.85000000e+00	2.45828634e-03	8.60603673e-05
1.85500000e+00	2.46218576e-03	8.61985662e-05
1.86000000e+00	2.42657631e-03	8.55587115e-05
1.86500000e+00	2.43782745e-03	8.61900222e-05
1.87000000e+00	2.42869056e-03	8.49618846e-05
1.87500000e+00	2.42403741e-03	8.50238210e-05
1.88000000e+00	2.42415332e-03	8.53974584e-05
1.88500000e+00	2.41915217e-03	8.56432907e-05
1.89000000e+00	2.40558838e-03	8.40473842e-05
1.89500000e+00	2.37147598e-03	8.33737470e-05
1.90000000e+00	2.38405775e-03	8.41125975e-05
1.90500000e+00	2.38489790e-03	8.41619066e-05
1.91000000e+00	2.37863382e-03	8.34304324e-05
1.91500000e+00	2.38725328e-03	8.36896052e-05
1.92000000e+00	2.36157079e-03	8.32777211e-05
1.92500000e+00	2.36297304e-03	8.33543647e-05
1.93000000e+00	2.34127494e-03	8.19406242e-05
1.93500000e+00	2.35213802e-03	8.25557773e-05
1.94000000e+00	2.32099734e-03	8.21364830e-05
1.94500000e+00	2.31354743e-03	8.15870777e-05
1.95000000e+00	2.30818448e-03	8.07157822e-05
1.95500000e+00	2.28541431e-03	8.01972144e-05
1.96000000e+00	2.29858648e-03	8.11405872e-05
1.96500000e+00	2.29176342e-03	8.09321325e-05
1.97000000e+00	2.29144543e-03	7.99648122e-05
1.97500000e+00	2.27675496e-03	8.00277429e-05
1.98000000e+00	2.28824914e-03	8.07791140e-05
1.98500000e+00	2.27981109e-03	8.05938743e-05
1.99000000e+00	2.25930575e-03	7.88797189e-05
1.99500000e+00	2.24371653e-03	7.86558674e-05
2.00000000e+00	2.26208070e-03	7.98578681e-05
2.00500000e+00	2.27684819e-03	8.05468776e-05
2.01000000e+00	2.24500994e-03	8.71645743e-05
2.01500000e+00	2.21662418e-03	9.14112780e-05
2.02000000e+00	2.20144466e-03	9.68378260e-05
2.02500000e+00	2.18860676e-03	1.00085185e-04
2.03000000e+00	2.16322949e-03	1.04738183e-04
2.03500000e+00	2.16510042e-03	1.09487696e-04
2.04000000e+00	2.14256816e-03	1.13163694e-04
2.04500000e+00	2.11342367e-03	1.17527172e-04
2.05000000e+00	2.08667538e-03	1.21894702e-04
2.05500000e+00	2.16118143e-03	1.23773228e-04
2.06000000e+00	2.13773588e-03	1.06529883e-04
2.06500000e+00	2.12778481e-03	1.01147583e-04
2.07000000e+00	2.14354327e-03	9.64569472e-05
2.07500000e+00	2.13088414e-03	9.36968822e-05
2.08000000e+00	2.11719971e-03	9.31336357e-05
2.08500000e+00	2.14087950e-03	9.31867897e-05
2.09000000e+00	2.14522522e-03	9.06538559e-05
2.09500000e+00	2.11923230e-03	8.85450245e-05
2.10000000e+00	2.10114384e-03	8.71507721e-05
2.10500000e+00	2.11594418e-03	8.75105441e-05
2.11000000e+00	2.08701298e-03	8.32159214e-05
2.11500000e+00	2.09595032e-03	8.27576002e-05
2.12000000e+00	2.06515546e-03	8.11178480e-05
2.12500000e+00	2.04797136e-03	8.01982858e-05
2.13000000e+00	2.02910619e-03	7.62390494e-05
2.13500000e+00	2.01384313e-03	7.47409165e-05
2.14000000e+00	2.00032570e-03	7.35951327e-05
2.14500000e+00	1.98700209e-03	7.33192148e-05
2.15000000e+00	1.97386987e-03	7.04329353e-05
2.15500000e+00	1.96947089e-03	7.03473896e-05
2.16000000e+00	1.98082594e-03	7.04040660e-05
2.16500000e+00	1.95321951e-03	6.99778691e-05
2.17000000e+00	1.94692661e-03	6.80159614e-05
2.17500000e+00	1.93193564e-03	6.77535581e-05
2.18000000e+00	1.93749360e-03	6.80531331e-05
2.18500000e+00	1.93703141e-03	6.83912621e-05
2.19000000e+00	1.92239241e-03	6.76917392e-05
2.19500000e+00	1.90583162e-03	6.67492272e-05
2.20000000e+00	1.90502011e-03	6.68741305e-05
2.20500000e+00	1.88061747e-03	6.61681680e-05
2.21000000e+00	1.87050890e-03	6.62256902e-05
2.21500000e+00	1.86945566e-03	6.54382486e-05
2.22000000e+00	1.86723882e-03	6.53004454e-05
2.22500000e+00	1.84456569e-03	6.50540479e-05
2.23000000e+00	1.81542114e-03	6.44340005e-05
2.23500000e+00	1.80544588e-03	6.31474040e-05
2.24000000e+00	1.80459140e-03	6.30504305e-05
2.24500000e+00	1.81363350e-03	6.38766947e-05
2.25000000e+00	1.78845722e-03	6.35005430e-05
2.25500000e+00	1.75643044e-03	6.13627563e-05
2.26000000e+00	1.77953229e-03	6.24386084e-05
2.26500000e+00	1.76367165e-03	6.19564588e-05
2.27000000e+00	1.74737102e-03	6.22477677e-05
2.27500000e+00	1.73530640e-03	6.05695006e-05
2.28000000e+00	1.71590803e-03	5.99673342e-05
2.28500000e+00	1.69271836e-03	5.95711912e-05
2.29000000e+00	1.69887664e-03	6.01019113e-05
2.29500000e+00	1.69309201e-03	5.97638569e-05
2.30000000e+00	1.67700425e-03	5.86284027e-05
2.30500000e+00	1.65251479e-03	5.78222912e-05
2.31000000e+00	1.64668598e-03	5.79551036e-05
2.31500000e+00	1.62959465e-03	5.77740916e-05
2.32000000e+00	1.64444654e-03	5.71897321e-05
2.32500000e+00	1.62128519e-03	5.68733474e-05
2.33000000e+00	1.61487839e-03	5.68065742e-05
2.33500000e+00	1.62336455e-03	5.76404418e-05
2.34000000e+00	1.59094049e-03	5.55326957e-05
2.34500000e+00	1.57679396e-03	5.50213044e-05
2.35000000e+00	1.58206197e-03	5.54653245e-05
2.35500000e+00	1.56057179e-03	5.53728662e-05
2.36000000e+00	1.56175111e-03	5.46969580e-05
2.36500000e+00	1.53690288e-03	5.37749469e-05
2.37000000e+00	1.52500137e-03	5.33951760e-05
2.37500000e+00	1.52333433e-03	5.37768745e-05
2.38000000e+00	1.50260055e-03	5.33247190e-05
2.38500000e+00	1.51332070e-03	5.28271129e-05
2.39000000e+00	1.47908904e-03	5.18478184e-05
2.39500000e+00	1.47867447e-03	5.21093946e-05
2.40000000e+00	1.47516579e-03	5.27770612e-05
2.40500000e+00	1.46954589e-03	5.15663108e-05
2.41000000e+00	1.46341961e-03	5.14835203e-05
2.41500000e+00	1.45422654e-03	5.12029241e-05
2.42000000e+00	1.42662453e-03	5.09162648e-05
2.42500000e+00	1.43601580e-03	5.11334897e-05
2.43000000e+00	1.41698018e-03	5.00060190e-05
2.43500000e+00	1.41802018e-03	5.01692575e-05
2.44000000e+00	1.41074276e-03	5.00304524e-05
2.44500000e+00	1.40333371e-03	5.03917002e-05
2.45000000e+00	1.39645311e-03	4.93207755e-05
2.45500000e+00	1.37648561e-03	4.87324704e-05
2.46000000e+00	1.35885972e-03	4.83348053e-05
2.46500000e+00	1.36675113e-03	4.91633000e-05
2.47000000e+00	1.37031571e-03	4.88163671e-05
2.47500000e+00	1.34053415e-03	4.74395123e-05
2.48000000e+00	1.33127715e-03	4.75898948e-05
2.48500000e+00	1.32835314e-03	4.74460190e-05
2.49000000e+00	1.32450675e-03	4.79299551e-05
2.49500000e+00	1.31506847e-03	4.67570176e-05
2.50000000e+00	1.31636374e-03	4.69397375e-05
2.50500000e+00	1.27900422e-03	4.57773843e-05
2.51000000e+00	1.29198024e-03	4.66244896e-05
2.51500000e+00	1.28283937e-03	4.63670001e-05
2.52000000e+00	1.27900140e-03	4.58328700e-05
2.52500000e+00	1.27095867e-03	4.56900678e-05
2.53000000e+00	1.25910658e-03	4.57210519e-05
2.53500000e+00	1.25025142e-03	4.59509928e-05
2.54000000e+00	1.26125432e-03	4.56178483e-05
2.54500000e+00	1.24695816e-03	4.53115052e-05
2.55000000e+00	1.24087438e-03	4.52878383e-05
2.55500000e+00	1.23102626e-03	4.52849824e-05
2.56000000e+00	1.22633720e-03	4.54026264e-05
2.56500000e+00	1.22912796e-03	4.50790346e-05
2.57000000e+00	1.20310332e-03	4.43312467e-05
2.57500000e+00	1.20356545e-03	4.44544154e-05
2.58000000e+00	1.18821288e-03	4.45657841e-05
2.58500000e+00	1.19713895e-03	4.45319668e-05
2.59000000e+00	1.17425379e-03	4.35111675e-05
2.59500000e+00	1.18410193e-03	4.40926214e-05
2.60000000e+00	1.16646176e-03	4.37491745e-05
2.60500000e+00	1.17457837e-03	4.50651725e-05
2.61000000e+00	1.16158855e-03	5.07894540e-05
2.61500000e+00	1.14511143e-03	5.53425414e-05
2.62000000e+00	1.16622719e-03	6.20493886e-05
2.62500000e+00	1.12899848e-03	6.52254594e-05
2.63000000e+00	1.14890166e-03	7.30127003e-05
2.63500000e+00	1.13040176e-03	7.95532105e-05
2.64000000e+00	1.17277772e-03	9.09016675e-05
2.64500000e+00	1.13418206e-03	9.41030383e-05
2.65000000e+00	1.12291923e-03	9.88691081e-05
2.65500000e+00	1.11185208e-03	1.05104248e-04
2.66000000e+00	1.12946693e-03	1.14264963e-04
2.66500000e+00	1.10506501e-03	1.25644767e-04
2.67000000e+00	1.09754640e-03	1.35682832e-04
2.67500000e+00	1.09906148e-03	1.58833184e-04
2.68000000e+00	1.08619997e-03	1.82542058e-04
2.68500000e+00	1.12801892e-03	2.51866643e-04
2.69000000e+00	1.18513556e-03	4.24981509e-04
2.69500000e+00	0.00000000e+00	0.00000000e+00
2.70000000e+00	0.00000000e+00	0.00000000e+00
