% Filename : WDL1_00002_00001.h5
% Date & Time : 30-Oct-2025 14:16:17
% X-ray Energy (keV) : 13.30001
% Exposure Time (s) : 0.200
% Photodiode Value : 56781.000
% I0 of Sample : 0
% I0 of Standard : 1
% 
% q(A^-1)   I(q)    I(q)_SE
8.40000000e-01	0.00000000e+00	0.00000000e+00
8.45000000e-01	2.85606811e-03	5.04908546e-04
8.50000000e-01	2.69161816e-03	2.53026515e-04
8.55000000e-01	2.59461567e-03	2.14263685e-04
8.60000000e-01	2.65891818e-03	1.90105714e-04
8.65000000e-01	2.67256713e-03	1.76369503e-04
8.70000000e-01	2.71310794e-03	1.70151441e-04
8.75000000e-01	2.63333674e-03	1.59039182e-04
8.80000000e-01	2.66903977e-03	1.56079299e-04
8.85000000e-01	2.71386541e-03	1.50060279e-04
8.90000000e-01	2.67967305e-03	1.45067832e-04
8.95000000e-01	2.67910166e-03	1.41053019e-04
9.00000000e-01	2.65228896e-03	1.38176410e-04
9.05000000e-01	2.70177605e-03	1.34261986e-04
9.10000000e-01	2.73153570e-03	1.33392908e-04
9.15000000e-01	2.74318670e-03	1.31676371e-04
9.20000000e-01	2.72369157e-03	1.30537516e-04
9.25000000e-01	2.73190329e-03	1.25421484e-04
9.30000000e-01	2.74584512e-03	1.24510084e-04
9.35000000e-01	2.72316254e-03	1.21468291e-04
9.40000000e-01	2.76635596e-03	1.23776605e-04
9.45000000e-01	2.77603765e-03	1.21157839e-04
9.50000000e-01	2.73586788e-03	1.17749390e-04
9.55000000e-01	2.79153803e-03	1.17754958e-04
9.60000000e-01	2.77863304e-03	1.17336677e-04
9.65000000e-01	2.79259738e-03	1.16269618e-04
9.70000000e-01	2.76424759e-03	1.12898538e-04
9.75000000e-01	2.80190895e-03	1.13085711e-04
9.80000000e-01	2.78411297e-03	1.11751186e-04
9.85000000e-01	2.82242536e-03	1.13214719e-04
9.90000000e-01	2.76631218e-03	1.07510479e-04
9.95000000e-01	2.82964140e-03	1.09481229e-04
1.00000000e+00	2.78063517e-03	1.07094587e-04
1.00500000e+00	2.77656205e-03	1.07072122e-04
1.01000000e+00	2.79492007e-03	1.05659255e-04
1.01500000e+00	2.78276435e-03	1.03928861e-04
1.02000000e+00	2.78429580e-03	1.03978866e-04
1.02500000e+00	2.73263894e-03	1.00842747e-04
1.03000000e+00	2.76653255e-03	1.01812821e-04
1.03500000e+00	2.74849804e-03	9.98084016e-05
1.04000000e+00	2.74967587e-03	9.92011767e-05
1.04500000e+00	2.72121399e-03	9.82846026e-05
1.05000000e+00	2.75907755e-03	9.90388830e-05
1.05500000e+00	2.71160558e-03	9.57838179e-05
1.06000000e+00	2.71778169e-03	9.56874988e-05
1.06500000e+00	2.73874406e-03	9.65862398e-05
1.07000000e+00	2.72945603e-03	9.60609213e-05
1.07500000e+00	2.73583408e-03	9.53912059e-05
1.08000000e+00	2.80446296e-03	9.73419917e-05
1.08500000e+00	2.72282589e-03	9.46624000e-05
1.09000000e+00	2.79325809e-03	9.76012022e-05
1.09500000e+00	2.78394753e-03	9.53545891e-05
1.10000000e+00	2.77573693e-03	9.57003472e-05
1.10500000e+00	2.77723653e-03	9.61535951e-05
1.11000000e+00	2.75211368e-03	9.52306296e-05
1.11500000e+00	2.82834768e-03	9.71011669e-05
1.12000000e+00	2.79432999e-03	9.62824074e-05
1.12500000e+00	2.81866939e-03	9.69200779e-05
1.13000000e+00	2.83195248e-03	9.85951988e-05
1.13500000e+00	2.80932968e-03	9.65709609e-05
1.14000000e+00	2.85004696e-03	9.77282827e-05
1.14500000e+00	2.80635817e-03	9.70663380e-05
1.15000000e+00	2.85039064e-03	9.90298633e-05
1.15500000e+00	2.85419434e-03	9.81711470e-05
1.16000000e+00	2.86561466e-03	9.89555262e-05
1.16500000e+00	2.87997950e-03	9.93025205e-05
1.17000000e+00	2.85591213e-03	9.97538221e-05
1.17500000e+00	2.86318384e-03	9.84820211e-05
1.18000000e+00	2.88952706e-03	9.97831226e-05
1.18500000e+00	2.88095394e-03	9.94392730e-05
1.19000000e+00	2.88882974e-03	1.00832421e-04
1.19500000e+00	2.90931553e-03	1.00298704e-04
1.20000000e+00	2.92442284e-03	1.01395799e-04
1.20500000e+00	2.90327257e-03	1.00382242e-04
1.21000000e+00	2.89499766e-03	1.01213326e-04
1.21500000e+00	2.94099285e-03	1.01479018e-04
1.22000000e+00	2.92026263e-03	1.00822138e-04
1.22500000e+00	2.92296091e-03	1.01035681e-04
1.23000000e+00	2.88709523e-03	1.00758120e-04
1.23500000e+00	2.92961554e-03	1.01689407e-04
1.24000000e+00	2.91276243e-03	1.00414665e-04
1.24500000e+00	2.92930646e-03	1.01840606e-04
1.25000000e+00	2.92660161e-03	1.02401270e-04
1.25500000e+00	2.92629677e-03	1.01057999e-04
1.26000000e+00	2.94178086e-03	1.02198027e-04
1.26500000e+00	2.92071681e-03	1.01316172e-04
1.27000000e+00	2.91950092e-03	1.02720114e-04
1.27500000e+00	2.92042694e-03	1.01773523e-04
1.28000000e+00	2.93130818e-03	1.01261199e-04
1.28500000e+00	2.90002685e-03	1.00728030e-04
1.29000000e+00	2.93755942e-03	1.03034153e-04
1.29500000e+00	2.93813499e-03	1.02094970e-04
1.30000000e+00	2.91197997e-03	1.00930544e-04
1.30500000e+00	2.91489477e-03	1.01615306e-04
1.31000000e+00	2.90942008e-03	1.02412233e-04
1.31500000e+00	2.95719601e-03	1.02721807e-04
1.32000000e+00	2.96240534e-03	1.02825040e-04
1.32500000e+00	2.95681980e-03	1.02923539e-04
1.33000000e+00	2.93004023e-03	1.03431342e-04
1.33500000e+00	2.91431830e-03	1.01373581e-04
1.34000000e+00	2.92729783e-03	1.01876293e-04
1.34500000e+00	2.95876279e-03	1.03398978e-04
1.35000000e+00	2.93516624e-03	1.03410403e-04
1.35500000e+00	2.95325600e-03	1.02795818e-04
1.36000000e+00	2.92495689e-03	1.01533270e-04
1.36500000e+00	2.90583983e-03	1.01358624e-04
1.37000000e+00	2.94525600e-03	1.04051033e-04
1.37500000e+00	2.94411565e-03	1.02520836e-04
1.38000000e+00	2.93798874e-03	1.02598758e-04
1.38500000e+00	2.87891058e-03	1.00757907e-04
1.39000000e+00	2.90411490e-03	1.02474297e-04
1.39500000e+00	2.92466945e-03	1.01650455e-04
1.40000000e+00	2.98286391e-03	1.06981747e-04
1.40500000e+00	2.86164591e-03	1.10529686e-04
1.41000000e+00	2.88284318e-03	1.16353443e-04
1.41500000e+00	2.84969039e-03	1.19558159e-04
1.42000000e+00	2.79712756e-03	1.22010192e-04
1.42500000e+00	2.84463472e-03	1.27551072e-04
1.43000000e+00	2.85113120e-03	1.32502611e-04
1.43500000e+00	2.80973538e-03	1.35042533e-04
1.44000000e+00	2.81952405e-03	1.40400172e-04
1.44500000e+00	2.77811063e-03	1.42172862e-04
1.45000000e+00	2.82333302e-03	1.39889404e-04
1.45500000e+00	2.90476932e-03	1.28927101e-04
1.46000000e+00	2.90807227e-03	1.26137218e-04
1.46500000e+00	2.85820371e-03	1.21977648e-04
1.47000000e+00	2.86626233e-03	1.22008467e-04
1.47500000e+00	2.85929415e-03	1.17937012e-04
1.48000000e+00	2.84297797e-03	1.16119991e-04
1.48500000e+00	2.87141363e-03	1.17418760e-04
1.49000000e+00	2.88148379e-03	1.18139546e-04
1.49500000e+00	2.84944422e-03	1.14171424e-04
1.50000000e+00	2.88917739e-03	1.15530101e-04
1.50500000e+00	2.86735624e-03	1.14998335e-04
1.51000000e+00	2.83835701e-03	1.14180714e-04
1.51500000e+00	2.88410885e-03	1.14113903e-04
1.52000000e+00	2.89248200e-03	1.14087922e-04
1.52500000e+00	2.90997716e-03	1.14447972e-04
1.53000000e+00	2.89837730e-03	1.14786763e-04
1.53500000e+00	2.88601512e-03	1.11006282e-04
1.54000000e+00	2.87358796e-03	1.10282218e-04
1.54500000e+00	2.90826786e-03	1.11395800e-04
1.55000000e+00	2.83959511e-03	1.08444852e-04
1.55500000e+00	2.87853439e-03	1.07645900e-04
1.56000000e+00	2.83360545e-03	1.06041304e-04
1.56500000e+00	2.80380032e-03	1.04557341e-04
1.57000000e+00	2.82897757e-03	1.04753265e-04
1.57500000e+00	2.82187476e-03	1.02681974e-04
1.58000000e+00	2.80575606e-03	1.01770689e-04
1.58500000e+00	2.79356762e-03	1.01372672e-04
1.59000000e+00	2.78093436e-03	1.00898434e-04
1.59500000e+00	2.77856701e-03	9.89019597e-05
1.60000000e+00	2.77471852e-03	9.87610947e-05
1.60500000e+00	2.78336807e-03	9.92208238e-05
1.61000000e+00	2.72583641e-03	9.68771408e-05
1.61500000e+00	2.73958502e-03	9.63460180e-05
1.62000000e+00	2.72255427e-03	9.60942563e-05
1.62500000e+00	2.69668521e-03	9.63085534e-05
1.63000000e+00	2.73686697e-03	9.66504867e-05
1.63500000e+00	2.72589258e-03	9.63214908e-05
1.64000000e+00	2.70229037e-03	9.55431973e-05
1.64500000e+00	2.66608560e-03	9.51885818e-05
1.65000000e+00	2.66967388e-03	9.43542696e-05
1.65500000e+00	2.70430721e-03	9.55628254e-05
1.66000000e+00	2.67890179e-03	9.45764590e-05
1.66500000e+00	2.68571925e-03	9.64593603e-05
1.67000000e+00	2.69160176e-03	9.46823485e-05
1.67500000e+00	2.67396130e-03	9.43852558e-05
1.68000000e+00	2.65195538e-03	9.39476741e-05
1.68500000e+00	2.67142895e-03	9.60809567e-05
1.69000000e+00	2.63608586e-03	9.29789685e-05
1.69500000e+00	2.65815516e-03	9.35795973e-05
1.70000000e+00	2.64835464e-03	9.43827058e-05
1.70500000e+00	2.63811197e-03	9.43158439e-05
1.71000000e+00	2.62928466e-03	9.29155566e-05
1.71500000e+00	2.58251807e-03	9.11748955e-05
1.72000000e+00	2.62735634e-03	9.33953375e-05
1.72500000e+00	2.59934865e-03	9.31446620e-05
1.73000000e+00	2.60246627e-03	9.17804243e-05
1.73500000e+00	2.56937936e-03	9.08545549e-05
1.74000000e+00	2.60567031e-03	9.24239456e-05
1.74500000e+00	2.59921583e-03	9.30805301e-05
1.75000000e+00	2.54362858e-03	8.96162344e-05
1.75500000e+00	2.54643048e-03	9.03745702e-05
1.76000000e+00	2.57016476e-03	9.11868066e-05
1.76500000e+00	2.59467467e-03	9.30755160e-05
1.77000000e+00	2.56529675e-03	9.05460282e-05
1.77500000e+00	2.54378003e-03	9.00741519e-05
1.78000000e+00	2.55404495e-03	9.05412028e-05
1.78500000e+00	2.53692557e-03	9.10611703e-05
1.79000000e+00	2.52299367e-03	8.89309872e-05
1.79500000e+00	2.49274695e-03	8.81330069e-05
1.80000000e+00	2.54078522e-03	9.03701880e-05
1.80500000e+00	2.49269781e-03	8.94492248e-05
1.81000000e+00	2.52847607e-03	8.92577903e-05
1.81500000e+00	2.47329012e-03	8.76229288e-05
1.82000000e+00	2.49125138e-03	8.86257573e-05
1.82500000e+00	2.49053225e-03	8.91010709e-05
1.83000000e+00	2.43659585e-03	8.62742338e-05
1.83500000e+00	2.45898564e-03	8.71382569e-05
1.84000000e+00	2.45970824e-03	8.75444420e-05
1.84500000e+00	2.44610741e-03	8.75946372e-05
1.85000000e+00	2.42808762e-03	8.59877198e-05
1.85500000e+00	2.42121932e-03	8.56509610e-05
1.86000000e+00	2.40742372e-03	8.59604988e-05
1.86500000e+00	2.43314493e-03	8.70897958e-05
1.87000000e+00	2.40961638e-03	8.53645365e-05
1.87500000e+00	2.43131832e-03	8.62899807e-05
1.88000000e+00	2.36463123e-03	8.43690230e-05
1.88500000e+00	2.38064292e-03	8.54265101e-05
1.89000000e+00	2.35843168e-03	8.34463505e-05
1.89500000e+00	2.36116985e-03	8.41361894e-05
1.90000000e+00	2.34792075e-03	8.36443310e-05
1.90500000e+00	2.35676468e-03	8.42933202e-05
1.91000000e+00	2.34986207e-03	8.32334536e-05
1.91500000e+00	2.35312992e-03	8.33901592e-05
1.92000000e+00	2.33633213e-03	8.34327931e-05
1.92500000e+00	2.34040356e-03	8.36344925e-05
1.93000000e+00	2.32135903e-03	8.20213259e-05
1.93500000e+00	2.34682082e-03	8.33913463e-05
1.94000000e+00	2.32096701e-03	8.30850200e-05
1.94500000e+00	2.30321476e-03	8.21623872e-05
1.95000000e+00	2.27485606e-03	8.04858644e-05
1.95500000e+00	2.29800976e-03	8.15924735e-05
1.96000000e+00	2.31532839e-03	8.27348583e-05
1.96500000e+00	2.27619517e-03	8.13013666e-05
1.97000000e+00	2.27873745e-03	8.05274905e-05
1.97500000e+00	2.24986862e-03	8.01326877e-05
1.98000000e+00	2.27165173e-03	8.09724884e-05
1.98500000e+00	2.24995856e-03	8.07849669e-05
1.99000000e+00	2.24273539e-03	7.92098194e-05
1.99500000e+00	2.20788373e-03	7.82997322e-05
2.00000000e+00	2.22073673e-03	7.92568409e-05
2.00500000e+00	2.21113556e-03	7.93481738e-05
2.01000000e+00	2.24628235e-03	8.81911468e-05
2.01500000e+00	2.18856007e-03	9.14636459e-05
2.02000000e+00	2.17684735e-03	9.68565392e-05
2.02500000e+00	2.16729438e-03	1.00339587e-04
2.03000000e+00	2.16378239e-03	1.05867665e-04
2.03500000e+00	2.13183016e-03	1.09329434e-04
2.04000000e+00	2.07145560e-03	1.10677241e-04
2.04500000e+00	2.07228257e-03	1.16962892e-04
2.05000000e+00	2.08133309e-03	1.23187557e-04
2.05500000e+00	2.11140742e-03	1.22436507e-04
2.06000000e+00	2.09943224e-03	1.05632499e-04
2.06500000e+00	2.13884881e-03	1.03106159e-04
2.07000000e+00	2.08031404e-03	9.49001997e-05
2.07500000e+00	2.10574525e-03	9.38822559e-05
2.08000000e+00	2.09027500e-03	9.31158537e-05
2.08500000e+00	2.09782673e-03	9.27088861e-05
2.09000000e+00	2.08184347e-03	8.90647606e-05
2.09500000e+00	2.07951304e-03	8.79386341e-05
2.10000000e+00	2.08651824e-03	8.76904651e-05
2.10500000e+00	2.08036913e-03	8.70872162e-05
2.11000000e+00	2.05550916e-03	8.31373158e-05
2.11500000e+00	2.06997475e-03	8.28906407e-05
2.12000000e+00	2.03025652e-03	8.09638976e-05
2.12500000e+00	2.04811956e-03	8.13008354e-05
2.13000000e+00	2.06088679e-03	7.82310915e-05
2.13500000e+00	2.01732044e-03	7.58221062e-05
2.14000000e+00	1.99873930e-03	7.45106631e-05
2.14500000e+00	1.94534739e-03	7.28169580e-05
2.15000000e+00	1.95104677e-03	7.05663334e-05
2.15500000e+00	1.95923021e-03	7.11163178e-05
2.16000000e+00	1.95285634e-03	7.04811852e-05
2.16500000e+00	1.94269591e-03	7.05428609e-05
2.17000000e+00	1.93215063e-03	6.85677292e-05
2.17500000e+00	1.92398467e-03	6.83564643e-05
2.18000000e+00	1.92733980e-03	6.88250871e-05
2.18500000e+00	1.91798061e-03	6.86609075e-05
2.19000000e+00	1.87359650e-03	6.67447824e-05
2.19500000e+00	1.85782957e-03	6.60694315e-05
2.20000000e+00	1.88205468e-03	6.69809218e-05
2.20500000e+00	1.82103868e-03	6.53476978e-05
2.21000000e+00	1.82023523e-03	6.54102259e-05
2.21500000e+00	1.82435249e-03	6.47312554e-05
2.22000000e+00	1.83839227e-03	6.52508030e-05
2.22500000e+00	1.79769938e-03	6.45222060e-05
2.23000000e+00	1.78539943e-03	6.41909443e-05
2.23500000e+00	1.83386281e-03	6.52243477e-05
2.24000000e+00	1.80482696e-03	6.40998408e-05
2.24500000e+00	1.76328325e-03	6.29903536e-05
2.25000000e+00	1.75885735e-03	6.34000382e-05
2.25500000e+00	1.77927862e-03	6.29201551e-05
2.26000000e+00	1.78416288e-03	6.35129421e-05
2.26500000e+00	1.75527236e-03	6.26879375e-05
2.27000000e+00	1.70959667e-03	6.18534472e-05
2.27500000e+00	1.72378399e-03	6.11008144e-05
2.28000000e+00	1.71516731e-03	6.09310378e-05
2.28500000e+00	1.68427202e-03	6.02843488e-05
2.29000000e+00	1.66268065e-03	5.98685947e-05
2.29500000e+00	1.65082004e-03	5.91466975e-05
2.30000000e+00	1.66786568e-03	5.92187918e-05
2.30500000e+00	1.64816093e-03	5.85875120e-05
2.31000000e+00	1.64884462e-03	5.89800814e-05
2.31500000e+00	1.63683212e-03	5.90230920e-05
2.32000000e+00	1.60184857e-03	5.67857849e-05
2.32500000e+00	1.58598293e-03	5.66950334e-05
2.33000000e+00	1.58466369e-03	5.65984736e-05
2.33500000e+00	1.58645827e-03	5.70948045e-05
2.34000000e+00	1.55741865e-03	5.51477676e-05
2.34500000e+00	1.55503692e-03	5.51253000e-05
2.35000000e+00	1.55569340e-03	5.54373168e-05
2.35500000e+00	1.53258817e-03	5.53200016e-05
2.36000000e+00	1.53653106e-03	5.47467420e-05
2.36500000e+00	1.55614436e-03	5.54396885e-05
2.37000000e+00	1.51267617e-03	5.37922553e-05
2.37500000e+00	1.50242653e-03	5.39521469e-05
2.38000000e+00	1.51782778e-03	5.47804900e-05
2.38500000e+00	1.47430831e-03	5.24370672e-05
2.39000000e+00	1.48114629e-03	5.27524728e-05
2.39500000e+00	1.50221569e-03	5.39320960e-05
2.40000000e+00	1.46324960e-03	5.32949025e-05
2.40500000e+00	1.46990006e-03	5.24428129e-05
2.41000000e+00	1.45411868e-03	5.21333814e-05
2.41500000e+00	1.44920699e-03	5.19170563e-05
2.42000000e+00	1.42426895e-03	5.17864524e-05
2.42500000e+00	1.42871899e-03	5.18849514e-05
2.43000000e+00	1.41256181e-03	5.06619458e-05
2.43500000e+00	1.40320296e-03	5.07172160e-05
2.44000000e+00	1.40586587e-03	5.07690535e-05
2.44500000e+00	1.38777526e-03	5.08925415e-05
2.45000000e+00	1.36087876e-03	4.89634783e-05
2.45500000e+00	1.37202173e-03	4.96413566e-05
2.46000000e+00	1.34219671e-03	4.86237567e-05
2.46500000e+00	1.32764331e-03	4.87720413e-05
2.47000000e+00	1.35415211e-03	4.89419783e-05
2.47500000e+00	1.31788320e-03	4.77228451e-05
2.48000000e+00	1.32994235e-03	4.85720797e-05
2.48500000e+00	1.32092971e-03	4.81034374e-05
2.49000000e+00	1.30802358e-03	4.83787299e-05
2.49500000e+00	1.29021749e-03	4.68415082e-05
2.50000000e+00	1.29906980e-03	4.72229659e-05
2.50500000e+00	1.30439887e-03	4.77797137e-05
2.51000000e+00	1.28573935e-03	4.74353984e-05
2.51500000e+00	1.27987220e-03	4.69990902e-05
2.52000000e+00	1.26903877e-03	4.64369866e-05
2.52500000e+00	1.25980507e-03	4.62774433e-05
2.53000000e+00	1.25370628e-03	4.67172181e-05
2.53500000e+00	1.23159037e-03	4.63734498e-05
2.54000000e+00	1.27999203e-03	4.73089378e-05
2.54500000e+00	1.22029818e-03	4.53617791e-05
2.55000000e+00	1.23390267e-03	4.60646782e-05
2.55500000e+00	1.21701451e-03	4.57746974e-05
2.56000000e+00	1.20440384e-03	4.53949809e-05
2.56500000e+00	1.20316700e-03	4.52303272e-05
2.57000000e+00	1.21339490e-03	4.57237856e-05
2.57500000e+00	1.19609013e-03	4.50876262e-05
2.58000000e+00	1.17839582e-03	4.53525964e-05
2.58500000e+00	1.16023350e-03	4.42236389e-05
2.59000000e+00	1.15570411e-03	4.39478981e-05
2.59500000e+00	1.17058722e-03	4.45725065e-05
2.60000000e+00	1.14153106e-03	4.38664267e-05
2.60500000e+00	1.15101316e-03	4.52096103e-05
2.61000000e+00	1.15042978e-03	5.14105521e-05
2.61500000e+00	1.15373370e-03	5.69508681e-05
2.62000000e+00	1.12479439e-03	6.12423472e-05
2.62500000e+00	1.14338645e-03	6.71916542e-05
2.63000000e+00	1.10254645e-03	7.22925183e-05
2.63500000e+00	1.15004101e-03	8.32137358e-05
2.64000000e+00	1.12986934e-03	9.00073582e-05
2.64500000e+00	1.08456326e-03	9.24514084e-05
2.65000000e+00	1.09528666e-03	9.85052612e-05
2.65500000e+00	1.09620356e-03	1.05297190e-04
2.66000000e+00	1.13938553e-03	1.18203526e-04
2.66500000e+00	1.04786680e-03	1.23319141e-04
2.67000000e+00	1.12865858e-03	1.42767515e-04
2.67500000e+00	1.08341224e-03	1.60291068e-04
2.68000000e+00	1.05993630e-03	1.83277877e-04
2.68500000e+00	1.00756506e-03	2.34845567e-04
2.69000000e+00	1.11823432e-03	4.05661431e-04
2.69500000e+00	0.00000000e+00	0.00000000e+00
2.70000000e+00	0.00000000e+00	0.00000000e+00
