% Filename : WDL3_p7_00019_00018.h5
% Date & Time : 30-Oct-2025 16:39:33
% X-ray Energy (keV) : 13.30001
% Exposure Time (s) : 0.500
% Photodiode Value : 140683.000
% I0 of Sample : 0
% I0 of Standard : 1
% 
% q(A^-1)   I(q)    I(q)_SE
8.40000000e-01	0.00000000e+00	0.00000000e+00
8.45000000e-01	2.87395979e-03	5.02469565e-04
8.50000000e-01	2.64760598e-03	2.45741742e-04
8.55000000e-01	2.61302740e-03	2.13948043e-04
8.60000000e-01	2.62108201e-03	1.85412390e-04
8.65000000e-01	2.59397457e-03	1.68909759e-04
8.70000000e-01	2.60534928e-03	1.61690642e-04
8.75000000e-01	2.62347269e-03	1.56964338e-04
8.80000000e-01	2.58762213e-03	1.49882322e-04
8.85000000e-01	2.61038739e-03	1.42542990e-04
8.90000000e-01	2.61830353e-03	1.39997292e-04
8.95000000e-01	2.61186018e-03	1.35759418e-04
9.00000000e-01	2.63770307e-03	1.35921707e-04
9.05000000e-01	2.61762495e-03	1.28864637e-04
9.10000000e-01	2.63738672e-03	1.27463263e-04
9.15000000e-01	2.63067459e-03	1.25161760e-04
9.20000000e-01	2.64963198e-03	1.25997925e-04
9.25000000e-01	2.66977698e-03	1.21356141e-04
9.30000000e-01	2.70714054e-03	1.21827494e-04
9.35000000e-01	2.67292740e-03	1.17934287e-04
9.40000000e-01	2.68317847e-03	1.18798278e-04
9.45000000e-01	2.69262110e-03	1.16165375e-04
9.50000000e-01	2.71503178e-03	1.15360838e-04
9.55000000e-01	2.68214934e-03	1.11988866e-04
9.60000000e-01	2.70526794e-03	1.13121909e-04
9.65000000e-01	2.69341874e-03	1.10768308e-04
9.70000000e-01	2.71572728e-03	1.09862700e-04
9.75000000e-01	2.71193037e-03	1.08485394e-04
9.80000000e-01	2.72721447e-03	1.08129179e-04
9.85000000e-01	2.71356482e-03	1.07681177e-04
9.90000000e-01	2.72539678e-03	1.04936774e-04
9.95000000e-01	2.73167795e-03	1.04638164e-04
1.00000000e+00	2.74755144e-03	1.04748705e-04
1.00500000e+00	2.71160452e-03	1.03451298e-04
1.01000000e+00	2.71129059e-03	1.01237928e-04
1.01500000e+00	2.72520637e-03	1.00809178e-04
1.02000000e+00	2.74510568e-03	1.01498537e-04
1.02500000e+00	2.73542644e-03	9.97731063e-05
1.03000000e+00	2.69913833e-03	9.81911745e-05
1.03500000e+00	2.72801136e-03	9.77902805e-05
1.04000000e+00	2.73698405e-03	9.74615309e-05
1.04500000e+00	2.70861938e-03	9.66043621e-05
1.05000000e+00	2.70872750e-03	9.59021456e-05
1.05500000e+00	2.72533603e-03	9.51206235e-05
1.06000000e+00	2.70384291e-03	9.41858616e-05
1.06500000e+00	2.70881733e-03	9.43464002e-05
1.07000000e+00	2.70126162e-03	9.39144186e-05
1.07500000e+00	2.72918292e-03	9.42487201e-05
1.08000000e+00	2.73438762e-03	9.38710353e-05
1.08500000e+00	2.73561996e-03	9.39182961e-05
1.09000000e+00	2.74840137e-03	9.49351196e-05
1.09500000e+00	2.74211575e-03	9.28215909e-05
1.10000000e+00	2.76860681e-03	9.43983091e-05
1.10500000e+00	2.79145109e-03	9.53172144e-05
1.11000000e+00	2.75986667e-03	9.43598892e-05
1.11500000e+00	2.78196346e-03	9.45828831e-05
1.12000000e+00	2.80901606e-03	9.57647710e-05
1.12500000e+00	2.78294704e-03	9.46938754e-05
1.13000000e+00	2.80086432e-03	9.63970996e-05
1.13500000e+00	2.82296634e-03	9.60104602e-05
1.14000000e+00	2.82692408e-03	9.60150976e-05
1.14500000e+00	2.84092036e-03	9.72083171e-05
1.15000000e+00	2.82461340e-03	9.71823749e-05
1.15500000e+00	2.84140129e-03	9.66295816e-05
1.16000000e+00	2.85428133e-03	9.74836036e-05
1.16500000e+00	2.84489680e-03	9.70527231e-05
1.17000000e+00	2.85660163e-03	9.86830899e-05
1.17500000e+00	2.87803719e-03	9.79235458e-05
1.18000000e+00	2.89655263e-03	9.90072745e-05
1.18500000e+00	2.87210914e-03	9.81249504e-05
1.19000000e+00	2.88720143e-03	9.97214972e-05
1.19500000e+00	2.88269718e-03	9.82957640e-05
1.20000000e+00	2.89417783e-03	9.93047172e-05
1.20500000e+00	2.90512377e-03	9.93600846e-05
1.21000000e+00	2.88470973e-03	9.99265319e-05
1.21500000e+00	2.90515312e-03	9.91437239e-05
1.22000000e+00	2.92069875e-03	9.98062099e-05
1.22500000e+00	2.89453018e-03	9.92260041e-05
1.23000000e+00	2.89818656e-03	1.00123511e-04
1.23500000e+00	2.91718262e-03	1.00142313e-04
1.24000000e+00	2.92608601e-03	9.99432736e-05
1.24500000e+00	2.91885007e-03	1.00451787e-04
1.25000000e+00	2.91532019e-03	1.00873680e-04
1.25500000e+00	2.91711329e-03	9.98030055e-05
1.26000000e+00	2.91713947e-03	1.00468750e-04
1.26500000e+00	2.92519075e-03	1.00242702e-04
1.27000000e+00	2.94540513e-03	1.02425268e-04
1.27500000e+00	2.92793981e-03	1.00826788e-04
1.28000000e+00	2.92336861e-03	1.00002200e-04
1.28500000e+00	2.93318217e-03	1.00948626e-04
1.29000000e+00	2.94801460e-03	1.02378123e-04
1.29500000e+00	2.94251018e-03	1.01035366e-04
1.30000000e+00	2.91945894e-03	1.00116093e-04
1.30500000e+00	2.94922767e-03	1.01555906e-04
1.31000000e+00	2.96156314e-03	1.03278540e-04
1.31500000e+00	2.94540570e-03	1.01510177e-04
1.32000000e+00	2.93595313e-03	1.00987678e-04
1.32500000e+00	2.95610339e-03	1.01966463e-04
1.33000000e+00	2.92975675e-03	1.02247596e-04
1.33500000e+00	2.94750926e-03	1.01401272e-04
1.34000000e+00	2.95218346e-03	1.01619232e-04
1.34500000e+00	2.94032232e-03	1.01665036e-04
1.35000000e+00	2.93728836e-03	1.02458430e-04
1.35500000e+00	2.93439937e-03	1.00999327e-04
1.36000000e+00	2.93513352e-03	1.00882398e-04
1.36500000e+00	2.93645442e-03	1.01276037e-04
1.37000000e+00	2.91934117e-03	1.02201816e-04
1.37500000e+00	2.94117331e-03	1.01380327e-04
1.38000000e+00	2.94127431e-03	1.01652682e-04
1.38500000e+00	2.95987488e-03	1.02768841e-04
1.39000000e+00	2.92627320e-03	1.02318519e-04
1.39500000e+00	2.93260604e-03	1.01088255e-04
1.40000000e+00	2.95606922e-03	1.04957849e-04
1.40500000e+00	2.93306667e-03	1.12014675e-04
1.41000000e+00	2.90590250e-03	1.16127279e-04
1.41500000e+00	2.89243877e-03	1.19967123e-04
1.42000000e+00	2.88559074e-03	1.24345687e-04
1.42500000e+00	2.86205722e-03	1.27208825e-04
1.43000000e+00	2.87261033e-03	1.32293687e-04
1.43500000e+00	2.82466668e-03	1.34125099e-04
1.44000000e+00	2.85341626e-03	1.40768298e-04
1.44500000e+00	2.83804382e-03	1.43685826e-04
1.45000000e+00	2.90872206e-03	1.42440368e-04
1.45500000e+00	2.92703182e-03	1.28690954e-04
1.46000000e+00	2.89688292e-03	1.24379478e-04
1.46500000e+00	2.93586225e-03	1.23707736e-04
1.47000000e+00	2.90439659e-03	1.22373096e-04
1.47500000e+00	2.92095697e-03	1.19341097e-04
1.48000000e+00	2.89410663e-03	1.16983499e-04
1.48500000e+00	2.91083784e-03	1.17687335e-04
1.49000000e+00	2.91293258e-03	1.18124131e-04
1.49500000e+00	2.93924928e-03	1.16747180e-04
1.50000000e+00	2.91484012e-03	1.15252391e-04
1.50500000e+00	2.94596522e-03	1.17008821e-04
1.51000000e+00	2.93994192e-03	1.17069594e-04
1.51500000e+00	2.97151956e-03	1.16379052e-04
1.52000000e+00	2.97624975e-03	1.16342607e-04
1.52500000e+00	2.94419414e-03	1.14772028e-04
1.53000000e+00	2.94446744e-03	1.15429542e-04
1.53500000e+00	2.93953102e-03	1.12000232e-04
1.54000000e+00	2.92930617e-03	1.11453636e-04
1.54500000e+00	2.91475843e-03	1.10641297e-04
1.55000000e+00	2.89640843e-03	1.09646957e-04
1.55500000e+00	2.90018849e-03	1.07306346e-04
1.56000000e+00	2.90328991e-03	1.07658191e-04
1.56500000e+00	2.86183835e-03	1.05606729e-04
1.57000000e+00	2.85854001e-03	1.04775436e-04
1.57500000e+00	2.83638912e-03	1.02002812e-04
1.58000000e+00	2.84188962e-03	1.02038073e-04
1.58500000e+00	2.82708481e-03	1.01531871e-04
1.59000000e+00	2.80333734e-03	1.00667176e-04
1.59500000e+00	2.81229685e-03	9.91172260e-05
1.60000000e+00	2.79033664e-03	9.82556376e-05
1.60500000e+00	2.78045993e-03	9.80308028e-05
1.61000000e+00	2.77367368e-03	9.73248229e-05
1.61500000e+00	2.77913679e-03	9.66831417e-05
1.62000000e+00	2.77106477e-03	9.67625974e-05
1.62500000e+00	2.75192793e-03	9.72069534e-05
1.63000000e+00	2.74757991e-03	9.59527833e-05
1.63500000e+00	2.76135119e-03	9.64680918e-05
1.64000000e+00	2.75274819e-03	9.62684679e-05
1.64500000e+00	2.72714011e-03	9.64573297e-05
1.65000000e+00	2.71533586e-03	9.49570376e-05
1.65500000e+00	2.71710367e-03	9.49281471e-05
1.66000000e+00	2.70687086e-03	9.46390653e-05
1.66500000e+00	2.71735720e-03	9.66024878e-05
1.67000000e+00	2.69843759e-03	9.39846943e-05
1.67500000e+00	2.72370009e-03	9.51148074e-05
1.68000000e+00	2.69359317e-03	9.42707946e-05
1.68500000e+00	2.69659328e-03	9.58911387e-05
1.69000000e+00	2.68781029e-03	9.37592546e-05
1.69500000e+00	2.68621904e-03	9.35937980e-05
1.70000000e+00	2.67321371e-03	9.41506081e-05
1.70500000e+00	2.67006566e-03	9.45237839e-05
1.71000000e+00	2.66127036e-03	9.29488095e-05
1.71500000e+00	2.64514807e-03	9.24217336e-05
1.72000000e+00	2.62577869e-03	9.24230533e-05
1.72500000e+00	2.62324888e-03	9.29346387e-05
1.73000000e+00	2.63483725e-03	9.20802924e-05
1.73500000e+00	2.60352650e-03	9.12113400e-05
1.74000000e+00	2.61097969e-03	9.17117524e-05
1.74500000e+00	2.63112135e-03	9.34713442e-05
1.75000000e+00	2.60705649e-03	9.09140961e-05
1.75500000e+00	2.60705230e-03	9.14423878e-05
1.76000000e+00	2.57053296e-03	9.01651070e-05
1.76500000e+00	2.58585358e-03	9.18414969e-05
1.77000000e+00	2.59508770e-03	9.05953815e-05
1.77500000e+00	2.57647475e-03	9.03425047e-05
1.78000000e+00	2.58310849e-03	9.08277082e-05
1.78500000e+00	2.56320611e-03	9.10675843e-05
1.79000000e+00	2.58241996e-03	9.01970702e-05
1.79500000e+00	2.55679883e-03	8.95418210e-05
1.80000000e+00	2.56257892e-03	9.03042718e-05
1.80500000e+00	2.55348568e-03	9.05441594e-05
1.81000000e+00	2.52715667e-03	8.81988688e-05
1.81500000e+00	2.53653855e-03	8.86762450e-05
1.82000000e+00	2.52486019e-03	8.89397285e-05
1.82500000e+00	2.52112467e-03	8.92231120e-05
1.83000000e+00	2.52728054e-03	8.83681963e-05
1.83500000e+00	2.50340837e-03	8.77021754e-05
1.84000000e+00	2.50609223e-03	8.82864691e-05
1.84500000e+00	2.48540876e-03	8.80113881e-05
1.85000000e+00	2.49684340e-03	8.73546413e-05
1.85500000e+00	2.49563807e-03	8.73902130e-05
1.86000000e+00	2.47000141e-03	8.70623635e-05
1.86500000e+00	2.45843158e-03	8.69186791e-05
1.87000000e+00	2.45214430e-03	8.57652247e-05
1.87500000e+00	2.46423091e-03	8.64192920e-05
1.88000000e+00	2.44734072e-03	8.62171241e-05
1.88500000e+00	2.43234316e-03	8.61501136e-05
1.89000000e+00	2.40021155e-03	8.38661885e-05
1.89500000e+00	2.41527689e-03	8.48639485e-05
1.90000000e+00	2.41192633e-03	8.50161870e-05
1.90500000e+00	2.39196068e-03	8.42719933e-05
1.91000000e+00	2.39313456e-03	8.38121179e-05
1.91500000e+00	2.38994971e-03	8.37849323e-05
1.92000000e+00	2.38336824e-03	8.39894777e-05
1.92500000e+00	2.36914837e-03	8.36705260e-05
1.93000000e+00	2.36214131e-03	8.26527405e-05
1.93500000e+00	2.38108747e-03	8.35578587e-05
1.94000000e+00	2.35252557e-03	8.31427004e-05
1.94500000e+00	2.32742123e-03	8.20673785e-05
1.95000000e+00	2.33508178e-03	8.15384013e-05
1.95500000e+00	2.32118146e-03	8.14466876e-05
1.96000000e+00	2.34574482e-03	8.28025689e-05
1.96500000e+00	2.32053550e-03	8.19926119e-05
1.97000000e+00	2.32686906e-03	8.11815729e-05
1.97500000e+00	2.28833692e-03	8.03750279e-05
1.98000000e+00	2.30270757e-03	8.12209427e-05
1.98500000e+00	2.28463113e-03	8.07147677e-05
1.99000000e+00	2.25999659e-03	7.89533080e-05
1.99500000e+00	2.28260689e-03	8.00064419e-05
2.00000000e+00	2.25185246e-03	7.95096405e-05
2.00500000e+00	2.28863183e-03	8.10384060e-05
2.01000000e+00	2.23210902e-03	8.66255239e-05
2.01500000e+00	2.22125778e-03	9.16300274e-05
2.02000000e+00	2.23243124e-03	9.80378684e-05
2.02500000e+00	2.19415472e-03	1.00243138e-04
2.03000000e+00	2.18985496e-03	1.05913324e-04
2.03500000e+00	2.20176175e-03	1.11256929e-04
2.04000000e+00	2.16935996e-03	1.14636929e-04
2.04500000e+00	2.14766567e-03	1.19372121e-04
2.05000000e+00	2.11678631e-03	1.23568603e-04
2.05500000e+00	2.17133336e-03	1.24320419e-04
2.06000000e+00	2.17928817e-03	1.08397791e-04
2.06500000e+00	2.18415431e-03	1.03789364e-04
2.07000000e+00	2.14164373e-03	9.64325055e-05
2.07500000e+00	2.13248850e-03	9.37886374e-05
2.08000000e+00	2.13335234e-03	9.36826249e-05
2.08500000e+00	2.15312191e-03	9.36759437e-05
2.09000000e+00	2.14123979e-03	9.04436725e-05
2.09500000e+00	2.11983780e-03	8.85490353e-05
2.10000000e+00	2.11203503e-03	8.76382591e-05
2.10500000e+00	2.11064668e-03	8.72659446e-05
2.11000000e+00	2.10701412e-03	8.39403999e-05
2.11500000e+00	2.10433759e-03	8.30119968e-05
2.12000000e+00	2.07606838e-03	8.14525818e-05
2.12500000e+00	2.05829342e-03	8.05386219e-05
2.13000000e+00	2.04537603e-03	7.67439268e-05
2.13500000e+00	2.03960499e-03	7.56932999e-05
2.14000000e+00	2.01784558e-03	7.41761698e-05
2.14500000e+00	1.99879982e-03	7.37383321e-05
2.15000000e+00	2.00081036e-03	7.13470968e-05
2.15500000e+00	1.99238927e-03	7.11149320e-05
2.16000000e+00	1.97641860e-03	7.02187856e-05
2.16500000e+00	1.98264233e-03	7.09518469e-05
2.17000000e+00	1.96378595e-03	6.85474741e-05
2.17500000e+00	1.96829185e-03	6.89184005e-05
2.18000000e+00	1.95306324e-03	6.86194058e-05
2.18500000e+00	1.92813664e-03	6.80530639e-05
2.19000000e+00	1.90209948e-03	6.69530085e-05
2.19500000e+00	1.91663064e-03	6.70593924e-05
2.20000000e+00	1.90724783e-03	6.69009667e-05
2.20500000e+00	1.89479449e-03	6.66972173e-05
2.21000000e+00	1.89045856e-03	6.68775829e-05
2.21500000e+00	1.87135286e-03	6.54960970e-05
2.22000000e+00	1.88174302e-03	6.57522633e-05
2.22500000e+00	1.86708138e-03	6.58207708e-05
2.23000000e+00	1.84408719e-03	6.53680957e-05
2.23500000e+00	1.82346100e-03	6.37144006e-05
2.24000000e+00	1.83510282e-03	6.42249248e-05
2.24500000e+00	1.80993409e-03	6.37244112e-05
2.25000000e+00	1.80039475e-03	6.39730122e-05
2.25500000e+00	1.80055818e-03	6.28600688e-05
2.26000000e+00	1.76943215e-03	6.20128891e-05
2.26500000e+00	1.77878869e-03	6.24701952e-05
2.27000000e+00	1.76950610e-03	6.29764580e-05
2.27500000e+00	1.74864859e-03	6.10260855e-05
2.28000000e+00	1.73143173e-03	6.04871033e-05
2.28500000e+00	1.72373394e-03	6.06097723e-05
2.29000000e+00	1.71241831e-03	6.05169614e-05
2.29500000e+00	1.70518437e-03	6.00657421e-05
2.30000000e+00	1.69747145e-03	5.92202596e-05
2.30500000e+00	1.66507234e-03	5.83519351e-05
2.31000000e+00	1.66690420e-03	5.86283715e-05
2.31500000e+00	1.67193479e-03	5.93819421e-05
2.32000000e+00	1.63926080e-03	5.69814230e-05
2.32500000e+00	1.65209709e-03	5.79125248e-05
2.33000000e+00	1.61812555e-03	5.69029614e-05
2.33500000e+00	1.63161162e-03	5.78620986e-05
2.34000000e+00	1.62351777e-03	5.66355686e-05
2.34500000e+00	1.60391392e-03	5.59250985e-05
2.35000000e+00	1.59929826e-03	5.60174193e-05
2.35500000e+00	1.58683442e-03	5.63596056e-05
2.36000000e+00	1.57648528e-03	5.51453747e-05
2.36500000e+00	1.56583781e-03	5.47210392e-05
2.37000000e+00	1.55650376e-03	5.44773743e-05
2.37500000e+00	1.53748773e-03	5.42442533e-05
2.38000000e+00	1.53205286e-03	5.43757859e-05
2.38500000e+00	1.54565902e-03	5.40751998e-05
2.39000000e+00	1.51434640e-03	5.30672757e-05
2.39500000e+00	1.51336347e-03	5.33797216e-05
2.40000000e+00	1.50719519e-03	5.39246168e-05
2.40500000e+00	1.50087641e-03	5.25977161e-05
2.41000000e+00	1.47801761e-03	5.19943577e-05
2.41500000e+00	1.47663286e-03	5.19374841e-05
2.42000000e+00	1.46789081e-03	5.23127280e-05
2.42500000e+00	1.46344074e-03	5.20850500e-05
2.43000000e+00	1.44749549e-03	5.10385388e-05
2.43500000e+00	1.45593102e-03	5.15086305e-05
2.44000000e+00	1.43823839e-03	5.09238050e-05
2.44500000e+00	1.42362975e-03	5.11409806e-05
2.45000000e+00	1.42884376e-03	5.03469968e-05
2.45500000e+00	1.41511569e-03	5.01640743e-05
2.46000000e+00	1.40241413e-03	4.98446502e-05
2.46500000e+00	1.39677145e-03	5.02591938e-05
2.47000000e+00	1.38265896e-03	4.91824311e-05
2.47500000e+00	1.38353596e-03	4.90482124e-05
2.48000000e+00	1.36609030e-03	4.88001246e-05
2.48500000e+00	1.37232619e-03	4.89567576e-05
2.49000000e+00	1.36693038e-03	4.94601352e-05
2.49500000e+00	1.36711620e-03	4.85763898e-05
2.50000000e+00	1.35160531e-03	4.81114353e-05
2.50500000e+00	1.33231690e-03	4.77559097e-05
2.51000000e+00	1.31805169e-03	4.75477152e-05
2.51500000e+00	1.31430623e-03	4.74325264e-05
2.52000000e+00	1.30990210e-03	4.69303947e-05
2.52500000e+00	1.32223767e-03	4.75482110e-05
2.53000000e+00	1.29213709e-03	4.69766402e-05
2.53500000e+00	1.29260764e-03	4.75530308e-05
2.54000000e+00	1.28920570e-03	4.65913089e-05
2.54500000e+00	1.27846200e-03	4.64651800e-05
2.55000000e+00	1.26899404e-03	4.63314505e-05
2.55500000e+00	1.26379750e-03	4.65113842e-05
2.56000000e+00	1.24596330e-03	4.60537006e-05
2.56500000e+00	1.24254682e-03	4.55250109e-05
2.57000000e+00	1.23206903e-03	4.53656830e-05
2.57500000e+00	1.23966428e-03	4.57341983e-05
2.58000000e+00	1.21897625e-03	4.57202909e-05
2.58500000e+00	1.22396669e-03	4.55615673e-05
2.59000000e+00	1.22648577e-03	4.54302839e-05
2.59500000e+00	1.21639538e-03	4.52658562e-05
2.60000000e+00	1.21821829e-03	4.56477106e-05
2.60500000e+00	1.22283136e-03	4.68624307e-05
2.61000000e+00	1.22571960e-03	5.35792258e-05
2.61500000e+00	1.19368316e-03	5.78073872e-05
2.62000000e+00	1.18595305e-03	6.31804196e-05
2.62500000e+00	1.16840142e-03	6.72822462e-05
2.63000000e+00	1.17098665e-03	7.43815199e-05
2.63500000e+00	1.17599640e-03	8.29791442e-05
2.64000000e+00	1.16823280e-03	9.10043999e-05
2.64500000e+00	1.17021630e-03	9.69477522e-05
2.65000000e+00	1.16693047e-03	1.02213546e-04
2.65500000e+00	1.16997102e-03	1.10545607e-04
2.66000000e+00	1.14690455e-03	1.16305330e-04
2.66500000e+00	1.18285949e-03	1.34522066e-04
2.67000000e+00	1.12886219e-03	1.38858251e-04
2.67500000e+00	1.14128973e-03	1.64006099e-04
2.68000000e+00	1.15667925e-03	1.94196967e-04
2.68500000e+00	1.19711888e-03	2.64976729e-04
2.69000000e+00	1.10327401e-03	4.01383349e-04
2.69500000e+00	0.00000000e+00	0.00000000e+00
2.70000000e+00	0.00000000e+00	0.00000000e+00
