% Filename : WDL3_p7_00019_00006.h5
% Date & Time : 30-Oct-2025 16:38:50
% X-ray Energy (keV) : 13.30001
% Exposure Time (s) : 0.500
% Photodiode Value : 140381.000
% I0 of Sample : 0
% I0 of Standard : 1
% 
% q(A^-1)   I(q)    I(q)_SE
8.40000000e-01	0.00000000e+00	0.00000000e+00
8.45000000e-01	2.88500335e-03	5.06368253e-04
8.50000000e-01	2.66145705e-03	2.47060351e-04
8.55000000e-01	2.62234612e-03	2.14447180e-04
8.60000000e-01	2.55327452e-03	1.80384448e-04
8.65000000e-01	2.58917784e-03	1.68774045e-04
8.70000000e-01	2.57669445e-03	1.60036578e-04
8.75000000e-01	2.62679162e-03	1.56980431e-04
8.80000000e-01	2.57793267e-03	1.49031339e-04
8.85000000e-01	2.61761738e-03	1.43059913e-04
8.90000000e-01	2.62518685e-03	1.40392540e-04
8.95000000e-01	2.61834202e-03	1.36116534e-04
9.00000000e-01	2.61037936e-03	1.34456136e-04
9.05000000e-01	2.61661167e-03	1.28900965e-04
9.10000000e-01	2.63490466e-03	1.27442588e-04
9.15000000e-01	2.65250267e-03	1.26255212e-04
9.20000000e-01	2.66505055e-03	1.26559592e-04
9.25000000e-01	2.65633872e-03	1.20653293e-04
9.30000000e-01	2.67244909e-03	1.20188312e-04
9.35000000e-01	2.64855178e-03	1.16882721e-04
9.40000000e-01	2.70839617e-03	1.19829059e-04
9.45000000e-01	2.70005719e-03	1.16482517e-04
9.50000000e-01	2.69844431e-03	1.14786477e-04
9.55000000e-01	2.69870669e-03	1.12772414e-04
9.60000000e-01	2.67782963e-03	1.12016514e-04
9.65000000e-01	2.69076606e-03	1.10563895e-04
9.70000000e-01	2.71296318e-03	1.09786489e-04
9.75000000e-01	2.70553338e-03	1.08293856e-04
9.80000000e-01	2.71860195e-03	1.07785872e-04
9.85000000e-01	2.71509464e-03	1.07761907e-04
9.90000000e-01	2.72642876e-03	1.05042710e-04
9.95000000e-01	2.74593237e-03	1.05155719e-04
1.00000000e+00	2.71517203e-03	1.03447912e-04
1.00500000e+00	2.73741208e-03	1.04434148e-04
1.01000000e+00	2.71366929e-03	1.01376007e-04
1.01500000e+00	2.71322709e-03	1.00323980e-04
1.02000000e+00	2.71642639e-03	1.00423396e-04
1.02500000e+00	2.73602004e-03	9.98754916e-05
1.03000000e+00	2.72329334e-03	9.90488989e-05
1.03500000e+00	2.71182024e-03	9.72605512e-05
1.04000000e+00	2.70801981e-03	9.65252033e-05
1.04500000e+00	2.69895331e-03	9.62782783e-05
1.05000000e+00	2.70601146e-03	9.58641716e-05
1.05500000e+00	2.68254052e-03	9.35483151e-05
1.06000000e+00	2.69761189e-03	9.38930934e-05
1.06500000e+00	2.69826322e-03	9.39074100e-05
1.07000000e+00	2.69947860e-03	9.39555690e-05
1.07500000e+00	2.72490203e-03	9.40555970e-05
1.08000000e+00	2.71503044e-03	9.31500898e-05
1.08500000e+00	2.73537400e-03	9.39024848e-05
1.09000000e+00	2.73367376e-03	9.44725961e-05
1.09500000e+00	2.73344634e-03	9.25645714e-05
1.10000000e+00	2.75331361e-03	9.37543463e-05
1.10500000e+00	2.76052885e-03	9.43573350e-05
1.11000000e+00	2.78227542e-03	9.52227471e-05
1.11500000e+00	2.77796019e-03	9.44039060e-05
1.12000000e+00	2.78425902e-03	9.49511594e-05
1.12500000e+00	2.79163009e-03	9.49512952e-05
1.13000000e+00	2.77950179e-03	9.56909902e-05
1.13500000e+00	2.80307407e-03	9.53295097e-05
1.14000000e+00	2.79347593e-03	9.48307659e-05
1.14500000e+00	2.80039106e-03	9.58396512e-05
1.15000000e+00	2.81316690e-03	9.68513370e-05
1.15500000e+00	2.82825480e-03	9.63057505e-05
1.16000000e+00	2.84215496e-03	9.70770151e-05
1.16500000e+00	2.82010666e-03	9.62177425e-05
1.17000000e+00	2.84128780e-03	9.81391606e-05
1.17500000e+00	2.87070837e-03	9.77497322e-05
1.18000000e+00	2.84241040e-03	9.72497675e-05
1.18500000e+00	2.87356693e-03	9.81785829e-05
1.19000000e+00	2.85842390e-03	9.86268431e-05
1.19500000e+00	2.88433298e-03	9.83083021e-05
1.20000000e+00	2.88785198e-03	9.90843782e-05
1.20500000e+00	2.88252518e-03	9.86697290e-05
1.21000000e+00	2.88042177e-03	9.98936019e-05
1.21500000e+00	2.89060916e-03	9.86612713e-05
1.22000000e+00	2.89538475e-03	9.89462029e-05
1.22500000e+00	2.89915604e-03	9.94787209e-05
1.23000000e+00	2.90182596e-03	1.00200718e-04
1.23500000e+00	2.89508091e-03	9.93501197e-05
1.24000000e+00	2.89010231e-03	9.87014012e-05
1.24500000e+00	2.90674161e-03	9.99752026e-05
1.25000000e+00	2.91087331e-03	1.00775146e-04
1.25500000e+00	2.92023491e-03	9.99168115e-05
1.26000000e+00	2.90320403e-03	9.98429062e-05
1.26500000e+00	2.91437022e-03	9.99069172e-05
1.27000000e+00	2.95672537e-03	1.02875274e-04
1.27500000e+00	2.91493790e-03	1.00411120e-04
1.28000000e+00	2.91145425e-03	9.96039508e-05
1.28500000e+00	2.90450954e-03	9.98817504e-05
1.29000000e+00	2.91683732e-03	1.01329250e-04
1.29500000e+00	2.92233985e-03	1.00391814e-04
1.30000000e+00	2.92192135e-03	1.00225396e-04
1.30500000e+00	2.94102838e-03	1.01259360e-04
1.31000000e+00	2.92748902e-03	1.01981483e-04
1.31500000e+00	2.91821407e-03	1.00451724e-04
1.32000000e+00	2.93284207e-03	1.00905110e-04
1.32500000e+00	2.92342768e-03	1.00826289e-04
1.33000000e+00	2.94168500e-03	1.02654354e-04
1.33500000e+00	2.92696332e-03	1.00723509e-04
1.34000000e+00	2.92144761e-03	1.00676601e-04
1.34500000e+00	2.93299186e-03	1.01394880e-04
1.35000000e+00	2.92227646e-03	1.02013876e-04
1.35500000e+00	2.90502256e-03	1.00084004e-04
1.36000000e+00	2.92636926e-03	1.00548308e-04
1.36500000e+00	2.90915228e-03	1.00379203e-04
1.37000000e+00	2.91544066e-03	1.02080376e-04
1.37500000e+00	2.93519426e-03	1.01210410e-04
1.38000000e+00	2.92380657e-03	1.01150422e-04
1.38500000e+00	2.91284556e-03	1.01161630e-04
1.39000000e+00	2.90476350e-03	1.01591979e-04
1.39500000e+00	2.91832875e-03	1.00595849e-04
1.40000000e+00	2.95509169e-03	1.04896240e-04
1.40500000e+00	2.91309146e-03	1.11351626e-04
1.41000000e+00	2.90710134e-03	1.16309809e-04
1.41500000e+00	2.87086164e-03	1.18854113e-04
1.42000000e+00	2.87981440e-03	1.24349077e-04
1.42500000e+00	2.86897655e-03	1.27331651e-04
1.43000000e+00	2.80198579e-03	1.29198464e-04
1.43500000e+00	2.84343351e-03	1.35019885e-04
1.44000000e+00	2.81481253e-03	1.38977854e-04
1.44500000e+00	2.78928377e-03	1.41212497e-04
1.45000000e+00	2.86483807e-03	1.40337641e-04
1.45500000e+00	2.86957223e-03	1.26163744e-04
1.46000000e+00	2.86906113e-03	1.23273636e-04
1.46500000e+00	2.86083335e-03	1.20784021e-04
1.47000000e+00	2.89866156e-03	1.22021486e-04
1.47500000e+00	2.89213259e-03	1.18212260e-04
1.48000000e+00	2.89306250e-03	1.16984929e-04
1.48500000e+00	2.90103879e-03	1.17402892e-04
1.49000000e+00	2.89545274e-03	1.17489705e-04
1.49500000e+00	2.90761535e-03	1.15348800e-04
1.50000000e+00	2.89466273e-03	1.14339912e-04
1.50500000e+00	2.92229305e-03	1.16124833e-04
1.51000000e+00	2.91990689e-03	1.16268241e-04
1.51500000e+00	2.95888841e-03	1.15911535e-04
1.52000000e+00	2.93430892e-03	1.14611343e-04
1.52500000e+00	2.92938765e-03	1.14232851e-04
1.53000000e+00	2.92324365e-03	1.14704513e-04
1.53500000e+00	2.92759173e-03	1.11635372e-04
1.54000000e+00	2.88978044e-03	1.09968108e-04
1.54500000e+00	2.90953954e-03	1.10506855e-04
1.55000000e+00	2.89219219e-03	1.09554266e-04
1.55500000e+00	2.86989799e-03	1.06264081e-04
1.56000000e+00	2.85167230e-03	1.05751492e-04
1.56500000e+00	2.81719919e-03	1.03969354e-04
1.57000000e+00	2.82024749e-03	1.03275659e-04
1.57500000e+00	2.82794513e-03	1.01694631e-04
1.58000000e+00	2.79871821e-03	1.00467964e-04
1.58500000e+00	2.81588489e-03	1.01119422e-04
1.59000000e+00	2.79446135e-03	1.00385622e-04
1.59500000e+00	2.77785948e-03	9.78881658e-05
1.60000000e+00	2.76746991e-03	9.74548963e-05
1.60500000e+00	2.76820523e-03	9.76378951e-05
1.61000000e+00	2.76767737e-03	9.71112998e-05
1.61500000e+00	2.74974426e-03	9.56567835e-05
1.62000000e+00	2.73808400e-03	9.56556981e-05
1.62500000e+00	2.74423318e-03	9.69703639e-05
1.63000000e+00	2.73833217e-03	9.56916002e-05
1.63500000e+00	2.74507031e-03	9.59099885e-05
1.64000000e+00	2.70580020e-03	9.46287384e-05
1.64500000e+00	2.72115120e-03	9.61858537e-05
1.65000000e+00	2.71141183e-03	9.47734336e-05
1.65500000e+00	2.71596292e-03	9.48925264e-05
1.66000000e+00	2.71033870e-03	9.47833080e-05
1.66500000e+00	2.71649116e-03	9.65849980e-05
1.67000000e+00	2.67272804e-03	9.30550527e-05
1.67500000e+00	2.69209103e-03	9.39672321e-05
1.68000000e+00	2.67723952e-03	9.37586960e-05
1.68500000e+00	2.68172125e-03	9.55270826e-05
1.69000000e+00	2.68783017e-03	9.38456181e-05
1.69500000e+00	2.64342745e-03	9.21382429e-05
1.70000000e+00	2.66635726e-03	9.39492596e-05
1.70500000e+00	2.65332745e-03	9.39303724e-05
1.71000000e+00	2.64492175e-03	9.24654624e-05
1.71500000e+00	2.62754742e-03	9.18454688e-05
1.72000000e+00	2.63009766e-03	9.26394232e-05
1.72500000e+00	2.62799345e-03	9.31321559e-05
1.73000000e+00	2.60670061e-03	9.10973594e-05
1.73500000e+00	2.62011539e-03	9.17855887e-05
1.74000000e+00	2.61130890e-03	9.17310775e-05
1.74500000e+00	2.59975502e-03	9.23751802e-05
1.75000000e+00	2.57410403e-03	8.97599467e-05
1.75500000e+00	2.56204178e-03	8.99939322e-05
1.76000000e+00	2.56488407e-03	9.00110379e-05
1.76500000e+00	2.57400910e-03	9.14378499e-05
1.77000000e+00	2.56552803e-03	8.96265817e-05
1.77500000e+00	2.56900652e-03	8.99676542e-05
1.78000000e+00	2.57300003e-03	9.03998194e-05
1.78500000e+00	2.53856359e-03	9.01334873e-05
1.79000000e+00	2.54751656e-03	8.89676366e-05
1.79500000e+00	2.52233346e-03	8.83693566e-05
1.80000000e+00	2.54208545e-03	8.95247249e-05
1.80500000e+00	2.51665697e-03	8.92240195e-05
1.81000000e+00	2.53374214e-03	8.85038794e-05
1.81500000e+00	2.51553171e-03	8.79324220e-05
1.82000000e+00	2.49607031e-03	8.78353517e-05
1.82500000e+00	2.51384647e-03	8.90424477e-05
1.83000000e+00	2.49032517e-03	8.70718526e-05
1.83500000e+00	2.49468785e-03	8.73837335e-05
1.84000000e+00	2.48513442e-03	8.74837759e-05
1.84500000e+00	2.48051471e-03	8.78065070e-05
1.85000000e+00	2.46950374e-03	8.65692690e-05
1.85500000e+00	2.47227103e-03	8.65979983e-05
1.86000000e+00	2.44572834e-03	8.62118664e-05
1.86500000e+00	2.44000010e-03	8.61884985e-05
1.87000000e+00	2.45043774e-03	8.56783271e-05
1.87500000e+00	2.43842186e-03	8.55656746e-05
1.88000000e+00	2.42651072e-03	8.55397324e-05
1.88500000e+00	2.41689592e-03	8.56348645e-05
1.89000000e+00	2.41726837e-03	8.44535308e-05
1.89500000e+00	2.40087120e-03	8.43774248e-05
1.90000000e+00	2.39725236e-03	8.45404833e-05
1.90500000e+00	2.38881375e-03	8.42289719e-05
1.91000000e+00	2.36854213e-03	8.29516730e-05
1.91500000e+00	2.37211804e-03	8.31195007e-05
1.92000000e+00	2.36202030e-03	8.32680703e-05
1.92500000e+00	2.34524600e-03	8.27561216e-05
1.93000000e+00	2.33781412e-03	8.17947320e-05
1.93500000e+00	2.33985195e-03	8.20961526e-05
1.94000000e+00	2.33833805e-03	8.26580375e-05
1.94500000e+00	2.32294951e-03	8.19110039e-05
1.95000000e+00	2.33646254e-03	8.15824458e-05
1.95500000e+00	2.30589793e-03	8.09310365e-05
1.96000000e+00	2.30537902e-03	8.14123982e-05
1.96500000e+00	2.29672400e-03	8.11457123e-05
1.97000000e+00	2.31112121e-03	8.06364643e-05
1.97500000e+00	2.28784190e-03	8.04446143e-05
1.98000000e+00	2.28152764e-03	8.04547814e-05
1.98500000e+00	2.26991918e-03	8.02401936e-05
1.99000000e+00	2.23957769e-03	7.82352978e-05
1.99500000e+00	2.24242888e-03	7.86773569e-05
2.00000000e+00	2.24405787e-03	7.92640924e-05
2.00500000e+00	2.26220661e-03	8.00344077e-05
2.01000000e+00	2.23470868e-03	8.68368317e-05
2.01500000e+00	2.23565948e-03	9.22324953e-05
2.02000000e+00	2.21208562e-03	9.72452791e-05
2.02500000e+00	2.16603032e-03	9.90053191e-05
2.03000000e+00	2.16851924e-03	1.04985385e-04
2.03500000e+00	2.14048047e-03	1.08055394e-04
2.04000000e+00	2.13783141e-03	1.12886221e-04
2.04500000e+00	2.11304179e-03	1.17511618e-04
2.05000000e+00	2.12338658e-03	1.23916697e-04
2.05500000e+00	2.18079294e-03	1.24886003e-04
2.06000000e+00	2.19446365e-03	1.09117667e-04
2.06500000e+00	2.14668197e-03	1.02059239e-04
2.07000000e+00	2.13639881e-03	9.61868663e-05
2.07500000e+00	2.13868903e-03	9.41963457e-05
2.08000000e+00	2.12809766e-03	9.33983215e-05
2.08500000e+00	2.12213151e-03	9.23796551e-05
2.09000000e+00	2.13549128e-03	9.01860420e-05
2.09500000e+00	2.12188159e-03	8.86846707e-05
2.10000000e+00	2.11067016e-03	8.76383563e-05
2.10500000e+00	2.09923379e-03	8.68787227e-05
2.11000000e+00	2.09252990e-03	8.34109502e-05
2.11500000e+00	2.07541985e-03	8.18994411e-05
2.12000000e+00	2.06114089e-03	8.09464677e-05
2.12500000e+00	2.05424474e-03	8.05089209e-05
2.13000000e+00	2.02276668e-03	7.59946175e-05
2.13500000e+00	2.01593107e-03	7.48165762e-05
2.14000000e+00	2.00266303e-03	7.35853298e-05
2.14500000e+00	2.00942673e-03	7.40092102e-05
2.15000000e+00	1.98863646e-03	7.09144442e-05
2.15500000e+00	1.98893035e-03	7.11155937e-05
2.16000000e+00	1.95126722e-03	6.93736218e-05
2.16500000e+00	1.94888740e-03	6.97538724e-05
2.17000000e+00	1.97649022e-03	6.89742154e-05
2.17500000e+00	1.93866527e-03	6.79503492e-05
2.18000000e+00	1.92063084e-03	6.74300899e-05
2.18500000e+00	1.92222236e-03	6.78686712e-05
2.19000000e+00	1.90993657e-03	6.72193087e-05
2.19500000e+00	1.89869119e-03	6.64938128e-05
2.20000000e+00	1.88899121e-03	6.63405719e-05
2.20500000e+00	1.89687166e-03	6.67622637e-05
2.21000000e+00	1.88848019e-03	6.68341885e-05
2.21500000e+00	1.86827990e-03	6.54219370e-05
2.22000000e+00	1.85930612e-03	6.49801588e-05
2.22500000e+00	1.83688833e-03	6.47341020e-05
2.23000000e+00	1.82096132e-03	6.45621475e-05
2.23500000e+00	1.81451127e-03	6.34146027e-05
2.24000000e+00	1.80955747e-03	6.33215006e-05
2.24500000e+00	1.81275020e-03	6.38261003e-05
2.25000000e+00	1.79324105e-03	6.37293559e-05
2.25500000e+00	1.78926130e-03	6.23843514e-05
2.26000000e+00	1.77300302e-03	6.20405372e-05
2.26500000e+00	1.76278241e-03	6.19195548e-05
2.27000000e+00	1.73554226e-03	6.18774071e-05
2.27500000e+00	1.74658347e-03	6.09614198e-05
2.28000000e+00	1.73037763e-03	6.04746275e-05
2.28500000e+00	1.72390699e-03	6.06521178e-05
2.29000000e+00	1.70715374e-03	6.03374500e-05
2.29500000e+00	1.69147958e-03	5.96494250e-05
2.30000000e+00	1.66091021e-03	5.80420267e-05
2.30500000e+00	1.66097307e-03	5.81867000e-05
2.31000000e+00	1.66101212e-03	5.84476626e-05
2.31500000e+00	1.64113182e-03	5.82693763e-05
2.32000000e+00	1.63577629e-03	5.69286069e-05
2.32500000e+00	1.63815353e-03	5.74367727e-05
2.33000000e+00	1.60664550e-03	5.63925063e-05
2.33500000e+00	1.59709570e-03	5.67008601e-05
2.34000000e+00	1.60435786e-03	5.59701415e-05
2.34500000e+00	1.58876813e-03	5.54765131e-05
2.35000000e+00	1.60449509e-03	5.62529228e-05
2.35500000e+00	1.56876640e-03	5.56856939e-05
2.36000000e+00	1.55579795e-03	5.45022198e-05
2.36500000e+00	1.55418732e-03	5.43434183e-05
2.37000000e+00	1.54012507e-03	5.39043351e-05
2.37500000e+00	1.53383946e-03	5.41946618e-05
2.38000000e+00	1.51603681e-03	5.37545189e-05
2.38500000e+00	1.51065343e-03	5.27587379e-05
2.39000000e+00	1.51002802e-03	5.29353148e-05
2.39500000e+00	1.50228636e-03	5.29770447e-05
2.40000000e+00	1.48810225e-03	5.32415376e-05
2.40500000e+00	1.47822822e-03	5.18289095e-05
2.41000000e+00	1.47224932e-03	5.17661746e-05
2.41500000e+00	1.46618544e-03	5.15574945e-05
2.42000000e+00	1.45356011e-03	5.18633917e-05
2.42500000e+00	1.45041486e-03	5.16515614e-05
2.43000000e+00	1.43641489e-03	5.07105793e-05
2.43500000e+00	1.43765725e-03	5.08436149e-05
2.44000000e+00	1.41396682e-03	5.01677086e-05
2.44500000e+00	1.42040254e-03	5.10793735e-05
2.45000000e+00	1.40591386e-03	4.96452435e-05
2.45500000e+00	1.39299815e-03	4.93233124e-05
2.46000000e+00	1.40006342e-03	4.97783080e-05
2.46500000e+00	1.37732869e-03	4.95638177e-05
2.47000000e+00	1.36565207e-03	4.86447160e-05
2.47500000e+00	1.36610265e-03	4.83433410e-05
2.48000000e+00	1.36089523e-03	4.86703449e-05
2.48500000e+00	1.35709400e-03	4.85301458e-05
2.49000000e+00	1.34519089e-03	4.87119718e-05
2.49500000e+00	1.32675645e-03	4.72143727e-05
2.50000000e+00	1.33105343e-03	4.74020221e-05
2.50500000e+00	1.32143541e-03	4.73595362e-05
2.51000000e+00	1.31893518e-03	4.75657122e-05
2.51500000e+00	1.30144898e-03	4.69437355e-05
2.52000000e+00	1.30309188e-03	4.66926757e-05
2.52500000e+00	1.28669196e-03	4.62991506e-05
2.53000000e+00	1.27868687e-03	4.64259408e-05
2.53500000e+00	1.28058773e-03	4.70633144e-05
2.54000000e+00	1.26527688e-03	4.57424905e-05
2.54500000e+00	1.26003882e-03	4.57050016e-05
2.55000000e+00	1.27066264e-03	4.63369959e-05
2.55500000e+00	1.23816093e-03	4.55801799e-05
2.56000000e+00	1.24917649e-03	4.61929479e-05
2.56500000e+00	1.24350687e-03	4.55480510e-05
2.57000000e+00	1.22119878e-03	4.49490507e-05
2.57500000e+00	1.23412651e-03	4.55797610e-05
2.58000000e+00	1.21959870e-03	4.57756005e-05
2.58500000e+00	1.19874996e-03	4.47289141e-05
2.59000000e+00	1.21842082e-03	4.51684078e-05
2.59500000e+00	1.19943013e-03	4.46926706e-05
2.60000000e+00	1.19381525e-03	4.48791419e-05
2.60500000e+00	1.21789788e-03	4.67451530e-05
2.61000000e+00	1.19547384e-03	5.23404644e-05
2.61500000e+00	1.17797598e-03	5.70063834e-05
2.62000000e+00	1.16928438e-03	6.22258584e-05
2.62500000e+00	1.17456447e-03	6.74800479e-05
2.63000000e+00	1.17641293e-03	7.46207145e-05
2.63500000e+00	1.18909214e-03	8.35009995e-05
2.64000000e+00	1.16653967e-03	9.08009705e-05
2.64500000e+00	1.13533301e-03	9.44039740e-05
2.65000000e+00	1.15445284e-03	1.01525444e-04
2.65500000e+00	1.14320902e-03	1.07766863e-04
2.66000000e+00	1.12043049e-03	1.13475141e-04
2.66500000e+00	1.15029065e-03	1.31720889e-04
2.67000000e+00	1.15250734e-03	1.41734867e-04
2.67500000e+00	1.05221829e-03	1.51684879e-04
2.68000000e+00	1.14400203e-03	1.90178718e-04
2.68500000e+00	1.21115580e-03	2.67379023e-04
2.69000000e+00	1.16595718e-03	4.15650113e-04
2.69500000e+00	0.00000000e+00	0.00000000e+00
2.70000000e+00	0.00000000e+00	0.00000000e+00
