% Filename : WDL3_p7_00017_00003.h5
% Date & Time : 30-Oct-2025 16:37:29
% X-ray Energy (keV) : 13.30001
% Exposure Time (s) : 0.500
% Photodiode Value : 140699.000
% I0 of Sample : 0
% I0 of Standard : 1
% 
% q(A^-1)   I(q)    I(q)_SE
8.40000000e-01	0.00000000e+00	0.00000000e+00
8.45000000e-01	2.85545446e-03	5.00868242e-04
8.50000000e-01	2.66020246e-03	2.47064913e-04
8.55000000e-01	2.64061390e-03	2.15942250e-04
8.60000000e-01	2.65626212e-03	1.88130460e-04
8.65000000e-01	2.67046832e-03	1.74082355e-04
8.70000000e-01	2.64796438e-03	1.64395998e-04
8.75000000e-01	2.68583411e-03	1.60362124e-04
8.80000000e-01	2.69148436e-03	1.55518772e-04
8.85000000e-01	2.64227085e-03	1.44522999e-04
8.90000000e-01	2.67325709e-03	1.42940060e-04
8.95000000e-01	2.69152781e-03	1.39853130e-04
9.00000000e-01	2.66654473e-03	1.37324502e-04
9.05000000e-01	2.65798861e-03	1.30890784e-04
9.10000000e-01	2.70630801e-03	1.30772068e-04
9.15000000e-01	2.67986164e-03	1.27381306e-04
9.20000000e-01	2.69914479e-03	1.28334150e-04
9.25000000e-01	2.70300553e-03	1.22915109e-04
9.30000000e-01	2.70977192e-03	1.21991813e-04
9.35000000e-01	2.68624067e-03	1.18499246e-04
9.40000000e-01	2.73029712e-03	1.20776832e-04
9.45000000e-01	2.73722058e-03	1.18122948e-04
9.50000000e-01	2.72806183e-03	1.16084042e-04
9.55000000e-01	2.75282808e-03	1.15006162e-04
9.60000000e-01	2.77126672e-03	1.15928219e-04
9.65000000e-01	2.74493725e-03	1.12767957e-04
9.70000000e-01	2.76275977e-03	1.11788291e-04
9.75000000e-01	2.75756918e-03	1.10235089e-04
9.80000000e-01	2.76781798e-03	1.09730145e-04
9.85000000e-01	2.76425473e-03	1.09702476e-04
9.90000000e-01	2.76321681e-03	1.06357313e-04
9.95000000e-01	2.76757132e-03	1.05977760e-04
1.00000000e+00	2.79331697e-03	1.06483896e-04
1.00500000e+00	2.79207936e-03	1.06589551e-04
1.01000000e+00	2.78329723e-03	1.03894862e-04
1.01500000e+00	2.78273654e-03	1.02897673e-04
1.02000000e+00	2.75782357e-03	1.01844613e-04
1.02500000e+00	2.75407950e-03	1.00549668e-04
1.03000000e+00	2.77195242e-03	1.00833378e-04
1.03500000e+00	2.74329087e-03	9.85240581e-05
1.04000000e+00	2.73668843e-03	9.75836555e-05
1.04500000e+00	2.77237030e-03	9.89068682e-05
1.05000000e+00	2.77403545e-03	9.83247581e-05
1.05500000e+00	2.74003686e-03	9.55746994e-05
1.06000000e+00	2.75594427e-03	9.59345419e-05
1.06500000e+00	2.73536144e-03	9.53630872e-05
1.07000000e+00	2.76000310e-03	9.60346085e-05
1.07500000e+00	2.77250801e-03	9.57863031e-05
1.08000000e+00	2.78551404e-03	9.56452582e-05
1.08500000e+00	2.76780187e-03	9.51128584e-05
1.09000000e+00	2.79677924e-03	9.66214274e-05
1.09500000e+00	2.79199694e-03	9.45208540e-05
1.10000000e+00	2.79811953e-03	9.54054797e-05
1.10500000e+00	2.78617026e-03	9.52762235e-05
1.11000000e+00	2.80069454e-03	9.58332298e-05
1.11500000e+00	2.80768454e-03	9.54092145e-05
1.12000000e+00	2.82727699e-03	9.65192414e-05
1.12500000e+00	2.81904702e-03	9.59143327e-05
1.13000000e+00	2.82377195e-03	9.72032078e-05
1.13500000e+00	2.85389381e-03	9.69968668e-05
1.14000000e+00	2.86303861e-03	9.72219428e-05
1.14500000e+00	2.86387791e-03	9.80670239e-05
1.15000000e+00	2.83974333e-03	9.77118186e-05
1.15500000e+00	2.88531750e-03	9.82568085e-05
1.16000000e+00	2.87640446e-03	9.82471029e-05
1.16500000e+00	2.88826476e-03	9.85893911e-05
1.17000000e+00	2.87972671e-03	9.94768448e-05
1.17500000e+00	2.89418693e-03	9.86340190e-05
1.18000000e+00	2.91483645e-03	9.96578599e-05
1.18500000e+00	2.87006682e-03	9.80824199e-05
1.19000000e+00	2.90954385e-03	1.00529737e-04
1.19500000e+00	2.92509098e-03	9.97605716e-05
1.20000000e+00	2.92304927e-03	1.00109482e-04
1.20500000e+00	2.92121320e-03	1.00076467e-04
1.21000000e+00	2.93066003e-03	1.01661206e-04
1.21500000e+00	2.94801914e-03	1.00600246e-04
1.22000000e+00	2.93537572e-03	1.00300831e-04
1.22500000e+00	2.95357121e-03	1.01296432e-04
1.23000000e+00	2.93517033e-03	1.01416609e-04
1.23500000e+00	2.95737078e-03	1.01547378e-04
1.24000000e+00	2.96540768e-03	1.01323605e-04
1.24500000e+00	2.97454315e-03	1.02452626e-04
1.25000000e+00	2.93827391e-03	1.01813510e-04
1.25500000e+00	2.95044756e-03	1.00895063e-04
1.26000000e+00	2.95566002e-03	1.01828175e-04
1.26500000e+00	2.96628850e-03	1.01733910e-04
1.27000000e+00	2.96647019e-03	1.03263956e-04
1.27500000e+00	2.96333155e-03	1.02067050e-04
1.28000000e+00	2.97869431e-03	1.02047574e-04
1.28500000e+00	2.97505560e-03	1.02412617e-04
1.29000000e+00	2.96784394e-03	1.03055473e-04
1.29500000e+00	2.98519621e-03	1.02511733e-04
1.30000000e+00	2.98230222e-03	1.02329427e-04
1.30500000e+00	2.97420693e-03	1.02510519e-04
1.31000000e+00	2.96634389e-03	1.03464956e-04
1.31500000e+00	2.97257531e-03	1.02390915e-04
1.32000000e+00	2.97473310e-03	1.02312224e-04
1.32500000e+00	3.01237870e-03	1.03907129e-04
1.33000000e+00	2.95336477e-03	1.03056457e-04
1.33500000e+00	2.97512403e-03	1.02394005e-04
1.34000000e+00	3.00347476e-03	1.03453353e-04
1.34500000e+00	2.96435354e-03	1.02546247e-04
1.35000000e+00	2.99039968e-03	1.04367398e-04
1.35500000e+00	2.97888471e-03	1.02610142e-04
1.36000000e+00	2.97370993e-03	1.02245204e-04
1.36500000e+00	2.95396410e-03	1.01947218e-04
1.37000000e+00	2.96563984e-03	1.03857517e-04
1.37500000e+00	2.97530690e-03	1.02565870e-04
1.38000000e+00	2.99677512e-03	1.03592341e-04
1.38500000e+00	2.97722201e-03	1.03388131e-04
1.39000000e+00	2.96611432e-03	1.03708958e-04
1.39500000e+00	2.95444760e-03	1.01829084e-04
1.40000000e+00	3.02421594e-03	1.07365739e-04
1.40500000e+00	2.95690089e-03	1.12985484e-04
1.41000000e+00	2.91101437e-03	1.16447173e-04
1.41500000e+00	2.92344126e-03	1.21162033e-04
1.42000000e+00	2.93051919e-03	1.26411766e-04
1.42500000e+00	2.89166828e-03	1.28482586e-04
1.43000000e+00	2.91761910e-03	1.34504187e-04
1.43500000e+00	2.88563680e-03	1.37123846e-04
1.44000000e+00	2.87681662e-03	1.41922078e-04
1.44500000e+00	2.86623781e-03	1.45190632e-04
1.45000000e+00	2.89719025e-03	1.41854984e-04
1.45500000e+00	2.93579983e-03	1.29139365e-04
1.46000000e+00	2.95321488e-03	1.26790997e-04
1.46500000e+00	2.94497404e-03	1.24185392e-04
1.47000000e+00	2.94326983e-03	1.23958210e-04
1.47500000e+00	2.93517060e-03	1.19904997e-04
1.48000000e+00	2.94014410e-03	1.18886555e-04
1.48500000e+00	2.94349032e-03	1.19138593e-04
1.49000000e+00	2.93908961e-03	1.19134153e-04
1.49500000e+00	2.96726938e-03	1.17642707e-04
1.50000000e+00	2.96945551e-03	1.17353659e-04
1.50500000e+00	2.93213853e-03	1.16547423e-04
1.51000000e+00	2.97447649e-03	1.18551108e-04
1.51500000e+00	2.98686630e-03	1.17015369e-04
1.52000000e+00	2.99122432e-03	1.16835821e-04
1.52500000e+00	2.98548533e-03	1.16389490e-04
1.53000000e+00	2.97003086e-03	1.16473414e-04
1.53500000e+00	2.96711243e-03	1.13092076e-04
1.54000000e+00	2.94723651e-03	1.12213647e-04
1.54500000e+00	2.93191235e-03	1.11295126e-04
1.55000000e+00	2.92679630e-03	1.10779471e-04
1.55500000e+00	2.89288525e-03	1.07017267e-04
1.56000000e+00	2.90689589e-03	1.07890592e-04
1.56500000e+00	2.87541179e-03	1.06147600e-04
1.57000000e+00	2.87117196e-03	1.05220144e-04
1.57500000e+00	2.85517950e-03	1.02718393e-04
1.58000000e+00	2.87613737e-03	1.03273100e-04
1.58500000e+00	2.84169715e-03	1.02034180e-04
1.59000000e+00	2.83246413e-03	1.01734755e-04
1.59500000e+00	2.81892159e-03	9.93272827e-05
1.60000000e+00	2.81752137e-03	9.92361960e-05
1.60500000e+00	2.81268292e-03	9.90902981e-05
1.61000000e+00	2.79809479e-03	9.82294946e-05
1.61500000e+00	2.82252982e-03	9.81341142e-05
1.62000000e+00	2.78847555e-03	9.74284753e-05
1.62500000e+00	2.79358156e-03	9.86753380e-05
1.63000000e+00	2.77230035e-03	9.69145180e-05
1.63500000e+00	2.77625418e-03	9.70389336e-05
1.64000000e+00	2.76325758e-03	9.66050969e-05
1.64500000e+00	2.74983456e-03	9.72598607e-05
1.65000000e+00	2.75959493e-03	9.65334314e-05
1.65500000e+00	2.76580880e-03	9.66137613e-05
1.66000000e+00	2.72286323e-03	9.52845691e-05
1.66500000e+00	2.73273405e-03	9.71506074e-05
1.67000000e+00	2.71465214e-03	9.45786916e-05
1.67500000e+00	2.73548395e-03	9.54076090e-05
1.68000000e+00	2.71707366e-03	9.51375106e-05
1.68500000e+00	2.70964803e-03	9.63907476e-05
1.69000000e+00	2.68927950e-03	9.38491012e-05
1.69500000e+00	2.67928655e-03	9.33941143e-05
1.70000000e+00	2.68594859e-03	9.46766059e-05
1.70500000e+00	2.69081343e-03	9.53383400e-05
1.71000000e+00	2.66835884e-03	9.32654650e-05
1.71500000e+00	2.66764571e-03	9.32013339e-05
1.72000000e+00	2.65429256e-03	9.33589039e-05
1.72500000e+00	2.65579063e-03	9.41524615e-05
1.73000000e+00	2.64948624e-03	9.26317913e-05
1.73500000e+00	2.64775216e-03	9.27287317e-05
1.74000000e+00	2.63684247e-03	9.26777779e-05
1.74500000e+00	2.63593625e-03	9.36939263e-05
1.75000000e+00	2.62070532e-03	9.13377026e-05
1.75500000e+00	2.63854879e-03	9.26031253e-05
1.76000000e+00	2.59748287e-03	9.11627158e-05
1.76500000e+00	2.61759214e-03	9.30348555e-05
1.77000000e+00	2.60518558e-03	9.10091813e-05
1.77500000e+00	2.58202185e-03	9.03867536e-05
1.78000000e+00	2.59391923e-03	9.11892551e-05
1.78500000e+00	2.59386873e-03	9.21462638e-05
1.79000000e+00	2.56620158e-03	8.95770461e-05
1.79500000e+00	2.57659384e-03	9.01837579e-05
1.80000000e+00	2.57419032e-03	9.06260124e-05
1.80500000e+00	2.54384533e-03	9.01786807e-05
1.81000000e+00	2.55162305e-03	8.91492121e-05
1.81500000e+00	2.54789184e-03	8.91069187e-05
1.82000000e+00	2.54140418e-03	8.94100044e-05
1.82500000e+00	2.53884398e-03	8.98342389e-05
1.83000000e+00	2.52675399e-03	8.83146980e-05
1.83500000e+00	2.50810195e-03	8.77746253e-05
1.84000000e+00	2.50360993e-03	8.81799957e-05
1.84500000e+00	2.50004385e-03	8.85278420e-05
1.85000000e+00	2.50805287e-03	8.77404983e-05
1.85500000e+00	2.49905578e-03	8.75464969e-05
1.86000000e+00	2.47223199e-03	8.71913171e-05
1.86500000e+00	2.46564054e-03	8.71744110e-05
1.87000000e+00	2.48357488e-03	8.68417772e-05
1.87500000e+00	2.45179996e-03	8.60371639e-05
1.88000000e+00	2.45526785e-03	8.64343955e-05
1.88500000e+00	2.45463847e-03	8.70253034e-05
1.89000000e+00	2.44918958e-03	8.56069544e-05
1.89500000e+00	2.40522243e-03	8.45352027e-05
1.90000000e+00	2.41676886e-03	8.52515585e-05
1.90500000e+00	2.39386598e-03	8.44969551e-05
1.91000000e+00	2.39870815e-03	8.40127281e-05
1.91500000e+00	2.41566743e-03	8.47755632e-05
1.92000000e+00	2.38057784e-03	8.39673994e-05
1.92500000e+00	2.38740067e-03	8.43089827e-05
1.93000000e+00	2.37526148e-03	8.30328780e-05
1.93500000e+00	2.36178177e-03	8.28390459e-05
1.94000000e+00	2.35550217e-03	8.32554235e-05
1.94500000e+00	2.34928731e-03	8.28612313e-05
1.95000000e+00	2.35376227e-03	8.22221748e-05
1.95500000e+00	2.32057446e-03	8.14792982e-05
1.96000000e+00	2.34035238e-03	8.26095007e-05
1.96500000e+00	2.32883584e-03	8.22420643e-05
1.97000000e+00	2.32067750e-03	8.10093878e-05
1.97500000e+00	2.31237701e-03	8.11857301e-05
1.98000000e+00	2.29715637e-03	8.10579920e-05
1.98500000e+00	2.28361152e-03	8.07215846e-05
1.99000000e+00	2.28849168e-03	7.99184249e-05
1.99500000e+00	2.27424280e-03	7.97342544e-05
2.00000000e+00	2.26961515e-03	8.01172081e-05
2.00500000e+00	2.28377242e-03	8.08237899e-05
2.01000000e+00	2.27183144e-03	8.81956666e-05
2.01500000e+00	2.23400297e-03	9.22360312e-05
2.02000000e+00	2.21235439e-03	9.72784177e-05
2.02500000e+00	2.20313849e-03	1.00559616e-04
2.03000000e+00	2.19664018e-03	1.06274321e-04
2.03500000e+00	2.16760009e-03	1.09633076e-04
2.04000000e+00	2.16245487e-03	1.14310336e-04
2.04500000e+00	2.16102848e-03	1.20163956e-04
2.05000000e+00	2.14084328e-03	1.24994132e-04
2.05500000e+00	2.17049448e-03	1.24157181e-04
2.06000000e+00	2.21325418e-03	1.10296609e-04
2.06500000e+00	2.18024551e-03	1.03652810e-04
2.07000000e+00	2.16897219e-03	9.76568609e-05
2.07500000e+00	2.17661042e-03	9.58238629e-05
2.08000000e+00	2.16522613e-03	9.51253988e-05
2.08500000e+00	2.13738510e-03	9.29409790e-05
2.09000000e+00	2.14354487e-03	9.05071352e-05
2.09500000e+00	2.16592904e-03	9.04604645e-05
2.10000000e+00	2.14241425e-03	8.89625021e-05
2.10500000e+00	2.13574638e-03	8.83905175e-05
2.11000000e+00	2.10131775e-03	8.37329606e-05
2.11500000e+00	2.09828249e-03	8.27617649e-05
2.12000000e+00	2.09885077e-03	8.23767189e-05
2.12500000e+00	2.07579670e-03	8.12397945e-05
2.13000000e+00	2.06484909e-03	7.75243592e-05
2.13500000e+00	2.03756350e-03	7.56167763e-05
2.14000000e+00	2.02178961e-03	7.43300658e-05
2.14500000e+00	2.04560743e-03	7.53862954e-05
2.15000000e+00	2.01415252e-03	7.17922167e-05
2.15500000e+00	1.99847057e-03	7.14044759e-05
2.16000000e+00	1.99368606e-03	7.08901396e-05
2.16500000e+00	1.98740194e-03	7.10799260e-05
2.17000000e+00	1.99144927e-03	6.95853332e-05
2.17500000e+00	1.97910104e-03	6.93421110e-05
2.18000000e+00	1.94893913e-03	6.84474924e-05
2.18500000e+00	1.93636063e-03	6.83167406e-05
2.19000000e+00	1.94836234e-03	6.85626176e-05
2.19500000e+00	1.93049722e-03	6.75968298e-05
2.20000000e+00	1.91812161e-03	6.73637559e-05
2.20500000e+00	1.90059153e-03	6.68632472e-05
2.21000000e+00	1.90529430e-03	6.73925975e-05
2.21500000e+00	1.86907834e-03	6.54660128e-05
2.22000000e+00	1.89236706e-03	6.61340862e-05
2.22500000e+00	1.85569390e-03	6.53759402e-05
2.23000000e+00	1.85308282e-03	6.56657282e-05
2.23500000e+00	1.85978012e-03	6.51359399e-05
2.24000000e+00	1.84206462e-03	6.44428328e-05
2.24500000e+00	1.83037432e-03	6.44156634e-05
2.25000000e+00	1.80445190e-03	6.40569650e-05
2.25500000e+00	1.81372364e-03	6.33184242e-05
2.26000000e+00	1.78621645e-03	6.26477397e-05
2.26500000e+00	1.77719182e-03	6.24529917e-05
2.27000000e+00	1.75688478e-03	6.25770276e-05
2.27500000e+00	1.78447920e-03	6.23136910e-05
2.28000000e+00	1.75563971e-03	6.13008564e-05
2.28500000e+00	1.73699863e-03	6.11300535e-05
2.29000000e+00	1.71744212e-03	6.07497938e-05
2.29500000e+00	1.72317280e-03	6.07300674e-05
2.30000000e+00	1.69156811e-03	5.90637728e-05
2.30500000e+00	1.69595987e-03	5.93777928e-05
2.31000000e+00	1.69487453e-03	5.96282315e-05
2.31500000e+00	1.66215095e-03	5.89793235e-05
2.32000000e+00	1.68420066e-03	5.85687610e-05
2.32500000e+00	1.64536334e-03	5.77077650e-05
2.33000000e+00	1.62996100e-03	5.72145895e-05
2.33500000e+00	1.63327281e-03	5.79742381e-05
2.34000000e+00	1.62124093e-03	5.65148651e-05
2.34500000e+00	1.61520070e-03	5.64149913e-05
2.35000000e+00	1.59512550e-03	5.58764013e-05
2.35500000e+00	1.57855325e-03	5.60341610e-05
2.36000000e+00	1.58833058e-03	5.55792551e-05
2.36500000e+00	1.57212577e-03	5.50530828e-05
2.37000000e+00	1.56190223e-03	5.46425754e-05
2.37500000e+00	1.54184731e-03	5.43561954e-05
2.38000000e+00	1.54751070e-03	5.49076302e-05
2.38500000e+00	1.53099840e-03	5.35235378e-05
2.39000000e+00	1.52568960e-03	5.35195017e-05
2.39500000e+00	1.51828931e-03	5.34655687e-05
2.40000000e+00	1.51569459e-03	5.42063429e-05
2.40500000e+00	1.50283185e-03	5.26924977e-05
2.41000000e+00	1.47821337e-03	5.21104774e-05
2.41500000e+00	1.47501974e-03	5.19710434e-05
2.42000000e+00	1.46058723e-03	5.20777029e-05
2.42500000e+00	1.46899697e-03	5.22769695e-05
2.43000000e+00	1.44615020e-03	5.10356336e-05
2.43500000e+00	1.44647890e-03	5.12291554e-05
2.44000000e+00	1.42926310e-03	5.07159678e-05
2.44500000e+00	1.41655403e-03	5.09038373e-05
2.45000000e+00	1.41686020e-03	5.00030012e-05
2.45500000e+00	1.40110317e-03	4.96605618e-05
2.46000000e+00	1.40721551e-03	5.01039319e-05
2.46500000e+00	1.40377853e-03	5.05262031e-05
2.47000000e+00	1.38072453e-03	4.92467165e-05
2.47500000e+00	1.38595714e-03	4.91048996e-05
2.48000000e+00	1.35901830e-03	4.85754857e-05
2.48500000e+00	1.35724045e-03	4.85167162e-05
2.49000000e+00	1.35040787e-03	4.89636043e-05
2.49500000e+00	1.35409561e-03	4.81300443e-05
2.50000000e+00	1.32955533e-03	4.73833448e-05
2.50500000e+00	1.33729281e-03	4.79353448e-05
2.51000000e+00	1.30347611e-03	4.70103330e-05
2.51500000e+00	1.32908230e-03	4.80051430e-05
2.52000000e+00	1.29738048e-03	4.64952713e-05
2.52500000e+00	1.29801871e-03	4.67029166e-05
2.53000000e+00	1.29650876e-03	4.70877614e-05
2.53500000e+00	1.29156197e-03	4.74417988e-05
2.54000000e+00	1.28631012e-03	4.64946014e-05
2.54500000e+00	1.27253862e-03	4.62270666e-05
2.55000000e+00	1.25247652e-03	4.57198615e-05
2.55500000e+00	1.24546674e-03	4.58163465e-05
2.56000000e+00	1.24796049e-03	4.61292341e-05
2.56500000e+00	1.24021577e-03	4.54680380e-05
2.57000000e+00	1.23390427e-03	4.54353051e-05
2.57500000e+00	1.22431312e-03	4.52634988e-05
2.58000000e+00	1.21763477e-03	4.56289979e-05
2.58500000e+00	1.21297508e-03	4.51764357e-05
2.59000000e+00	1.20441284e-03	4.46772957e-05
2.59500000e+00	1.19448114e-03	4.45173410e-05
2.60000000e+00	1.19313684e-03	4.47507109e-05
2.60500000e+00	1.20577723e-03	4.62527489e-05
2.61000000e+00	1.19538697e-03	5.21771864e-05
2.61500000e+00	1.18310303e-03	5.72672069e-05
2.62000000e+00	1.18883799e-03	6.33874091e-05
2.62500000e+00	1.16884400e-03	6.69853495e-05
2.63000000e+00	1.14954135e-03	7.31300309e-05
2.63500000e+00	1.15878953e-03	8.17527076e-05
2.64000000e+00	1.15064042e-03	8.94486817e-05
2.64500000e+00	1.16022999e-03	9.62460895e-05
2.65000000e+00	1.15156573e-03	1.01227480e-04
2.65500000e+00	1.15574448e-03	1.09070322e-04
2.66000000e+00	1.17127624e-03	1.18512917e-04
2.66500000e+00	1.12174479e-03	1.27740205e-04
2.67000000e+00	1.07635412e-03	1.32855937e-04
2.67500000e+00	1.08509493e-03	1.56204350e-04
2.68000000e+00	1.06015086e-03	1.77587408e-04
2.68500000e+00	1.17405371e-03	2.63532262e-04
2.69000000e+00	1.07810787e-03	3.92456472e-04
2.69500000e+00	0.00000000e+00	0.00000000e+00
2.70000000e+00	0.00000000e+00	0.00000000e+00
