% Filename : WDL3_00006_00003.h5
% Date & Time : 30-Oct-2025 14:30:17
% X-ray Energy (keV) : 13.30001
% Exposure Time (s) : 0.500
% Photodiode Value : 134980.000
% I0 of Sample : 0
% I0 of Standard : 1
% 
% q(A^-1)   I(q)    I(q)_SE
8.40000000e-01	0.00000000e+00	0.00000000e+00
8.45000000e-01	2.84252479e-03	4.98626108e-04
8.50000000e-01	2.73014683e-03	2.53117980e-04
8.55000000e-01	2.73385843e-03	2.23706947e-04
8.60000000e-01	2.63778657e-03	1.86626256e-04
8.65000000e-01	2.64376676e-03	1.72399655e-04
8.70000000e-01	2.68217751e-03	1.66718448e-04
8.75000000e-01	2.70331260e-03	1.61717235e-04
8.80000000e-01	2.66175541e-03	1.53929259e-04
8.85000000e-01	2.70547987e-03	1.47824609e-04
8.90000000e-01	2.70025504e-03	1.44614903e-04
8.95000000e-01	2.72873635e-03	1.41875871e-04
9.00000000e-01	2.71844100e-03	1.40100488e-04
9.05000000e-01	2.74346987e-03	1.35129836e-04
9.10000000e-01	2.72358242e-03	1.31847563e-04
9.15000000e-01	2.72856956e-03	1.29790501e-04
9.20000000e-01	2.75728270e-03	1.31122556e-04
9.25000000e-01	2.74370774e-03	1.24736883e-04
9.30000000e-01	2.75358403e-03	1.23985614e-04
9.35000000e-01	2.77868683e-03	1.22549366e-04
9.40000000e-01	2.78707049e-03	1.23386243e-04
9.45000000e-01	2.75355660e-03	1.18885400e-04
9.50000000e-01	2.77589489e-03	1.18107641e-04
9.55000000e-01	2.80328032e-03	1.17015334e-04
9.60000000e-01	2.78468881e-03	1.16593034e-04
9.65000000e-01	2.80221878e-03	1.15152597e-04
9.70000000e-01	2.79294983e-03	1.12997248e-04
9.75000000e-01	2.80425845e-03	1.12177836e-04
9.80000000e-01	2.82550090e-03	1.11977386e-04
9.85000000e-01	2.79574751e-03	1.11009318e-04
9.90000000e-01	2.81343576e-03	1.08373018e-04
9.95000000e-01	2.84678720e-03	1.09053211e-04
1.00000000e+00	2.81967994e-03	1.07529479e-04
1.00500000e+00	2.81613245e-03	1.07428773e-04
1.01000000e+00	2.85246361e-03	1.06441008e-04
1.01500000e+00	2.79845272e-03	1.03504171e-04
1.02000000e+00	2.82560367e-03	1.04416632e-04
1.02500000e+00	2.81944189e-03	1.02951115e-04
1.03000000e+00	2.80296335e-03	1.01877099e-04
1.03500000e+00	2.81399743e-03	1.00968590e-04
1.04000000e+00	2.77058466e-03	9.88559981e-05
1.04500000e+00	2.82265235e-03	1.00700558e-04
1.05000000e+00	2.78538919e-03	9.86357182e-05
1.05500000e+00	2.76143904e-03	9.63756992e-05
1.06000000e+00	2.80654652e-03	9.77901960e-05
1.06500000e+00	2.81769624e-03	9.82446181e-05
1.07000000e+00	2.78993127e-03	9.71044118e-05
1.07500000e+00	2.80610499e-03	9.69118208e-05
1.08000000e+00	2.82338837e-03	9.69625888e-05
1.08500000e+00	2.85282803e-03	9.80599156e-05
1.09000000e+00	2.82922225e-03	9.77318454e-05
1.09500000e+00	2.82594870e-03	9.57989695e-05
1.10000000e+00	2.85115676e-03	9.72721551e-05
1.10500000e+00	2.84478395e-03	9.74105754e-05
1.11000000e+00	2.84461553e-03	9.74459105e-05
1.11500000e+00	2.86450856e-03	9.72708159e-05
1.12000000e+00	2.88568808e-03	9.85207468e-05
1.12500000e+00	2.89729070e-03	9.86007989e-05
1.13000000e+00	2.89015542e-03	9.95597216e-05
1.13500000e+00	2.90430422e-03	9.87233654e-05
1.14000000e+00	2.91147800e-03	9.88727392e-05
1.14500000e+00	2.93004320e-03	1.00293417e-04
1.15000000e+00	2.91827031e-03	1.00386419e-04
1.15500000e+00	2.94513230e-03	1.00305087e-04
1.16000000e+00	2.94554318e-03	1.00693014e-04
1.16500000e+00	2.96968901e-03	1.01241069e-04
1.17000000e+00	2.94079029e-03	1.01568803e-04
1.17500000e+00	2.98056936e-03	1.01484868e-04
1.18000000e+00	2.96475973e-03	1.01362555e-04
1.18500000e+00	2.95657370e-03	1.01002891e-04
1.19000000e+00	2.96177136e-03	1.02189001e-04
1.19500000e+00	2.98933947e-03	1.01953240e-04
1.20000000e+00	2.98036589e-03	1.02240538e-04
1.20500000e+00	2.99697067e-03	1.02593239e-04
1.21000000e+00	3.00715224e-03	1.04307587e-04
1.21500000e+00	3.00796473e-03	1.02701285e-04
1.22000000e+00	3.01915829e-03	1.03114818e-04
1.22500000e+00	3.01346303e-03	1.03297582e-04
1.23000000e+00	2.99130601e-03	1.03376276e-04
1.23500000e+00	3.02345873e-03	1.03855587e-04
1.24000000e+00	2.98947350e-03	1.02180611e-04
1.24500000e+00	3.01111031e-03	1.03668448e-04
1.25000000e+00	3.01894984e-03	1.04521536e-04
1.25500000e+00	3.02791394e-03	1.03575222e-04
1.26000000e+00	3.02479332e-03	1.04090209e-04
1.26500000e+00	3.03801696e-03	1.04174811e-04
1.27000000e+00	3.04238540e-03	1.05908645e-04
1.27500000e+00	3.05195597e-03	1.05148585e-04
1.28000000e+00	3.05582477e-03	1.04479318e-04
1.28500000e+00	3.04022806e-03	1.04703526e-04
1.29000000e+00	3.03610004e-03	1.05502983e-04
1.29500000e+00	3.05150874e-03	1.04892791e-04
1.30000000e+00	3.05929017e-03	1.04980255e-04
1.30500000e+00	3.03012847e-03	1.04376258e-04
1.31000000e+00	3.05744915e-03	1.06543631e-04
1.31500000e+00	3.05353657e-03	1.05118077e-04
1.32000000e+00	3.05488546e-03	1.05025751e-04
1.32500000e+00	3.04563575e-03	1.05113149e-04
1.33000000e+00	3.05524010e-03	1.06637273e-04
1.33500000e+00	3.03989116e-03	1.04648757e-04
1.34000000e+00	3.05000392e-03	1.05054838e-04
1.34500000e+00	3.03687164e-03	1.05005126e-04
1.35000000e+00	3.04256396e-03	1.06154246e-04
1.35500000e+00	3.03855508e-03	1.04624400e-04
1.36000000e+00	3.05570928e-03	1.05036554e-04
1.36500000e+00	3.03379693e-03	1.04685945e-04
1.37000000e+00	3.04257144e-03	1.06541435e-04
1.37500000e+00	3.04319930e-03	1.04974892e-04
1.38000000e+00	3.06961358e-03	1.06090479e-04
1.38500000e+00	3.03985549e-03	1.05561752e-04
1.39000000e+00	3.05707514e-03	1.06904869e-04
1.39500000e+00	3.05724625e-03	1.05420156e-04
1.40000000e+00	3.08036108e-03	1.09315418e-04
1.40500000e+00	3.01984201e-03	1.15379229e-04
1.41000000e+00	3.01206377e-03	1.20591988e-04
1.41500000e+00	2.98943473e-03	1.23899745e-04
1.42000000e+00	3.00893283e-03	1.29818283e-04
1.42500000e+00	2.97469037e-03	1.32041763e-04
1.43000000e+00	2.95797281e-03	1.36344891e-04
1.43500000e+00	2.93084519e-03	1.39167414e-04
1.44000000e+00	2.92653125e-03	1.44427854e-04
1.44500000e+00	2.90321632e-03	1.47124852e-04
1.45000000e+00	3.03049251e-03	1.48435104e-04
1.45500000e+00	3.02066782e-03	1.32899828e-04
1.46000000e+00	3.05005109e-03	1.31083649e-04
1.46500000e+00	3.03000144e-03	1.27762698e-04
1.47000000e+00	3.01017794e-03	1.26932583e-04
1.47500000e+00	3.06075018e-03	1.25165655e-04
1.48000000e+00	3.05333236e-03	1.23494232e-04
1.48500000e+00	3.00947039e-03	1.21668052e-04
1.49000000e+00	3.04356643e-03	1.23545332e-04
1.49500000e+00	3.06411426e-03	1.21568671e-04
1.50000000e+00	3.07147089e-03	1.21401691e-04
1.50500000e+00	3.09314257e-03	1.22936300e-04
1.51000000e+00	3.10511663e-03	1.23750259e-04
1.51500000e+00	3.15265455e-03	1.23576927e-04
1.52000000e+00	3.13911056e-03	1.22553621e-04
1.52500000e+00	3.12545864e-03	1.21891472e-04
1.53000000e+00	3.08030352e-03	1.20823735e-04
1.53500000e+00	3.07619309e-03	1.17206767e-04
1.54000000e+00	3.04636033e-03	1.15971799e-04
1.54500000e+00	3.04149565e-03	1.15519244e-04
1.55000000e+00	3.02730416e-03	1.14622566e-04
1.55500000e+00	3.00647076e-03	1.11330387e-04
1.56000000e+00	2.98771410e-03	1.10864160e-04
1.56500000e+00	2.98575578e-03	1.10258489e-04
1.57000000e+00	2.93368327e-03	1.07441744e-04
1.57500000e+00	2.94523920e-03	1.05965191e-04
1.58000000e+00	2.94511246e-03	1.05765559e-04
1.58500000e+00	2.93403739e-03	1.05375747e-04
1.59000000e+00	2.92645193e-03	1.05138771e-04
1.59500000e+00	2.91664084e-03	1.02767487e-04
1.60000000e+00	2.89850171e-03	1.02102274e-04
1.60500000e+00	2.88151868e-03	1.01568368e-04
1.61000000e+00	2.88140663e-03	1.01218026e-04
1.61500000e+00	2.88120554e-03	1.00304606e-04
1.62000000e+00	2.85932681e-03	9.98796679e-05
1.62500000e+00	2.86202962e-03	1.01150276e-04
1.63000000e+00	2.85384336e-03	9.97279850e-05
1.63500000e+00	2.84724051e-03	9.95171798e-05
1.64000000e+00	2.82412094e-03	9.88222568e-05
1.64500000e+00	2.80935467e-03	9.92557988e-05
1.65000000e+00	2.83503844e-03	9.90864128e-05
1.65500000e+00	2.81893601e-03	9.84879837e-05
1.66000000e+00	2.81873474e-03	9.85991149e-05
1.66500000e+00	2.81333675e-03	9.99273883e-05
1.67000000e+00	2.78459475e-03	9.69730434e-05
1.67500000e+00	2.78338328e-03	9.70998234e-05
1.68000000e+00	2.77985901e-03	9.73618865e-05
1.68500000e+00	2.77300216e-03	9.86413988e-05
1.69000000e+00	2.77359772e-03	9.68583317e-05
1.69500000e+00	2.77364072e-03	9.65944307e-05
1.70000000e+00	2.75671939e-03	9.71656893e-05
1.70500000e+00	2.74395076e-03	9.71062255e-05
1.71000000e+00	2.75090154e-03	9.61240583e-05
1.71500000e+00	2.72967662e-03	9.53796850e-05
1.72000000e+00	2.71424936e-03	9.55096039e-05
1.72500000e+00	2.70453761e-03	9.58542411e-05
1.73000000e+00	2.71794515e-03	9.49760412e-05
1.73500000e+00	2.69593271e-03	9.44388953e-05
1.74000000e+00	2.70132486e-03	9.49125952e-05
1.74500000e+00	2.69210790e-03	9.56964585e-05
1.75000000e+00	2.71041096e-03	9.45322417e-05
1.75500000e+00	2.67348615e-03	9.38556955e-05
1.76000000e+00	2.67340639e-03	9.38255762e-05
1.76500000e+00	2.65320261e-03	9.43558300e-05
1.77000000e+00	2.66417872e-03	9.31700737e-05
1.77500000e+00	2.67113300e-03	9.36541751e-05
1.78000000e+00	2.66843765e-03	9.37844081e-05
1.78500000e+00	2.65837296e-03	9.44990214e-05
1.79000000e+00	2.65901396e-03	9.28683514e-05
1.79500000e+00	2.64668506e-03	9.26721800e-05
1.80000000e+00	2.64257317e-03	9.31653316e-05
1.80500000e+00	2.64015848e-03	9.36760346e-05
1.81000000e+00	2.65202045e-03	9.26183444e-05
1.81500000e+00	2.62765312e-03	9.19067007e-05
1.82000000e+00	2.62523710e-03	9.24479604e-05
1.82500000e+00	2.63019009e-03	9.31984381e-05
1.83000000e+00	2.61736405e-03	9.15277043e-05
1.83500000e+00	2.61294156e-03	9.15583629e-05
1.84000000e+00	2.60383010e-03	9.17721397e-05
1.84500000e+00	2.58765440e-03	9.16295951e-05
1.85000000e+00	2.59592397e-03	9.09117788e-05
1.85500000e+00	2.59969628e-03	9.10494796e-05
1.86000000e+00	2.57520183e-03	9.08438761e-05
1.86500000e+00	2.57903942e-03	9.12199722e-05
1.87000000e+00	2.54305950e-03	8.89389058e-05
1.87500000e+00	2.55068849e-03	8.95628149e-05
1.88000000e+00	2.53310931e-03	8.92783247e-05
1.88500000e+00	2.51562388e-03	8.92363122e-05
1.89000000e+00	2.50872356e-03	8.76505433e-05
1.89500000e+00	2.50473171e-03	8.80540902e-05
1.90000000e+00	2.49519239e-03	8.80110442e-05
1.90500000e+00	2.50130715e-03	8.82216871e-05
1.91000000e+00	2.49092856e-03	8.72978863e-05
1.91500000e+00	2.46400270e-03	8.64442495e-05
1.92000000e+00	2.45660347e-03	8.66404528e-05
1.92500000e+00	2.43645641e-03	8.59981468e-05
1.93000000e+00	2.43574658e-03	8.52270923e-05
1.93500000e+00	2.44763934e-03	8.58443068e-05
1.94000000e+00	2.41159428e-03	8.53750903e-05
1.94500000e+00	2.40312501e-03	8.47582063e-05
1.95000000e+00	2.40278198e-03	8.39856853e-05
1.95500000e+00	2.41185145e-03	8.46098888e-05
1.96000000e+00	2.38472385e-03	8.42308544e-05
1.96500000e+00	2.39724983e-03	8.47168296e-05
1.97000000e+00	2.38898695e-03	8.33703800e-05
1.97500000e+00	2.36997308e-03	8.33432545e-05
1.98000000e+00	2.37037973e-03	8.36516600e-05
1.98500000e+00	2.38485066e-03	8.42414946e-05
1.99000000e+00	2.36236216e-03	8.25437315e-05
1.99500000e+00	2.35137002e-03	8.24352259e-05
2.00000000e+00	2.31386026e-03	8.16823474e-05
2.00500000e+00	2.35813998e-03	8.34752365e-05
2.01000000e+00	2.36117738e-03	9.16230447e-05
2.01500000e+00	2.32321301e-03	9.58191991e-05
2.02000000e+00	2.28268674e-03	1.00365407e-04
2.02500000e+00	2.26855380e-03	1.03639166e-04
2.03000000e+00	2.25101000e-03	1.09085435e-04
2.03500000e+00	2.21583320e-03	1.12173817e-04
2.04000000e+00	2.22686988e-03	1.17666244e-04
2.04500000e+00	2.19671099e-03	1.22220863e-04
2.05000000e+00	2.18172956e-03	1.27354196e-04
2.05500000e+00	2.20169324e-03	1.26097966e-04
2.06000000e+00	2.24880293e-03	1.11918209e-04
2.06500000e+00	2.22012405e-03	1.05650184e-04
2.07000000e+00	2.21582655e-03	9.98555686e-05
2.07500000e+00	2.20353277e-03	9.70178912e-05
2.08000000e+00	2.18624084e-03	9.60920068e-05
2.08500000e+00	2.21393743e-03	9.62963869e-05
2.09000000e+00	2.19864984e-03	9.28932373e-05
2.09500000e+00	2.21050722e-03	9.23864829e-05
2.10000000e+00	2.20910206e-03	9.17403572e-05
2.10500000e+00	2.18520527e-03	9.03386701e-05
2.11000000e+00	2.18401484e-03	8.70514780e-05
2.11500000e+00	2.15718389e-03	8.51212432e-05
2.12000000e+00	2.15650925e-03	8.46893563e-05
2.12500000e+00	2.12573524e-03	8.32301177e-05
2.13000000e+00	2.10178753e-03	7.89690641e-05
2.13500000e+00	2.08396394e-03	7.73183628e-05
2.14000000e+00	2.07432687e-03	7.63229964e-05
2.14500000e+00	2.07562757e-03	7.64802979e-05
2.15000000e+00	2.06306386e-03	7.35924520e-05
2.15500000e+00	2.06449610e-03	7.37700162e-05
2.16000000e+00	2.04678345e-03	7.28406186e-05
2.16500000e+00	2.03177742e-03	7.27206432e-05
2.17000000e+00	2.00586812e-03	7.00615369e-05
2.17500000e+00	2.02346489e-03	7.08440372e-05
2.18000000e+00	1.99885596e-03	7.03003506e-05
2.18500000e+00	1.98408980e-03	7.00337201e-05
2.19000000e+00	1.98024338e-03	6.97012402e-05
2.19500000e+00	1.96559352e-03	6.88100558e-05
2.20000000e+00	1.96615517e-03	6.90176825e-05
2.20500000e+00	1.96977512e-03	6.93910576e-05
2.21000000e+00	1.96209027e-03	6.94996525e-05
2.21500000e+00	1.93575776e-03	6.77579537e-05
2.22000000e+00	1.93244526e-03	6.76253289e-05
2.22500000e+00	1.92185103e-03	6.78410853e-05
2.23000000e+00	1.88684036e-03	6.69358675e-05
2.23500000e+00	1.89480558e-03	6.62689450e-05
2.24000000e+00	1.88623994e-03	6.60218003e-05
2.24500000e+00	1.87017055e-03	6.59910879e-05
2.25000000e+00	1.84735017e-03	6.57100084e-05
2.25500000e+00	1.85333660e-03	6.47039734e-05
2.26000000e+00	1.85404588e-03	6.49375712e-05
2.26500000e+00	1.81568785e-03	6.39020736e-05
2.27000000e+00	1.79832398e-03	6.41020187e-05
2.27500000e+00	1.80431967e-03	6.31094525e-05
2.28000000e+00	1.78605196e-03	6.24557217e-05
2.28500000e+00	1.76038492e-03	6.19987953e-05
2.29000000e+00	1.75215348e-03	6.19923671e-05
2.29500000e+00	1.75612582e-03	6.19141583e-05
2.30000000e+00	1.76090026e-03	6.15550061e-05
2.30500000e+00	1.72255055e-03	6.03548401e-05
2.31000000e+00	1.73015677e-03	6.09270522e-05
2.31500000e+00	1.71946413e-03	6.10962257e-05
2.32000000e+00	1.70069652e-03	5.91672781e-05
2.32500000e+00	1.69091671e-03	5.92991657e-05
2.33000000e+00	1.68833716e-03	5.92898437e-05
2.33500000e+00	1.65985237e-03	5.89472116e-05
2.34000000e+00	1.65143479e-03	5.75760120e-05
2.34500000e+00	1.65250838e-03	5.77602194e-05
2.35000000e+00	1.65294732e-03	5.80029367e-05
2.35500000e+00	1.62335296e-03	5.77081542e-05
2.36000000e+00	1.61781850e-03	5.66789895e-05
2.36500000e+00	1.61188974e-03	5.64382616e-05
2.37000000e+00	1.59442733e-03	5.57928609e-05
2.37500000e+00	1.58959129e-03	5.61991158e-05
2.38000000e+00	1.57885726e-03	5.60389217e-05
2.38500000e+00	1.57648939e-03	5.51569137e-05
2.39000000e+00	1.55297972e-03	5.45145611e-05
2.39500000e+00	1.55926041e-03	5.50676271e-05
2.40000000e+00	1.53925986e-03	5.51426018e-05
2.40500000e+00	1.54584339e-03	5.42941572e-05
2.41000000e+00	1.52846465e-03	5.37740674e-05
2.41500000e+00	1.50653568e-03	5.30810572e-05
2.42000000e+00	1.50631187e-03	5.38025409e-05
2.42500000e+00	1.48643385e-03	5.29235004e-05
2.43000000e+00	1.48119756e-03	5.22860534e-05
2.43500000e+00	1.47363600e-03	5.22102765e-05
2.44000000e+00	1.45296959e-03	5.16537901e-05
2.44500000e+00	1.47229353e-03	5.29800480e-05
2.45000000e+00	1.45949448e-03	5.15374212e-05
2.45500000e+00	1.45511027e-03	5.16004738e-05
2.46000000e+00	1.43913199e-03	5.12200852e-05
2.46500000e+00	1.42855930e-03	5.14886570e-05
2.47000000e+00	1.43576806e-03	5.11934355e-05
2.47500000e+00	1.40960045e-03	4.99311452e-05
2.48000000e+00	1.39730524e-03	5.00767994e-05
2.48500000e+00	1.39164747e-03	4.97220486e-05
2.49000000e+00	1.39244116e-03	5.04664503e-05
2.49500000e+00	1.40308971e-03	4.98738712e-05
2.50000000e+00	1.36776377e-03	4.87916750e-05
2.50500000e+00	1.35939021e-03	4.87805384e-05
2.51000000e+00	1.36342751e-03	4.92311416e-05
2.51500000e+00	1.34051318e-03	4.84755060e-05
2.52000000e+00	1.33688878e-03	4.79679945e-05
2.52500000e+00	1.33768892e-03	4.82069630e-05
2.53000000e+00	1.31722159e-03	4.79411847e-05
2.53500000e+00	1.32967884e-03	4.89847887e-05
2.54000000e+00	1.30956381e-03	4.73600957e-05
2.54500000e+00	1.29945068e-03	4.72625197e-05
2.55000000e+00	1.30283927e-03	4.75646222e-05
2.55500000e+00	1.29372937e-03	4.76060955e-05
2.56000000e+00	1.28701160e-03	4.75738779e-05
2.56500000e+00	1.27286218e-03	4.66408108e-05
2.57000000e+00	1.27261168e-03	4.68980117e-05
2.57500000e+00	1.27228273e-03	4.69491008e-05
2.58000000e+00	1.24309811e-03	4.67628398e-05
2.58500000e+00	1.25001313e-03	4.66102705e-05
2.59000000e+00	1.25262493e-03	4.65188829e-05
2.59500000e+00	1.25137741e-03	4.66052893e-05
2.60000000e+00	1.23240599e-03	4.62226936e-05
2.60500000e+00	1.24906167e-03	4.79644506e-05
2.61000000e+00	1.23102151e-03	5.38705044e-05
2.61500000e+00	1.21961854e-03	5.91173980e-05
2.62000000e+00	1.20129534e-03	6.39721345e-05
2.62500000e+00	1.19271883e-03	6.86027507e-05
2.63000000e+00	1.21211498e-03	7.71964814e-05
2.63500000e+00	1.22595666e-03	8.65103094e-05
2.64000000e+00	1.22684722e-03	9.53931966e-05
2.64500000e+00	1.23624310e-03	1.02623919e-04
2.65000000e+00	1.19321524e-03	1.04842933e-04
2.65500000e+00	1.15950052e-03	1.09639544e-04
2.66000000e+00	1.17059297e-03	1.18400375e-04
2.66500000e+00	1.15729126e-03	1.31656342e-04
2.67000000e+00	1.21943429e-03	1.50514811e-04
2.67500000e+00	1.18531746e-03	1.70359016e-04
2.68000000e+00	1.17169605e-03	1.95762581e-04
2.68500000e+00	1.10841010e-03	2.46315166e-04
2.69000000e+00	1.16031938e-03	4.22294168e-04
2.69500000e+00	0.00000000e+00	0.00000000e+00
2.70000000e+00	0.00000000e+00	0.00000000e+00
