% Filename : WDL5_p7_00023_00021.h5
% Date & Time : 30-Oct-2025 16:53:04
% X-ray Energy (keV) : 13.30001
% Exposure Time (s) : 0.500
% Photodiode Value : 140517.000
% I0 of Sample : 0
% I0 of Standard : 1
% 
% q(A^-1)   I(q)    I(q)_SE
8.40000000e-01	0.00000000e+00	0.00000000e+00
8.45000000e-01	2.89677293e-03	5.08499866e-04
8.50000000e-01	2.77086998e-03	2.57049277e-04
8.55000000e-01	2.75255729e-03	2.25159790e-04
8.60000000e-01	2.73441427e-03	1.93266878e-04
8.65000000e-01	2.76187136e-03	1.79976333e-04
8.70000000e-01	2.71999535e-03	1.68860860e-04
8.75000000e-01	2.73798260e-03	1.63794451e-04
8.80000000e-01	2.75037674e-03	1.58861228e-04
8.85000000e-01	2.76129016e-03	1.50755458e-04
8.90000000e-01	2.77531389e-03	1.48560953e-04
8.95000000e-01	2.77895547e-03	1.44321751e-04
9.00000000e-01	2.77888928e-03	1.43161264e-04
9.05000000e-01	2.80206250e-03	1.37945196e-04
9.10000000e-01	2.79754646e-03	1.35250784e-04
9.15000000e-01	2.78254764e-03	1.32283308e-04
9.20000000e-01	2.79563871e-03	1.32892655e-04
9.25000000e-01	2.84398139e-03	1.29231121e-04
9.30000000e-01	2.83025695e-03	1.27360332e-04
9.35000000e-01	2.83552273e-03	1.25021069e-04
9.40000000e-01	2.84421643e-03	1.25817900e-04
9.45000000e-01	2.84760859e-03	1.22787629e-04
9.50000000e-01	2.86696333e-03	1.21806828e-04
9.55000000e-01	2.86867596e-03	1.19816329e-04
9.60000000e-01	2.87910820e-03	1.20395875e-04
9.65000000e-01	2.86704738e-03	1.17878085e-04
9.70000000e-01	2.88752758e-03	1.16842903e-04
9.75000000e-01	2.88610817e-03	1.15336335e-04
9.80000000e-01	2.86590006e-03	1.13615956e-04
9.85000000e-01	2.88647311e-03	1.14508539e-04
9.90000000e-01	2.93084455e-03	1.12677453e-04
9.95000000e-01	2.91487481e-03	1.11570198e-04
1.00000000e+00	2.90563425e-03	1.10673941e-04
1.00500000e+00	2.91158704e-03	1.10920505e-04
1.01000000e+00	2.93506225e-03	1.09483889e-04
1.01500000e+00	2.91196450e-03	1.07667684e-04
1.02000000e+00	2.91755136e-03	1.07727615e-04
1.02500000e+00	2.92396885e-03	1.06613619e-04
1.03000000e+00	2.93193623e-03	1.06639157e-04
1.03500000e+00	2.93289456e-03	1.05115181e-04
1.04000000e+00	2.93221382e-03	1.04463703e-04
1.04500000e+00	2.93122928e-03	1.04381481e-04
1.05000000e+00	2.91886875e-03	1.03417818e-04
1.05500000e+00	2.90794062e-03	1.01441984e-04
1.06000000e+00	2.91885415e-03	1.01499163e-04
1.06500000e+00	2.93053194e-03	1.02090343e-04
1.07000000e+00	2.93126782e-03	1.01854270e-04
1.07500000e+00	2.95213898e-03	1.01915476e-04
1.08000000e+00	2.95307244e-03	1.01316458e-04
1.08500000e+00	2.94972377e-03	1.01205266e-04
1.09000000e+00	2.93268628e-03	1.01113892e-04
1.09500000e+00	2.95424211e-03	1.00017679e-04
1.10000000e+00	2.96109071e-03	1.00806369e-04
1.10500000e+00	2.97150861e-03	1.01457805e-04
1.11000000e+00	2.97158870e-03	1.01582864e-04
1.11500000e+00	2.98197158e-03	1.01168348e-04
1.12000000e+00	3.01296367e-03	1.02712385e-04
1.12500000e+00	3.01727677e-03	1.02514352e-04
1.13000000e+00	3.01888459e-03	1.03816374e-04
1.13500000e+00	3.03122644e-03	1.03006251e-04
1.14000000e+00	3.05743733e-03	1.03668609e-04
1.14500000e+00	3.05316122e-03	1.04405084e-04
1.15000000e+00	3.04696553e-03	1.04740213e-04
1.15500000e+00	3.06534781e-03	1.04306149e-04
1.16000000e+00	3.07835800e-03	1.05082861e-04
1.16500000e+00	3.07578040e-03	1.04918626e-04
1.17000000e+00	3.11117266e-03	1.07332601e-04
1.17500000e+00	3.07966051e-03	1.04843988e-04
1.18000000e+00	3.11709037e-03	1.06513698e-04
1.18500000e+00	3.10904179e-03	1.06163100e-04
1.19000000e+00	3.10421292e-03	1.07057639e-04
1.19500000e+00	3.11502566e-03	1.06103384e-04
1.20000000e+00	3.12861259e-03	1.07222121e-04
1.20500000e+00	3.13648295e-03	1.07319845e-04
1.21000000e+00	3.11746061e-03	1.08035926e-04
1.21500000e+00	3.12486121e-03	1.06560129e-04
1.22000000e+00	3.15828178e-03	1.07914458e-04
1.22500000e+00	3.11171604e-03	1.06619422e-04
1.23000000e+00	3.12788768e-03	1.08064177e-04
1.23500000e+00	3.13502668e-03	1.07558490e-04
1.24000000e+00	3.12347037e-03	1.06702233e-04
1.24500000e+00	3.11783042e-03	1.07241318e-04
1.25000000e+00	3.11302588e-03	1.07709343e-04
1.25500000e+00	3.14417631e-03	1.07518593e-04
1.26000000e+00	3.13243146e-03	1.07729438e-04
1.26500000e+00	3.16035337e-03	1.08381011e-04
1.27000000e+00	3.16182040e-03	1.10044941e-04
1.27500000e+00	3.16256768e-03	1.08867841e-04
1.28000000e+00	3.16617063e-03	1.08281487e-04
1.28500000e+00	3.16913006e-03	1.09067943e-04
1.29000000e+00	3.16815673e-03	1.09959667e-04
1.29500000e+00	3.17278814e-03	1.08972540e-04
1.30000000e+00	3.17893303e-03	1.09030526e-04
1.30500000e+00	3.17232689e-03	1.09207497e-04
1.31000000e+00	3.17569784e-03	1.10667897e-04
1.31500000e+00	3.19170642e-03	1.09833820e-04
1.32000000e+00	3.17471693e-03	1.09156780e-04
1.32500000e+00	3.16803150e-03	1.09175146e-04
1.33000000e+00	3.15716182e-03	1.10101750e-04
1.33500000e+00	3.16097786e-03	1.08780224e-04
1.34000000e+00	3.17059820e-03	1.09189445e-04
1.34500000e+00	3.18886213e-03	1.10247544e-04
1.35000000e+00	3.20084809e-03	1.11664075e-04
1.35500000e+00	3.15503518e-03	1.08631308e-04
1.36000000e+00	3.19250302e-03	1.09759475e-04
1.36500000e+00	3.18955737e-03	1.09994852e-04
1.37000000e+00	3.19068999e-03	1.11621701e-04
1.37500000e+00	3.18933107e-03	1.09971729e-04
1.38000000e+00	3.21572089e-03	1.11091852e-04
1.38500000e+00	3.18288925e-03	1.10536323e-04
1.39000000e+00	3.19355219e-03	1.11623045e-04
1.39500000e+00	3.20530173e-03	1.10397965e-04
1.40000000e+00	3.23724797e-03	1.14800014e-04
1.40500000e+00	3.19145624e-03	1.21954769e-04
1.41000000e+00	3.17789669e-03	1.27045083e-04
1.41500000e+00	3.13861619e-03	1.30181578e-04
1.42000000e+00	3.15437147e-03	1.36154942e-04
1.42500000e+00	3.12298182e-03	1.38586462e-04
1.43000000e+00	3.12209050e-03	1.43769572e-04
1.43500000e+00	3.12361819e-03	1.48351457e-04
1.44000000e+00	3.14268973e-03	1.54944334e-04
1.44500000e+00	3.09821505e-03	1.56886068e-04
1.45000000e+00	3.21221302e-03	1.57260474e-04
1.45500000e+00	3.20277201e-03	1.40896534e-04
1.46000000e+00	3.21508941e-03	1.38002145e-04
1.46500000e+00	3.20019130e-03	1.34902663e-04
1.47000000e+00	3.18725300e-03	1.34106792e-04
1.47500000e+00	3.16702629e-03	1.29341882e-04
1.48000000e+00	3.18893863e-03	1.28874397e-04
1.48500000e+00	3.18884577e-03	1.29064519e-04
1.49000000e+00	3.17333851e-03	1.28724504e-04
1.49500000e+00	3.16711807e-03	1.25518097e-04
1.50000000e+00	3.19414203e-03	1.26194674e-04
1.50500000e+00	3.17533762e-03	1.26042767e-04
1.51000000e+00	3.19292065e-03	1.27128641e-04
1.51500000e+00	3.19513734e-03	1.25127208e-04
1.52000000e+00	3.20946431e-03	1.25240638e-04
1.52500000e+00	3.19701530e-03	1.24605514e-04
1.53000000e+00	3.19571947e-03	1.25334067e-04
1.53500000e+00	3.20117074e-03	1.21932580e-04
1.54000000e+00	3.18157710e-03	1.21016610e-04
1.54500000e+00	3.20004709e-03	1.21400547e-04
1.55000000e+00	3.18818192e-03	1.20672643e-04
1.55500000e+00	3.16742088e-03	1.17171535e-04
1.56000000e+00	3.18131977e-03	1.17959347e-04
1.56500000e+00	3.15977190e-03	1.16540526e-04
1.57000000e+00	3.14442603e-03	1.15209916e-04
1.57500000e+00	3.15506248e-03	1.13405923e-04
1.58000000e+00	3.12380140e-03	1.12162271e-04
1.58500000e+00	3.16816968e-03	1.13692838e-04
1.59000000e+00	3.13368367e-03	1.12478822e-04
1.59500000e+00	3.14762828e-03	1.10886171e-04
1.60000000e+00	3.15535554e-03	1.11096387e-04
1.60500000e+00	3.13645796e-03	1.10498301e-04
1.61000000e+00	3.13822099e-03	1.10044672e-04
1.61500000e+00	3.13538766e-03	1.09024488e-04
1.62000000e+00	3.11620072e-03	1.08778043e-04
1.62500000e+00	3.09868451e-03	1.09398484e-04
1.63000000e+00	3.11362260e-03	1.08783250e-04
1.63500000e+00	3.06769607e-03	1.07158425e-04
1.64000000e+00	3.04321050e-03	1.06367143e-04
1.64500000e+00	3.02082600e-03	1.06763087e-04
1.65000000e+00	3.00515777e-03	1.05010898e-04
1.65500000e+00	3.00209217e-03	1.04705142e-04
1.66000000e+00	3.00059539e-03	1.04869274e-04
1.66500000e+00	2.99066708e-03	1.06223715e-04
1.67000000e+00	2.93239234e-03	1.02042198e-04
1.67500000e+00	2.93736432e-03	1.02429932e-04
1.68000000e+00	2.92681706e-03	1.02566364e-04
1.68500000e+00	2.93263709e-03	1.04360307e-04
1.69000000e+00	2.92251673e-03	1.02039632e-04
1.69500000e+00	2.89145892e-03	1.00710884e-04
1.70000000e+00	2.89353054e-03	1.01928434e-04
1.70500000e+00	2.91080477e-03	1.03004789e-04
1.71000000e+00	2.89005374e-03	1.00954748e-04
1.71500000e+00	2.87097630e-03	1.00226161e-04
1.72000000e+00	2.85770396e-03	1.00604397e-04
1.72500000e+00	2.85178907e-03	1.00955782e-04
1.73000000e+00	2.85749156e-03	9.97989946e-05
1.73500000e+00	2.83269319e-03	9.92290307e-05
1.74000000e+00	2.85104607e-03	1.00076283e-04
1.74500000e+00	2.81751626e-03	1.00128370e-04
1.75000000e+00	2.80387898e-03	9.77307633e-05
1.75500000e+00	2.82740210e-03	9.91760207e-05
1.76000000e+00	2.79421813e-03	9.79655959e-05
1.76500000e+00	2.79424303e-03	9.92300820e-05
1.77000000e+00	2.80324953e-03	9.78719933e-05
1.77500000e+00	2.77173496e-03	9.70011033e-05
1.78000000e+00	2.77551018e-03	9.74743727e-05
1.78500000e+00	2.76090185e-03	9.80417501e-05
1.79000000e+00	2.74918138e-03	9.59864599e-05
1.79500000e+00	2.72597573e-03	9.54827323e-05
1.80000000e+00	2.71767090e-03	9.56995258e-05
1.80500000e+00	2.71799089e-03	9.63409906e-05
1.81000000e+00	2.74212129e-03	9.57712362e-05
1.81500000e+00	2.69358478e-03	9.41942035e-05
1.82000000e+00	2.69325496e-03	9.47474133e-05
1.82500000e+00	2.69400419e-03	9.53844390e-05
1.83000000e+00	2.68829913e-03	9.39531655e-05
1.83500000e+00	2.69223945e-03	9.42823783e-05
1.84000000e+00	2.67958076e-03	9.43807710e-05
1.84500000e+00	2.66467620e-03	9.43945729e-05
1.85000000e+00	2.63854110e-03	9.23531692e-05
1.85500000e+00	2.63560975e-03	9.23167898e-05
1.86000000e+00	2.65090189e-03	9.34604419e-05
1.86500000e+00	2.61947758e-03	9.25276743e-05
1.87000000e+00	2.63372457e-03	9.20336897e-05
1.87500000e+00	2.62504890e-03	9.20353830e-05
1.88000000e+00	2.58902394e-03	9.11456095e-05
1.88500000e+00	2.61782463e-03	9.27420894e-05
1.89000000e+00	2.61338976e-03	9.13723183e-05
1.89500000e+00	2.56544244e-03	9.01748994e-05
1.90000000e+00	2.56239768e-03	9.02999803e-05
1.90500000e+00	2.56567715e-03	9.04744454e-05
1.91000000e+00	2.56459308e-03	8.98213821e-05
1.91500000e+00	2.55697902e-03	8.96487431e-05
1.92000000e+00	2.51895081e-03	8.87903720e-05
1.92500000e+00	2.51491992e-03	8.87614642e-05
1.93000000e+00	2.53182266e-03	8.85311410e-05
1.93500000e+00	2.50501573e-03	8.78759145e-05
1.94000000e+00	2.50886502e-03	8.87262383e-05
1.94500000e+00	2.50616544e-03	8.83139825e-05
1.95000000e+00	2.48779141e-03	8.69261939e-05
1.95500000e+00	2.53042614e-03	8.88047311e-05
1.96000000e+00	2.48464287e-03	8.77083435e-05
1.96500000e+00	2.48556473e-03	8.78173428e-05
1.97000000e+00	2.47136499e-03	8.61704367e-05
1.97500000e+00	2.47104358e-03	8.68377684e-05
1.98000000e+00	2.46203386e-03	8.68857741e-05
1.98500000e+00	2.44065871e-03	8.62792041e-05
1.99000000e+00	2.43353049e-03	8.49448963e-05
1.99500000e+00	2.42116571e-03	8.49092968e-05
2.00000000e+00	2.41475667e-03	8.52313584e-05
2.00500000e+00	2.43170531e-03	8.60255726e-05
2.01000000e+00	2.41373741e-03	9.36997084e-05
2.01500000e+00	2.39957105e-03	9.89955384e-05
2.02000000e+00	2.38637318e-03	1.04922181e-04
2.02500000e+00	2.37827495e-03	1.08757796e-04
2.03000000e+00	2.34334441e-03	1.13601663e-04
2.03500000e+00	2.32498629e-03	1.17474030e-04
2.04000000e+00	2.29125013e-03	1.21032022e-04
2.04500000e+00	2.27411536e-03	1.26560809e-04
2.05000000e+00	2.26410053e-03	1.32281718e-04
2.05500000e+00	2.30060670e-03	1.31651966e-04
2.06000000e+00	2.32001237e-03	1.15462556e-04
2.06500000e+00	2.29154689e-03	1.08987923e-04
2.07000000e+00	2.33169899e-03	1.04952157e-04
2.07500000e+00	2.32023423e-03	1.02101191e-04
2.08000000e+00	2.28125014e-03	1.00221582e-04
2.08500000e+00	2.30927382e-03	1.00563935e-04
2.09000000e+00	2.30945331e-03	9.75244012e-05
2.09500000e+00	2.28232625e-03	9.53380055e-05
2.10000000e+00	2.29580324e-03	9.52808736e-05
2.10500000e+00	2.29454774e-03	9.48387623e-05
2.11000000e+00	2.27664651e-03	9.06536844e-05
2.11500000e+00	2.25527994e-03	8.89285012e-05
2.12000000e+00	2.22343516e-03	8.73413107e-05
2.12500000e+00	2.20794293e-03	8.63925826e-05
2.13000000e+00	2.21879498e-03	8.32845394e-05
2.13500000e+00	2.19244360e-03	8.13352351e-05
2.14000000e+00	2.15084240e-03	7.91077553e-05
2.14500000e+00	2.17012180e-03	7.99518688e-05
2.15000000e+00	2.16399745e-03	7.71085248e-05
2.15500000e+00	2.14559918e-03	7.66356756e-05
2.16000000e+00	2.13198761e-03	7.57400964e-05
2.16500000e+00	2.13591822e-03	7.64083940e-05
2.17000000e+00	2.10973402e-03	7.36044915e-05
2.17500000e+00	2.11405693e-03	7.40150843e-05
2.18000000e+00	2.08938381e-03	7.34200641e-05
2.18500000e+00	2.06140027e-03	7.27271312e-05
2.19000000e+00	2.07062784e-03	7.28365239e-05
2.19500000e+00	2.07543345e-03	7.26508768e-05
2.20000000e+00	2.07157413e-03	7.27590161e-05
2.20500000e+00	2.03493111e-03	7.15544317e-05
2.21000000e+00	2.02055314e-03	7.14474185e-05
2.21500000e+00	2.01678524e-03	7.06051505e-05
2.22000000e+00	1.99255446e-03	6.96248086e-05
2.22500000e+00	2.00068081e-03	7.04839158e-05
2.23000000e+00	1.96942382e-03	6.98345776e-05
2.23500000e+00	1.96787937e-03	6.88387367e-05
2.24000000e+00	1.93687579e-03	6.77796862e-05
2.24500000e+00	1.94901276e-03	6.86617915e-05
2.25000000e+00	1.94681128e-03	6.91174570e-05
2.25500000e+00	1.92914917e-03	6.72748203e-05
2.26000000e+00	1.90042204e-03	6.65268285e-05
2.26500000e+00	1.87991606e-03	6.60226621e-05
2.27000000e+00	1.87846211e-03	6.69708114e-05
2.27500000e+00	1.86191041e-03	6.49998602e-05
2.28000000e+00	1.85794652e-03	6.48984282e-05
2.28500000e+00	1.84240726e-03	6.47605802e-05
2.29000000e+00	1.84472200e-03	6.52420001e-05
2.29500000e+00	1.81676684e-03	6.40544474e-05
2.30000000e+00	1.81535611e-03	6.34000484e-05
2.30500000e+00	1.80805644e-03	6.32772297e-05
2.31000000e+00	1.78370812e-03	6.27629385e-05
2.31500000e+00	1.77450458e-03	6.29420959e-05
2.32000000e+00	1.77646934e-03	6.17954571e-05
2.32500000e+00	1.76424178e-03	6.18857843e-05
2.33000000e+00	1.74483848e-03	6.12834334e-05
2.33500000e+00	1.74503820e-03	6.19539813e-05
2.34000000e+00	1.72242927e-03	6.01081704e-05
2.34500000e+00	1.74543230e-03	6.09567231e-05
2.35000000e+00	1.72183264e-03	6.03389204e-05
2.35500000e+00	1.70155661e-03	6.03348604e-05
2.36000000e+00	1.69754456e-03	5.94566809e-05
2.36500000e+00	1.69656694e-03	5.93261117e-05
2.37000000e+00	1.68309548e-03	5.88667613e-05
2.37500000e+00	1.68350180e-03	5.93773765e-05
2.38000000e+00	1.64741207e-03	5.84147950e-05
2.38500000e+00	1.66544508e-03	5.82173643e-05
2.39000000e+00	1.64091999e-03	5.75544372e-05
2.39500000e+00	1.64499434e-03	5.79823848e-05
2.40000000e+00	1.62821196e-03	5.82057527e-05
2.40500000e+00	1.61470072e-03	5.65955030e-05
2.41000000e+00	1.60717946e-03	5.65083269e-05
2.41500000e+00	1.61265867e-03	5.67531781e-05
2.42000000e+00	1.61247783e-03	5.76076985e-05
2.42500000e+00	1.65369138e-03	5.88681843e-05
2.43000000e+00	1.64967072e-03	5.81873717e-05
2.43500000e+00	1.59758149e-03	5.65612017e-05
2.44000000e+00	1.56342515e-03	5.54862519e-05
2.44500000e+00	1.55051594e-03	5.56821407e-05
2.45000000e+00	1.53530347e-03	5.41577302e-05
2.45500000e+00	1.52981932e-03	5.41468385e-05
2.46000000e+00	1.51050571e-03	5.37501131e-05
2.46500000e+00	1.49965125e-03	5.39980184e-05
2.47000000e+00	1.49798505e-03	5.33396558e-05
2.47500000e+00	1.48009335e-03	5.24584697e-05
2.48000000e+00	1.45916514e-03	5.21714553e-05
2.48500000e+00	1.46473273e-03	5.23067447e-05
2.49000000e+00	1.43567044e-03	5.19851940e-05
2.49500000e+00	1.45153106e-03	5.15597983e-05
2.50000000e+00	1.44276144e-03	5.14355858e-05
2.50500000e+00	1.43955804e-03	5.15489358e-05
2.51000000e+00	1.41957318e-03	5.12168136e-05
2.51500000e+00	1.41626084e-03	5.11456966e-05
2.52000000e+00	1.40160556e-03	5.01928833e-05
2.52500000e+00	1.41061173e-03	5.07064102e-05
2.53000000e+00	1.39623292e-03	5.06983276e-05
2.53500000e+00	1.39281618e-03	5.11621039e-05
2.54000000e+00	1.36388902e-03	4.93058939e-05
2.54500000e+00	1.37819110e-03	5.00569652e-05
2.55000000e+00	1.37037995e-03	4.99770017e-05
2.55500000e+00	1.35944637e-03	4.99991594e-05
2.56000000e+00	1.34558844e-03	4.98183816e-05
2.56500000e+00	1.33762261e-03	4.90141782e-05
2.57000000e+00	1.35059710e-03	4.96877321e-05
2.57500000e+00	1.31994730e-03	4.87620607e-05
2.58000000e+00	1.32123245e-03	4.95731804e-05
2.58500000e+00	1.31279772e-03	4.88922135e-05
2.59000000e+00	1.30642723e-03	4.85066747e-05
2.59500000e+00	1.30135957e-03	4.84583900e-05
2.60000000e+00	1.28603832e-03	4.82375608e-05
2.60500000e+00	1.30473307e-03	5.00418508e-05
2.61000000e+00	1.29788753e-03	5.67512879e-05
2.61500000e+00	1.24862048e-03	6.04188424e-05
2.62000000e+00	1.27587128e-03	6.79339409e-05
2.62500000e+00	1.26103597e-03	7.26551948e-05
2.63000000e+00	1.27453186e-03	8.11033090e-05
2.63500000e+00	1.28794418e-03	9.07899309e-05
2.64000000e+00	1.31970275e-03	1.02405749e-04
2.64500000e+00	1.27141083e-03	1.05514772e-04
2.65000000e+00	1.24439267e-03	1.09304386e-04
2.65500000e+00	1.22651755e-03	1.15930701e-04
2.66000000e+00	1.27307585e-03	1.28234497e-04
2.66500000e+00	1.19979909e-03	1.35960336e-04
2.67000000e+00	1.27876519e-03	1.57422051e-04
2.67500000e+00	1.23320602e-03	1.77481869e-04
2.68000000e+00	1.19058667e-03	1.99237568e-04
2.68500000e+00	1.28261538e-03	2.83973165e-04
2.69000000e+00	1.26522084e-03	4.54697657e-04
2.69500000e+00	0.00000000e+00	0.00000000e+00
2.70000000e+00	0.00000000e+00	0.00000000e+00
