% Filename : WDL5_p7_00025_00054.h5
% Date & Time : 30-Oct-2025 16:58:36
% X-ray Energy (keV) : 13.30001
% Exposure Time (s) : 0.500
% Photodiode Value : 144259.000
% I0 of Sample : 0
% I0 of Standard : 1
% 
% q(A^-1)   I(q)    I(q)_SE
8.40000000e-01	0.00000000e+00	0.00000000e+00
8.45000000e-01	2.78144221e-03	4.87329649e-04
8.50000000e-01	2.65206278e-03	2.46311109e-04
8.55000000e-01	2.69683643e-03	2.20403471e-04
8.60000000e-01	2.64141443e-03	1.86750912e-04
8.65000000e-01	2.61190106e-03	1.69999303e-04
8.70000000e-01	2.59428378e-03	1.61209179e-04
8.75000000e-01	2.62008724e-03	1.56632307e-04
8.80000000e-01	2.66003530e-03	1.53686547e-04
8.85000000e-01	2.61594401e-03	1.42983578e-04
8.90000000e-01	2.64941149e-03	1.41813657e-04
8.95000000e-01	2.58907002e-03	1.34604685e-04
9.00000000e-01	2.65931386e-03	1.36940386e-04
9.05000000e-01	2.63583889e-03	1.29867751e-04
9.10000000e-01	2.66761950e-03	1.28892738e-04
9.15000000e-01	2.67887698e-03	1.27425289e-04
9.20000000e-01	2.66100878e-03	1.26430552e-04
9.25000000e-01	2.68577369e-03	1.21967333e-04
9.30000000e-01	2.68234503e-03	1.20578196e-04
9.35000000e-01	2.69503708e-03	1.18888363e-04
9.40000000e-01	2.72452250e-03	1.20560683e-04
9.45000000e-01	2.73644116e-03	1.18100845e-04
9.50000000e-01	2.75972193e-03	1.17368242e-04
9.55000000e-01	2.71515248e-03	1.13412014e-04
9.60000000e-01	2.73275799e-03	1.14315128e-04
9.65000000e-01	2.72613009e-03	1.12018411e-04
9.70000000e-01	2.71549247e-03	1.09791397e-04
9.75000000e-01	2.74667963e-03	1.09852460e-04
9.80000000e-01	2.76039232e-03	1.09443713e-04
9.85000000e-01	2.75171522e-03	1.09306723e-04
9.90000000e-01	2.75838134e-03	1.06151102e-04
9.95000000e-01	2.75541499e-03	1.05580634e-04
1.00000000e+00	2.77486890e-03	1.05744613e-04
1.00500000e+00	2.76111523e-03	1.05289760e-04
1.01000000e+00	2.76206994e-03	1.03130799e-04
1.01500000e+00	2.73829700e-03	1.01183247e-04
1.02000000e+00	2.76505304e-03	1.02238561e-04
1.02500000e+00	2.74061735e-03	1.00079813e-04
1.03000000e+00	2.75471090e-03	1.00162751e-04
1.03500000e+00	2.73666031e-03	9.81275608e-05
1.04000000e+00	2.74015947e-03	9.75734371e-05
1.04500000e+00	2.73123046e-03	9.74694357e-05
1.05000000e+00	2.74020725e-03	9.71007031e-05
1.05500000e+00	2.71677045e-03	9.47836493e-05
1.06000000e+00	2.74559271e-03	9.55163760e-05
1.06500000e+00	2.72325705e-03	9.49114498e-05
1.07000000e+00	2.72528095e-03	9.48136765e-05
1.07500000e+00	2.73861925e-03	9.45458225e-05
1.08000000e+00	2.74276503e-03	9.41144082e-05
1.08500000e+00	2.73721861e-03	9.41208646e-05
1.09000000e+00	2.74948979e-03	9.49151522e-05
1.09500000e+00	2.75257891e-03	9.32093931e-05
1.10000000e+00	2.76388053e-03	9.42239266e-05
1.10500000e+00	2.79142878e-03	9.54168824e-05
1.11000000e+00	2.77983962e-03	9.51564903e-05
1.11500000e+00	2.78137182e-03	9.44930706e-05
1.12000000e+00	2.81643848e-03	9.61281214e-05
1.12500000e+00	2.81185636e-03	9.56962768e-05
1.13000000e+00	2.79266222e-03	9.62008826e-05
1.13500000e+00	2.85015769e-03	9.69716815e-05
1.14000000e+00	2.83165934e-03	9.60997860e-05
1.14500000e+00	2.84814906e-03	9.74889421e-05
1.15000000e+00	2.81502142e-03	9.68222491e-05
1.15500000e+00	2.85291491e-03	9.71605365e-05
1.16000000e+00	2.87100220e-03	9.80960432e-05
1.16500000e+00	2.85527971e-03	9.74195954e-05
1.17000000e+00	2.85323183e-03	9.85022191e-05
1.17500000e+00	2.85995737e-03	9.73814118e-05
1.18000000e+00	2.85765873e-03	9.77208039e-05
1.18500000e+00	2.88414239e-03	9.86108828e-05
1.19000000e+00	2.87479553e-03	9.92755919e-05
1.19500000e+00	2.88473581e-03	9.82809411e-05
1.20000000e+00	2.91641826e-03	9.98964752e-05
1.20500000e+00	2.90424928e-03	9.94572669e-05
1.21000000e+00	2.89321777e-03	1.00287621e-04
1.21500000e+00	2.91630204e-03	9.95580049e-05
1.22000000e+00	2.90838826e-03	9.93608414e-05
1.22500000e+00	2.91105577e-03	9.99037744e-05
1.23000000e+00	2.91975946e-03	1.00922675e-04
1.23500000e+00	2.91781181e-03	1.00147307e-04
1.24000000e+00	2.91854440e-03	9.97001912e-05
1.24500000e+00	2.90805542e-03	1.00148674e-04
1.25000000e+00	2.92300096e-03	1.01181384e-04
1.25500000e+00	2.92330654e-03	9.99923814e-05
1.26000000e+00	2.91781109e-03	1.00425436e-04
1.26500000e+00	2.94337159e-03	1.00870728e-04
1.27000000e+00	2.93594867e-03	1.02148351e-04
1.27500000e+00	2.93559575e-03	1.01130854e-04
1.28000000e+00	2.93530850e-03	1.00443714e-04
1.28500000e+00	2.93266248e-03	1.00975111e-04
1.29000000e+00	2.93378448e-03	1.01932725e-04
1.29500000e+00	2.94976499e-03	1.01317291e-04
1.30000000e+00	2.93103717e-03	1.00516110e-04
1.30500000e+00	2.92670311e-03	1.00810021e-04
1.31000000e+00	2.94117957e-03	1.02597253e-04
1.31500000e+00	2.94034460e-03	1.01250377e-04
1.32000000e+00	2.95551691e-03	1.01632209e-04
1.32500000e+00	2.93951533e-03	1.01417263e-04
1.33000000e+00	2.95006332e-03	1.02931080e-04
1.33500000e+00	2.94612781e-03	1.01391131e-04
1.34000000e+00	2.94223886e-03	1.01364325e-04
1.34500000e+00	2.92949944e-03	1.01356423e-04
1.35000000e+00	2.92167251e-03	1.01972282e-04
1.35500000e+00	2.94784836e-03	1.01568416e-04
1.36000000e+00	2.93570792e-03	1.00904580e-04
1.36500000e+00	2.95782876e-03	1.01998621e-04
1.37000000e+00	2.93570197e-03	1.02725560e-04
1.37500000e+00	2.93419939e-03	1.01120116e-04
1.38000000e+00	2.93751569e-03	1.01498842e-04
1.38500000e+00	2.92738888e-03	1.01606385e-04
1.39000000e+00	2.93178940e-03	1.02488496e-04
1.39500000e+00	2.95348688e-03	1.01684136e-04
1.40000000e+00	2.97072359e-03	1.05524310e-04
1.40500000e+00	2.93007132e-03	1.11972820e-04
1.41000000e+00	2.92606890e-03	1.17000669e-04
1.41500000e+00	2.92203968e-03	1.21047088e-04
1.42000000e+00	2.89129794e-03	1.24508511e-04
1.42500000e+00	2.94114847e-03	1.30656994e-04
1.43000000e+00	2.93342153e-03	1.35143820e-04
1.43500000e+00	2.92039460e-03	1.38714482e-04
1.44000000e+00	2.89168978e-03	1.42649423e-04
1.44500000e+00	2.86011006e-03	1.44830954e-04
1.45000000e+00	3.00142644e-03	1.46837512e-04
1.45500000e+00	2.97572719e-03	1.30868217e-04
1.46000000e+00	2.98977918e-03	1.28392653e-04
1.46500000e+00	2.96840593e-03	1.25096096e-04
1.47000000e+00	2.93315393e-03	1.23606842e-04
1.47500000e+00	2.92021200e-03	1.19272239e-04
1.48000000e+00	2.92463668e-03	1.18208346e-04
1.48500000e+00	2.91681263e-03	1.17963627e-04
1.49000000e+00	2.91231326e-03	1.18122425e-04
1.49500000e+00	2.91205721e-03	1.15464570e-04
1.50000000e+00	2.88486424e-03	1.13951826e-04
1.50500000e+00	2.88542676e-03	1.14700479e-04
1.51000000e+00	2.89524015e-03	1.15271725e-04
1.51500000e+00	2.88434474e-03	1.12977970e-04
1.52000000e+00	2.93238453e-03	1.14421692e-04
1.52500000e+00	2.92017160e-03	1.13762247e-04
1.53000000e+00	2.90948007e-03	1.14076197e-04
1.53500000e+00	2.88883205e-03	1.10085962e-04
1.54000000e+00	2.88495644e-03	1.09792112e-04
1.54500000e+00	2.87227201e-03	1.09037415e-04
1.55000000e+00	2.85803653e-03	1.08212530e-04
1.55500000e+00	2.86008952e-03	1.05870891e-04
1.56000000e+00	2.84154509e-03	1.05383753e-04
1.56500000e+00	2.82797186e-03	1.04324410e-04
1.57000000e+00	2.79537500e-03	1.02492043e-04
1.57500000e+00	2.80061489e-03	1.00742975e-04
1.58000000e+00	2.80569767e-03	1.00829389e-04
1.58500000e+00	2.78640131e-03	1.00095265e-04
1.59000000e+00	2.78584993e-03	1.00125696e-04
1.59500000e+00	2.77319863e-03	9.77267220e-05
1.60000000e+00	2.77106070e-03	9.75647836e-05
1.60500000e+00	2.76473630e-03	9.74534846e-05
1.61000000e+00	2.76252388e-03	9.69600152e-05
1.61500000e+00	2.75216571e-03	9.57582387e-05
1.62000000e+00	2.74314676e-03	9.57410657e-05
1.62500000e+00	2.73582500e-03	9.66526901e-05
1.63000000e+00	2.72498320e-03	9.51649363e-05
1.63500000e+00	2.74266666e-03	9.58520285e-05
1.64000000e+00	2.71285778e-03	9.48774049e-05
1.64500000e+00	2.67419057e-03	9.45549104e-05
1.65000000e+00	2.70370008e-03	9.45374118e-05
1.65500000e+00	2.71335403e-03	9.47891136e-05
1.66000000e+00	2.70780759e-03	9.46353018e-05
1.66500000e+00	2.68767343e-03	9.55723056e-05
1.67000000e+00	2.69441518e-03	9.38536935e-05
1.67500000e+00	2.67346100e-03	9.33830683e-05
1.68000000e+00	2.69124744e-03	9.41817995e-05
1.68500000e+00	2.67650165e-03	9.52329197e-05
1.69000000e+00	2.66413470e-03	9.29217708e-05
1.69500000e+00	2.64950972e-03	9.22936254e-05
1.70000000e+00	2.65215018e-03	9.34559651e-05
1.70500000e+00	2.62615986e-03	9.30102766e-05
1.71000000e+00	2.61699565e-03	9.13994697e-05
1.71500000e+00	2.61482040e-03	9.13072155e-05
1.72000000e+00	2.62632266e-03	9.24288326e-05
1.72500000e+00	2.60836149e-03	9.23203490e-05
1.73000000e+00	2.62306476e-03	9.17137629e-05
1.73500000e+00	2.59218472e-03	9.08347532e-05
1.74000000e+00	2.58109563e-03	9.06553352e-05
1.74500000e+00	2.57299406e-03	9.14339907e-05
1.75000000e+00	2.59194864e-03	9.03707547e-05
1.75500000e+00	2.57370099e-03	9.02908830e-05
1.76000000e+00	2.56702056e-03	9.00324946e-05
1.76500000e+00	2.54065495e-03	9.02700284e-05
1.77000000e+00	2.53995712e-03	8.87187980e-05
1.77500000e+00	2.55110000e-03	8.93177854e-05
1.78000000e+00	2.52792107e-03	8.87560733e-05
1.78500000e+00	2.51927289e-03	8.94116262e-05
1.79000000e+00	2.53192566e-03	8.83740919e-05
1.79500000e+00	2.50516546e-03	8.77476747e-05
1.80000000e+00	2.51009319e-03	8.84264353e-05
1.80500000e+00	2.48137242e-03	8.79423159e-05
1.81000000e+00	2.50296677e-03	8.74550298e-05
1.81500000e+00	2.48381806e-03	8.68121765e-05
1.82000000e+00	2.48701751e-03	8.75066911e-05
1.82500000e+00	2.45669599e-03	8.70636586e-05
1.83000000e+00	2.47733334e-03	8.65804589e-05
1.83500000e+00	2.46989461e-03	8.64762728e-05
1.84000000e+00	2.44007181e-03	8.59442721e-05
1.84500000e+00	2.45838410e-03	8.70527604e-05
1.85000000e+00	2.44287657e-03	8.55286656e-05
1.85500000e+00	2.42843823e-03	8.50717892e-05
1.86000000e+00	2.41533942e-03	8.51988270e-05
1.86500000e+00	2.41789245e-03	8.55106343e-05
1.87000000e+00	2.40755687e-03	8.42201887e-05
1.87500000e+00	2.40720721e-03	8.44369969e-05
1.88000000e+00	2.41658167e-03	8.51763515e-05
1.88500000e+00	2.38366643e-03	8.45329936e-05
1.89000000e+00	2.38237310e-03	8.32944119e-05
1.89500000e+00	2.37111320e-03	8.32785929e-05
1.90000000e+00	2.36150121e-03	8.32841206e-05
1.90500000e+00	2.36087581e-03	8.32367291e-05
1.91000000e+00	2.35110629e-03	8.23209186e-05
1.91500000e+00	2.33391227e-03	8.18390566e-05
1.92000000e+00	2.32803533e-03	8.20143227e-05
1.92500000e+00	2.33709779e-03	8.24353740e-05
1.93000000e+00	2.30770501e-03	8.07074934e-05
1.93500000e+00	2.31297394e-03	8.11472941e-05
1.94000000e+00	2.32429512e-03	8.22235462e-05
1.94500000e+00	2.29475890e-03	8.09414903e-05
1.95000000e+00	2.30381617e-03	8.04895268e-05
1.95500000e+00	2.30951107e-03	8.10173858e-05
1.96000000e+00	2.30391787e-03	8.12755903e-05
1.96500000e+00	2.28100918e-03	8.05956607e-05
1.97000000e+00	2.29333252e-03	8.00506715e-05
1.97500000e+00	2.29070623e-03	8.04558666e-05
1.98000000e+00	2.29291583e-03	8.08671922e-05
1.98500000e+00	2.27315132e-03	8.02878088e-05
1.99000000e+00	2.22643640e-03	7.77042313e-05
1.99500000e+00	2.25627905e-03	7.90847351e-05
2.00000000e+00	2.22207191e-03	7.84325842e-05
2.00500000e+00	2.25366154e-03	7.96977758e-05
2.01000000e+00	2.23425872e-03	8.66945126e-05
2.01500000e+00	2.19315336e-03	9.04607340e-05
2.02000000e+00	2.18547611e-03	9.61550853e-05
2.02500000e+00	2.16847292e-03	9.90199456e-05
2.03000000e+00	2.14851796e-03	1.03991192e-04
2.03500000e+00	2.14756622e-03	1.08510675e-04
2.04000000e+00	2.12954184e-03	1.12359435e-04
2.04500000e+00	2.11404629e-03	1.17484326e-04
2.05000000e+00	2.11137867e-03	1.23353243e-04
2.05500000e+00	2.16054915e-03	1.23565802e-04
2.06000000e+00	2.12484425e-03	1.05657474e-04
2.06500000e+00	2.14486939e-03	1.01997619e-04
2.07000000e+00	2.11904820e-03	9.53800774e-05
2.07500000e+00	2.10314583e-03	9.25938629e-05
2.08000000e+00	2.11930807e-03	9.31622661e-05
2.08500000e+00	2.10463344e-03	9.16113734e-05
2.09000000e+00	2.10959309e-03	8.90618386e-05
2.09500000e+00	2.11212157e-03	8.82148187e-05
2.10000000e+00	2.09031096e-03	8.67214427e-05
2.10500000e+00	2.07746750e-03	8.59405590e-05
2.11000000e+00	2.06321998e-03	8.22685676e-05
2.11500000e+00	2.07148928e-03	8.17367026e-05
2.12000000e+00	2.04333467e-03	8.02106592e-05
2.12500000e+00	2.03774692e-03	7.97834325e-05
2.13000000e+00	2.02377763e-03	7.59885624e-05
2.13500000e+00	1.99670248e-03	7.40899855e-05
2.14000000e+00	1.98815877e-03	7.31074041e-05
2.14500000e+00	1.99119372e-03	7.33825225e-05
2.15000000e+00	1.97596613e-03	7.04108295e-05
2.15500000e+00	1.96065204e-03	6.99987738e-05
2.16000000e+00	1.94100451e-03	6.90193093e-05
2.16500000e+00	1.95360363e-03	6.99090566e-05
2.17000000e+00	1.94050973e-03	6.77704691e-05
2.17500000e+00	1.92938554e-03	6.75456477e-05
2.18000000e+00	1.90534382e-03	6.68963238e-05
2.18500000e+00	1.90462714e-03	6.72380283e-05
2.19000000e+00	1.90328840e-03	6.69957102e-05
2.19500000e+00	1.88625509e-03	6.59720200e-05
2.20000000e+00	1.88423489e-03	6.60356613e-05
2.20500000e+00	1.86449529e-03	6.55630130e-05
2.21000000e+00	1.85398795e-03	6.55751148e-05
2.21500000e+00	1.84266729e-03	6.44578003e-05
2.22000000e+00	1.84726694e-03	6.45865740e-05
2.22500000e+00	1.80367341e-03	6.34822410e-05
2.23000000e+00	1.80549678e-03	6.39648768e-05
2.23500000e+00	1.79349813e-03	6.27606098e-05
2.24000000e+00	1.79748708e-03	6.28314342e-05
2.24500000e+00	1.76633494e-03	6.22149538e-05
2.25000000e+00	1.75174110e-03	6.22146116e-05
2.25500000e+00	1.75197197e-03	6.10894835e-05
2.26000000e+00	1.74744570e-03	6.11703917e-05
2.26500000e+00	1.72668916e-03	6.06535694e-05
2.27000000e+00	1.73390006e-03	6.17423062e-05
2.27500000e+00	1.71204590e-03	5.98059111e-05
2.28000000e+00	1.70357786e-03	5.95016219e-05
2.28500000e+00	1.68193254e-03	5.91629586e-05
2.29000000e+00	1.67330098e-03	5.91977301e-05
2.29500000e+00	1.68252778e-03	5.92895657e-05
2.30000000e+00	1.65687234e-03	5.78239658e-05
2.30500000e+00	1.66504952e-03	5.83048733e-05
2.31000000e+00	1.64250695e-03	5.78286501e-05
2.31500000e+00	1.64591442e-03	5.83587296e-05
2.32000000e+00	1.64011563e-03	5.70281403e-05
2.32500000e+00	1.62277632e-03	5.68856615e-05
2.33000000e+00	1.61494970e-03	5.67477320e-05
2.33500000e+00	1.60139001e-03	5.68768442e-05
2.34000000e+00	1.57211424e-03	5.48895377e-05
2.34500000e+00	1.58315198e-03	5.52402420e-05
2.35000000e+00	1.57372187e-03	5.50909127e-05
2.35500000e+00	1.57566852e-03	5.59690590e-05
2.36000000e+00	1.55832209e-03	5.44676633e-05
2.36500000e+00	1.55349099e-03	5.43486040e-05
2.37000000e+00	1.54422269e-03	5.40374473e-05
2.37500000e+00	1.55142556e-03	5.47562399e-05
2.38000000e+00	1.54106938e-03	5.46792770e-05
2.38500000e+00	1.53896436e-03	5.37771465e-05
2.39000000e+00	1.52904015e-03	5.36108058e-05
2.39500000e+00	1.52352910e-03	5.36409744e-05
2.40000000e+00	1.50300919e-03	5.36986484e-05
2.40500000e+00	1.52005992e-03	5.32588286e-05
2.41000000e+00	1.51043685e-03	5.30832027e-05
2.41500000e+00	1.51331058e-03	5.32167031e-05
2.42000000e+00	1.58752242e-03	5.65836185e-05
2.42500000e+00	1.73304976e-03	6.17689232e-05
2.43000000e+00	1.82348818e-03	6.43917851e-05
2.43500000e+00	1.66485617e-03	5.89368812e-05
2.44000000e+00	1.52971322e-03	5.41855227e-05
2.44500000e+00	1.47719128e-03	5.29692909e-05
2.45000000e+00	1.45026152e-03	5.11121487e-05
2.45500000e+00	1.43439465e-03	5.06932711e-05
2.46000000e+00	1.41502240e-03	5.02347162e-05
2.46500000e+00	1.39136027e-03	4.99974599e-05
2.47000000e+00	1.39280547e-03	4.96410188e-05
2.47500000e+00	1.37911304e-03	4.88627186e-05
2.48000000e+00	1.37646188e-03	4.92300652e-05
2.48500000e+00	1.36275346e-03	4.86710618e-05
2.49000000e+00	1.33187774e-03	4.82979032e-05
2.49500000e+00	1.33724915e-03	4.74955390e-05
2.50000000e+00	1.31667233e-03	4.69230742e-05
2.50500000e+00	1.31773682e-03	4.71655600e-05
2.51000000e+00	1.29595813e-03	4.67478595e-05
2.51500000e+00	1.29499347e-03	4.67287484e-05
2.52000000e+00	1.29997459e-03	4.65314458e-05
2.52500000e+00	1.29538679e-03	4.66291245e-05
2.53000000e+00	1.26814609e-03	4.60461625e-05
2.53500000e+00	1.26889864e-03	4.66436409e-05
2.54000000e+00	1.27137031e-03	4.59427113e-05
2.54500000e+00	1.26118971e-03	4.57718554e-05
2.55000000e+00	1.25453122e-03	4.58244555e-05
2.55500000e+00	1.22175578e-03	4.50195863e-05
2.56000000e+00	1.25106647e-03	4.62492238e-05
2.56500000e+00	1.23093712e-03	4.50850710e-05
2.57000000e+00	1.23405026e-03	4.54147817e-05
2.57500000e+00	1.22436128e-03	4.51108967e-05
2.58000000e+00	1.22426987e-03	4.59015784e-05
2.58500000e+00	1.20160358e-03	4.47157415e-05
2.59000000e+00	1.19238364e-03	4.41867914e-05
2.59500000e+00	1.19350017e-03	4.44183412e-05
2.60000000e+00	1.18649145e-03	4.44999908e-05
2.60500000e+00	1.19923420e-03	4.60600584e-05
2.61000000e+00	1.18183249e-03	5.16550946e-05
2.61500000e+00	1.16011136e-03	5.60749324e-05
2.62000000e+00	1.13680034e-03	6.04815854e-05
2.62500000e+00	1.14573478e-03	6.60532341e-05
2.63000000e+00	1.15501748e-03	7.33013278e-05
2.63500000e+00	1.17200197e-03	8.25695633e-05
2.64000000e+00	1.17178716e-03	9.11162377e-05
2.64500000e+00	1.13307843e-03	9.39908587e-05
2.65000000e+00	1.14170767e-03	1.00127994e-04
2.65500000e+00	1.13262122e-03	1.06718683e-04
2.66000000e+00	1.14278418e-03	1.15410246e-04
2.66500000e+00	1.07601750e-03	1.22270673e-04
2.67000000e+00	1.12782110e-03	1.38867110e-04
2.67500000e+00	1.15437256e-03	1.67375770e-04
2.68000000e+00	1.08891741e-03	1.82995501e-04
2.68500000e+00	1.11341548e-03	2.47757941e-04
2.69000000e+00	1.08082353e-03	3.95241098e-04
2.69500000e+00	0.00000000e+00	0.00000000e+00
2.70000000e+00	0.00000000e+00	0.00000000e+00
