% Filename : WDL5_p7_00023_00001.h5
% Date & Time : 30-Oct-2025 16:51:51
% X-ray Energy (keV) : 13.30001
% Exposure Time (s) : 0.500
% Photodiode Value : 141018.000
% I0 of Sample : 0
% I0 of Standard : 1
% 
% q(A^-1)   I(q)    I(q)_SE
8.40000000e-01	0.00000000e+00	0.00000000e+00
8.45000000e-01	2.88889971e-03	5.05378385e-04
8.50000000e-01	2.72991904e-03	2.52910356e-04
8.55000000e-01	2.72940977e-03	2.23405498e-04
8.60000000e-01	2.70938817e-03	1.91749518e-04
8.65000000e-01	2.67411825e-03	1.74354494e-04
8.70000000e-01	2.67107073e-03	1.65873386e-04
8.75000000e-01	2.73716137e-03	1.63737619e-04
8.80000000e-01	2.71991306e-03	1.57072785e-04
8.85000000e-01	2.70527987e-03	1.47786854e-04
8.90000000e-01	2.74866032e-03	1.46895545e-04
8.95000000e-01	2.70066952e-03	1.40438974e-04
9.00000000e-01	2.71511615e-03	1.39815763e-04
9.05000000e-01	2.72529023e-03	1.34168949e-04
9.10000000e-01	2.76884883e-03	1.33809202e-04
9.15000000e-01	2.74029061e-03	1.30494779e-04
9.20000000e-01	2.78052806e-03	1.32034886e-04
9.25000000e-01	2.78577149e-03	1.26607838e-04
9.30000000e-01	2.78593285e-03	1.25314328e-04
9.35000000e-01	2.74363870e-03	1.21001695e-04
9.40000000e-01	2.75679884e-03	1.22018955e-04
9.45000000e-01	2.80784950e-03	1.21225176e-04
9.50000000e-01	2.82215000e-03	1.20008613e-04
9.55000000e-01	2.80479365e-03	1.17153408e-04
9.60000000e-01	2.79344824e-03	1.16765901e-04
9.65000000e-01	2.79646215e-03	1.15066517e-04
9.70000000e-01	2.80521613e-03	1.13333673e-04
9.75000000e-01	2.80843692e-03	1.12312678e-04
9.80000000e-01	2.82882812e-03	1.12218976e-04
9.85000000e-01	2.83397980e-03	1.12492605e-04
9.90000000e-01	2.82170759e-03	1.08658397e-04
9.95000000e-01	2.83195928e-03	1.08360979e-04
1.00000000e+00	2.83349657e-03	1.07943269e-04
1.00500000e+00	2.85139796e-03	1.08752778e-04
1.01000000e+00	2.86307086e-03	1.06880367e-04
1.01500000e+00	2.83028454e-03	1.04703928e-04
1.02000000e+00	2.82753934e-03	1.04397490e-04
1.02500000e+00	2.83164659e-03	1.03350818e-04
1.03000000e+00	2.82261842e-03	1.02740186e-04
1.03500000e+00	2.83815474e-03	1.01802164e-04
1.04000000e+00	2.82050268e-03	1.00464874e-04
1.04500000e+00	2.81286152e-03	1.00432347e-04
1.05000000e+00	2.80396700e-03	9.94458379e-05
1.05500000e+00	2.80041998e-03	9.77526766e-05
1.06000000e+00	2.81080178e-03	9.78403761e-05
1.06500000e+00	2.80345362e-03	9.76478876e-05
1.07000000e+00	2.82536833e-03	9.83004327e-05
1.07500000e+00	2.84078862e-03	9.81963516e-05
1.08000000e+00	2.83763140e-03	9.74160769e-05
1.08500000e+00	2.86623872e-03	9.84478823e-05
1.09000000e+00	2.85908109e-03	9.86808016e-05
1.09500000e+00	2.87214897e-03	9.72661326e-05
1.10000000e+00	2.85016479e-03	9.71049962e-05
1.10500000e+00	2.87067613e-03	9.81730629e-05
1.11000000e+00	2.86629888e-03	9.80573662e-05
1.11500000e+00	2.88086916e-03	9.77304845e-05
1.12000000e+00	2.89520373e-03	9.87395523e-05
1.12500000e+00	2.93491503e-03	9.98925478e-05
1.13000000e+00	2.92127262e-03	1.00591024e-04
1.13500000e+00	2.94271849e-03	1.00039089e-04
1.14000000e+00	2.93343557e-03	9.95063938e-05
1.14500000e+00	2.94352554e-03	1.00770224e-04
1.15000000e+00	2.94889708e-03	1.01506380e-04
1.15500000e+00	2.96541144e-03	1.00967387e-04
1.16000000e+00	2.97485991e-03	1.01549842e-04
1.16500000e+00	2.95979152e-03	1.00811511e-04
1.17000000e+00	2.97514403e-03	1.02731096e-04
1.17500000e+00	2.97161159e-03	1.01124280e-04
1.18000000e+00	2.97853755e-03	1.01809432e-04
1.18500000e+00	2.97670618e-03	1.01693873e-04
1.19000000e+00	2.99956232e-03	1.03535819e-04
1.19500000e+00	2.99158677e-03	1.01990784e-04
1.20000000e+00	3.01261642e-03	1.03274638e-04
1.20500000e+00	3.00624857e-03	1.02871260e-04
1.21000000e+00	2.99659579e-03	1.03789746e-04
1.21500000e+00	3.01943515e-03	1.03030069e-04
1.22000000e+00	3.03492166e-03	1.03628956e-04
1.22500000e+00	3.03819729e-03	1.04163591e-04
1.23000000e+00	3.04203219e-03	1.05085847e-04
1.23500000e+00	3.01715899e-03	1.03620199e-04
1.24000000e+00	3.04370545e-03	1.03977080e-04
1.24500000e+00	3.04926826e-03	1.04989862e-04
1.25000000e+00	3.06837793e-03	1.06157102e-04
1.25500000e+00	3.05092421e-03	1.04316500e-04
1.26000000e+00	3.03587101e-03	1.04446488e-04
1.26500000e+00	3.07187965e-03	1.05254292e-04
1.27000000e+00	3.04747860e-03	1.06057847e-04
1.27500000e+00	3.06434590e-03	1.05518157e-04
1.28000000e+00	3.06203723e-03	1.04831688e-04
1.28500000e+00	3.05489651e-03	1.05154306e-04
1.29000000e+00	3.05374448e-03	1.06030112e-04
1.29500000e+00	3.05791804e-03	1.05086661e-04
1.30000000e+00	3.05208521e-03	1.04566825e-04
1.30500000e+00	3.06397958e-03	1.05541970e-04
1.31000000e+00	3.07849333e-03	1.07316869e-04
1.31500000e+00	3.08927294e-03	1.06366639e-04
1.32000000e+00	3.07675992e-03	1.05774674e-04
1.32500000e+00	3.09130735e-03	1.06633986e-04
1.33000000e+00	3.07010854e-03	1.07074362e-04
1.33500000e+00	3.06389551e-03	1.05464674e-04
1.34000000e+00	3.10636946e-03	1.06993741e-04
1.34500000e+00	3.06586731e-03	1.05962754e-04
1.35000000e+00	3.08798434e-03	1.07824013e-04
1.35500000e+00	3.08746173e-03	1.06375008e-04
1.36000000e+00	3.09214595e-03	1.06295027e-04
1.36500000e+00	3.08399169e-03	1.06392943e-04
1.37000000e+00	3.09046126e-03	1.08216844e-04
1.37500000e+00	3.09526647e-03	1.06732546e-04
1.38000000e+00	3.08526792e-03	1.06646169e-04
1.38500000e+00	3.07247211e-03	1.06718669e-04
1.39000000e+00	3.07334896e-03	1.07448354e-04
1.39500000e+00	3.06989006e-03	1.05690810e-04
1.40000000e+00	3.12900129e-03	1.11113792e-04
1.40500000e+00	3.06743957e-03	1.17217886e-04
1.41000000e+00	3.04172177e-03	1.21737098e-04
1.41500000e+00	2.99769589e-03	1.24303296e-04
1.42000000e+00	3.02199372e-03	1.30342580e-04
1.42500000e+00	3.00346981e-03	1.33427825e-04
1.43000000e+00	2.97524058e-03	1.37304758e-04
1.43500000e+00	3.00429327e-03	1.42715613e-04
1.44000000e+00	2.96828307e-03	1.46306994e-04
1.44500000e+00	2.94773297e-03	1.49296665e-04
1.45000000e+00	3.02729462e-03	1.48149355e-04
1.45500000e+00	3.05052113e-03	1.34181548e-04
1.46000000e+00	3.04339184e-03	1.30729340e-04
1.46500000e+00	3.02473986e-03	1.27412654e-04
1.47000000e+00	3.05558422e-03	1.28620163e-04
1.47500000e+00	3.05429154e-03	1.24764889e-04
1.48000000e+00	3.05811909e-03	1.23587720e-04
1.48500000e+00	3.03081820e-03	1.22617666e-04
1.49000000e+00	3.03681431e-03	1.23159461e-04
1.49500000e+00	3.03304755e-03	1.20356935e-04
1.50000000e+00	3.04232427e-03	1.20207215e-04
1.50500000e+00	3.06913401e-03	1.21982771e-04
1.51000000e+00	3.07866440e-03	1.22632270e-04
1.51500000e+00	3.08300689e-03	1.20767948e-04
1.52000000e+00	3.05395535e-03	1.19239189e-04
1.52500000e+00	3.05616991e-03	1.19155985e-04
1.53000000e+00	3.05366760e-03	1.19761729e-04
1.53500000e+00	3.06361466e-03	1.16820460e-04
1.54000000e+00	3.04927498e-03	1.16029804e-04
1.54500000e+00	3.00833370e-03	1.14212607e-04
1.55000000e+00	3.03739935e-03	1.14945584e-04
1.55500000e+00	3.00886102e-03	1.11438705e-04
1.56000000e+00	2.98496711e-03	1.10716889e-04
1.56500000e+00	2.98192652e-03	1.10056493e-04
1.57000000e+00	2.96240689e-03	1.08577815e-04
1.57500000e+00	2.95636055e-03	1.06288054e-04
1.58000000e+00	2.94745852e-03	1.05751121e-04
1.58500000e+00	2.96572911e-03	1.06458525e-04
1.59000000e+00	2.93831146e-03	1.05581524e-04
1.59500000e+00	2.91053531e-03	1.02495950e-04
1.60000000e+00	2.93782367e-03	1.03367647e-04
1.60500000e+00	2.92331493e-03	1.02988113e-04
1.61000000e+00	2.92389459e-03	1.02593531e-04
1.61500000e+00	2.89734065e-03	1.00751352e-04
1.62000000e+00	2.88263839e-03	1.00626909e-04
1.62500000e+00	2.89664605e-03	1.02324493e-04
1.63000000e+00	2.87798865e-03	1.00534247e-04
1.63500000e+00	2.89015401e-03	1.01045466e-04
1.64000000e+00	2.85980074e-03	9.99722954e-05
1.64500000e+00	2.88008891e-03	1.01796085e-04
1.65000000e+00	2.87351797e-03	1.00506228e-04
1.65500000e+00	2.85509318e-03	9.96450462e-05
1.66000000e+00	2.84466385e-03	9.94319762e-05
1.66500000e+00	2.82925694e-03	1.00535927e-04
1.67000000e+00	2.83507361e-03	9.86746728e-05
1.67500000e+00	2.82197226e-03	9.84624198e-05
1.68000000e+00	2.81217564e-03	9.85077261e-05
1.68500000e+00	2.82599767e-03	1.00576246e-04
1.69000000e+00	2.80803638e-03	9.79918322e-05
1.69500000e+00	2.79881242e-03	9.74445499e-05
1.70000000e+00	2.77488857e-03	9.78383811e-05
1.70500000e+00	2.79806607e-03	9.90042123e-05
1.71000000e+00	2.77920793e-03	9.70943050e-05
1.71500000e+00	2.76755108e-03	9.65973977e-05
1.72000000e+00	2.77200864e-03	9.76155046e-05
1.72500000e+00	2.74238523e-03	9.70795083e-05
1.73000000e+00	2.77268663e-03	9.68449125e-05
1.73500000e+00	2.75201344e-03	9.63895190e-05
1.74000000e+00	2.72676675e-03	9.57336795e-05
1.74500000e+00	2.74265667e-03	9.75112781e-05
1.75000000e+00	2.71696776e-03	9.47088817e-05
1.75500000e+00	2.71061315e-03	9.52290157e-05
1.76000000e+00	2.72383944e-03	9.54890796e-05
1.76500000e+00	2.69811311e-03	9.58160821e-05
1.77000000e+00	2.68105031e-03	9.35838597e-05
1.77500000e+00	2.68988332e-03	9.42188495e-05
1.78000000e+00	2.67533721e-03	9.40091232e-05
1.78500000e+00	2.64564067e-03	9.39418329e-05
1.79000000e+00	2.65931996e-03	9.28389424e-05
1.79500000e+00	2.64215235e-03	9.25713605e-05
1.80000000e+00	2.67833321e-03	9.43442343e-05
1.80500000e+00	2.65674862e-03	9.41772517e-05
1.81000000e+00	2.63663767e-03	9.21204171e-05
1.81500000e+00	2.62188398e-03	9.16286127e-05
1.82000000e+00	2.62831632e-03	9.25072597e-05
1.82500000e+00	2.60550986e-03	9.22624435e-05
1.83000000e+00	2.61203865e-03	9.12913196e-05
1.83500000e+00	2.61599741e-03	9.16073878e-05
1.84000000e+00	2.60323979e-03	9.16433290e-05
1.84500000e+00	2.60572517e-03	9.22815930e-05
1.85000000e+00	2.58004933e-03	9.02584857e-05
1.85500000e+00	2.57218758e-03	9.00981081e-05
1.86000000e+00	2.56181852e-03	9.03789940e-05
1.86500000e+00	2.57938537e-03	9.12011799e-05
1.87000000e+00	2.53788022e-03	8.87217259e-05
1.87500000e+00	2.55082073e-03	8.94347384e-05
1.88000000e+00	2.53868385e-03	8.93953891e-05
1.88500000e+00	2.50434687e-03	8.88212038e-05
1.89000000e+00	2.51743160e-03	8.79233650e-05
1.89500000e+00	2.50757849e-03	8.81471332e-05
1.90000000e+00	2.50132743e-03	8.82171916e-05
1.90500000e+00	2.50269898e-03	8.83146543e-05
1.91000000e+00	2.49403636e-03	8.73624064e-05
1.91500000e+00	2.48453712e-03	8.70731991e-05
1.92000000e+00	2.46451241e-03	8.68628106e-05
1.92500000e+00	2.46163394e-03	8.69220294e-05
1.93000000e+00	2.46905358e-03	8.63222173e-05
1.93500000e+00	2.42977524e-03	8.52157151e-05
1.94000000e+00	2.42561025e-03	8.57833220e-05
1.94500000e+00	2.43184776e-03	8.56484508e-05
1.95000000e+00	2.41877677e-03	8.45376571e-05
1.95500000e+00	2.41548356e-03	8.46990054e-05
1.96000000e+00	2.42050154e-03	8.54949227e-05
1.96500000e+00	2.39465956e-03	8.45498281e-05
1.97000000e+00	2.37641065e-03	8.29368632e-05
1.97500000e+00	2.38839733e-03	8.39605955e-05
1.98000000e+00	2.37842068e-03	8.39451227e-05
1.98500000e+00	2.38323943e-03	8.42631373e-05
1.99000000e+00	2.35713326e-03	8.23082589e-05
1.99500000e+00	2.35758171e-03	8.27172687e-05
2.00000000e+00	2.35041521e-03	8.29944140e-05
2.00500000e+00	2.37605239e-03	8.39780013e-05
2.01000000e+00	2.34668173e-03	9.10679282e-05
2.01500000e+00	2.31282184e-03	9.53753236e-05
2.02000000e+00	2.29905373e-03	1.01149331e-04
2.02500000e+00	2.28551812e-03	1.04354942e-04
2.03000000e+00	2.29860307e-03	1.11271078e-04
2.03500000e+00	2.25189577e-03	1.13838575e-04
2.04000000e+00	2.25215349e-03	1.19131978e-04
2.04500000e+00	2.22812626e-03	1.24116948e-04
2.05000000e+00	2.21042757e-03	1.29077018e-04
2.05500000e+00	2.22416422e-03	1.27245225e-04
2.06000000e+00	2.26431173e-03	1.12733680e-04
2.06500000e+00	2.22142506e-03	1.05666410e-04
2.07000000e+00	2.22842331e-03	1.00330105e-04
2.07500000e+00	2.22847478e-03	9.81243290e-05
2.08000000e+00	2.23622931e-03	9.82145004e-05
2.08500000e+00	2.22886835e-03	9.70892744e-05
2.09000000e+00	2.23486647e-03	9.43439969e-05
2.09500000e+00	2.22307831e-03	9.28967740e-05
2.10000000e+00	2.21327576e-03	9.19084707e-05
2.10500000e+00	2.18919737e-03	9.05841380e-05
2.11000000e+00	2.19206815e-03	8.74070190e-05
2.11500000e+00	2.16964700e-03	8.55995305e-05
2.12000000e+00	2.17332767e-03	8.53086799e-05
2.12500000e+00	2.15318418e-03	8.42470739e-05
2.13000000e+00	2.10998724e-03	7.92198056e-05
2.13500000e+00	2.10679537e-03	7.81440011e-05
2.14000000e+00	2.09594598e-03	7.70811947e-05
2.14500000e+00	2.08632342e-03	7.68905684e-05
2.15000000e+00	2.09009864e-03	7.45519046e-05
2.15500000e+00	2.08143131e-03	7.43492109e-05
2.16000000e+00	2.05492108e-03	7.30669458e-05
2.16500000e+00	2.04240675e-03	7.31027431e-05
2.17000000e+00	2.04830281e-03	7.15393514e-05
2.17500000e+00	2.04793265e-03	7.17021593e-05
2.18000000e+00	2.01419144e-03	7.07416768e-05
2.18500000e+00	2.01380953e-03	7.09636000e-05
2.19000000e+00	2.00751497e-03	7.07035344e-05
2.19500000e+00	1.99385034e-03	6.97716907e-05
2.20000000e+00	1.98005024e-03	6.94787984e-05
2.20500000e+00	1.96858046e-03	6.92476418e-05
2.21000000e+00	1.96548309e-03	6.95220629e-05
2.21500000e+00	1.95119277e-03	6.82325055e-05
2.22000000e+00	1.94528416e-03	6.80402251e-05
2.22500000e+00	1.93200331e-03	6.81286349e-05
2.23000000e+00	1.90941684e-03	6.77020880e-05
2.23500000e+00	1.90856316e-03	6.67445972e-05
2.24000000e+00	1.89312959e-03	6.61816712e-05
2.24500000e+00	1.87759343e-03	6.61222818e-05
2.25000000e+00	1.87492369e-03	6.66827508e-05
2.25500000e+00	1.84997431e-03	6.45395071e-05
2.26000000e+00	1.84958820e-03	6.47215523e-05
2.26500000e+00	1.83078188e-03	6.43185386e-05
2.27000000e+00	1.82186351e-03	6.48929923e-05
2.27500000e+00	1.81542173e-03	6.33613091e-05
2.28000000e+00	1.80426981e-03	6.30542071e-05
2.28500000e+00	1.78980187e-03	6.30282249e-05
2.29000000e+00	1.78459753e-03	6.30821771e-05
2.29500000e+00	1.76243461e-03	6.21781049e-05
2.30000000e+00	1.74280444e-03	6.09279166e-05
2.30500000e+00	1.75015344e-03	6.12748788e-05
2.31000000e+00	1.72611218e-03	6.08136048e-05
2.31500000e+00	1.71904636e-03	6.10439960e-05
2.32000000e+00	1.71028188e-03	5.94374646e-05
2.32500000e+00	1.70427339e-03	5.98193128e-05
2.33000000e+00	1.67303826e-03	5.87347259e-05
2.33500000e+00	1.67698886e-03	5.95229711e-05
2.34000000e+00	1.67866220e-03	5.85590974e-05
2.34500000e+00	1.65520620e-03	5.77836319e-05
2.35000000e+00	1.64251618e-03	5.76089874e-05
2.35500000e+00	1.64809557e-03	5.84896309e-05
2.36000000e+00	1.62388503e-03	5.69161949e-05
2.36500000e+00	1.60481124e-03	5.60857454e-05
2.37000000e+00	1.61877633e-03	5.66178846e-05
2.37500000e+00	1.60020155e-03	5.64820869e-05
2.38000000e+00	1.59014959e-03	5.64000288e-05
2.38500000e+00	1.57429826e-03	5.50513772e-05
2.39000000e+00	1.57489578e-03	5.52074632e-05
2.39500000e+00	1.55606727e-03	5.47906902e-05
2.40000000e+00	1.56143565e-03	5.59381161e-05
2.40500000e+00	1.53965485e-03	5.39600234e-05
2.41000000e+00	1.54573778e-03	5.44561741e-05
2.41500000e+00	1.52224477e-03	5.35853490e-05
2.42000000e+00	1.52829614e-03	5.44593743e-05
2.42500000e+00	1.51446028e-03	5.39746529e-05
2.43000000e+00	1.52453513e-03	5.37280171e-05
2.43500000e+00	1.50757777e-03	5.33163644e-05
2.44000000e+00	1.49305462e-03	5.28733826e-05
2.44500000e+00	1.47946222e-03	5.32556859e-05
2.45000000e+00	1.45024427e-03	5.12067130e-05
2.45500000e+00	1.44130998e-03	5.10578014e-05
2.46000000e+00	1.44774445e-03	5.14871481e-05
2.46500000e+00	1.42310535e-03	5.11951885e-05
2.47000000e+00	1.43257657e-03	5.09509070e-05
2.47500000e+00	1.40321593e-03	4.96803418e-05
2.48000000e+00	1.40495607e-03	5.02136983e-05
2.48500000e+00	1.39916450e-03	4.99683365e-05
2.49000000e+00	1.38585007e-03	5.02152094e-05
2.49500000e+00	1.38118210e-03	4.90635872e-05
2.50000000e+00	1.37665700e-03	4.91289408e-05
2.50500000e+00	1.37392807e-03	4.92898402e-05
2.51000000e+00	1.36772709e-03	4.93887364e-05
2.51500000e+00	1.34698968e-03	4.86215445e-05
2.52000000e+00	1.35945736e-03	4.87475460e-05
2.52500000e+00	1.34556722e-03	4.84171384e-05
2.53000000e+00	1.33639068e-03	4.85202958e-05
2.53500000e+00	1.32945285e-03	4.88899648e-05
2.54000000e+00	1.32294516e-03	4.77965245e-05
2.54500000e+00	1.31634650e-03	4.78370201e-05
2.55000000e+00	1.29732535e-03	4.73114544e-05
2.55500000e+00	1.30259232e-03	4.78993007e-05
2.56000000e+00	1.29783828e-03	4.79812342e-05
2.56500000e+00	1.28809185e-03	4.71654599e-05
2.57000000e+00	1.27348563e-03	4.69463443e-05
2.57500000e+00	1.28106708e-03	4.73102333e-05
2.58000000e+00	1.26349257e-03	4.73772222e-05
2.58500000e+00	1.25721821e-03	4.68121960e-05
2.59000000e+00	1.24178909e-03	4.60031457e-05
2.59500000e+00	1.25325882e-03	4.66210787e-05
2.60000000e+00	1.24226100e-03	4.65811872e-05
2.60500000e+00	1.25209600e-03	4.80028474e-05
2.61000000e+00	1.23972863e-03	5.42319759e-05
2.61500000e+00	1.21071610e-03	5.86241751e-05
2.62000000e+00	1.24920109e-03	6.64381654e-05
2.62500000e+00	1.18959556e-03	6.83818506e-05
2.63000000e+00	1.19914989e-03	7.61239668e-05
2.63500000e+00	1.18635054e-03	8.36671201e-05
2.64000000e+00	1.21705791e-03	9.48482961e-05
2.64500000e+00	1.24834711e-03	1.03558861e-04
2.65000000e+00	1.19832862e-03	1.05035273e-04
2.65500000e+00	1.18745184e-03	1.12141311e-04
2.66000000e+00	1.20103320e-03	1.21657983e-04
2.66500000e+00	1.19253079e-03	1.35330743e-04
2.67000000e+00	1.17374189e-03	1.44594198e-04
2.67500000e+00	1.18008243e-03	1.69706312e-04
2.68000000e+00	1.16255752e-03	1.94221706e-04
2.68500000e+00	1.14474065e-03	2.54268583e-04
2.69000000e+00	1.31077779e-03	4.69272822e-04
2.69500000e+00	0.00000000e+00	0.00000000e+00
2.70000000e+00	0.00000000e+00	0.00000000e+00
