% Filename : WDL7c_00026_00073.h5
% Date & Time : 30-Oct-2025 17:05:17
% X-ray Energy (keV) : 13.30001
% Exposure Time (s) : 0.500
% Photodiode Value : 141268.000
% I0 of Sample : 0
% I0 of Standard : 1
% 
% q(A^-1)   I(q)    I(q)_SE
8.40000000e-01	0.00000000e+00	0.00000000e+00
8.45000000e-01	2.86930578e-03	5.04069222e-04
8.50000000e-01	2.64913267e-03	2.45707539e-04
8.55000000e-01	2.60193935e-03	2.12688613e-04
8.60000000e-01	2.64907115e-03	1.87491393e-04
8.65000000e-01	2.60672047e-03	1.69987139e-04
8.70000000e-01	2.58445386e-03	1.60526849e-04
8.75000000e-01	2.59709665e-03	1.55228159e-04
8.80000000e-01	2.65103047e-03	1.53187531e-04
8.85000000e-01	2.61778245e-03	1.43215952e-04
8.90000000e-01	2.63019334e-03	1.40794533e-04
8.95000000e-01	2.62616258e-03	1.36582856e-04
9.00000000e-01	2.62727493e-03	1.35295894e-04
9.05000000e-01	2.65056391e-03	1.30537355e-04
9.10000000e-01	2.65836678e-03	1.28525802e-04
9.15000000e-01	2.67643331e-03	1.27289091e-04
9.20000000e-01	2.67126203e-03	1.27023020e-04
9.25000000e-01	2.67518580e-03	1.21594624e-04
9.30000000e-01	2.69395598e-03	1.21168568e-04
9.35000000e-01	2.71094721e-03	1.19655347e-04
9.40000000e-01	2.70568511e-03	1.19765375e-04
9.45000000e-01	2.70103764e-03	1.16491971e-04
9.50000000e-01	2.68006127e-03	1.14014308e-04
9.55000000e-01	2.73975549e-03	1.14387183e-04
9.60000000e-01	2.69066796e-03	1.12589339e-04
9.65000000e-01	2.70928163e-03	1.11369823e-04
9.70000000e-01	2.73963152e-03	1.10867289e-04
9.75000000e-01	2.73580734e-03	1.09381148e-04
9.80000000e-01	2.73565219e-03	1.08518314e-04
9.85000000e-01	2.72822435e-03	1.08236800e-04
9.90000000e-01	2.76151330e-03	1.06276512e-04
9.95000000e-01	2.74266057e-03	1.05101532e-04
1.00000000e+00	2.72859057e-03	1.04070769e-04
1.00500000e+00	2.72458363e-03	1.03895381e-04
1.01000000e+00	2.74164406e-03	1.02410032e-04
1.01500000e+00	2.72039833e-03	1.00616359e-04
1.02000000e+00	2.74981195e-03	1.01638377e-04
1.02500000e+00	2.73309435e-03	9.98136980e-05
1.03000000e+00	2.74049900e-03	9.97104669e-05
1.03500000e+00	2.72238273e-03	9.77956273e-05
1.04000000e+00	2.69995908e-03	9.62034056e-05
1.04500000e+00	2.71761626e-03	9.70042547e-05
1.05000000e+00	2.69451219e-03	9.56409856e-05
1.05500000e+00	2.70771050e-03	9.46051234e-05
1.06000000e+00	2.70268121e-03	9.41784190e-05
1.06500000e+00	2.71822693e-03	9.47526254e-05
1.07000000e+00	2.70805687e-03	9.42034462e-05
1.07500000e+00	2.69598416e-03	9.30584239e-05
1.08000000e+00	2.70943681e-03	9.31012734e-05
1.08500000e+00	2.74014790e-03	9.43204446e-05
1.09000000e+00	2.73464747e-03	9.45998175e-05
1.09500000e+00	2.74326452e-03	9.29452421e-05
1.10000000e+00	2.75163065e-03	9.37525229e-05
1.10500000e+00	2.74436724e-03	9.39353238e-05
1.11000000e+00	2.75233008e-03	9.42632069e-05
1.11500000e+00	2.76444422e-03	9.40615408e-05
1.12000000e+00	2.78437414e-03	9.50644375e-05
1.12500000e+00	2.78194572e-03	9.47239130e-05
1.13000000e+00	2.78431579e-03	9.59233450e-05
1.13500000e+00	2.81132281e-03	9.56262159e-05
1.14000000e+00	2.80999575e-03	9.53980981e-05
1.14500000e+00	2.82971443e-03	9.68391261e-05
1.15000000e+00	2.81176065e-03	9.67883879e-05
1.15500000e+00	2.82771555e-03	9.63914943e-05
1.16000000e+00	2.82282668e-03	9.64512125e-05
1.16500000e+00	2.83545551e-03	9.68639178e-05
1.17000000e+00	2.83084528e-03	9.79072349e-05
1.17500000e+00	2.85076905e-03	9.70984578e-05
1.18000000e+00	2.84126614e-03	9.71564553e-05
1.18500000e+00	2.84326079e-03	9.71611695e-05
1.19000000e+00	2.86178149e-03	9.89163191e-05
1.19500000e+00	2.88637802e-03	9.84120522e-05
1.20000000e+00	2.88720250e-03	9.90828737e-05
1.20500000e+00	2.85775001e-03	9.78806384e-05
1.21000000e+00	2.86947856e-03	9.95467958e-05
1.21500000e+00	2.87307100e-03	9.80853025e-05
1.22000000e+00	2.87787228e-03	9.83541888e-05
1.22500000e+00	2.89050995e-03	9.91671046e-05
1.23000000e+00	2.88526165e-03	9.97943130e-05
1.23500000e+00	2.88026303e-03	9.89164098e-05
1.24000000e+00	2.88491164e-03	9.86391777e-05
1.24500000e+00	2.88247208e-03	9.92139613e-05
1.25000000e+00	2.87737070e-03	9.96316072e-05
1.25500000e+00	2.89246221e-03	9.90303277e-05
1.26000000e+00	2.91585548e-03	1.00393553e-04
1.26500000e+00	2.89694384e-03	9.94093118e-05
1.27000000e+00	2.89851132e-03	1.00859355e-04
1.27500000e+00	2.92374163e-03	1.00644811e-04
1.28000000e+00	2.92390759e-03	1.00183448e-04
1.28500000e+00	2.91058383e-03	1.00231286e-04
1.29000000e+00	2.90678650e-03	1.00984445e-04
1.29500000e+00	2.91779479e-03	1.00256770e-04
1.30000000e+00	2.91755590e-03	1.00103476e-04
1.30500000e+00	2.89440914e-03	9.97377904e-05
1.31000000e+00	2.90517915e-03	1.01295092e-04
1.31500000e+00	2.93191747e-03	1.01000212e-04
1.32000000e+00	2.91458107e-03	1.00280898e-04
1.32500000e+00	2.90944031e-03	1.00337371e-04
1.33000000e+00	2.88698255e-03	1.00733466e-04
1.33500000e+00	2.90260288e-03	9.99161857e-05
1.34000000e+00	2.89914979e-03	9.98778117e-05
1.34500000e+00	2.92087371e-03	1.01008151e-04
1.35000000e+00	2.91981077e-03	1.02032462e-04
1.35500000e+00	2.90089257e-03	9.99599048e-05
1.36000000e+00	2.91048451e-03	1.00140061e-04
1.36500000e+00	2.91025659e-03	1.00451189e-04
1.37000000e+00	2.89544141e-03	1.01406040e-04
1.37500000e+00	2.89894232e-03	9.99195592e-05
1.38000000e+00	2.92941670e-03	1.01259260e-04
1.38500000e+00	2.90003526e-03	1.00817449e-04
1.39000000e+00	2.88035285e-03	1.00849281e-04
1.39500000e+00	2.89083295e-03	9.95754431e-05
1.40000000e+00	2.93182766e-03	1.04140006e-04
1.40500000e+00	2.89873685e-03	1.10791423e-04
1.41000000e+00	2.83683560e-03	1.13501249e-04
1.41500000e+00	2.85589366e-03	1.18470267e-04
1.42000000e+00	2.82465219e-03	1.21854868e-04
1.42500000e+00	2.80844292e-03	1.24649545e-04
1.43000000e+00	2.79272468e-03	1.28826271e-04
1.43500000e+00	2.76937119e-03	1.31515132e-04
1.44000000e+00	2.77572879e-03	1.36930899e-04
1.44500000e+00	2.76175432e-03	1.39931063e-04
1.45000000e+00	2.84733968e-03	1.39410594e-04
1.45500000e+00	2.87695152e-03	1.26553716e-04
1.46000000e+00	2.83875880e-03	1.21981354e-04
1.46500000e+00	2.85928956e-03	1.20611401e-04
1.47000000e+00	2.86466311e-03	1.20654079e-04
1.47500000e+00	2.85812743e-03	1.16826360e-04
1.48000000e+00	2.84420872e-03	1.14970515e-04
1.48500000e+00	2.83373872e-03	1.14739791e-04
1.49000000e+00	2.85564112e-03	1.15784592e-04
1.49500000e+00	2.85892475e-03	1.13337871e-04
1.50000000e+00	2.87309996e-03	1.13616396e-04
1.50500000e+00	2.85201117e-03	1.13428227e-04
1.51000000e+00	2.82681397e-03	1.12627324e-04
1.51500000e+00	2.86239875e-03	1.12294667e-04
1.52000000e+00	2.87519533e-03	1.12230132e-04
1.52500000e+00	2.86164562e-03	1.11585657e-04
1.53000000e+00	2.85476900e-03	1.11933457e-04
1.53500000e+00	2.89181190e-03	1.10211253e-04
1.54000000e+00	2.84957914e-03	1.08435668e-04
1.54500000e+00	2.83284311e-03	1.07614699e-04
1.55000000e+00	2.84125786e-03	1.07580689e-04
1.55500000e+00	2.81888822e-03	1.04329741e-04
1.56000000e+00	2.80588263e-03	1.04104557e-04
1.56500000e+00	2.80847940e-03	1.03685447e-04
1.57000000e+00	2.78733849e-03	1.02240727e-04
1.57500000e+00	2.77568098e-03	9.98883000e-05
1.58000000e+00	2.73471895e-03	9.81998969e-05
1.58500000e+00	2.75548490e-03	9.90005019e-05
1.59000000e+00	2.74497062e-03	9.86397789e-05
1.59500000e+00	2.72792642e-03	9.61759062e-05
1.60000000e+00	2.75577138e-03	9.70602708e-05
1.60500000e+00	2.74310309e-03	9.67860436e-05
1.61000000e+00	2.73357590e-03	9.59372450e-05
1.61500000e+00	2.72911690e-03	9.49211463e-05
1.62000000e+00	2.69810285e-03	9.43032492e-05
1.62500000e+00	2.72172377e-03	9.61861627e-05
1.63000000e+00	2.69647349e-03	9.42187223e-05
1.63500000e+00	2.68150320e-03	9.36448701e-05
1.64000000e+00	2.69001708e-03	9.40437802e-05
1.64500000e+00	2.69702387e-03	9.53671173e-05
1.65000000e+00	2.68568048e-03	9.39770605e-05
1.65500000e+00	2.66345359e-03	9.31294507e-05
1.66000000e+00	2.65392383e-03	9.28176338e-05
1.66500000e+00	2.66244950e-03	9.47102112e-05
1.67000000e+00	2.67240201e-03	9.30562723e-05
1.67500000e+00	2.64292480e-03	9.22642094e-05
1.68000000e+00	2.65650580e-03	9.30582214e-05
1.68500000e+00	2.63351999e-03	9.38198485e-05
1.69000000e+00	2.63435832e-03	9.19634144e-05
1.69500000e+00	2.61678416e-03	9.12039731e-05
1.70000000e+00	2.61843001e-03	9.22907975e-05
1.70500000e+00	2.61670295e-03	9.26119542e-05
1.71000000e+00	2.60719253e-03	9.11498522e-05
1.71500000e+00	2.61176159e-03	9.11852670e-05
1.72000000e+00	2.61703618e-03	9.21456899e-05
1.72500000e+00	2.59686717e-03	9.19675155e-05
1.73000000e+00	2.60993474e-03	9.11515651e-05
1.73500000e+00	2.56694465e-03	8.99617847e-05
1.74000000e+00	2.59561902e-03	9.12408284e-05
1.74500000e+00	2.56130583e-03	9.11126523e-05
1.75000000e+00	2.54507136e-03	8.87312865e-05
1.75500000e+00	2.55074276e-03	8.95799422e-05
1.76000000e+00	2.54660340e-03	8.93246604e-05
1.76500000e+00	2.53556202e-03	9.01751650e-05
1.77000000e+00	2.54298237e-03	8.88325818e-05
1.77500000e+00	2.50555207e-03	8.77985122e-05
1.78000000e+00	2.52916810e-03	8.89007236e-05
1.78500000e+00	2.51777651e-03	8.94954028e-05
1.79000000e+00	2.51284700e-03	8.77775189e-05
1.79500000e+00	2.48990466e-03	8.71733845e-05
1.80000000e+00	2.48552297e-03	8.75986293e-05
1.80500000e+00	2.49090257e-03	8.82883919e-05
1.81000000e+00	2.49672695e-03	8.71745377e-05
1.81500000e+00	2.45685816e-03	8.58625674e-05
1.82000000e+00	2.46104806e-03	8.66465533e-05
1.82500000e+00	2.45735656e-03	8.70086013e-05
1.83000000e+00	2.45678188e-03	8.58889490e-05
1.83500000e+00	2.45790463e-03	8.60796768e-05
1.84000000e+00	2.44766169e-03	8.62410820e-05
1.84500000e+00	2.41779930e-03	8.56213835e-05
1.85000000e+00	2.41364346e-03	8.45085358e-05
1.85500000e+00	2.41598128e-03	8.46619332e-05
1.86000000e+00	2.39898958e-03	8.46772989e-05
1.86500000e+00	2.40888146e-03	8.51504696e-05
1.87000000e+00	2.38561517e-03	8.33804648e-05
1.87500000e+00	2.39640776e-03	8.40806937e-05
1.88000000e+00	2.37341985e-03	8.36378185e-05
1.88500000e+00	2.37492524e-03	8.41487987e-05
1.89000000e+00	2.37368100e-03	8.30195864e-05
1.89500000e+00	2.38827446e-03	8.39825859e-05
1.90000000e+00	2.35589839e-03	8.30566801e-05
1.90500000e+00	2.35279249e-03	8.30036528e-05
1.91000000e+00	2.33216494e-03	8.17670631e-05
1.91500000e+00	2.32249680e-03	8.15163004e-05
1.92000000e+00	2.33356820e-03	8.23313323e-05
1.92500000e+00	2.32027048e-03	8.18994508e-05
1.93000000e+00	2.30059275e-03	8.04771311e-05
1.93500000e+00	2.29424424e-03	8.04680232e-05
1.94000000e+00	2.29683201e-03	8.12903827e-05
1.94500000e+00	2.29453956e-03	8.09396227e-05
1.95000000e+00	2.27814163e-03	7.96051766e-05
1.95500000e+00	2.28873854e-03	8.03408736e-05
1.96000000e+00	2.26556224e-03	8.00322173e-05
1.96500000e+00	2.26386642e-03	7.99681285e-05
1.97000000e+00	2.26499125e-03	7.90717610e-05
1.97500000e+00	2.24324217e-03	7.88985435e-05
1.98000000e+00	2.22868409e-03	7.87295470e-05
1.98500000e+00	2.22371705e-03	7.86614255e-05
1.99000000e+00	2.24305078e-03	7.82723359e-05
1.99500000e+00	2.22689528e-03	7.81353973e-05
2.00000000e+00	2.23614267e-03	7.89394603e-05
2.00500000e+00	2.22611254e-03	7.87870645e-05
2.01000000e+00	2.20850708e-03	8.57458000e-05
2.01500000e+00	2.18538027e-03	9.01164210e-05
2.02000000e+00	2.18226653e-03	9.60003461e-05
2.02500000e+00	2.16665685e-03	9.89388414e-05
2.03000000e+00	2.13895794e-03	1.03513693e-04
2.03500000e+00	2.13587129e-03	1.07933645e-04
2.04000000e+00	2.10963180e-03	1.11744594e-04
2.04500000e+00	2.08633470e-03	1.15927625e-04
2.05000000e+00	2.08761549e-03	1.21901179e-04
2.05500000e+00	2.10151655e-03	1.20245410e-04
2.06000000e+00	2.10938450e-03	1.05079337e-04
2.06500000e+00	2.12779558e-03	1.01265046e-04
2.07000000e+00	2.08570455e-03	9.38567602e-05
2.07500000e+00	2.09612710e-03	9.23582307e-05
2.08000000e+00	2.09954207e-03	9.22792659e-05
2.08500000e+00	2.11250079e-03	9.19585714e-05
2.09000000e+00	2.07304871e-03	8.75140872e-05
2.09500000e+00	2.08326731e-03	8.70669848e-05
2.10000000e+00	2.06817380e-03	8.59739788e-05
2.10500000e+00	2.09961687e-03	8.68571187e-05
2.11000000e+00	2.06612670e-03	8.23977336e-05
2.11500000e+00	2.06152417e-03	8.14407408e-05
2.12000000e+00	2.04475052e-03	8.03510124e-05
2.12500000e+00	2.01494261e-03	7.89303920e-05
2.13000000e+00	2.00073271e-03	7.51450962e-05
2.13500000e+00	1.99572945e-03	7.41502778e-05
2.14000000e+00	1.97362322e-03	7.25713287e-05
2.14500000e+00	1.94000688e-03	7.15327531e-05
2.15000000e+00	1.94149878e-03	6.92305610e-05
2.15500000e+00	1.95828354e-03	7.00084151e-05
2.16000000e+00	1.93092656e-03	6.86652207e-05
2.16500000e+00	1.92270621e-03	6.88851103e-05
2.17000000e+00	1.92724390e-03	6.73008026e-05
2.17500000e+00	1.92713303e-03	6.75867632e-05
2.18000000e+00	1.90468194e-03	6.69597464e-05
2.18500000e+00	1.88868867e-03	6.67028446e-05
2.19000000e+00	1.89191222e-03	6.65904961e-05
2.19500000e+00	1.85944804e-03	6.51387454e-05
2.20000000e+00	1.85495409e-03	6.51039350e-05
2.20500000e+00	1.84958042e-03	6.50872375e-05
2.21000000e+00	1.85633794e-03	6.56602495e-05
2.21500000e+00	1.84520050e-03	6.46268680e-05
2.22000000e+00	1.84218743e-03	6.43921652e-05
2.22500000e+00	1.81456570e-03	6.39840923e-05
2.23000000e+00	1.80414315e-03	6.39775907e-05
2.23500000e+00	1.78916346e-03	6.25386550e-05
2.24000000e+00	1.78464838e-03	6.24732299e-05
2.24500000e+00	1.76921110e-03	6.23711757e-05
2.25000000e+00	1.75002745e-03	6.21891466e-05
2.25500000e+00	1.74982588e-03	6.11579376e-05
2.26000000e+00	1.73591668e-03	6.08322861e-05
2.26500000e+00	1.72043397e-03	6.05239800e-05
2.27000000e+00	1.71549021e-03	6.11393442e-05
2.27500000e+00	1.70245601e-03	5.95269753e-05
2.28000000e+00	1.69312129e-03	5.91685529e-05
2.28500000e+00	1.68566520e-03	5.93142210e-05
2.29000000e+00	1.68139248e-03	5.94868215e-05
2.29500000e+00	1.64435672e-03	5.79952350e-05
2.30000000e+00	1.65436314e-03	5.77987346e-05
2.30500000e+00	1.63900100e-03	5.73686123e-05
2.31000000e+00	1.62423663e-03	5.72066782e-05
2.31500000e+00	1.61823033e-03	5.74411853e-05
2.32000000e+00	1.60832450e-03	5.59329579e-05
2.32500000e+00	1.59343377e-03	5.58276756e-05
2.33000000e+00	1.59703412e-03	5.61158174e-05
2.33500000e+00	1.58150874e-03	5.62205190e-05
2.34000000e+00	1.57394471e-03	5.49915579e-05
2.34500000e+00	1.54680194e-03	5.40046128e-05
2.35000000e+00	1.55395827e-03	5.44303069e-05
2.35500000e+00	1.51890770e-03	5.39177124e-05
2.36000000e+00	1.52925085e-03	5.35399807e-05
2.36500000e+00	1.51132290e-03	5.28959776e-05
2.37000000e+00	1.51658283e-03	5.30963064e-05
2.37500000e+00	1.49555104e-03	5.28295126e-05
2.38000000e+00	1.48394612e-03	5.26636868e-05
2.38500000e+00	1.48919050e-03	5.21059144e-05
2.39000000e+00	1.48413850e-03	5.20411587e-05
2.39500000e+00	1.46595635e-03	5.17309024e-05
2.40000000e+00	1.46714744e-03	5.24908839e-05
2.40500000e+00	1.44273126e-03	5.05893414e-05
2.41000000e+00	1.44196653e-03	5.07595591e-05
2.41500000e+00	1.42834560e-03	5.02521445e-05
2.42000000e+00	1.42295857e-03	5.06739157e-05
2.42500000e+00	1.40579265e-03	5.00876204e-05
2.43000000e+00	1.40053045e-03	4.93183831e-05
2.43500000e+00	1.38091439e-03	4.88703573e-05
2.44000000e+00	1.39040986e-03	4.93251101e-05
2.44500000e+00	1.36228332e-03	4.90036638e-05
2.45000000e+00	1.37998826e-03	4.86761034e-05
2.45500000e+00	1.35099231e-03	4.78525965e-05
2.46000000e+00	1.35336184e-03	4.81954286e-05
2.46500000e+00	1.34018348e-03	4.81978739e-05
2.47000000e+00	1.33134643e-03	4.74326618e-05
2.47500000e+00	1.31680775e-03	4.66705371e-05
2.48000000e+00	1.31743823e-03	4.70955463e-05
2.48500000e+00	1.30132796e-03	4.65296259e-05
2.49000000e+00	1.29654681e-03	4.69603004e-05
2.49500000e+00	1.29790194e-03	4.61643087e-05
2.50000000e+00	1.29041839e-03	4.60337125e-05
2.50500000e+00	1.29483669e-03	4.64308703e-05
2.51000000e+00	1.27430547e-03	4.59178403e-05
2.51500000e+00	1.26437260e-03	4.57162805e-05
2.52000000e+00	1.25979180e-03	4.50577654e-05
2.52500000e+00	1.24449165e-03	4.48460346e-05
2.53000000e+00	1.24157006e-03	4.50459357e-05
2.53500000e+00	1.23607179e-03	4.55242783e-05
2.54000000e+00	1.21760583e-03	4.40196265e-05
2.54500000e+00	1.20642930e-03	4.38002986e-05
2.55000000e+00	1.21786005e-03	4.44324166e-05
2.55500000e+00	1.20303512e-03	4.42873413e-05
2.56000000e+00	1.20599753e-03	4.46105583e-05
2.56500000e+00	1.19974172e-03	4.39682987e-05
2.57000000e+00	1.17575026e-03	4.32952857e-05
2.57500000e+00	1.18401100e-03	4.36778707e-05
2.58000000e+00	1.18082711e-03	4.42717797e-05
2.58500000e+00	1.16799155e-03	4.35240760e-05
2.59000000e+00	1.17185588e-03	4.34600888e-05
2.59500000e+00	1.14941533e-03	4.29114530e-05
2.60000000e+00	1.14457219e-03	4.29989082e-05
2.60500000e+00	1.16900254e-03	4.48801763e-05
2.61000000e+00	1.16226227e-03	5.08284851e-05
2.61500000e+00	1.15404648e-03	5.57552102e-05
2.62000000e+00	1.12715075e-03	5.99226153e-05
2.62500000e+00	1.11904175e-03	6.44647702e-05
2.63000000e+00	1.10224678e-03	7.01888701e-05
2.63500000e+00	1.11831410e-03	7.90640550e-05
2.64000000e+00	1.11947658e-03	8.70862045e-05
2.64500000e+00	1.08873876e-03	9.03675234e-05
2.65000000e+00	1.10865030e-03	9.74215609e-05
2.65500000e+00	1.11339907e-03	1.05141616e-04
2.66000000e+00	1.10115554e-03	1.12494131e-04
2.66500000e+00	1.11374279e-03	1.26800385e-04
2.67000000e+00	1.04851360e-03	1.29718617e-04
2.67500000e+00	1.06476172e-03	1.53432798e-04
2.68000000e+00	1.07965263e-03	1.80306038e-04
2.68500000e+00	1.01154070e-03	2.24881535e-04
2.69000000e+00	1.07869982e-03	3.87728906e-04
2.69500000e+00	0.00000000e+00	0.00000000e+00
2.70000000e+00	0.00000000e+00	0.00000000e+00
