% Filename : WDL7_00012_00139.h5
% Date & Time : 30-Oct-2025 14:54:28
% X-ray Energy (keV) : 13.30001
% Exposure Time (s) : 0.500
% Photodiode Value : 135597.000
% I0 of Sample : 0
% I0 of Standard : 1
% 
% q(A^-1)   I(q)    I(q)_SE
8.40000000e-01	0.00000000e+00	0.00000000e+00
8.45000000e-01	2.78431711e-03	4.87516073e-04
8.50000000e-01	2.70401472e-03	2.51148010e-04
8.55000000e-01	2.54258437e-03	2.07826237e-04
8.60000000e-01	2.58533508e-03	1.83467070e-04
8.65000000e-01	2.59966363e-03	1.69428629e-04
8.70000000e-01	2.59271111e-03	1.61120879e-04
8.75000000e-01	2.61016726e-03	1.56086355e-04
8.80000000e-01	2.62115996e-03	1.51488401e-04
8.85000000e-01	2.62013918e-03	1.43163294e-04
8.90000000e-01	2.62277993e-03	1.40508973e-04
8.95000000e-01	2.62160474e-03	1.36352051e-04
9.00000000e-01	2.61521482e-03	1.34868028e-04
9.05000000e-01	2.66293240e-03	1.31179217e-04
9.10000000e-01	2.65551400e-03	1.28416771e-04
9.15000000e-01	2.64687927e-03	1.25921953e-04
9.20000000e-01	2.68613111e-03	1.27717424e-04
9.25000000e-01	2.66046654e-03	1.20943185e-04
9.30000000e-01	2.72039557e-03	1.22579909e-04
9.35000000e-01	2.67892001e-03	1.18353739e-04
9.40000000e-01	2.68589935e-03	1.18934629e-04
9.45000000e-01	2.71684855e-03	1.17364760e-04
9.50000000e-01	2.70395629e-03	1.15049760e-04
9.55000000e-01	2.73435997e-03	1.14176631e-04
9.60000000e-01	2.72691597e-03	1.14128105e-04
9.65000000e-01	2.71736482e-03	1.11743519e-04
9.70000000e-01	2.72207603e-03	1.10129163e-04
9.75000000e-01	2.72555823e-03	1.09011364e-04
9.80000000e-01	2.72090031e-03	1.07868552e-04
9.85000000e-01	2.71664966e-03	1.07820985e-04
9.90000000e-01	2.74399405e-03	1.05668081e-04
9.95000000e-01	2.72274869e-03	1.04343921e-04
1.00000000e+00	2.72490213e-03	1.03948597e-04
1.00500000e+00	2.72416603e-03	1.03989148e-04
1.01000000e+00	2.73227824e-03	1.02067348e-04
1.01500000e+00	2.75376233e-03	1.01852457e-04
1.02000000e+00	2.74848586e-03	1.01619544e-04
1.02500000e+00	2.72325133e-03	9.94736473e-05
1.03000000e+00	2.71212411e-03	9.88558869e-05
1.03500000e+00	2.73668617e-03	9.82021394e-05
1.04000000e+00	2.72371354e-03	9.72174978e-05
1.04500000e+00	2.70950645e-03	9.68305020e-05
1.05000000e+00	2.68001991e-03	9.51417512e-05
1.05500000e+00	2.70439356e-03	9.43916251e-05
1.06000000e+00	2.67036258e-03	9.31505795e-05
1.06500000e+00	2.71660493e-03	9.46351075e-05
1.07000000e+00	2.72624873e-03	9.49139084e-05
1.07500000e+00	2.72955473e-03	9.43512868e-05
1.08000000e+00	2.73045189e-03	9.39028012e-05
1.08500000e+00	2.73443303e-03	9.40819197e-05
1.09000000e+00	2.72672366e-03	9.41917957e-05
1.09500000e+00	2.74366288e-03	9.30632507e-05
1.10000000e+00	2.74947913e-03	9.39026662e-05
1.10500000e+00	2.75491728e-03	9.42489222e-05
1.11000000e+00	2.75595794e-03	9.43977901e-05
1.11500000e+00	2.77026968e-03	9.42892206e-05
1.12000000e+00	2.77336373e-03	9.46598087e-05
1.12500000e+00	2.76883285e-03	9.43330992e-05
1.13000000e+00	2.78223943e-03	9.58896976e-05
1.13500000e+00	2.81083812e-03	9.56722153e-05
1.14000000e+00	2.81068339e-03	9.55504697e-05
1.14500000e+00	2.82947597e-03	9.69038214e-05
1.15000000e+00	2.80551047e-03	9.66886862e-05
1.15500000e+00	2.82638773e-03	9.63450979e-05
1.16000000e+00	2.82303861e-03	9.65357068e-05
1.16500000e+00	2.84813528e-03	9.72371928e-05
1.17000000e+00	2.83794460e-03	9.82039988e-05
1.17500000e+00	2.86363322e-03	9.75155442e-05
1.18000000e+00	2.84946313e-03	9.75458701e-05
1.18500000e+00	2.87477947e-03	9.82428487e-05
1.19000000e+00	2.84262203e-03	9.81629743e-05
1.19500000e+00	2.86787839e-03	9.78513541e-05
1.20000000e+00	2.87285477e-03	9.85824833e-05
1.20500000e+00	2.87496420e-03	9.84983797e-05
1.21000000e+00	2.88232749e-03	9.99248996e-05
1.21500000e+00	2.90108563e-03	9.90573799e-05
1.22000000e+00	2.87948611e-03	9.84267486e-05
1.22500000e+00	2.89771162e-03	9.94693136e-05
1.23000000e+00	2.89000442e-03	9.99186702e-05
1.23500000e+00	2.88562623e-03	9.91299593e-05
1.24000000e+00	2.89043854e-03	9.88339634e-05
1.24500000e+00	2.89102004e-03	9.96499963e-05
1.25000000e+00	2.88553175e-03	1.00009874e-04
1.25500000e+00	2.90690402e-03	9.95086876e-05
1.26000000e+00	2.90505019e-03	1.00098349e-04
1.26500000e+00	2.90679935e-03	9.97552620e-05
1.27000000e+00	2.86915382e-03	9.99761624e-05
1.27500000e+00	2.90844943e-03	1.00232328e-04
1.28000000e+00	2.89365747e-03	9.90786104e-05
1.28500000e+00	2.90233931e-03	1.00079677e-04
1.29000000e+00	2.90083620e-03	1.00707027e-04
1.29500000e+00	2.91584460e-03	1.00285967e-04
1.30000000e+00	2.90348793e-03	9.96356013e-05
1.30500000e+00	2.91424082e-03	1.00452108e-04
1.31000000e+00	2.88560206e-03	1.00686293e-04
1.31500000e+00	2.92032639e-03	1.00561827e-04
1.32000000e+00	2.93490788e-03	1.00946543e-04
1.32500000e+00	2.89589852e-03	1.00039999e-04
1.33000000e+00	2.91528948e-03	1.01787428e-04
1.33500000e+00	2.91314838e-03	1.00318881e-04
1.34000000e+00	2.93839637e-03	1.01270200e-04
1.34500000e+00	2.89793728e-03	1.00280872e-04
1.35000000e+00	2.89944348e-03	1.01337594e-04
1.35500000e+00	2.92132007e-03	1.00648731e-04
1.36000000e+00	2.91607285e-03	1.00279858e-04
1.36500000e+00	2.91081567e-03	1.00485468e-04
1.37000000e+00	2.91463302e-03	1.02089184e-04
1.37500000e+00	2.89658577e-03	9.98708247e-05
1.38000000e+00	2.91698967e-03	1.00835797e-04
1.38500000e+00	2.90483226e-03	1.00859931e-04
1.39000000e+00	2.89752982e-03	1.01349021e-04
1.39500000e+00	2.90273584e-03	1.00068623e-04
1.40000000e+00	2.91938689e-03	1.03614561e-04
1.40500000e+00	2.87045637e-03	1.09695124e-04
1.41000000e+00	2.85607874e-03	1.14386658e-04
1.41500000e+00	2.84859531e-03	1.18276011e-04
1.42000000e+00	2.83994981e-03	1.22573848e-04
1.42500000e+00	2.81022196e-03	1.24911262e-04
1.43000000e+00	2.79057908e-03	1.28694803e-04
1.43500000e+00	2.78146583e-03	1.32183718e-04
1.44000000e+00	2.77026328e-03	1.36768026e-04
1.44500000e+00	2.76560440e-03	1.40162755e-04
1.45000000e+00	2.83933275e-03	1.39167558e-04
1.45500000e+00	2.82548149e-03	1.24403891e-04
1.46000000e+00	2.87895502e-03	1.23796554e-04
1.46500000e+00	2.86694647e-03	1.20936099e-04
1.47000000e+00	2.83593499e-03	1.19559582e-04
1.47500000e+00	2.86208655e-03	1.16995644e-04
1.48000000e+00	2.84859506e-03	1.15301827e-04
1.48500000e+00	2.85592047e-03	1.15602348e-04
1.49000000e+00	2.83248361e-03	1.14934788e-04
1.49500000e+00	2.86630913e-03	1.13701784e-04
1.50000000e+00	2.86446586e-03	1.13290806e-04
1.50500000e+00	2.83625113e-03	1.12719513e-04
1.51000000e+00	2.85684500e-03	1.13914297e-04
1.51500000e+00	2.85160413e-03	1.11829292e-04
1.52000000e+00	2.86344549e-03	1.11855150e-04
1.52500000e+00	2.88743376e-03	1.12688884e-04
1.53000000e+00	2.85718094e-03	1.12149351e-04
1.53500000e+00	2.84234100e-03	1.08444377e-04
1.54000000e+00	2.84507821e-03	1.08305969e-04
1.54500000e+00	2.82578907e-03	1.07397091e-04
1.55000000e+00	2.84273182e-03	1.07744720e-04
1.55500000e+00	2.79449922e-03	1.03515006e-04
1.56000000e+00	2.79609880e-03	1.03796564e-04
1.56500000e+00	2.78514741e-03	1.02867603e-04
1.57000000e+00	2.78504764e-03	1.02089366e-04
1.57500000e+00	2.75548036e-03	9.91628426e-05
1.58000000e+00	2.77156191e-03	9.95845356e-05
1.58500000e+00	2.75488157e-03	9.89707818e-05
1.59000000e+00	2.74000646e-03	9.84717926e-05
1.59500000e+00	2.72714927e-03	9.61348998e-05
1.60000000e+00	2.74020140e-03	9.65186147e-05
1.60500000e+00	2.73341359e-03	9.64004994e-05
1.61000000e+00	2.71549263e-03	9.53660813e-05
1.61500000e+00	2.71227536e-03	9.43910802e-05
1.62000000e+00	2.72862099e-03	9.52868137e-05
1.62500000e+00	2.70667509e-03	9.56420469e-05
1.63000000e+00	2.68957074e-03	9.40989235e-05
1.63500000e+00	2.69934984e-03	9.44166425e-05
1.64000000e+00	2.67875247e-03	9.37142610e-05
1.64500000e+00	2.67593716e-03	9.47061673e-05
1.65000000e+00	2.66032443e-03	9.30413073e-05
1.65500000e+00	2.65425052e-03	9.27598431e-05
1.66000000e+00	2.68192882e-03	9.37843307e-05
1.66500000e+00	2.62487313e-03	9.33289781e-05
1.67000000e+00	2.65356553e-03	9.24280208e-05
1.67500000e+00	2.65817906e-03	9.28822647e-05
1.68000000e+00	2.65579810e-03	9.29510639e-05
1.68500000e+00	2.62783702e-03	9.36063270e-05
1.69000000e+00	2.63533392e-03	9.20527976e-05
1.69500000e+00	2.61139798e-03	9.10412557e-05
1.70000000e+00	2.64089124e-03	9.31980338e-05
1.70500000e+00	2.61124471e-03	9.25016962e-05
1.71000000e+00	2.62095388e-03	9.16231194e-05
1.71500000e+00	2.60242589e-03	9.09217058e-05
1.72000000e+00	2.60957708e-03	9.18991294e-05
1.72500000e+00	2.56761377e-03	9.09745447e-05
1.73000000e+00	2.59510055e-03	9.07008039e-05
1.73500000e+00	2.58004333e-03	9.04553169e-05
1.74000000e+00	2.57139189e-03	9.03225332e-05
1.74500000e+00	2.56218996e-03	9.11486497e-05
1.75000000e+00	2.54614820e-03	8.87997436e-05
1.75500000e+00	2.54070699e-03	8.92397279e-05
1.76000000e+00	2.54935323e-03	8.94424450e-05
1.76500000e+00	2.55127466e-03	9.06208603e-05
1.77000000e+00	2.52988845e-03	8.84325732e-05
1.77500000e+00	2.52178661e-03	8.83494534e-05
1.78000000e+00	2.51747430e-03	8.85582633e-05
1.78500000e+00	2.48368063e-03	8.82616379e-05
1.79000000e+00	2.49439506e-03	8.70706869e-05
1.79500000e+00	2.49378496e-03	8.73883065e-05
1.80000000e+00	2.50070846e-03	8.81381789e-05
1.80500000e+00	2.47671501e-03	8.78093804e-05
1.81000000e+00	2.47248924e-03	8.64206836e-05
1.81500000e+00	2.44893344e-03	8.55688252e-05
1.82000000e+00	2.45252681e-03	8.63796916e-05
1.82500000e+00	2.45850876e-03	8.70943174e-05
1.83000000e+00	2.44413093e-03	8.54351359e-05
1.83500000e+00	2.43650304e-03	8.53278312e-05
1.84000000e+00	2.44960467e-03	8.63442453e-05
1.84500000e+00	2.42460755e-03	8.59069291e-05
1.85000000e+00	2.43063729e-03	8.51084609e-05
1.85500000e+00	2.39658118e-03	8.39960352e-05
1.86000000e+00	2.41002749e-03	8.50387321e-05
1.86500000e+00	2.39215575e-03	8.45884858e-05
1.87000000e+00	2.38404712e-03	8.34153591e-05
1.87500000e+00	2.39647525e-03	8.40668324e-05
1.88000000e+00	2.38069147e-03	8.38899162e-05
1.88500000e+00	2.37190457e-03	8.41511193e-05
1.89000000e+00	2.37554369e-03	8.31149711e-05
1.89500000e+00	2.36138479e-03	8.31054840e-05
1.90000000e+00	2.32937368e-03	8.21933278e-05
1.90500000e+00	2.34444822e-03	8.27817088e-05
1.91000000e+00	2.34993250e-03	8.24184031e-05
1.91500000e+00	2.30834890e-03	8.09801853e-05
1.92000000e+00	2.32445525e-03	8.20288487e-05
1.92500000e+00	2.31088994e-03	8.16263727e-05
1.93000000e+00	2.30598400e-03	8.06675807e-05
1.93500000e+00	2.30328349e-03	8.07636605e-05
1.94000000e+00	2.28933383e-03	8.10917463e-05
1.94500000e+00	2.28200804e-03	8.04393879e-05
1.95000000e+00	2.29779902e-03	8.03684641e-05
1.95500000e+00	2.26097965e-03	7.93535099e-05
1.96000000e+00	2.27741111e-03	8.04405928e-05
1.96500000e+00	2.25677177e-03	7.97735185e-05
1.97000000e+00	2.24692514e-03	7.84621407e-05
1.97500000e+00	2.22857715e-03	7.83063657e-05
1.98000000e+00	2.23954629e-03	7.91593688e-05
1.98500000e+00	2.25383498e-03	7.96979691e-05
1.99000000e+00	2.21078015e-03	7.72842493e-05
1.99500000e+00	2.20819561e-03	7.74729908e-05
2.00000000e+00	2.20895700e-03	7.79758319e-05
2.00500000e+00	2.21340608e-03	7.83788422e-05
2.01000000e+00	2.19963083e-03	8.54517301e-05
2.01500000e+00	2.18295710e-03	9.01299628e-05
2.02000000e+00	2.16715446e-03	9.54011500e-05
2.02500000e+00	2.15515384e-03	9.85781320e-05
2.03000000e+00	2.14280664e-03	1.03828700e-04
2.03500000e+00	2.13182511e-03	1.07909692e-04
2.04000000e+00	2.08198868e-03	1.10175368e-04
2.04500000e+00	2.05590363e-03	1.14438362e-04
2.05000000e+00	2.07669360e-03	1.21477313e-04
2.05500000e+00	2.08967235e-03	1.19555764e-04
2.06000000e+00	2.12762706e-03	1.06016852e-04
2.06500000e+00	2.10955451e-03	1.00401265e-04
2.07000000e+00	2.07772255e-03	9.35732282e-05
2.07500000e+00	2.06686302e-03	9.10335531e-05
2.08000000e+00	2.07724122e-03	9.12440490e-05
2.08500000e+00	2.07776627e-03	9.04581075e-05
2.09000000e+00	2.08732007e-03	8.82531561e-05
2.09500000e+00	2.07698095e-03	8.68707329e-05
2.10000000e+00	2.08580836e-03	8.66935343e-05
2.10500000e+00	2.05574268e-03	8.50343324e-05
2.11000000e+00	2.05879502e-03	8.20506746e-05
2.11500000e+00	2.04543523e-03	8.07719439e-05
2.12000000e+00	2.03737188e-03	8.00111129e-05
2.12500000e+00	2.02815885e-03	7.94772618e-05
2.13000000e+00	2.00437626e-03	7.52581334e-05
2.13500000e+00	1.99435998e-03	7.40842153e-05
2.14000000e+00	1.97616821e-03	7.27425042e-05
2.14500000e+00	1.95399664e-03	7.20073938e-05
2.15000000e+00	1.94737425e-03	6.95087358e-05
2.15500000e+00	1.94048185e-03	6.93455932e-05
2.16000000e+00	1.93003279e-03	6.86606422e-05
2.16500000e+00	1.92119254e-03	6.88498106e-05
2.17000000e+00	1.93108568e-03	6.74946272e-05
2.17500000e+00	1.91363555e-03	6.69937127e-05
2.18000000e+00	1.90698849e-03	6.69835539e-05
2.18500000e+00	1.90789127e-03	6.74449613e-05
2.19000000e+00	1.87279536e-03	6.59580503e-05
2.19500000e+00	1.87953394e-03	6.58570115e-05
2.20000000e+00	1.86562843e-03	6.54731867e-05
2.20500000e+00	1.86159454e-03	6.55170025e-05
2.21000000e+00	1.83730110e-03	6.50597159e-05
2.21500000e+00	1.82889157e-03	6.41116168e-05
2.22000000e+00	1.82411768e-03	6.38522404e-05
2.22500000e+00	1.82013862e-03	6.41793238e-05
2.23000000e+00	1.79278527e-03	6.36713290e-05
2.23500000e+00	1.79085670e-03	6.27124715e-05
2.24000000e+00	1.78444879e-03	6.25454421e-05
2.24500000e+00	1.76205519e-03	6.21751633e-05
2.25000000e+00	1.76585049e-03	6.28825614e-05
2.25500000e+00	1.74328303e-03	6.08408821e-05
2.26000000e+00	1.75514717e-03	6.15076816e-05
2.26500000e+00	1.71426504e-03	6.03340622e-05
2.27000000e+00	1.70501280e-03	6.08357404e-05
2.27500000e+00	1.69927146e-03	5.93442865e-05
2.28000000e+00	1.67824323e-03	5.87642560e-05
2.28500000e+00	1.69347182e-03	5.96927655e-05
2.29000000e+00	1.67339394e-03	5.92988780e-05
2.29500000e+00	1.66288129e-03	5.86877439e-05
2.30000000e+00	1.64821781e-03	5.76324336e-05
2.30500000e+00	1.64390857e-03	5.76193357e-05
2.31000000e+00	1.65296936e-03	5.82608850e-05
2.31500000e+00	1.62078925e-03	5.76268026e-05
2.32000000e+00	1.59342428e-03	5.54007183e-05
2.32500000e+00	1.59231011e-03	5.58835902e-05
2.33000000e+00	1.58902737e-03	5.58151151e-05
2.33500000e+00	1.57517325e-03	5.59327416e-05
2.34000000e+00	1.55897540e-03	5.43929454e-05
2.34500000e+00	1.56444748e-03	5.46123755e-05
2.35000000e+00	1.56432905e-03	5.48474260e-05
2.35500000e+00	1.53887535e-03	5.46663809e-05
2.36000000e+00	1.51627155e-03	5.30660035e-05
2.36500000e+00	1.51315932e-03	5.29637808e-05
2.37000000e+00	1.51990948e-03	5.31745663e-05
2.37500000e+00	1.50367978e-03	5.31355013e-05
2.38000000e+00	1.47788349e-03	5.24688850e-05
2.38500000e+00	1.48235742e-03	5.18396091e-05
2.39000000e+00	1.47178805e-03	5.15741453e-05
2.39500000e+00	1.45314141e-03	5.13113572e-05
2.40000000e+00	1.46563124e-03	5.24678183e-05
2.40500000e+00	1.44474849e-03	5.06895150e-05
2.41000000e+00	1.44770029e-03	5.09648907e-05
2.41500000e+00	1.41729077e-03	4.98398451e-05
2.42000000e+00	1.42173671e-03	5.06629131e-05
2.42500000e+00	1.42480402e-03	5.07308183e-05
2.43000000e+00	1.40715181e-03	4.97020430e-05
2.43500000e+00	1.39443798e-03	4.94076169e-05
2.44000000e+00	1.38017739e-03	4.89657748e-05
2.44500000e+00	1.38055336e-03	4.96025941e-05
2.45000000e+00	1.37109498e-03	4.83862863e-05
2.45500000e+00	1.35792628e-03	4.80940495e-05
2.46000000e+00	1.36204996e-03	4.84004370e-05
2.46500000e+00	1.34449537e-03	4.84431747e-05
2.47000000e+00	1.33020919e-03	4.74357190e-05
2.47500000e+00	1.31987600e-03	4.67655564e-05
2.48000000e+00	1.32872222e-03	4.75571847e-05
2.48500000e+00	1.31073484e-03	4.68746129e-05
2.49000000e+00	1.29615176e-03	4.70377155e-05
2.49500000e+00	1.28880885e-03	4.58422715e-05
2.50000000e+00	1.29570618e-03	4.61680815e-05
2.50500000e+00	1.27643500e-03	4.57404704e-05
2.51000000e+00	1.26764104e-03	4.58028785e-05
2.51500000e+00	1.25720225e-03	4.54204329e-05
2.52000000e+00	1.26700059e-03	4.55390390e-05
2.52500000e+00	1.26246744e-03	4.55295903e-05
2.53000000e+00	1.25308655e-03	4.55296402e-05
2.53500000e+00	1.23201696e-03	4.53127623e-05
2.54000000e+00	1.22846569e-03	4.44642767e-05
2.54500000e+00	1.22092981e-03	4.44047462e-05
2.55000000e+00	1.21297861e-03	4.42573121e-05
2.55500000e+00	1.20961116e-03	4.44949509e-05
2.56000000e+00	1.19265567e-03	4.40820533e-05
2.56500000e+00	1.19980800e-03	4.39518855e-05
2.57000000e+00	1.17748384e-03	4.33640316e-05
2.57500000e+00	1.18680816e-03	4.39138246e-05
2.58000000e+00	1.17619072e-03	4.41589224e-05
2.58500000e+00	1.16881505e-03	4.35521701e-05
2.59000000e+00	1.15685831e-03	4.29640649e-05
2.59500000e+00	1.16601747e-03	4.34378461e-05
2.60000000e+00	1.15410498e-03	4.33212736e-05
2.60500000e+00	1.15515817e-03	4.43767544e-05
2.61000000e+00	1.14813926e-03	5.03424224e-05
2.61500000e+00	1.13181548e-03	5.47741707e-05
2.62000000e+00	1.14975351e-03	6.11668324e-05
2.62500000e+00	1.13837717e-03	6.54397616e-05
2.63000000e+00	1.11434747e-03	7.08341279e-05
2.63500000e+00	1.13211715e-03	7.98227894e-05
2.64000000e+00	1.11240967e-03	8.62503617e-05
2.64500000e+00	1.12109402e-03	9.31056117e-05
2.65000000e+00	1.09166073e-03	9.61957471e-05
2.65500000e+00	1.06849043e-03	1.00859535e-04
2.66000000e+00	1.11517406e-03	1.13479970e-04
2.66500000e+00	1.10689397e-03	1.26145289e-04
2.67000000e+00	1.09790329e-03	1.35881946e-04
2.67500000e+00	1.06275580e-03	1.52866554e-04
2.68000000e+00	1.04159828e-03	1.74618434e-04
2.68500000e+00	1.02215619e-03	2.26625231e-04
2.69000000e+00	1.15506667e-03	4.26397218e-04
2.69500000e+00	0.00000000e+00	0.00000000e+00
2.70000000e+00	0.00000000e+00	0.00000000e+00
