% Filename : WDL7c_00026_00014.h5
% Date & Time : 30-Oct-2025 17:01:39
% X-ray Energy (keV) : 13.30001
% Exposure Time (s) : 0.500
% Photodiode Value : 140585.000
% I0 of Sample : 0
% I0 of Standard : 1
% 
% q(A^-1)   I(q)    I(q)_SE
8.40000000e-01	0.00000000e+00	0.00000000e+00
8.45000000e-01	3.11128035e-03	5.45232846e-04
8.50000000e-01	2.90181020e-03	2.68782953e-04
8.55000000e-01	2.87342829e-03	2.35157508e-04
8.60000000e-01	2.82081932e-03	1.99150844e-04
8.65000000e-01	2.86803394e-03	1.86867380e-04
8.70000000e-01	2.90457056e-03	1.80514931e-04
8.75000000e-01	2.86620540e-03	1.71266586e-04
8.80000000e-01	2.85052563e-03	1.64617715e-04
8.85000000e-01	2.90143825e-03	1.58448720e-04
8.90000000e-01	2.89888880e-03	1.54937323e-04
8.95000000e-01	2.92319025e-03	1.51742902e-04
9.00000000e-01	2.91300048e-03	1.50005846e-04
9.05000000e-01	2.92985303e-03	1.44034071e-04
9.10000000e-01	2.91890464e-03	1.41106377e-04
9.15000000e-01	2.95660412e-03	1.40606253e-04
9.20000000e-01	2.94923729e-03	1.39868300e-04
9.25000000e-01	2.95599557e-03	1.34237349e-04
9.30000000e-01	2.96849879e-03	1.33484854e-04
9.35000000e-01	2.97845558e-03	1.31282885e-04
9.40000000e-01	3.00181351e-03	1.32774976e-04
9.45000000e-01	2.97475906e-03	1.28290151e-04
9.50000000e-01	3.01875425e-03	1.28428434e-04
9.55000000e-01	2.98598458e-03	1.24713169e-04
9.60000000e-01	3.00763180e-03	1.25717165e-04
9.65000000e-01	3.01139618e-03	1.23649372e-04
9.70000000e-01	3.03671820e-03	1.22677824e-04
9.75000000e-01	3.02011734e-03	1.20743106e-04
9.80000000e-01	3.05578986e-03	1.21081734e-04
9.85000000e-01	3.05135898e-03	1.20925446e-04
9.90000000e-01	3.05205418e-03	1.17450204e-04
9.95000000e-01	3.05512057e-03	1.16847880e-04
1.00000000e+00	3.05526712e-03	1.16341973e-04
1.00500000e+00	3.06735209e-03	1.16806334e-04
1.01000000e+00	3.07757071e-03	1.14787067e-04
1.01500000e+00	3.07582832e-03	1.13533806e-04
1.02000000e+00	3.08475104e-03	1.13876937e-04
1.02500000e+00	3.06182205e-03	1.11658535e-04
1.03000000e+00	3.06063854e-03	1.11142486e-04
1.03500000e+00	3.06571367e-03	1.09851566e-04
1.04000000e+00	3.06218218e-03	1.08950406e-04
1.04500000e+00	3.04370719e-03	1.08305966e-04
1.05000000e+00	3.05703143e-03	1.08040928e-04
1.05500000e+00	3.03677178e-03	1.05705427e-04
1.06000000e+00	3.05899794e-03	1.06103739e-04
1.06500000e+00	3.05230142e-03	1.06055443e-04
1.07000000e+00	3.07015274e-03	1.06490670e-04
1.07500000e+00	3.08842754e-03	1.06323840e-04
1.08000000e+00	3.09703329e-03	1.06049758e-04
1.08500000e+00	3.08194904e-03	1.05671148e-04
1.09000000e+00	3.09699396e-03	1.06666650e-04
1.09500000e+00	3.12149171e-03	1.05372252e-04
1.10000000e+00	3.12593710e-03	1.06337641e-04
1.10500000e+00	3.12425029e-03	1.06465580e-04
1.11000000e+00	3.13942538e-03	1.07204602e-04
1.11500000e+00	3.17329029e-03	1.07555464e-04
1.12000000e+00	3.16661863e-03	1.07831797e-04
1.12500000e+00	3.18822906e-03	1.08313273e-04
1.13000000e+00	3.16178220e-03	1.08534354e-04
1.13500000e+00	3.20560543e-03	1.08842355e-04
1.14000000e+00	3.21271006e-03	1.08771061e-04
1.14500000e+00	3.22324017e-03	1.10202078e-04
1.15000000e+00	3.22860832e-03	1.10891540e-04
1.15500000e+00	3.22172821e-03	1.09475268e-04
1.16000000e+00	3.25105910e-03	1.10822262e-04
1.16500000e+00	3.22994342e-03	1.09958793e-04
1.17000000e+00	3.23205652e-03	1.11382415e-04
1.17500000e+00	3.26513565e-03	1.10985847e-04
1.18000000e+00	3.25510501e-03	1.11058992e-04
1.18500000e+00	3.27444098e-03	1.11629036e-04
1.19000000e+00	3.28371214e-03	1.13128697e-04
1.19500000e+00	3.27803686e-03	1.11545253e-04
1.20000000e+00	3.30445400e-03	1.13093128e-04
1.20500000e+00	3.32533051e-03	1.13568970e-04
1.21000000e+00	3.31381991e-03	1.14674658e-04
1.21500000e+00	3.33556878e-03	1.13643867e-04
1.22000000e+00	3.35493070e-03	1.14370505e-04
1.22500000e+00	3.36241845e-03	1.15122130e-04
1.23000000e+00	3.30852436e-03	1.14170082e-04
1.23500000e+00	3.33709690e-03	1.14395507e-04
1.24000000e+00	3.33429309e-03	1.13773402e-04
1.24500000e+00	3.35506749e-03	1.15231473e-04
1.25000000e+00	3.35467906e-03	1.15926591e-04
1.25500000e+00	3.36578936e-03	1.14970181e-04
1.26000000e+00	3.38395064e-03	1.16271251e-04
1.26500000e+00	3.37814148e-03	1.15686167e-04
1.27000000e+00	3.38423867e-03	1.17531748e-04
1.27500000e+00	3.38995585e-03	1.16592758e-04
1.28000000e+00	3.37678351e-03	1.15398418e-04
1.28500000e+00	3.40929610e-03	1.17156853e-04
1.29000000e+00	3.38840143e-03	1.17497661e-04
1.29500000e+00	3.40530048e-03	1.16891918e-04
1.30000000e+00	3.39922930e-03	1.16375945e-04
1.30500000e+00	3.40786875e-03	1.17246399e-04
1.31000000e+00	3.41417071e-03	1.18940024e-04
1.31500000e+00	3.41403602e-03	1.17428121e-04
1.32000000e+00	3.41421024e-03	1.17221707e-04
1.32500000e+00	3.42437326e-03	1.17927023e-04
1.33000000e+00	3.39760507e-03	1.18416332e-04
1.33500000e+00	3.43571789e-03	1.18137183e-04
1.34000000e+00	3.43796062e-03	1.18352512e-04
1.34500000e+00	3.43727391e-03	1.18655551e-04
1.35000000e+00	3.41994537e-03	1.19199893e-04
1.35500000e+00	3.43691772e-03	1.18219032e-04
1.36000000e+00	3.42867514e-03	1.17695507e-04
1.36500000e+00	3.43900229e-03	1.18474339e-04
1.37000000e+00	3.45965185e-03	1.20957389e-04
1.37500000e+00	3.42296250e-03	1.17793305e-04
1.38000000e+00	3.45746579e-03	1.19253163e-04
1.38500000e+00	3.43839259e-03	1.19248781e-04
1.39000000e+00	3.44195136e-03	1.20166750e-04
1.39500000e+00	3.44818734e-03	1.18655791e-04
1.40000000e+00	3.48265313e-03	1.23454764e-04
1.40500000e+00	3.43050424e-03	1.30833607e-04
1.41000000e+00	3.43125629e-03	1.36975261e-04
1.41500000e+00	3.41782580e-03	1.41521894e-04
1.42000000e+00	3.39989857e-03	1.46369132e-04
1.42500000e+00	3.38550128e-03	1.50135085e-04
1.43000000e+00	3.37906835e-03	1.55644055e-04
1.43500000e+00	3.39542364e-03	1.61020598e-04
1.44000000e+00	3.35948165e-03	1.65293010e-04
1.44500000e+00	3.38281479e-03	1.70981132e-04
1.45000000e+00	3.41174870e-03	1.66710582e-04
1.45500000e+00	3.46200312e-03	1.51891310e-04
1.46000000e+00	3.43130679e-03	1.47115544e-04
1.46500000e+00	3.43349345e-03	1.44557614e-04
1.47000000e+00	3.41718703e-03	1.43652693e-04
1.47500000e+00	3.44497739e-03	1.40572425e-04
1.48000000e+00	3.42114765e-03	1.38060172e-04
1.48500000e+00	3.41224825e-03	1.37903368e-04
1.49000000e+00	3.44596532e-03	1.39494592e-04
1.49500000e+00	3.42671093e-03	1.35733733e-04
1.50000000e+00	3.45891520e-03	1.36502970e-04
1.50500000e+00	3.45105111e-03	1.36985064e-04
1.51000000e+00	3.47301408e-03	1.38091451e-04
1.51500000e+00	3.50751831e-03	1.37266027e-04
1.52000000e+00	3.55272982e-03	1.38544884e-04
1.52500000e+00	3.51158945e-03	1.36741636e-04
1.53000000e+00	3.49226150e-03	1.36842599e-04
1.53500000e+00	3.45517512e-03	1.31503854e-04
1.54000000e+00	3.46276708e-03	1.31620509e-04
1.54500000e+00	3.42090229e-03	1.29820480e-04
1.55000000e+00	3.40365408e-03	1.28713169e-04
1.55500000e+00	3.41127522e-03	1.26141950e-04
1.56000000e+00	3.40960061e-03	1.26322427e-04
1.56500000e+00	3.42774546e-03	1.26325852e-04
1.57000000e+00	3.38342932e-03	1.23888967e-04
1.57500000e+00	3.35563075e-03	1.20511130e-04
1.58000000e+00	3.37116032e-03	1.20830957e-04
1.58500000e+00	3.33151697e-03	1.19460053e-04
1.59000000e+00	3.34019880e-03	1.19880187e-04
1.59500000e+00	3.33680733e-03	1.17475304e-04
1.60000000e+00	3.35054004e-03	1.17802691e-04
1.60500000e+00	3.32036116e-03	1.16923986e-04
1.61000000e+00	3.31301910e-03	1.16125801e-04
1.61500000e+00	3.27931986e-03	1.13912843e-04
1.62000000e+00	3.26922968e-03	1.14023447e-04
1.62500000e+00	3.28674115e-03	1.15968437e-04
1.63000000e+00	3.28910765e-03	1.14796394e-04
1.63500000e+00	3.29921737e-03	1.15131864e-04
1.64000000e+00	3.27929161e-03	1.14568535e-04
1.64500000e+00	3.26340985e-03	1.15241739e-04
1.65000000e+00	3.25790938e-03	1.13744491e-04
1.65500000e+00	3.24562418e-03	1.13154853e-04
1.66000000e+00	3.25429246e-03	1.13632379e-04
1.66500000e+00	3.24176505e-03	1.15019402e-04
1.67000000e+00	3.25456589e-03	1.13124067e-04
1.67500000e+00	3.24060613e-03	1.13081570e-04
1.68000000e+00	3.21489875e-03	1.12352390e-04
1.68500000e+00	3.22362619e-03	1.14656038e-04
1.69000000e+00	3.21286857e-03	1.12016860e-04
1.69500000e+00	3.21539169e-03	1.11885220e-04
1.70000000e+00	3.17493247e-03	1.11727983e-04
1.70500000e+00	3.17316735e-03	1.12203673e-04
1.71000000e+00	3.17955503e-03	1.10991662e-04
1.71500000e+00	3.16072648e-03	1.10293356e-04
1.72000000e+00	3.15373791e-03	1.10846927e-04
1.72500000e+00	3.16241599e-03	1.11771712e-04
1.73000000e+00	3.16591569e-03	1.10446588e-04
1.73500000e+00	3.15874622e-03	1.10479629e-04
1.74000000e+00	3.16411130e-03	1.10974169e-04
1.74500000e+00	3.12514981e-03	1.10932697e-04
1.75000000e+00	3.12741420e-03	1.08825855e-04
1.75500000e+00	3.09982439e-03	1.08630819e-04
1.76000000e+00	3.08134009e-03	1.07976921e-04
1.76500000e+00	3.12258745e-03	1.10747968e-04
1.77000000e+00	3.09136524e-03	1.07888789e-04
1.77500000e+00	3.09020139e-03	1.08112473e-04
1.78000000e+00	3.09105480e-03	1.08455724e-04
1.78500000e+00	3.06909911e-03	1.08894781e-04
1.79000000e+00	3.04693710e-03	1.06300458e-04
1.79500000e+00	3.05361800e-03	1.06805819e-04
1.80000000e+00	3.05619570e-03	1.07500140e-04
1.80500000e+00	3.05977529e-03	1.08294584e-04
1.81000000e+00	3.03235970e-03	1.05808035e-04
1.81500000e+00	3.02558511e-03	1.05677157e-04
1.82000000e+00	3.02181100e-03	1.06211502e-04
1.82500000e+00	3.01876117e-03	1.06750391e-04
1.83000000e+00	3.01230711e-03	1.05128156e-04
1.83500000e+00	3.04458900e-03	1.06452351e-04
1.84000000e+00	3.01883808e-03	1.06127431e-04
1.84500000e+00	2.97471588e-03	1.05191645e-04
1.85000000e+00	2.98548995e-03	1.04350183e-04
1.85500000e+00	2.99391306e-03	1.04674635e-04
1.86000000e+00	2.94690128e-03	1.03797963e-04
1.86500000e+00	2.93650843e-03	1.03646376e-04
1.87000000e+00	2.97255642e-03	1.03753576e-04
1.87500000e+00	2.93937618e-03	1.02918199e-04
1.88000000e+00	2.91208400e-03	1.02454028e-04
1.88500000e+00	2.90242882e-03	1.02666201e-04
1.89000000e+00	2.92329589e-03	1.01989540e-04
1.89500000e+00	2.89533117e-03	1.01558262e-04
1.90000000e+00	2.89187398e-03	1.01764702e-04
1.90500000e+00	2.87395489e-03	1.01287984e-04
1.91000000e+00	2.87238145e-03	1.00465005e-04
1.91500000e+00	2.84338002e-03	9.95280223e-05
1.92000000e+00	2.83544838e-03	9.98073332e-05
1.92500000e+00	2.82484668e-03	9.95700832e-05
1.93000000e+00	2.81741953e-03	9.84258076e-05
1.93500000e+00	2.80513191e-03	9.82885896e-05
1.94000000e+00	2.81659992e-03	9.93942628e-05
1.94500000e+00	2.79050390e-03	9.82474591e-05
1.95000000e+00	2.78196422e-03	9.70639595e-05
1.95500000e+00	2.79246316e-03	9.78235918e-05
1.96000000e+00	2.76904736e-03	9.76286282e-05
1.96500000e+00	2.75253842e-03	9.71080330e-05
1.97000000e+00	2.75152330e-03	9.59007529e-05
1.97500000e+00	2.76553681e-03	9.70094896e-05
1.98000000e+00	2.72403744e-03	9.60026238e-05
1.98500000e+00	2.70949110e-03	9.56057804e-05
1.99000000e+00	2.72781885e-03	9.51057188e-05
1.99500000e+00	2.69943898e-03	9.45115280e-05
2.00000000e+00	2.71056510e-03	9.55312283e-05
2.00500000e+00	2.71319489e-03	9.58713139e-05
2.01000000e+00	2.68925923e-03	1.04285701e-04
2.01500000e+00	2.68631758e-03	1.10587371e-04
2.02000000e+00	2.68531995e-03	1.17797353e-04
2.02500000e+00	2.64219936e-03	1.20563393e-04
2.03000000e+00	2.61239633e-03	1.26135262e-04
2.03500000e+00	2.59428358e-03	1.30921305e-04
2.04000000e+00	2.62014924e-03	1.38284112e-04
2.04500000e+00	2.54636473e-03	1.41265036e-04
2.05000000e+00	2.58082655e-03	1.50366494e-04
2.05500000e+00	2.60947744e-03	1.49139725e-04
2.06000000e+00	2.63575432e-03	1.30883832e-04
2.06500000e+00	2.58730863e-03	1.22847350e-04
2.07000000e+00	2.57595259e-03	1.15804055e-04
2.07500000e+00	2.57296749e-03	1.12941390e-04
2.08000000e+00	2.57631300e-03	1.12931677e-04
2.08500000e+00	2.56206520e-03	1.11392900e-04
2.09000000e+00	2.57796406e-03	1.08728692e-04
2.09500000e+00	2.56115326e-03	1.06987647e-04
2.10000000e+00	2.55521360e-03	1.05923343e-04
2.10500000e+00	2.53199887e-03	1.04629539e-04
2.11000000e+00	2.51299429e-03	1.00010357e-04
2.11500000e+00	2.50166260e-03	9.86303912e-05
2.12000000e+00	2.51231932e-03	9.85536857e-05
2.12500000e+00	2.48422027e-03	9.71285460e-05
2.13000000e+00	2.45475440e-03	9.20567843e-05
2.13500000e+00	2.45777925e-03	9.10645411e-05
2.14000000e+00	2.42797836e-03	8.90592201e-05
2.14500000e+00	2.41782490e-03	8.89784514e-05
2.15000000e+00	2.41341744e-03	8.58859611e-05
2.15500000e+00	2.41009863e-03	8.59274375e-05
2.16000000e+00	2.37838288e-03	8.43736202e-05
2.16500000e+00	2.37830573e-03	8.49183753e-05
2.17000000e+00	2.35962283e-03	8.21617182e-05
2.17500000e+00	2.36880838e-03	8.28326854e-05
2.18000000e+00	2.35931245e-03	8.27529691e-05
2.18500000e+00	2.35635727e-03	8.30266203e-05
2.19000000e+00	2.30334103e-03	8.09275198e-05
2.19500000e+00	2.31191183e-03	8.07871284e-05
2.20000000e+00	2.30893560e-03	8.08717394e-05
2.20500000e+00	2.26526088e-03	7.95466265e-05
2.21000000e+00	2.28627940e-03	8.06592015e-05
2.21500000e+00	2.27488995e-03	7.94220414e-05
2.22000000e+00	2.26535900e-03	7.89786756e-05
2.22500000e+00	2.24285748e-03	7.88756834e-05
2.23000000e+00	2.26025065e-03	7.98866495e-05
2.23500000e+00	2.21817734e-03	7.73926306e-05
2.24000000e+00	2.21957984e-03	7.74695357e-05
2.24500000e+00	2.19934180e-03	7.72891463e-05
2.25000000e+00	2.17494555e-03	7.70983692e-05
2.25500000e+00	2.18406114e-03	7.60017824e-05
2.26000000e+00	2.16045531e-03	7.53950954e-05
2.26500000e+00	2.16277645e-03	7.58076493e-05
2.27000000e+00	2.11043241e-03	7.50801487e-05
2.27500000e+00	2.11374042e-03	7.36095109e-05
2.28000000e+00	2.09907061e-03	7.31018867e-05
2.28500000e+00	2.07888567e-03	7.29286575e-05
2.29000000e+00	2.08337003e-03	7.35124697e-05
2.29500000e+00	2.08191414e-03	7.32335033e-05
2.30000000e+00	2.05360909e-03	7.15505528e-05
2.30500000e+00	2.04882612e-03	7.16053633e-05
2.31000000e+00	2.02949257e-03	7.12834421e-05
2.31500000e+00	2.02830465e-03	7.18389091e-05
2.32000000e+00	2.01018779e-03	6.97916485e-05
2.32500000e+00	1.98307542e-03	6.94538091e-05
2.33000000e+00	1.97451553e-03	6.92174267e-05
2.33500000e+00	1.97707187e-03	7.00259843e-05
2.34000000e+00	1.96685530e-03	6.85329288e-05
2.34500000e+00	1.96314631e-03	6.83788485e-05
2.35000000e+00	1.93872280e-03	6.77953904e-05
2.35500000e+00	1.92723343e-03	6.82256455e-05
2.36000000e+00	1.92316330e-03	6.72220172e-05
2.36500000e+00	1.90649937e-03	6.65206409e-05
2.37000000e+00	1.88652515e-03	6.59016357e-05
2.37500000e+00	1.88708456e-03	6.64620769e-05
2.38000000e+00	1.86369336e-03	6.59795295e-05
2.38500000e+00	1.86457812e-03	6.50891676e-05
2.39000000e+00	1.84974120e-03	6.47237980e-05
2.39500000e+00	1.83830819e-03	6.46337372e-05
2.40000000e+00	1.84652412e-03	6.58183117e-05
2.40500000e+00	1.82539506e-03	6.38117154e-05
2.41000000e+00	1.81932979e-03	6.38798952e-05
2.41500000e+00	1.80904462e-03	6.35178389e-05
2.42000000e+00	1.78824437e-03	6.36641870e-05
2.42500000e+00	1.80194176e-03	6.39925940e-05
2.43000000e+00	1.76932346e-03	6.22511856e-05
2.43500000e+00	1.75687432e-03	6.20533467e-05
2.44000000e+00	1.75119595e-03	6.19924838e-05
2.44500000e+00	1.72230657e-03	6.18639834e-05
2.45000000e+00	1.73530222e-03	6.11102631e-05
2.45500000e+00	1.71548150e-03	6.05799341e-05
2.46000000e+00	1.71459792e-03	6.08226567e-05
2.46500000e+00	1.69937505e-03	6.11271892e-05
2.47000000e+00	1.70564304e-03	6.06864721e-05
2.47500000e+00	1.69526986e-03	5.99280590e-05
2.48000000e+00	1.68466620e-03	6.00928781e-05
2.48500000e+00	1.67503893e-03	5.96719545e-05
2.49000000e+00	1.65603327e-03	5.99273329e-05
2.49500000e+00	1.65871722e-03	5.88012462e-05
2.50000000e+00	1.64398269e-03	5.84565001e-05
2.50500000e+00	1.63594844e-03	5.86110998e-05
2.51000000e+00	1.62301290e-03	5.84597671e-05
2.51500000e+00	1.62945294e-03	5.88221422e-05
2.52000000e+00	1.60978488e-03	5.75948427e-05
2.52500000e+00	1.60834594e-03	5.78642235e-05
2.53000000e+00	1.58390159e-03	5.74942264e-05
2.53500000e+00	1.58558169e-03	5.82074731e-05
2.54000000e+00	1.58535247e-03	5.71841129e-05
2.54500000e+00	1.58397515e-03	5.74540314e-05
2.55000000e+00	1.55976178e-03	5.67690980e-05
2.55500000e+00	1.55921156e-03	5.72494029e-05
2.56000000e+00	1.56109142e-03	5.76292090e-05
2.56500000e+00	1.52051788e-03	5.55806614e-05
2.57000000e+00	1.52581164e-03	5.61304571e-05
2.57500000e+00	1.52801499e-03	5.63054290e-05
2.58000000e+00	1.52455211e-03	5.72042911e-05
2.58500000e+00	1.50699823e-03	5.60535621e-05
2.59000000e+00	1.50668505e-03	5.56804394e-05
2.59500000e+00	1.49150796e-03	5.54780670e-05
2.60000000e+00	1.49176571e-03	5.58966720e-05
2.60500000e+00	1.49319988e-03	5.72452410e-05
2.61000000e+00	1.51089567e-03	6.59431365e-05
2.61500000e+00	1.47359890e-03	7.11349746e-05
2.62000000e+00	1.45554574e-03	7.74161720e-05
2.62500000e+00	1.44081679e-03	8.31075228e-05
2.63000000e+00	1.42773124e-03	9.08591206e-05
2.63500000e+00	1.45456794e-03	1.02388539e-04
2.64000000e+00	1.46002604e-03	1.13029504e-04
2.64500000e+00	1.48155825e-03	1.22680296e-04
2.65000000e+00	1.47150738e-03	1.28654396e-04
2.65500000e+00	1.43990085e-03	1.35400106e-04
2.66000000e+00	1.46135789e-03	1.47262203e-04
2.66500000e+00	1.45485830e-03	1.64454759e-04
2.67000000e+00	1.42294859e-03	1.75162400e-04
2.67500000e+00	1.35769322e-03	1.95301987e-04
2.68000000e+00	1.36231727e-03	2.27071253e-04
2.68500000e+00	1.42527777e-03	3.15111481e-04
2.69000000e+00	1.66109413e-03	5.91522021e-04
2.69500000e+00	0.00000000e+00	0.00000000e+00
2.70000000e+00	0.00000000e+00	0.00000000e+00
