% Filename : WDL7_00012_00142.h5
% Date & Time : 30-Oct-2025 14:54:38
% X-ray Energy (keV) : 13.30001
% Exposure Time (s) : 0.500
% Photodiode Value : 135523.000
% I0 of Sample : 0
% I0 of Standard : 1
% 
% q(A^-1)   I(q)    I(q)_SE
8.40000000e-01	0.00000000e+00	0.00000000e+00
8.45000000e-01	2.78835173e-03	4.90410042e-04
8.50000000e-01	2.66925147e-03	2.47912662e-04
8.55000000e-01	2.53744384e-03	2.07750951e-04
8.60000000e-01	2.56814934e-03	1.81849299e-04
8.65000000e-01	2.54934593e-03	1.66449794e-04
8.70000000e-01	2.55622076e-03	1.58903808e-04
8.75000000e-01	2.57070153e-03	1.53693285e-04
8.80000000e-01	2.55269648e-03	1.47601588e-04
8.85000000e-01	2.60970586e-03	1.42785562e-04
8.90000000e-01	2.56706428e-03	1.37275991e-04
8.95000000e-01	2.60039586e-03	1.35148329e-04
9.00000000e-01	2.58024369e-03	1.32912471e-04
9.05000000e-01	2.60434087e-03	1.28427101e-04
9.10000000e-01	2.60811013e-03	1.26209618e-04
9.15000000e-01	2.62986916e-03	1.25249994e-04
9.20000000e-01	2.64383863e-03	1.25733877e-04
9.25000000e-01	2.64018766e-03	1.20026332e-04
9.30000000e-01	2.61160447e-03	1.17668297e-04
9.35000000e-01	2.64586879e-03	1.16897089e-04
9.40000000e-01	2.62433986e-03	1.16280983e-04
9.45000000e-01	2.66695908e-03	1.15213708e-04
9.50000000e-01	2.64274179e-03	1.12684580e-04
9.55000000e-01	2.65566558e-03	1.10892044e-04
9.60000000e-01	2.69299634e-03	1.12677511e-04
9.65000000e-01	2.67780322e-03	1.10105118e-04
9.70000000e-01	2.67872253e-03	1.08423838e-04
9.75000000e-01	2.69551632e-03	1.07887997e-04
9.80000000e-01	2.68746998e-03	1.06600918e-04
9.85000000e-01	2.67780709e-03	1.06392533e-04
9.90000000e-01	2.69987386e-03	1.04043494e-04
9.95000000e-01	2.70901539e-03	1.03793273e-04
1.00000000e+00	2.68507211e-03	1.02414868e-04
1.00500000e+00	2.69957023e-03	1.03022278e-04
1.01000000e+00	2.71396673e-03	1.01318642e-04
1.01500000e+00	2.68645264e-03	9.94077179e-05
1.02000000e+00	2.69918804e-03	9.98724443e-05
1.02500000e+00	2.69035754e-03	9.82908924e-05
1.03000000e+00	2.67916658e-03	9.76399877e-05
1.03500000e+00	2.69800923e-03	9.68540808e-05
1.04000000e+00	2.67777211e-03	9.53433326e-05
1.04500000e+00	2.68230265e-03	9.57363297e-05
1.05000000e+00	2.66263501e-03	9.45005096e-05
1.05500000e+00	2.65153995e-03	9.27840142e-05
1.06000000e+00	2.68202875e-03	9.34427076e-05
1.06500000e+00	2.67026486e-03	9.31852224e-05
1.07000000e+00	2.65983675e-03	9.25900696e-05
1.07500000e+00	2.69746193e-03	9.32427375e-05
1.08000000e+00	2.69384507e-03	9.25050688e-05
1.08500000e+00	2.68742383e-03	9.23867974e-05
1.09000000e+00	2.69894934e-03	9.32674089e-05
1.09500000e+00	2.69450739e-03	9.12530014e-05
1.10000000e+00	2.71978903e-03	9.27282657e-05
1.10500000e+00	2.73490845e-03	9.34758033e-05
1.11000000e+00	2.72205566e-03	9.32661853e-05
1.11500000e+00	2.75895555e-03	9.38370219e-05
1.12000000e+00	2.76809739e-03	9.44716376e-05
1.12500000e+00	2.75423772e-03	9.38200621e-05
1.13000000e+00	2.75368325e-03	9.49441818e-05
1.13500000e+00	2.77234148e-03	9.43351710e-05
1.14000000e+00	2.76225055e-03	9.37781697e-05
1.14500000e+00	2.77419365e-03	9.49551225e-05
1.15000000e+00	2.74587706e-03	9.44997270e-05
1.15500000e+00	2.79850307e-03	9.54086975e-05
1.16000000e+00	2.80377414e-03	9.57722686e-05
1.16500000e+00	2.79611348e-03	9.54914131e-05
1.17000000e+00	2.77687561e-03	9.59403244e-05
1.17500000e+00	2.82080409e-03	9.61270337e-05
1.18000000e+00	2.83087777e-03	9.69045402e-05
1.18500000e+00	2.81229252e-03	9.60658200e-05
1.19000000e+00	2.81079824e-03	9.70596837e-05
1.19500000e+00	2.82796128e-03	9.64533788e-05
1.20000000e+00	2.83301564e-03	9.71428299e-05
1.20500000e+00	2.84578736e-03	9.75821853e-05
1.21000000e+00	2.85059228e-03	9.89026580e-05
1.21500000e+00	2.85650093e-03	9.75324770e-05
1.22000000e+00	2.83911901e-03	9.70519917e-05
1.22500000e+00	2.86465300e-03	9.82883887e-05
1.23000000e+00	2.84970155e-03	9.85008753e-05
1.23500000e+00	2.86497632e-03	9.84639341e-05
1.24000000e+00	2.85801287e-03	9.76739736e-05
1.24500000e+00	2.85651491e-03	9.83804019e-05
1.25000000e+00	2.84025006e-03	9.84698433e-05
1.25500000e+00	2.86029409e-03	9.78574985e-05
1.26000000e+00	2.87144780e-03	9.89080308e-05
1.26500000e+00	2.86786597e-03	9.83941424e-05
1.27000000e+00	2.86958874e-03	9.99548008e-05
1.27500000e+00	2.86843202e-03	9.88621122e-05
1.28000000e+00	2.86776363e-03	9.82239801e-05
1.28500000e+00	2.87877687e-03	9.91289313e-05
1.29000000e+00	2.88040103e-03	1.00095433e-04
1.29500000e+00	2.87309252e-03	9.87294901e-05
1.30000000e+00	2.89317375e-03	9.93881109e-05
1.30500000e+00	2.88181647e-03	9.94109624e-05
1.31000000e+00	2.87682351e-03	1.00378288e-04
1.31500000e+00	2.88639010e-03	9.94220861e-05
1.32000000e+00	2.88194278e-03	9.91581084e-05
1.32500000e+00	2.86593271e-03	9.89258786e-05
1.33000000e+00	2.85258984e-03	9.95601823e-05
1.33500000e+00	2.89059274e-03	9.95757187e-05
1.34000000e+00	2.87896978e-03	9.92842648e-05
1.34500000e+00	2.87776623e-03	9.96237153e-05
1.35000000e+00	2.84817189e-03	9.94591080e-05
1.35500000e+00	2.86891140e-03	9.88524258e-05
1.36000000e+00	2.86531463e-03	9.84994678e-05
1.36500000e+00	2.88213554e-03	9.95021026e-05
1.37000000e+00	2.86875112e-03	1.00459808e-04
1.37500000e+00	2.88336650e-03	9.94069279e-05
1.38000000e+00	2.86481751e-03	9.90122366e-05
1.38500000e+00	2.86302931e-03	9.94793514e-05
1.39000000e+00	2.85123880e-03	9.97527237e-05
1.39500000e+00	2.85050012e-03	9.82741399e-05
1.40000000e+00	2.89030803e-03	1.02594867e-04
1.40500000e+00	2.82740912e-03	1.08161551e-04
1.41000000e+00	2.84814221e-03	1.14001316e-04
1.41500000e+00	2.80930590e-03	1.16553968e-04
1.42000000e+00	2.78533311e-03	1.20226857e-04
1.42500000e+00	2.80358257e-03	1.24702290e-04
1.43000000e+00	2.76068213e-03	1.27175030e-04
1.43500000e+00	2.76147292e-03	1.31180116e-04
1.44000000e+00	2.74321673e-03	1.35533409e-04
1.44500000e+00	2.76101786e-03	1.39870958e-04
1.45000000e+00	2.80694499e-03	1.37484495e-04
1.45500000e+00	2.81650892e-03	1.24010305e-04
1.46000000e+00	2.84067184e-03	1.22178269e-04
1.46500000e+00	2.85510201e-03	1.20586232e-04
1.47000000e+00	2.83471815e-03	1.19395086e-04
1.47500000e+00	2.80651055e-03	1.14633975e-04
1.48000000e+00	2.80975743e-03	1.13676101e-04
1.48500000e+00	2.79296952e-03	1.13129910e-04
1.49000000e+00	2.78246229e-03	1.12966299e-04
1.49500000e+00	2.81651347e-03	1.11849563e-04
1.50000000e+00	2.80903325e-03	1.11111039e-04
1.50500000e+00	2.79892092e-03	1.11319650e-04
1.51000000e+00	2.83523615e-03	1.12944643e-04
1.51500000e+00	2.82688817e-03	1.10710517e-04
1.52000000e+00	2.82657704e-03	1.10399913e-04
1.52500000e+00	2.82070443e-03	1.10088075e-04
1.53000000e+00	2.81638573e-03	1.10495187e-04
1.53500000e+00	2.81256467e-03	1.07270475e-04
1.54000000e+00	2.80254915e-03	1.06719279e-04
1.54500000e+00	2.80254136e-03	1.06560048e-04
1.55000000e+00	2.79158401e-03	1.05768804e-04
1.55500000e+00	2.77040955e-03	1.02666964e-04
1.56000000e+00	2.78069751e-03	1.03208306e-04
1.56500000e+00	2.74109846e-03	1.01205835e-04
1.57000000e+00	2.74228098e-03	1.00573935e-04
1.57500000e+00	2.73555260e-03	9.84459402e-05
1.58000000e+00	2.71861868e-03	9.77120765e-05
1.58500000e+00	2.73891390e-03	9.83813474e-05
1.59000000e+00	2.72795357e-03	9.80772053e-05
1.59500000e+00	2.69137615e-03	9.49165524e-05
1.60000000e+00	2.71535395e-03	9.56951857e-05
1.60500000e+00	2.69172596e-03	9.49436789e-05
1.61000000e+00	2.69000211e-03	9.44593964e-05
1.61500000e+00	2.69761247e-03	9.38604048e-05
1.62000000e+00	2.66920322e-03	9.32320284e-05
1.62500000e+00	2.68203747e-03	9.48366600e-05
1.63000000e+00	2.66516087e-03	9.31634135e-05
1.63500000e+00	2.66163676e-03	9.30363915e-05
1.64000000e+00	2.66796191e-03	9.32964364e-05
1.64500000e+00	2.65130542e-03	9.37654762e-05
1.65000000e+00	2.66484014e-03	9.32116105e-05
1.65500000e+00	2.65241505e-03	9.27747788e-05
1.66000000e+00	2.61342982e-03	9.14559991e-05
1.66500000e+00	2.63685236e-03	9.39301468e-05
1.67000000e+00	2.61160223e-03	9.10087888e-05
1.67500000e+00	2.60788686e-03	9.10119519e-05
1.68000000e+00	2.61436620e-03	9.15703523e-05
1.68500000e+00	2.59163896e-03	9.22908092e-05
1.69000000e+00	2.60648402e-03	9.10682302e-05
1.69500000e+00	2.58993954e-03	9.03571644e-05
1.70000000e+00	2.59490387e-03	9.15221789e-05
1.70500000e+00	2.58236933e-03	9.14826436e-05
1.71000000e+00	2.58811394e-03	9.05390690e-05
1.71500000e+00	2.55953369e-03	8.94663709e-05
1.72000000e+00	2.59187553e-03	9.12891492e-05
1.72500000e+00	2.56515307e-03	9.08831340e-05
1.73000000e+00	2.55331353e-03	8.92843547e-05
1.73500000e+00	2.54067100e-03	8.91387388e-05
1.74000000e+00	2.54549371e-03	8.94334863e-05
1.74500000e+00	2.54443905e-03	9.04530617e-05
1.75000000e+00	2.53927148e-03	8.85570081e-05
1.75500000e+00	2.52737218e-03	8.87485917e-05
1.76000000e+00	2.51010411e-03	8.81294174e-05
1.76500000e+00	2.50227110e-03	8.89293149e-05
1.77000000e+00	2.49676838e-03	8.72535022e-05
1.77500000e+00	2.49711873e-03	8.75581745e-05
1.78000000e+00	2.48883787e-03	8.75022500e-05
1.78500000e+00	2.48676724e-03	8.83745666e-05
1.79000000e+00	2.48046044e-03	8.66559451e-05
1.79500000e+00	2.47416385e-03	8.66307859e-05
1.80000000e+00	2.46403882e-03	8.68256444e-05
1.80500000e+00	2.44245193e-03	8.66593692e-05
1.81000000e+00	2.44406698e-03	8.53588276e-05
1.81500000e+00	2.43642159e-03	8.52517282e-05
1.82000000e+00	2.42411289e-03	8.52761928e-05
1.82500000e+00	2.42591853e-03	8.59383499e-05
1.83000000e+00	2.43378277e-03	8.51418383e-05
1.83500000e+00	2.42038422e-03	8.48527688e-05
1.84000000e+00	2.41389637e-03	8.51036790e-05
1.84500000e+00	2.38908560e-03	8.45734744e-05
1.85000000e+00	2.39479000e-03	8.39513499e-05
1.85500000e+00	2.38325274e-03	8.34692188e-05
1.86000000e+00	2.36455264e-03	8.33877910e-05
1.86500000e+00	2.36221903e-03	8.35031922e-05
1.87000000e+00	2.36520893e-03	8.27381531e-05
1.87500000e+00	2.35394084e-03	8.25944750e-05
1.88000000e+00	2.36597639e-03	8.34006171e-05
1.88500000e+00	2.32392370e-03	8.24684346e-05
1.89000000e+00	2.34929788e-03	8.21117276e-05
1.89500000e+00	2.34451055e-03	8.24053302e-05
1.90000000e+00	2.32451780e-03	8.19977695e-05
1.90500000e+00	2.33003922e-03	8.22750513e-05
1.91000000e+00	2.29684295e-03	8.05440956e-05
1.91500000e+00	2.31358833e-03	8.11238420e-05
1.92000000e+00	2.29421634e-03	8.09289406e-05
1.92500000e+00	2.29414687e-03	8.10048101e-05
1.93000000e+00	2.28622135e-03	7.99361863e-05
1.93500000e+00	2.29087703e-03	8.04343227e-05
1.94000000e+00	2.26392239e-03	8.01373452e-05
1.94500000e+00	2.25998752e-03	7.97189879e-05
1.95000000e+00	2.26822056e-03	7.92638941e-05
1.95500000e+00	2.24484177e-03	7.88166520e-05
1.96000000e+00	2.25343269e-03	7.95765808e-05
1.96500000e+00	2.21911153e-03	7.84615942e-05
1.97000000e+00	2.21764710e-03	7.74633876e-05
1.97500000e+00	2.20687569e-03	7.76197250e-05
1.98000000e+00	2.23957001e-03	7.90332284e-05
1.98500000e+00	2.21693943e-03	7.83983265e-05
1.99000000e+00	2.19315632e-03	7.65960656e-05
1.99500000e+00	2.19918097e-03	7.72133846e-05
2.00000000e+00	2.16704188e-03	7.65511843e-05
2.00500000e+00	2.21514963e-03	7.84185382e-05
2.01000000e+00	2.16801294e-03	8.42530043e-05
2.01500000e+00	2.15441940e-03	8.89453743e-05
2.02000000e+00	2.15467400e-03	9.47735150e-05
2.02500000e+00	2.12489117e-03	9.71726877e-05
2.03000000e+00	2.07496667e-03	1.00598794e-04
2.03500000e+00	2.12453565e-03	1.07475253e-04
2.04000000e+00	2.09017486e-03	1.10422233e-04
2.04500000e+00	2.07240251e-03	1.15252754e-04
2.05000000e+00	2.07947791e-03	1.21574182e-04
2.05500000e+00	2.07715148e-03	1.19111836e-04
2.06000000e+00	2.10005353e-03	1.04760568e-04
2.06500000e+00	2.07850977e-03	9.89034786e-05
2.07000000e+00	2.08019673e-03	9.35994801e-05
2.07500000e+00	2.07435167e-03	9.12590220e-05
2.08000000e+00	2.06831316e-03	9.09134329e-05
2.08500000e+00	2.05530113e-03	8.95219561e-05
2.09000000e+00	2.10366267e-03	8.89284839e-05
2.09500000e+00	2.06171897e-03	8.63251499e-05
2.10000000e+00	2.06715441e-03	8.58275943e-05
2.10500000e+00	2.03865563e-03	8.44128658e-05
2.11000000e+00	2.04112174e-03	8.14113271e-05
2.11500000e+00	2.02979532e-03	8.01158836e-05
2.12000000e+00	2.00698533e-03	7.88390810e-05
2.12500000e+00	2.00910030e-03	7.87318237e-05
2.13000000e+00	1.97780571e-03	7.43659248e-05
2.13500000e+00	1.95800235e-03	7.26816097e-05
2.14000000e+00	1.93501051e-03	7.12392346e-05
2.14500000e+00	1.91868178e-03	7.07144072e-05
2.15000000e+00	1.93175434e-03	6.89277231e-05
2.15500000e+00	1.92741158e-03	6.88966864e-05
2.16000000e+00	1.92052004e-03	6.82986748e-05
2.16500000e+00	1.91377656e-03	6.85162380e-05
2.17000000e+00	1.91083523e-03	6.67911494e-05
2.17500000e+00	1.89557756e-03	6.64892379e-05
2.18000000e+00	1.87750269e-03	6.59490195e-05
2.18500000e+00	1.86489535e-03	6.59360709e-05
2.19000000e+00	1.86518299e-03	6.56399675e-05
2.19500000e+00	1.85742741e-03	6.51050708e-05
2.20000000e+00	1.85199381e-03	6.50578747e-05
2.20500000e+00	1.83884997e-03	6.47352741e-05
2.21000000e+00	1.83081058e-03	6.48592916e-05
2.21500000e+00	1.82415541e-03	6.38686142e-05
2.22000000e+00	1.80209773e-03	6.29955649e-05
2.22500000e+00	1.80772005e-03	6.37937762e-05
2.23000000e+00	1.77468176e-03	6.30528787e-05
2.23500000e+00	1.76401147e-03	6.17712761e-05
2.24000000e+00	1.76546447e-03	6.17962690e-05
2.24500000e+00	1.75685562e-03	6.19196381e-05
2.25000000e+00	1.73929343e-03	6.18901709e-05
2.25500000e+00	1.73483291e-03	6.06224893e-05
2.26000000e+00	1.70753980e-03	5.98511372e-05
2.26500000e+00	1.70267632e-03	5.98272966e-05
2.27000000e+00	1.71351711e-03	6.11180261e-05
2.27500000e+00	1.69873805e-03	5.92938958e-05
2.28000000e+00	1.67742893e-03	5.87007609e-05
2.28500000e+00	1.66740044e-03	5.86461080e-05
2.29000000e+00	1.65769420e-03	5.86906542e-05
2.29500000e+00	1.63932769e-03	5.78779997e-05
2.30000000e+00	1.63582262e-03	5.71605358e-05
2.30500000e+00	1.63417125e-03	5.72454468e-05
2.31000000e+00	1.61995089e-03	5.69941649e-05
2.31500000e+00	1.60841425e-03	5.71653657e-05
2.32000000e+00	1.58636925e-03	5.51221362e-05
2.32500000e+00	1.59341667e-03	5.59473157e-05
2.33000000e+00	1.57156809e-03	5.52531458e-05
2.33500000e+00	1.57403567e-03	5.59098535e-05
2.34000000e+00	1.55681662e-03	5.43650383e-05
2.34500000e+00	1.55804616e-03	5.44108457e-05
2.35000000e+00	1.54337151e-03	5.41274477e-05
2.35500000e+00	1.52711460e-03	5.43228912e-05
2.36000000e+00	1.51457671e-03	5.30737612e-05
2.36500000e+00	1.50067850e-03	5.25451922e-05
2.37000000e+00	1.49570228e-03	5.23514658e-05
2.37500000e+00	1.50467710e-03	5.31110446e-05
2.38000000e+00	1.47838833e-03	5.25095924e-05
2.38500000e+00	1.47577455e-03	5.16488970e-05
2.39000000e+00	1.46837964e-03	5.15694435e-05
2.39500000e+00	1.45926571e-03	5.14779031e-05
2.40000000e+00	1.45096234e-03	5.19547518e-05
2.40500000e+00	1.44553718e-03	5.07070426e-05
2.41000000e+00	1.43985242e-03	5.06921698e-05
2.41500000e+00	1.42485452e-03	5.01766107e-05
2.42000000e+00	1.40773245e-03	5.02421873e-05
2.42500000e+00	1.40647790e-03	5.01125403e-05
2.43000000e+00	1.39093966e-03	4.91292973e-05
2.43500000e+00	1.40850403e-03	4.98173198e-05
2.44000000e+00	1.39046027e-03	4.93322519e-05
2.44500000e+00	1.37539620e-03	4.94740973e-05
2.45000000e+00	1.36818847e-03	4.82950951e-05
2.45500000e+00	1.34064804e-03	4.74979336e-05
2.46000000e+00	1.34931243e-03	4.79618290e-05
2.46500000e+00	1.33781815e-03	4.81308051e-05
2.47000000e+00	1.32556906e-03	4.73013418e-05
2.47500000e+00	1.32768183e-03	4.70235508e-05
2.48000000e+00	1.29297040e-03	4.62689154e-05
2.48500000e+00	1.31529362e-03	4.70718211e-05
2.49000000e+00	1.29052068e-03	4.67626489e-05
2.49500000e+00	1.29185864e-03	4.60309292e-05
2.50000000e+00	1.28983655e-03	4.59571888e-05
2.50500000e+00	1.27747552e-03	4.57999732e-05
2.51000000e+00	1.27161989e-03	4.58876983e-05
2.51500000e+00	1.27195675e-03	4.60352229e-05
2.52000000e+00	1.25380677e-03	4.49238001e-05
2.52500000e+00	1.24602786e-03	4.49158349e-05
2.53000000e+00	1.25571324e-03	4.56735043e-05
2.53500000e+00	1.23340871e-03	4.53230626e-05
2.54000000e+00	1.22589658e-03	4.43148611e-05
2.54500000e+00	1.22469249e-03	4.45297830e-05
2.55000000e+00	1.20778796e-03	4.41062819e-05
2.55500000e+00	1.20839390e-03	4.45563423e-05
2.56000000e+00	1.19913436e-03	4.44083246e-05
2.56500000e+00	1.19464943e-03	4.37978111e-05
2.57000000e+00	1.18447123e-03	4.36497167e-05
2.57500000e+00	1.16834305e-03	4.31703776e-05
2.58000000e+00	1.17737978e-03	4.41716612e-05
2.58500000e+00	1.14875746e-03	4.27632701e-05
2.59000000e+00	1.15432876e-03	4.28873310e-05
2.59500000e+00	1.16256510e-03	4.32894839e-05
2.60000000e+00	1.16143555e-03	4.36176606e-05
2.60500000e+00	1.16117062e-03	4.45271114e-05
2.61000000e+00	1.13844126e-03	4.98064272e-05
2.61500000e+00	1.13242541e-03	5.47674571e-05
2.62000000e+00	1.14121353e-03	6.08455961e-05
2.62500000e+00	1.13377485e-03	6.54021879e-05
2.63000000e+00	1.11445541e-03	7.10260960e-05
2.63500000e+00	1.11240846e-03	7.87944851e-05
2.64000000e+00	1.10765554e-03	8.61387650e-05
2.64500000e+00	1.09515345e-03	9.12497731e-05
2.65000000e+00	1.09848326e-03	9.65304658e-05
2.65500000e+00	1.10268513e-03	1.04011594e-04
2.66000000e+00	1.10963285e-03	1.13051549e-04
2.66500000e+00	1.06754742e-03	1.21771142e-04
2.67000000e+00	1.06244845e-03	1.30946123e-04
2.67500000e+00	1.07585407e-03	1.54267031e-04
2.68000000e+00	1.04894948e-03	1.76195933e-04
2.68500000e+00	1.08017696e-03	2.40259845e-04
2.69000000e+00	1.15568220e-03	4.10498047e-04
2.69500000e+00	0.00000000e+00	0.00000000e+00
2.70000000e+00	0.00000000e+00	0.00000000e+00
