% Filename : WDL7_00012_00185.h5
% Date & Time : 30-Oct-2025 14:57:14
% X-ray Energy (keV) : 13.30001
% Exposure Time (s) : 0.500
% Photodiode Value : 136216.000
% I0 of Sample : 0
% I0 of Standard : 1
% 
% q(A^-1)   I(q)    I(q)_SE
8.40000000e-01	0.00000000e+00	0.00000000e+00
8.45000000e-01	2.79419641e-03	4.89944196e-04
8.50000000e-01	2.62416271e-03	2.43864541e-04
8.55000000e-01	2.53702922e-03	2.07865325e-04
8.60000000e-01	2.55365564e-03	1.80723168e-04
8.65000000e-01	2.57521236e-03	1.67878261e-04
8.70000000e-01	2.55847137e-03	1.59104308e-04
8.75000000e-01	2.57462811e-03	1.53765414e-04
8.80000000e-01	2.60625373e-03	1.50735160e-04
8.85000000e-01	2.60626457e-03	1.42463201e-04
8.90000000e-01	2.61766746e-03	1.40018814e-04
8.95000000e-01	2.59606135e-03	1.34924773e-04
9.00000000e-01	2.62085440e-03	1.34830526e-04
9.05000000e-01	2.60197015e-03	1.28058662e-04
9.10000000e-01	2.63290075e-03	1.27342895e-04
9.15000000e-01	2.64572589e-03	1.25961529e-04
9.20000000e-01	2.63282557e-03	1.25172139e-04
9.25000000e-01	2.61268942e-03	1.18716792e-04
9.30000000e-01	2.68163947e-03	1.20665128e-04
9.35000000e-01	2.67544670e-03	1.18149901e-04
9.40000000e-01	2.65957892e-03	1.17776474e-04
9.45000000e-01	2.65373858e-03	1.14585074e-04
9.50000000e-01	2.67633675e-03	1.13864139e-04
9.55000000e-01	2.69666743e-03	1.12612586e-04
9.60000000e-01	2.66475567e-03	1.11470336e-04
9.65000000e-01	2.65810069e-03	1.09386145e-04
9.70000000e-01	2.66921824e-03	1.08016627e-04
9.75000000e-01	2.68064902e-03	1.07322641e-04
9.80000000e-01	2.70019396e-03	1.07183398e-04
9.85000000e-01	2.70592117e-03	1.07495121e-04
9.90000000e-01	2.72606302e-03	1.04945692e-04
9.95000000e-01	2.70626183e-03	1.03704248e-04
1.00000000e+00	2.71929467e-03	1.03672699e-04
1.00500000e+00	2.71235395e-03	1.03490542e-04
1.01000000e+00	2.68295878e-03	1.00265603e-04
1.01500000e+00	2.70343293e-03	9.99240532e-05
1.02000000e+00	2.70724963e-03	1.00162906e-04
1.02500000e+00	2.69274637e-03	9.83851071e-05
1.03000000e+00	2.69302509e-03	9.80129255e-05
1.03500000e+00	2.68064157e-03	9.63038694e-05
1.04000000e+00	2.66450682e-03	9.50787482e-05
1.04500000e+00	2.68385667e-03	9.57342590e-05
1.05000000e+00	2.68904352e-03	9.54032286e-05
1.05500000e+00	2.66542999e-03	9.31601045e-05
1.06000000e+00	2.67108966e-03	9.31277553e-05
1.06500000e+00	2.68086646e-03	9.34621507e-05
1.07000000e+00	2.68310051e-03	9.32955805e-05
1.07500000e+00	2.70698229e-03	9.34728506e-05
1.08000000e+00	2.70364858e-03	9.29525062e-05
1.08500000e+00	2.69271591e-03	9.25652268e-05
1.09000000e+00	2.72447738e-03	9.41369202e-05
1.09500000e+00	2.69902733e-03	9.14032734e-05
1.10000000e+00	2.73870345e-03	9.32569695e-05
1.10500000e+00	2.71326284e-03	9.28602317e-05
1.11000000e+00	2.72598043e-03	9.33903804e-05
1.11500000e+00	2.73587140e-03	9.29404014e-05
1.12000000e+00	2.74336069e-03	9.36638092e-05
1.12500000e+00	2.76745988e-03	9.43249245e-05
1.13000000e+00	2.76043162e-03	9.51222241e-05
1.13500000e+00	2.77486650e-03	9.44684639e-05
1.14000000e+00	2.75891045e-03	9.37224887e-05
1.14500000e+00	2.78620659e-03	9.53926786e-05
1.15000000e+00	2.78515056e-03	9.58696669e-05
1.15500000e+00	2.81453883e-03	9.58733742e-05
1.16000000e+00	2.79638278e-03	9.56864594e-05
1.16500000e+00	2.81153869e-03	9.59910895e-05
1.17000000e+00	2.80570524e-03	9.69641335e-05
1.17500000e+00	2.80866300e-03	9.57047710e-05
1.18000000e+00	2.80663452e-03	9.60342558e-05
1.18500000e+00	2.83755586e-03	9.69151748e-05
1.19000000e+00	2.81856284e-03	9.72886245e-05
1.19500000e+00	2.82977180e-03	9.65501287e-05
1.20000000e+00	2.85462602e-03	9.79247408e-05
1.20500000e+00	2.82542612e-03	9.67687042e-05
1.21000000e+00	2.84831196e-03	9.87873959e-05
1.21500000e+00	2.85286087e-03	9.73470246e-05
1.22000000e+00	2.85963467e-03	9.76889160e-05
1.22500000e+00	2.87594562e-03	9.87014745e-05
1.23000000e+00	2.85774004e-03	9.87557554e-05
1.23500000e+00	2.85956659e-03	9.82267002e-05
1.24000000e+00	2.86363865e-03	9.78974137e-05
1.24500000e+00	2.86439302e-03	9.86461050e-05
1.25000000e+00	2.88591289e-03	9.99040162e-05
1.25500000e+00	2.84926430e-03	9.74163088e-05
1.26000000e+00	2.86985595e-03	9.88154771e-05
1.26500000e+00	2.87692177e-03	9.87644465e-05
1.27000000e+00	2.87712898e-03	1.00238148e-04
1.27500000e+00	2.89257371e-03	9.97926790e-05
1.28000000e+00	2.89204650e-03	9.89855147e-05
1.28500000e+00	2.86655521e-03	9.86389127e-05
1.29000000e+00	2.86997610e-03	9.96845759e-05
1.29500000e+00	2.87419264e-03	9.87961361e-05
1.30000000e+00	2.90762021e-03	9.97891989e-05
1.30500000e+00	2.88021283e-03	9.92781472e-05
1.31000000e+00	2.88199408e-03	1.00515119e-04
1.31500000e+00	2.88313496e-03	9.93400933e-05
1.32000000e+00	2.87128115e-03	9.88453908e-05
1.32500000e+00	2.87021397e-03	9.90606280e-05
1.33000000e+00	2.88038834e-03	1.00555936e-04
1.33500000e+00	2.89687210e-03	9.98201245e-05
1.34000000e+00	2.89460396e-03	9.97811653e-05
1.34500000e+00	2.87758041e-03	9.95533818e-05
1.35000000e+00	2.86965488e-03	1.00241661e-04
1.35500000e+00	2.89533004e-03	9.97730196e-05
1.36000000e+00	2.87469449e-03	9.89315749e-05
1.36500000e+00	2.84959525e-03	9.83000651e-05
1.37000000e+00	2.86348076e-03	1.00316373e-04
1.37500000e+00	2.85940652e-03	9.85737868e-05
1.38000000e+00	2.86280462e-03	9.89819982e-05
1.38500000e+00	2.87271975e-03	9.98263845e-05
1.39000000e+00	2.87908318e-03	1.00664537e-04
1.39500000e+00	2.86405613e-03	9.87791070e-05
1.40000000e+00	2.87452510e-03	1.02021780e-04
1.40500000e+00	2.87609548e-03	1.09940971e-04
1.41000000e+00	2.83630687e-03	1.13535634e-04
1.41500000e+00	2.83798390e-03	1.17684746e-04
1.42000000e+00	2.80950284e-03	1.21146290e-04
1.42500000e+00	2.80813783e-03	1.24824969e-04
1.43000000e+00	2.80789490e-03	1.29528836e-04
1.43500000e+00	2.77211486e-03	1.31775367e-04
1.44000000e+00	2.77920492e-03	1.37267043e-04
1.44500000e+00	2.72627712e-03	1.37992897e-04
1.45000000e+00	2.83042717e-03	1.38568088e-04
1.45500000e+00	2.86962795e-03	1.26326544e-04
1.46000000e+00	2.85423949e-03	1.22666890e-04
1.46500000e+00	2.80563763e-03	1.18468141e-04
1.47000000e+00	2.82893548e-03	1.19238253e-04
1.47500000e+00	2.83087009e-03	1.15720011e-04
1.48000000e+00	2.81085025e-03	1.13806394e-04
1.48500000e+00	2.84218831e-03	1.15079417e-04
1.49000000e+00	2.81303213e-03	1.14177790e-04
1.49500000e+00	2.83540166e-03	1.12529088e-04
1.50000000e+00	2.81347053e-03	1.11267981e-04
1.50500000e+00	2.84045630e-03	1.12955241e-04
1.51000000e+00	2.83568444e-03	1.12952374e-04
1.51500000e+00	2.82113515e-03	1.10533392e-04
1.52000000e+00	2.80897004e-03	1.09765292e-04
1.52500000e+00	2.82149788e-03	1.09964696e-04
1.53000000e+00	2.82337797e-03	1.10772828e-04
1.53500000e+00	2.85772551e-03	1.08912697e-04
1.54000000e+00	2.82356159e-03	1.07502811e-04
1.54500000e+00	2.80454980e-03	1.06515633e-04
1.55000000e+00	2.80968923e-03	1.06441481e-04
1.55500000e+00	2.80241970e-03	1.03837875e-04
1.56000000e+00	2.77343994e-03	1.02968519e-04
1.56500000e+00	2.77301150e-03	1.02419761e-04
1.57000000e+00	2.77996423e-03	1.01920981e-04
1.57500000e+00	2.75592879e-03	9.91201695e-05
1.58000000e+00	2.74054171e-03	9.84457411e-05
1.58500000e+00	2.72227845e-03	9.78231486e-05
1.59000000e+00	2.73945850e-03	9.84502130e-05
1.59500000e+00	2.72111660e-03	9.60191951e-05
1.60000000e+00	2.70616385e-03	9.52768542e-05
1.60500000e+00	2.70338380e-03	9.52936818e-05
1.61000000e+00	2.70017829e-03	9.47854949e-05
1.61500000e+00	2.67251087e-03	9.29429013e-05
1.62000000e+00	2.68310360e-03	9.37714988e-05
1.62500000e+00	2.68189646e-03	9.48394473e-05
1.63000000e+00	2.69378062e-03	9.41384432e-05
1.63500000e+00	2.67925163e-03	9.36234630e-05
1.64000000e+00	2.66954963e-03	9.34031362e-05
1.64500000e+00	2.65784951e-03	9.39908090e-05
1.65000000e+00	2.65832001e-03	9.29899847e-05
1.65500000e+00	2.63545592e-03	9.20884460e-05
1.66000000e+00	2.61884212e-03	9.16681125e-05
1.66500000e+00	2.62408189e-03	9.33581612e-05
1.67000000e+00	2.62449574e-03	9.14488205e-05
1.67500000e+00	2.62973463e-03	9.18048943e-05
1.68000000e+00	2.61941956e-03	9.17458754e-05
1.68500000e+00	2.62331652e-03	9.34557287e-05
1.69000000e+00	2.62553613e-03	9.17009671e-05
1.69500000e+00	2.61368035e-03	9.11392454e-05
1.70000000e+00	2.60978948e-03	9.19843615e-05
1.70500000e+00	2.57412333e-03	9.11717095e-05
1.71000000e+00	2.59132953e-03	9.05954879e-05
1.71500000e+00	2.59422571e-03	9.06348302e-05
1.72000000e+00	2.58761888e-03	9.11069333e-05
1.72500000e+00	2.57086254e-03	9.10857543e-05
1.73000000e+00	2.55215952e-03	8.92167113e-05
1.73500000e+00	2.56669092e-03	8.99572867e-05
1.74000000e+00	2.55314379e-03	8.97226172e-05
1.74500000e+00	2.53455109e-03	9.01478125e-05
1.75000000e+00	2.54269710e-03	8.86604492e-05
1.75500000e+00	2.51314794e-03	8.81778617e-05
1.76000000e+00	2.52346096e-03	8.85636828e-05
1.76500000e+00	2.49161444e-03	8.85950360e-05
1.77000000e+00	2.51958157e-03	8.80128673e-05
1.77500000e+00	2.51019264e-03	8.80183241e-05
1.78000000e+00	2.49174620e-03	8.76327746e-05
1.78500000e+00	2.48092986e-03	8.80937174e-05
1.79000000e+00	2.49402986e-03	8.71468616e-05
1.79500000e+00	2.47050825e-03	8.65636870e-05
1.80000000e+00	2.47063552e-03	8.71454341e-05
1.80500000e+00	2.43636615e-03	8.64560355e-05
1.81000000e+00	2.46047245e-03	8.60136811e-05
1.81500000e+00	2.43529782e-03	8.51619609e-05
1.82000000e+00	2.45616716e-03	8.64482785e-05
1.82500000e+00	2.44732444e-03	8.67087314e-05
1.83000000e+00	2.41833994e-03	8.45467075e-05
1.83500000e+00	2.43659447e-03	8.53892461e-05
1.84000000e+00	2.43570709e-03	8.57648779e-05
1.84500000e+00	2.39540172e-03	8.49110088e-05
1.85000000e+00	2.40445739e-03	8.42006232e-05
1.85500000e+00	2.40365054e-03	8.42413843e-05
1.86000000e+00	2.39307669e-03	8.44677210e-05
1.86500000e+00	2.38303783e-03	8.42263532e-05
1.87000000e+00	2.38376881e-03	8.34127778e-05
1.87500000e+00	2.36559855e-03	8.30937104e-05
1.88000000e+00	2.36015606e-03	8.31628484e-05
1.88500000e+00	2.32481008e-03	8.24226686e-05
1.89000000e+00	2.36678863e-03	8.27293919e-05
1.89500000e+00	2.33633805e-03	8.21435248e-05
1.90000000e+00	2.34641363e-03	8.27246846e-05
1.90500000e+00	2.31779844e-03	8.18257139e-05
1.91000000e+00	2.32020879e-03	8.13367243e-05
1.91500000e+00	2.30595044e-03	8.08477858e-05
1.92000000e+00	2.30351128e-03	8.13340037e-05
1.92500000e+00	2.29080664e-03	8.09138052e-05
1.93000000e+00	2.29705487e-03	8.03432241e-05
1.93500000e+00	2.28488565e-03	8.01760988e-05
1.94000000e+00	2.27180587e-03	8.03881983e-05
1.94500000e+00	2.24554292e-03	7.92326756e-05
1.95000000e+00	2.25431875e-03	7.88345750e-05
1.95500000e+00	2.26405641e-03	7.94950219e-05
1.96000000e+00	2.24163506e-03	7.92377588e-05
1.96500000e+00	2.24033100e-03	7.91336976e-05
1.97000000e+00	2.23979225e-03	7.82377282e-05
1.97500000e+00	2.23165259e-03	7.84765926e-05
1.98000000e+00	2.23441503e-03	7.88504160e-05
1.98500000e+00	2.19754764e-03	7.77248454e-05
1.99000000e+00	2.19199468e-03	7.65689429e-05
1.99500000e+00	2.19762521e-03	7.71217469e-05
2.00000000e+00	2.18317140e-03	7.71338003e-05
2.00500000e+00	2.20438328e-03	7.80739419e-05
2.01000000e+00	2.18717783e-03	8.49618371e-05
2.01500000e+00	2.17409017e-03	8.97187449e-05
2.02000000e+00	2.16778338e-03	9.54433544e-05
2.02500000e+00	2.12906433e-03	9.73042044e-05
2.03000000e+00	2.09871975e-03	1.01759863e-04
2.03500000e+00	2.13356398e-03	1.07857584e-04
2.04000000e+00	2.09072971e-03	1.10552876e-04
2.04500000e+00	2.08282318e-03	1.15876434e-04
2.05000000e+00	2.06920694e-03	1.20798909e-04
2.05500000e+00	2.09033665e-03	1.19514842e-04
2.06000000e+00	2.09730571e-03	1.04463604e-04
2.06500000e+00	2.10886605e-03	1.00252076e-04
2.07000000e+00	2.07342016e-03	9.33957517e-05
2.07500000e+00	2.11366995e-03	9.31020360e-05
2.08000000e+00	2.07358028e-03	9.10563592e-05
2.08500000e+00	2.06114233e-03	8.98517323e-05
2.09000000e+00	2.06250176e-03	8.72069050e-05
2.09500000e+00	2.07322997e-03	8.66734030e-05
2.10000000e+00	2.06156162e-03	8.56188688e-05
2.10500000e+00	2.06321610e-03	8.53855600e-05
2.11000000e+00	2.06968683e-03	8.25852399e-05
2.11500000e+00	2.03574843e-03	8.03930096e-05
2.12000000e+00	2.01148577e-03	7.90493610e-05
2.12500000e+00	1.98915101e-03	7.79640137e-05
2.13000000e+00	1.99130993e-03	7.48672946e-05
2.13500000e+00	1.97980438e-03	7.34858504e-05
2.14000000e+00	1.94990445e-03	7.17770066e-05
2.14500000e+00	1.94547821e-03	7.17924333e-05
2.15000000e+00	1.94258255e-03	6.93629959e-05
2.15500000e+00	1.93223729e-03	6.91062868e-05
2.16000000e+00	1.92949830e-03	6.85885578e-05
2.16500000e+00	1.91946000e-03	6.87208505e-05
2.17000000e+00	1.91626156e-03	6.70249498e-05
2.17500000e+00	1.88351373e-03	6.59264143e-05
2.18000000e+00	1.88274011e-03	6.62387580e-05
2.18500000e+00	1.86940495e-03	6.60410149e-05
2.19000000e+00	1.87373429e-03	6.60285060e-05
2.19500000e+00	1.87630869e-03	6.57938894e-05
2.20000000e+00	1.83774082e-03	6.45311129e-05
2.20500000e+00	1.84109920e-03	6.48421197e-05
2.21000000e+00	1.82852690e-03	6.47655138e-05
2.21500000e+00	1.81386625e-03	6.34996853e-05
2.22000000e+00	1.80766501e-03	6.32324207e-05
2.22500000e+00	1.79001896e-03	6.31374035e-05
2.23000000e+00	1.77945513e-03	6.30823091e-05
2.23500000e+00	1.77069552e-03	6.19462453e-05
2.24000000e+00	1.77743087e-03	6.22818008e-05
2.24500000e+00	1.74745117e-03	6.16159350e-05
2.25000000e+00	1.74715681e-03	6.20601936e-05
2.25500000e+00	1.74395572e-03	6.09109984e-05
2.26000000e+00	1.72182965e-03	6.03131486e-05
2.26500000e+00	1.71395487e-03	6.02542482e-05
2.27000000e+00	1.70262507e-03	6.06984214e-05
2.27500000e+00	1.71477014e-03	5.98338416e-05
2.28000000e+00	1.68364920e-03	5.88931505e-05
2.28500000e+00	1.69259509e-03	5.95506213e-05
2.29000000e+00	1.65682041e-03	5.86578621e-05
2.29500000e+00	1.65112417e-03	5.82428724e-05
2.30000000e+00	1.62187887e-03	5.66884462e-05
2.30500000e+00	1.62521568e-03	5.69365393e-05
2.31000000e+00	1.60684754e-03	5.66070193e-05
2.31500000e+00	1.59382816e-03	5.66044241e-05
2.32000000e+00	1.61372237e-03	5.61432600e-05
2.32500000e+00	1.58216167e-03	5.55303819e-05
2.33000000e+00	1.58370205e-03	5.56270006e-05
2.33500000e+00	1.57191899e-03	5.58437717e-05
2.34000000e+00	1.55522246e-03	5.42695041e-05
2.34500000e+00	1.53935122e-03	5.37686753e-05
2.35000000e+00	1.52952545e-03	5.36123251e-05
2.35500000e+00	1.52452394e-03	5.41584618e-05
2.36000000e+00	1.50392656e-03	5.26142268e-05
2.36500000e+00	1.51761663e-03	5.31720914e-05
2.37000000e+00	1.50681179e-03	5.28156757e-05
2.37500000e+00	1.48332346e-03	5.23551194e-05
2.38000000e+00	1.47556180e-03	5.23524787e-05
2.38500000e+00	1.47444482e-03	5.15602124e-05
2.39000000e+00	1.46244811e-03	5.13440603e-05
2.39500000e+00	1.44948810e-03	5.12111278e-05
2.40000000e+00	1.46344951e-03	5.23281303e-05
2.40500000e+00	1.44012474e-03	5.04807359e-05
2.41000000e+00	1.44502405e-03	5.08346596e-05
2.41500000e+00	1.42621782e-03	5.02062203e-05
2.42000000e+00	1.40942803e-03	5.02798975e-05
2.42500000e+00	1.42147718e-03	5.06273918e-05
2.43000000e+00	1.38422051e-03	4.88565235e-05
2.43500000e+00	1.38228008e-03	4.88972620e-05
2.44000000e+00	1.37479103e-03	4.87373024e-05
2.44500000e+00	1.39633610e-03	5.02374356e-05
2.45000000e+00	1.35891766e-03	4.79424584e-05
2.45500000e+00	1.36247296e-03	4.82371372e-05
2.46000000e+00	1.35806623e-03	4.83336323e-05
2.46500000e+00	1.34474033e-03	4.84516323e-05
2.47000000e+00	1.33094076e-03	4.74511709e-05
2.47500000e+00	1.31806468e-03	4.67274254e-05
2.48000000e+00	1.31659654e-03	4.71108192e-05
2.48500000e+00	1.30749906e-03	4.67213738e-05
2.49000000e+00	1.29181787e-03	4.68365722e-05
2.49500000e+00	1.29001654e-03	4.58471677e-05
2.50000000e+00	1.28474531e-03	4.58098190e-05
2.50500000e+00	1.27138994e-03	4.55904545e-05
2.51000000e+00	1.26639497e-03	4.57406335e-05
2.51500000e+00	1.25939163e-03	4.55476018e-05
2.52000000e+00	1.24105879e-03	4.44935067e-05
2.52500000e+00	1.25243669e-03	4.50661306e-05
2.53000000e+00	1.24689896e-03	4.53143245e-05
2.53500000e+00	1.24120640e-03	4.56854730e-05
2.54000000e+00	1.23963856e-03	4.48379278e-05
2.54500000e+00	1.22488011e-03	4.44824394e-05
2.55000000e+00	1.21971239e-03	4.45258976e-05
2.55500000e+00	1.21454394e-03	4.46576032e-05
2.56000000e+00	1.20303684e-03	4.44390022e-05
2.56500000e+00	1.20990263e-03	4.43727194e-05
2.57000000e+00	1.18997286e-03	4.38805240e-05
2.57500000e+00	1.18223164e-03	4.37046643e-05
2.58000000e+00	1.18136292e-03	4.44298549e-05
2.58500000e+00	1.16352097e-03	4.33776973e-05
2.59000000e+00	1.16113589e-03	4.31594827e-05
2.59500000e+00	1.16509541e-03	4.34031409e-05
2.60000000e+00	1.14981840e-03	4.31522729e-05
2.60500000e+00	1.15943379e-03	4.45219750e-05
2.61000000e+00	1.14573437e-03	5.01928784e-05
2.61500000e+00	1.13745740e-03	5.51114239e-05
2.62000000e+00	1.12758117e-03	6.00682635e-05
2.62500000e+00	1.14613150e-03	6.60737640e-05
2.63000000e+00	1.11541824e-03	7.09067786e-05
2.63500000e+00	1.12372397e-03	7.94288091e-05
2.64000000e+00	1.15626397e-03	8.98578961e-05
2.64500000e+00	1.11710151e-03	9.28826490e-05
2.65000000e+00	1.10207671e-03	9.71464809e-05
2.65500000e+00	1.09176058e-03	1.03973652e-04
2.66000000e+00	1.11053135e-03	1.12311958e-04
2.66500000e+00	1.06985945e-03	1.21899024e-04
2.67000000e+00	1.09591135e-03	1.34997042e-04
2.67500000e+00	1.05791991e-03	1.51809737e-04
2.68000000e+00	1.08052837e-03	1.80742889e-04
2.68500000e+00	1.12003941e-03	2.47392733e-04
2.69000000e+00	1.08248216e-03	3.85195198e-04
2.69500000e+00	0.00000000e+00	0.00000000e+00
2.70000000e+00	0.00000000e+00	0.00000000e+00
