% Filename : WDL7_00012_00244.h5
% Date & Time : 30-Oct-2025 15:00:50
% X-ray Energy (keV) : 13.30001
% Exposure Time (s) : 0.500
% Photodiode Value : 136616.000
% I0 of Sample : 0
% I0 of Standard : 1
% 
% q(A^-1)   I(q)    I(q)_SE
8.40000000e-01	0.00000000e+00	0.00000000e+00
8.45000000e-01	2.71736252e-03	4.77165490e-04
8.50000000e-01	2.71699506e-03	2.51878663e-04
8.55000000e-01	2.57239554e-03	2.10278764e-04
8.60000000e-01	2.57558731e-03	1.82284926e-04
8.65000000e-01	2.58834247e-03	1.68731227e-04
8.70000000e-01	2.61421952e-03	1.62474690e-04
8.75000000e-01	2.63232226e-03	1.57553793e-04
8.80000000e-01	2.61244392e-03	1.51029752e-04
8.85000000e-01	2.65216474e-03	1.45075108e-04
8.90000000e-01	2.64754895e-03	1.41696897e-04
8.95000000e-01	2.62721742e-03	1.36619172e-04
9.00000000e-01	2.64576327e-03	1.36326797e-04
9.05000000e-01	2.64117863e-03	1.30184373e-04
9.10000000e-01	2.65752194e-03	1.28516933e-04
9.15000000e-01	2.69970999e-03	1.28560624e-04
9.20000000e-01	2.65453871e-03	1.26206706e-04
9.25000000e-01	2.66854537e-03	1.21306955e-04
9.30000000e-01	2.69559445e-03	1.21301939e-04
9.35000000e-01	2.71547291e-03	1.19948844e-04
9.40000000e-01	2.68070720e-03	1.18806660e-04
9.45000000e-01	2.70044285e-03	1.16615957e-04
9.50000000e-01	2.71817781e-03	1.15675072e-04
9.55000000e-01	2.70136839e-03	1.13023624e-04
9.60000000e-01	2.70620732e-03	1.13157320e-04
9.65000000e-01	2.71065045e-03	1.11513771e-04
9.70000000e-01	2.71867911e-03	1.09999052e-04
9.75000000e-01	2.72188153e-03	1.08921378e-04
9.80000000e-01	2.74300266e-03	1.08865950e-04
9.85000000e-01	2.74037040e-03	1.08844531e-04
9.90000000e-01	2.73851550e-03	1.05544311e-04
9.95000000e-01	2.73794722e-03	1.04822119e-04
1.00000000e+00	2.72399501e-03	1.03973634e-04
1.00500000e+00	2.75390029e-03	1.05046818e-04
1.01000000e+00	2.74877080e-03	1.02674420e-04
1.01500000e+00	2.75326301e-03	1.01908223e-04
1.02000000e+00	2.72995989e-03	1.00992344e-04
1.02500000e+00	2.72656950e-03	9.96912931e-05
1.03000000e+00	2.71750251e-03	9.89845060e-05
1.03500000e+00	2.72321899e-03	9.78141257e-05
1.04000000e+00	2.71168101e-03	9.67486431e-05
1.04500000e+00	2.70210200e-03	9.64848196e-05
1.05000000e+00	2.70560418e-03	9.59834202e-05
1.05500000e+00	2.69213962e-03	9.40758746e-05
1.06000000e+00	2.70240680e-03	9.41855203e-05
1.06500000e+00	2.71395725e-03	9.47128423e-05
1.07000000e+00	2.70993158e-03	9.43861588e-05
1.07500000e+00	2.71760931e-03	9.40116754e-05
1.08000000e+00	2.72287902e-03	9.36029825e-05
1.08500000e+00	2.75127465e-03	9.46174979e-05
1.09000000e+00	2.71816988e-03	9.39659180e-05
1.09500000e+00	2.73519141e-03	9.26688891e-05
1.10000000e+00	2.73263187e-03	9.31506265e-05
1.10500000e+00	2.75531202e-03	9.41641809e-05
1.11000000e+00	2.73862381e-03	9.38685000e-05
1.11500000e+00	2.77784246e-03	9.44702163e-05
1.12000000e+00	2.77842923e-03	9.48641676e-05
1.12500000e+00	2.77501786e-03	9.45150793e-05
1.13000000e+00	2.78671600e-03	9.59989568e-05
1.13500000e+00	2.78679352e-03	9.49050198e-05
1.14000000e+00	2.80947565e-03	9.53413827e-05
1.14500000e+00	2.81190364e-03	9.63339575e-05
1.15000000e+00	2.79587999e-03	9.63407536e-05
1.15500000e+00	2.82919357e-03	9.63449801e-05
1.16000000e+00	2.83506962e-03	9.68914919e-05
1.16500000e+00	2.84928613e-03	9.72927107e-05
1.17000000e+00	2.83182142e-03	9.79186987e-05
1.17500000e+00	2.85878837e-03	9.73469219e-05
1.18000000e+00	2.85271245e-03	9.75577335e-05
1.18500000e+00	2.84819155e-03	9.73754412e-05
1.19000000e+00	2.87440944e-03	9.92676352e-05
1.19500000e+00	2.86488622e-03	9.77780683e-05
1.20000000e+00	2.88387841e-03	9.89737239e-05
1.20500000e+00	2.85018894e-03	9.76302219e-05
1.21000000e+00	2.88103874e-03	9.99858434e-05
1.21500000e+00	2.89387299e-03	9.87519683e-05
1.22000000e+00	2.88661408e-03	9.86449129e-05
1.22500000e+00	2.89089519e-03	9.91786109e-05
1.23000000e+00	2.87866741e-03	9.95364797e-05
1.23500000e+00	2.88529169e-03	9.91086263e-05
1.24000000e+00	2.89436111e-03	9.89746815e-05
1.24500000e+00	2.89642240e-03	9.96910612e-05
1.25000000e+00	2.89540747e-03	1.00293147e-04
1.25500000e+00	2.87630725e-03	9.84863282e-05
1.26000000e+00	2.89361221e-03	9.95825250e-05
1.26500000e+00	2.91378468e-03	1.00021485e-04
1.27000000e+00	2.90047102e-03	1.00952288e-04
1.27500000e+00	2.91000072e-03	1.00310312e-04
1.28000000e+00	2.91986748e-03	1.00024631e-04
1.28500000e+00	2.91463782e-03	1.00472930e-04
1.29000000e+00	2.89951728e-03	1.00753055e-04
1.29500000e+00	2.89964613e-03	9.97903896e-05
1.30000000e+00	2.89082444e-03	9.91768290e-05
1.30500000e+00	2.90657394e-03	1.00138484e-04
1.31000000e+00	2.90267561e-03	1.01277736e-04
1.31500000e+00	2.90100827e-03	9.99111009e-05
1.32000000e+00	2.91382739e-03	1.00192859e-04
1.32500000e+00	2.88742105e-03	9.96792573e-05
1.33000000e+00	2.89832710e-03	1.01215276e-04
1.33500000e+00	2.91440859e-03	1.00405054e-04
1.34000000e+00	2.89536220e-03	9.98031620e-05
1.34500000e+00	2.91609478e-03	1.00811812e-04
1.35000000e+00	2.90589860e-03	1.01547571e-04
1.35500000e+00	2.90414264e-03	1.00021864e-04
1.36000000e+00	2.90808197e-03	1.00047061e-04
1.36500000e+00	2.91307394e-03	1.00545221e-04
1.37000000e+00	2.90215103e-03	1.01600036e-04
1.37500000e+00	2.90726430e-03	1.00252504e-04
1.38000000e+00	2.90962173e-03	1.00636531e-04
1.38500000e+00	2.89054335e-03	1.00535660e-04
1.39000000e+00	2.87930741e-03	1.00720827e-04
1.39500000e+00	2.90635980e-03	1.00256812e-04
1.40000000e+00	2.92790338e-03	1.03919941e-04
1.40500000e+00	2.87489382e-03	1.09939581e-04
1.41000000e+00	2.86411341e-03	1.14566831e-04
1.41500000e+00	2.86044218e-03	1.18688726e-04
1.42000000e+00	2.84875936e-03	1.22925293e-04
1.42500000e+00	2.80677363e-03	1.24787255e-04
1.43000000e+00	2.80446844e-03	1.29340150e-04
1.43500000e+00	2.81131526e-03	1.33590462e-04
1.44000000e+00	2.77682854e-03	1.36968033e-04
1.44500000e+00	2.77033459e-03	1.40377717e-04
1.45000000e+00	2.84875898e-03	1.39604170e-04
1.45500000e+00	2.87335283e-03	1.26504121e-04
1.46000000e+00	2.84014078e-03	1.22106316e-04
1.46500000e+00	2.83885322e-03	1.19914725e-04
1.47000000e+00	2.84965970e-03	1.19983336e-04
1.47500000e+00	2.84422306e-03	1.16241350e-04
1.48000000e+00	2.85916335e-03	1.15693071e-04
1.48500000e+00	2.85201564e-03	1.15419198e-04
1.49000000e+00	2.83724207e-03	1.15227753e-04
1.49500000e+00	2.85403595e-03	1.13233204e-04
1.50000000e+00	2.84042260e-03	1.12351269e-04
1.50500000e+00	2.82952080e-03	1.12542359e-04
1.51000000e+00	2.83710595e-03	1.13109595e-04
1.51500000e+00	2.87161216e-03	1.12485985e-04
1.52000000e+00	2.87999596e-03	1.12554819e-04
1.52500000e+00	2.88527224e-03	1.12562021e-04
1.53000000e+00	2.87480931e-03	1.12736214e-04
1.53500000e+00	2.84993148e-03	1.08643710e-04
1.54000000e+00	2.86434432e-03	1.09043169e-04
1.54500000e+00	2.84477215e-03	1.08012312e-04
1.55000000e+00	2.81924596e-03	1.06779667e-04
1.55500000e+00	2.84135658e-03	1.05196500e-04
1.56000000e+00	2.80035505e-03	1.03939186e-04
1.56500000e+00	2.79395466e-03	1.03138135e-04
1.57000000e+00	2.78980272e-03	1.02283086e-04
1.57500000e+00	2.78129842e-03	1.00109964e-04
1.58000000e+00	2.76966193e-03	9.94888057e-05
1.58500000e+00	2.78016566e-03	9.98195516e-05
1.59000000e+00	2.73941329e-03	9.85443087e-05
1.59500000e+00	2.71482899e-03	9.57275636e-05
1.60000000e+00	2.72890281e-03	9.61665711e-05
1.60500000e+00	2.73281849e-03	9.63060533e-05
1.61000000e+00	2.72219691e-03	9.55042664e-05
1.61500000e+00	2.70926982e-03	9.42279134e-05
1.62000000e+00	2.70517701e-03	9.46308494e-05
1.62500000e+00	2.71865420e-03	9.60634077e-05
1.63000000e+00	2.70534700e-03	9.45362519e-05
1.63500000e+00	2.69425130e-03	9.42061223e-05
1.64000000e+00	2.68875285e-03	9.40908633e-05
1.64500000e+00	2.69460040e-03	9.52658501e-05
1.65000000e+00	2.64614859e-03	9.25510787e-05
1.65500000e+00	2.68356502e-03	9.37734397e-05
1.66000000e+00	2.68080453e-03	9.37896445e-05
1.66500000e+00	2.66453691e-03	9.46875716e-05
1.67000000e+00	2.65615447e-03	9.25012923e-05
1.67500000e+00	2.65994670e-03	9.28505801e-05
1.68000000e+00	2.65171133e-03	9.29084884e-05
1.68500000e+00	2.63946918e-03	9.40247734e-05
1.69000000e+00	2.63641185e-03	9.20970838e-05
1.69500000e+00	2.65057240e-03	9.23852165e-05
1.70000000e+00	2.63075294e-03	9.27769180e-05
1.70500000e+00	2.61577752e-03	9.25964237e-05
1.71000000e+00	2.60100013e-03	9.09665798e-05
1.71500000e+00	2.60487211e-03	9.10423698e-05
1.72000000e+00	2.60840035e-03	9.18788746e-05
1.72500000e+00	2.58792098e-03	9.17021608e-05
1.73000000e+00	2.60647654e-03	9.11701179e-05
1.73500000e+00	2.58709201e-03	9.06464095e-05
1.74000000e+00	2.56973823e-03	9.02686624e-05
1.74500000e+00	2.55432990e-03	9.08617696e-05
1.75000000e+00	2.55429348e-03	8.91143255e-05
1.75500000e+00	2.54473458e-03	8.93436312e-05
1.76000000e+00	2.53668237e-03	8.90229331e-05
1.76500000e+00	2.53932240e-03	9.02290078e-05
1.77000000e+00	2.54193560e-03	8.87611693e-05
1.77500000e+00	2.54317632e-03	8.90880972e-05
1.78000000e+00	2.53775377e-03	8.92075775e-05
1.78500000e+00	2.49795870e-03	8.86756210e-05
1.79000000e+00	2.50223118e-03	8.73931022e-05
1.79500000e+00	2.49092850e-03	8.72579295e-05
1.80000000e+00	2.49783756e-03	8.80989815e-05
1.80500000e+00	2.48462731e-03	8.81478965e-05
1.81000000e+00	2.48397935e-03	8.68416987e-05
1.81500000e+00	2.48232640e-03	8.68450848e-05
1.82000000e+00	2.46078263e-03	8.66332089e-05
1.82500000e+00	2.43719851e-03	8.64131435e-05
1.83000000e+00	2.45573259e-03	8.59391701e-05
1.83500000e+00	2.45159124e-03	8.58757646e-05
1.84000000e+00	2.43387515e-03	8.58152096e-05
1.84500000e+00	2.45258601e-03	8.68663344e-05
1.85000000e+00	2.44417845e-03	8.56069068e-05
1.85500000e+00	2.42738966e-03	8.49915848e-05
1.86000000e+00	2.40030200e-03	8.46170797e-05
1.86500000e+00	2.41400059e-03	8.52999390e-05
1.87000000e+00	2.40481371e-03	8.41779483e-05
1.87500000e+00	2.39576301e-03	8.41433248e-05
1.88000000e+00	2.39091278e-03	8.42646678e-05
1.88500000e+00	2.38366522e-03	8.45795080e-05
1.89000000e+00	2.38471268e-03	8.34222987e-05
1.89500000e+00	2.36249373e-03	8.30095189e-05
1.90000000e+00	2.33841354e-03	8.24895422e-05
1.90500000e+00	2.35173835e-03	8.29765359e-05
1.91000000e+00	2.34622315e-03	8.22679320e-05
1.91500000e+00	2.33078464e-03	8.17653673e-05
1.92000000e+00	2.30897439e-03	8.14529904e-05
1.92500000e+00	2.32453226e-03	8.20416131e-05
1.93000000e+00	2.32607605e-03	8.14295946e-05
1.93500000e+00	2.30651166e-03	8.09333263e-05
1.94000000e+00	2.29086220e-03	8.10069724e-05
1.94500000e+00	2.30450210e-03	8.13483956e-05
1.95000000e+00	2.27977669e-03	7.96976539e-05
1.95500000e+00	2.29829434e-03	8.06580949e-05
1.96000000e+00	2.26761407e-03	8.00849205e-05
1.96500000e+00	2.25274063e-03	7.96116231e-05
1.97000000e+00	2.27011597e-03	7.92879939e-05
1.97500000e+00	2.26116085e-03	7.94699311e-05
1.98000000e+00	2.25624725e-03	7.97005751e-05
1.98500000e+00	2.23750365e-03	7.92167275e-05
1.99000000e+00	2.23192493e-03	7.79336464e-05
1.99500000e+00	2.22306510e-03	7.79702670e-05
2.00000000e+00	2.22773845e-03	7.88022619e-05
2.00500000e+00	2.23801712e-03	7.92296743e-05
2.01000000e+00	2.20767051e-03	8.58268925e-05
2.01500000e+00	2.19209760e-03	9.04572654e-05
2.02000000e+00	2.18013566e-03	9.59654431e-05
2.02500000e+00	2.17877120e-03	9.96956182e-05
2.03000000e+00	2.11731441e-03	1.02657375e-04
2.03500000e+00	2.11482666e-03	1.07020984e-04
2.04000000e+00	2.09873643e-03	1.10949361e-04
2.04500000e+00	2.10281436e-03	1.16941792e-04
2.05000000e+00	2.05027944e-03	1.19888319e-04
2.05500000e+00	2.09187594e-03	1.19793516e-04
2.06000000e+00	2.12476017e-03	1.05819781e-04
2.06500000e+00	2.07980045e-03	9.91105554e-05
2.07000000e+00	2.10454355e-03	9.47483382e-05
2.07500000e+00	2.10770908e-03	9.28201789e-05
2.08000000e+00	2.09455167e-03	9.20171458e-05
2.08500000e+00	2.09571461e-03	9.11546803e-05
2.09000000e+00	2.11235788e-03	8.93390321e-05
2.09500000e+00	2.10951601e-03	8.81460715e-05
2.10000000e+00	2.07202473e-03	8.60521045e-05
2.10500000e+00	2.07390626e-03	8.58549600e-05
2.11000000e+00	2.06632092e-03	8.23842146e-05
2.11500000e+00	2.07012157e-03	8.17714328e-05
2.12000000e+00	2.04644499e-03	8.03589819e-05
2.12500000e+00	2.03534279e-03	7.97140166e-05
2.13000000e+00	2.00785561e-03	7.54162310e-05
2.13500000e+00	2.01266012e-03	7.47460678e-05
2.14000000e+00	1.96112770e-03	7.21358086e-05
2.14500000e+00	1.96276657e-03	7.24617920e-05
2.15000000e+00	1.95985821e-03	7.00232254e-05
2.15500000e+00	1.96792016e-03	7.03107751e-05
2.16000000e+00	1.92964657e-03	6.85987957e-05
2.16500000e+00	1.93314964e-03	6.91459786e-05
2.17000000e+00	1.93609695e-03	6.76494545e-05
2.17500000e+00	1.90081779e-03	6.65618499e-05
2.18000000e+00	1.90650846e-03	6.70501145e-05
2.18500000e+00	1.89769197e-03	6.69751114e-05
2.19000000e+00	1.89272414e-03	6.66449996e-05
2.19500000e+00	1.88322810e-03	6.59381341e-05
2.20000000e+00	1.87710563e-03	6.58766002e-05
2.20500000e+00	1.87100086e-03	6.59151181e-05
2.21000000e+00	1.85841379e-03	6.58445862e-05
2.21500000e+00	1.86299454e-03	6.52160868e-05
2.22000000e+00	1.82450027e-03	6.38188884e-05
2.22500000e+00	1.83230870e-03	6.46868698e-05
2.23000000e+00	1.79589211e-03	6.37266129e-05
2.23500000e+00	1.79537274e-03	6.27907734e-05
2.24000000e+00	1.77356358e-03	6.20316061e-05
2.24500000e+00	1.78230069e-03	6.28970236e-05
2.25000000e+00	1.76147488e-03	6.26370255e-05
2.25500000e+00	1.74789476e-03	6.10378055e-05
2.26000000e+00	1.73077891e-03	6.06546910e-05
2.26500000e+00	1.72521723e-03	6.06925773e-05
2.27000000e+00	1.70150572e-03	6.06537694e-05
2.27500000e+00	1.72007975e-03	6.01371947e-05
2.28000000e+00	1.69432272e-03	5.92444130e-05
2.28500000e+00	1.67550280e-03	5.89666293e-05
2.29000000e+00	1.66147060e-03	5.87722536e-05
2.29500000e+00	1.67278450e-03	5.90394341e-05
2.30000000e+00	1.65262771e-03	5.77794304e-05
2.30500000e+00	1.63928511e-03	5.74525927e-05
2.31000000e+00	1.63857047e-03	5.77867620e-05
2.31500000e+00	1.60599758e-03	5.70685803e-05
2.32000000e+00	1.59804952e-03	5.56791005e-05
2.32500000e+00	1.61031122e-03	5.64876001e-05
2.33000000e+00	1.58625896e-03	5.58235160e-05
2.33500000e+00	1.58151416e-03	5.61723059e-05
2.34000000e+00	1.56576618e-03	5.46631410e-05
2.34500000e+00	1.54099826e-03	5.38891266e-05
2.35000000e+00	1.56188620e-03	5.48160220e-05
2.35500000e+00	1.54051789e-03	5.47628912e-05
2.36000000e+00	1.52567527e-03	5.35011368e-05
2.36500000e+00	1.51250852e-03	5.29584549e-05
2.37000000e+00	1.50849392e-03	5.28635108e-05
2.37500000e+00	1.49462972e-03	5.27346629e-05
2.38000000e+00	1.48980432e-03	5.28608026e-05
2.38500000e+00	1.49697176e-03	5.23997459e-05
2.39000000e+00	1.46652721e-03	5.13835120e-05
2.39500000e+00	1.46708756e-03	5.18213340e-05
2.40000000e+00	1.46874885e-03	5.25318175e-05
2.40500000e+00	1.45043555e-03	5.08936708e-05
2.41000000e+00	1.43475462e-03	5.04971015e-05
2.41500000e+00	1.43404282e-03	5.04680150e-05
2.42000000e+00	1.42069594e-03	5.07088407e-05
2.42500000e+00	1.41267236e-03	5.03625614e-05
2.43000000e+00	1.39427639e-03	4.92429695e-05
2.43500000e+00	1.38489861e-03	4.90001554e-05
2.44000000e+00	1.38025003e-03	4.90113491e-05
2.44500000e+00	1.36597672e-03	4.91232103e-05
2.45000000e+00	1.36053697e-03	4.80605867e-05
2.45500000e+00	1.34300153e-03	4.75760465e-05
2.46000000e+00	1.35629553e-03	4.82659224e-05
2.46500000e+00	1.33273006e-03	4.79609178e-05
2.47000000e+00	1.34842818e-03	4.80124574e-05
2.47500000e+00	1.32831077e-03	4.70915631e-05
2.48000000e+00	1.32911002e-03	4.75604176e-05
2.48500000e+00	1.30786722e-03	4.68186592e-05
2.49000000e+00	1.30087070e-03	4.71659897e-05
2.49500000e+00	1.29365247e-03	4.59502641e-05
2.50000000e+00	1.28567961e-03	4.58012239e-05
2.50500000e+00	1.27921425e-03	4.58992534e-05
2.51000000e+00	1.27886855e-03	4.61757719e-05
2.51500000e+00	1.25184764e-03	4.52973671e-05
2.52000000e+00	1.25963066e-03	4.51092099e-05
2.52500000e+00	1.24809001e-03	4.49542361e-05
2.53000000e+00	1.22209578e-03	4.43839615e-05
2.53500000e+00	1.23153236e-03	4.53491345e-05
2.54000000e+00	1.23054944e-03	4.45050292e-05
2.54500000e+00	1.21205205e-03	4.40042257e-05
2.55000000e+00	1.20243365e-03	4.38680334e-05
2.55500000e+00	1.22049357e-03	4.48911944e-05
2.56000000e+00	1.18581457e-03	4.38855599e-05
2.56500000e+00	1.19647176e-03	4.38814306e-05
2.57000000e+00	1.19061690e-03	4.38369948e-05
2.57500000e+00	1.17236527e-03	4.33716149e-05
2.58000000e+00	1.17465126e-03	4.41350077e-05
2.58500000e+00	1.16058410e-03	4.32371498e-05
2.59000000e+00	1.17096733e-03	4.34554866e-05
2.59500000e+00	1.15137780e-03	4.28786798e-05
2.60000000e+00	1.14900224e-03	4.31278221e-05
2.60500000e+00	1.15525019e-03	4.43047547e-05
2.61000000e+00	1.16470351e-03	5.09377521e-05
2.61500000e+00	1.16864440e-03	5.64368686e-05
2.62000000e+00	1.12753943e-03	6.00453607e-05
2.62500000e+00	1.10948840e-03	6.38844662e-05
2.63000000e+00	1.13455154e-03	7.20423220e-05
2.63500000e+00	1.11548899e-03	7.87543608e-05
2.64000000e+00	1.12373459e-03	8.74378279e-05
2.64500000e+00	1.12475188e-03	9.32546395e-05
2.65000000e+00	1.08661555e-03	9.59546754e-05
2.65500000e+00	1.10875723e-03	1.05359839e-04
2.66000000e+00	1.10933431e-03	1.12387976e-04
2.66500000e+00	1.08368137e-03	1.23797242e-04
2.67000000e+00	1.06607601e-03	1.31684075e-04
2.67500000e+00	1.13319175e-03	1.63129891e-04
2.68000000e+00	1.10190801e-03	1.83959294e-04
2.68500000e+00	1.10890236e-03	2.44926344e-04
2.69000000e+00	1.18769646e-03	4.33746999e-04
2.69500000e+00	0.00000000e+00	0.00000000e+00
2.70000000e+00	0.00000000e+00	0.00000000e+00
