% Filename : WDL7_00012_00011.h5
% Date & Time : 30-Oct-2025 14:46:42
% X-ray Energy (keV) : 13.30001
% Exposure Time (s) : 0.500
% Photodiode Value : 135753.000
% I0 of Sample : 0
% I0 of Standard : 1
% 
% q(A^-1)   I(q)    I(q)_SE
8.40000000e-01	0.00000000e+00	0.00000000e+00
8.45000000e-01	2.77483518e-03	4.85551822e-04
8.50000000e-01	2.58568062e-03	2.39789847e-04
8.55000000e-01	2.62475050e-03	2.14764087e-04
8.60000000e-01	2.56806632e-03	1.81837886e-04
8.65000000e-01	2.56874773e-03	1.67456584e-04
8.70000000e-01	2.56058000e-03	1.59204513e-04
8.75000000e-01	2.55398872e-03	1.52763113e-04
8.80000000e-01	2.58817190e-03	1.49540873e-04
8.85000000e-01	2.57483137e-03	1.40640499e-04
8.90000000e-01	2.60543543e-03	1.39379114e-04
8.95000000e-01	2.60329015e-03	1.35384597e-04
9.00000000e-01	2.58731809e-03	1.33345354e-04
9.05000000e-01	2.60974423e-03	1.28637145e-04
9.10000000e-01	2.61996541e-03	1.26711135e-04
9.15000000e-01	2.62046709e-03	1.24627484e-04
9.20000000e-01	2.61637057e-03	1.24472399e-04
9.25000000e-01	2.62855281e-03	1.19556391e-04
9.30000000e-01	2.64823574e-03	1.19146829e-04
9.35000000e-01	2.63796610e-03	1.16567845e-04
9.40000000e-01	2.64712442e-03	1.17150182e-04
9.45000000e-01	2.66543045e-03	1.15011445e-04
9.50000000e-01	2.67756733e-03	1.13964238e-04
9.55000000e-01	2.65603806e-03	1.10999829e-04
9.60000000e-01	2.67268674e-03	1.11843601e-04
9.65000000e-01	2.65986333e-03	1.09474664e-04
9.70000000e-01	2.69771337e-03	1.09214315e-04
9.75000000e-01	2.68666338e-03	1.07518661e-04
9.80000000e-01	2.71339932e-03	1.07708948e-04
9.85000000e-01	2.70102467e-03	1.07286687e-04
9.90000000e-01	2.67430517e-03	1.03079624e-04
9.95000000e-01	2.70351385e-03	1.03644769e-04
1.00000000e+00	2.71112502e-03	1.03440791e-04
1.00500000e+00	2.71416539e-03	1.03598308e-04
1.01000000e+00	2.69170432e-03	1.00533359e-04
1.01500000e+00	2.70988171e-03	1.00212295e-04
1.02000000e+00	2.70535814e-03	1.00125076e-04
1.02500000e+00	2.70762976e-03	9.88522161e-05
1.03000000e+00	2.68511664e-03	9.78438840e-05
1.03500000e+00	2.67800368e-03	9.61990598e-05
1.04000000e+00	2.68538143e-03	9.58699099e-05
1.04500000e+00	2.68472085e-03	9.58800773e-05
1.05000000e+00	2.65412987e-03	9.41405678e-05
1.05500000e+00	2.65510962e-03	9.27046404e-05
1.06000000e+00	2.67921917e-03	9.33255401e-05
1.06500000e+00	2.67832644e-03	9.34130749e-05
1.07000000e+00	2.68349734e-03	9.34162440e-05
1.07500000e+00	2.69069790e-03	9.29254714e-05
1.08000000e+00	2.66227760e-03	9.14540587e-05
1.08500000e+00	2.69590295e-03	9.27698067e-05
1.09000000e+00	2.71186196e-03	9.36975980e-05
1.09500000e+00	2.70681238e-03	9.17814703e-05
1.10000000e+00	2.71389723e-03	9.25838198e-05
1.10500000e+00	2.76138067e-03	9.45186061e-05
1.11000000e+00	2.73445676e-03	9.36782092e-05
1.11500000e+00	2.74270101e-03	9.33612154e-05
1.12000000e+00	2.74530256e-03	9.37316822e-05
1.12500000e+00	2.76189339e-03	9.41308319e-05
1.13000000e+00	2.77209076e-03	9.54960289e-05
1.13500000e+00	2.76157189e-03	9.40885023e-05
1.14000000e+00	2.81217916e-03	9.54932083e-05
1.14500000e+00	2.78426797e-03	9.54312475e-05
1.15000000e+00	2.77939766e-03	9.56495225e-05
1.15500000e+00	2.79446799e-03	9.52321147e-05
1.16000000e+00	2.83489855e-03	9.68941732e-05
1.16500000e+00	2.81488362e-03	9.61072741e-05
1.17000000e+00	2.80804513e-03	9.70800197e-05
1.17500000e+00	2.82661885e-03	9.63343984e-05
1.18000000e+00	2.84696936e-03	9.74127295e-05
1.18500000e+00	2.83115957e-03	9.67944943e-05
1.19000000e+00	2.83460208e-03	9.78504976e-05
1.19500000e+00	2.87080414e-03	9.79459387e-05
1.20000000e+00	2.85038077e-03	9.77831508e-05
1.20500000e+00	2.86130125e-03	9.80128484e-05
1.21000000e+00	2.84990045e-03	9.88706378e-05
1.21500000e+00	2.85828709e-03	9.76457456e-05
1.22000000e+00	2.84503670e-03	9.72639272e-05
1.22500000e+00	2.87115878e-03	9.85370381e-05
1.23000000e+00	2.85931341e-03	9.89403519e-05
1.23500000e+00	2.88679328e-03	9.91202382e-05
1.24000000e+00	2.86460725e-03	9.79190914e-05
1.24500000e+00	2.87539446e-03	9.90622263e-05
1.25000000e+00	2.87972098e-03	9.97761063e-05
1.25500000e+00	2.89098081e-03	9.89319440e-05
1.26000000e+00	2.88352323e-03	9.92500475e-05
1.26500000e+00	2.90255458e-03	9.95804501e-05
1.27000000e+00	2.87838298e-03	1.00211341e-04
1.27500000e+00	2.88581877e-03	9.94278665e-05
1.28000000e+00	2.88656474e-03	9.88603973e-05
1.28500000e+00	2.90502973e-03	1.00035852e-04
1.29000000e+00	2.88672784e-03	1.00277868e-04
1.29500000e+00	2.87762194e-03	9.89279466e-05
1.30000000e+00	2.87212030e-03	9.86244332e-05
1.30500000e+00	2.90379600e-03	1.00074611e-04
1.31000000e+00	2.85687145e-03	9.97122675e-05
1.31500000e+00	2.90459655e-03	1.00047400e-04
1.32000000e+00	2.88799676e-03	9.93113558e-05
1.32500000e+00	2.90987527e-03	1.00408624e-04
1.33000000e+00	2.90305758e-03	1.01414552e-04
1.33500000e+00	2.88362449e-03	9.92917591e-05
1.34000000e+00	2.89220461e-03	9.97043746e-05
1.34500000e+00	2.88572278e-03	9.97911447e-05
1.35000000e+00	2.86310002e-03	1.00007541e-04
1.35500000e+00	2.87224028e-03	9.90244566e-05
1.36000000e+00	2.89082501e-03	9.94600501e-05
1.36500000e+00	2.88113566e-03	9.93834542e-05
1.37000000e+00	2.89946938e-03	1.01570662e-04
1.37500000e+00	2.91240509e-03	1.00547773e-04
1.38000000e+00	2.88209924e-03	9.96685386e-05
1.38500000e+00	2.87637231e-03	9.99682048e-05
1.39000000e+00	2.88879178e-03	1.01006259e-04
1.39500000e+00	2.90691602e-03	1.00159823e-04
1.40000000e+00	2.91161494e-03	1.03413631e-04
1.40500000e+00	2.89548655e-03	1.10708712e-04
1.41000000e+00	2.86430403e-03	1.14623397e-04
1.41500000e+00	2.82266019e-03	1.16954088e-04
1.42000000e+00	2.82773317e-03	1.22103480e-04
1.42500000e+00	2.81605844e-03	1.25162726e-04
1.43000000e+00	2.80649476e-03	1.29452790e-04
1.43500000e+00	2.79377840e-03	1.32769020e-04
1.44000000e+00	2.78396652e-03	1.37337571e-04
1.44500000e+00	2.75462511e-03	1.39509294e-04
1.45000000e+00	2.84305191e-03	1.39150882e-04
1.45500000e+00	2.86451314e-03	1.25979564e-04
1.46000000e+00	2.83982699e-03	1.22142521e-04
1.46500000e+00	2.82844597e-03	1.19419769e-04
1.47000000e+00	2.84928320e-03	1.19992591e-04
1.47500000e+00	2.85203879e-03	1.16512231e-04
1.48000000e+00	2.85632740e-03	1.15609589e-04
1.48500000e+00	2.83589905e-03	1.14793631e-04
1.49000000e+00	2.84677515e-03	1.15593581e-04
1.49500000e+00	2.82612052e-03	1.12108566e-04
1.50000000e+00	2.84345831e-03	1.12381047e-04
1.50500000e+00	2.84856746e-03	1.13228650e-04
1.51000000e+00	2.85152246e-03	1.13520341e-04
1.51500000e+00	2.85796405e-03	1.12018430e-04
1.52000000e+00	2.86423089e-03	1.11889520e-04
1.52500000e+00	2.87796422e-03	1.12300217e-04
1.53000000e+00	2.88013423e-03	1.13063116e-04
1.53500000e+00	2.87913667e-03	1.09744098e-04
1.54000000e+00	2.87139299e-03	1.09347378e-04
1.54500000e+00	2.87050193e-03	1.09101904e-04
1.55000000e+00	2.84467392e-03	1.07746545e-04
1.55500000e+00	2.81249524e-03	1.04213334e-04
1.56000000e+00	2.81276823e-03	1.04372815e-04
1.56500000e+00	2.80977500e-03	1.03682717e-04
1.57000000e+00	2.79237874e-03	1.02307128e-04
1.57500000e+00	2.77593849e-03	1.00024021e-04
1.58000000e+00	2.79720357e-03	1.00449183e-04
1.58500000e+00	2.77939506e-03	9.98362164e-05
1.59000000e+00	2.75201323e-03	9.89191500e-05
1.59500000e+00	2.74884043e-03	9.69516595e-05
1.60000000e+00	2.74798030e-03	9.67993100e-05
1.60500000e+00	2.71881853e-03	9.58819078e-05
1.61000000e+00	2.73163526e-03	9.58592643e-05
1.61500000e+00	2.73277981e-03	9.51208633e-05
1.62000000e+00	2.71857739e-03	9.49852049e-05
1.62500000e+00	2.72058103e-03	9.62146468e-05
1.63000000e+00	2.70006477e-03	9.44222079e-05
1.63500000e+00	2.69313822e-03	9.41532064e-05
1.64000000e+00	2.68869511e-03	9.40886123e-05
1.64500000e+00	2.69093822e-03	9.51742485e-05
1.65000000e+00	2.68598648e-03	9.39667926e-05
1.65500000e+00	2.67301613e-03	9.34359269e-05
1.66000000e+00	2.67635081e-03	9.36224249e-05
1.66500000e+00	2.65985039e-03	9.46539425e-05
1.67000000e+00	2.67380224e-03	9.31749030e-05
1.67500000e+00	2.66323368e-03	9.30361910e-05
1.68000000e+00	2.66185210e-03	9.32058752e-05
1.68500000e+00	2.61635408e-03	9.31876831e-05
1.69000000e+00	2.62231284e-03	9.15521930e-05
1.69500000e+00	2.63272225e-03	9.17397429e-05
1.70000000e+00	2.64988878e-03	9.34061815e-05
1.70500000e+00	2.60191825e-03	9.22156318e-05
1.71000000e+00	2.61990717e-03	9.15221783e-05
1.71500000e+00	2.61055218e-03	9.12231408e-05
1.72000000e+00	2.61082660e-03	9.19641697e-05
1.72500000e+00	2.56848631e-03	9.09785120e-05
1.73000000e+00	2.56737216e-03	8.97820721e-05
1.73500000e+00	2.58020567e-03	9.04302942e-05
1.74000000e+00	2.56958945e-03	9.03101417e-05
1.74500000e+00	2.55610811e-03	9.09394743e-05
1.75000000e+00	2.57036293e-03	8.96916437e-05
1.75500000e+00	2.55103078e-03	8.95097040e-05
1.76000000e+00	2.55266098e-03	8.95246150e-05
1.76500000e+00	2.55339775e-03	9.08282023e-05
1.77000000e+00	2.54011398e-03	8.87878727e-05
1.77500000e+00	2.54674250e-03	8.92336374e-05
1.78000000e+00	2.51619100e-03	8.84268735e-05
1.78500000e+00	2.51797885e-03	8.93959525e-05
1.79000000e+00	2.48839035e-03	8.69039848e-05
1.79500000e+00	2.48673768e-03	8.71059353e-05
1.80000000e+00	2.47782687e-03	8.74091721e-05
1.80500000e+00	2.50196311e-03	8.88074661e-05
1.81000000e+00	2.45933102e-03	8.59937043e-05
1.81500000e+00	2.45714067e-03	8.58927418e-05
1.82000000e+00	2.43940760e-03	8.58530518e-05
1.82500000e+00	2.43692952e-03	8.63366846e-05
1.83000000e+00	2.46054299e-03	8.59964146e-05
1.83500000e+00	2.43759959e-03	8.53645724e-05
1.84000000e+00	2.41433864e-03	8.51340047e-05
1.84500000e+00	2.41598145e-03	8.56007041e-05
1.85000000e+00	2.42790449e-03	8.50335995e-05
1.85500000e+00	2.41324121e-03	8.45653802e-05
1.86000000e+00	2.39426561e-03	8.45002906e-05
1.86500000e+00	2.38116929e-03	8.42383836e-05
1.87000000e+00	2.39231948e-03	8.36869162e-05
1.87500000e+00	2.39113956e-03	8.38858598e-05
1.88000000e+00	2.36994902e-03	8.34642466e-05
1.88500000e+00	2.34282316e-03	8.30999611e-05
1.89000000e+00	2.35446145e-03	8.22924650e-05
1.89500000e+00	2.37054724e-03	8.33583184e-05
1.90000000e+00	2.35935634e-03	8.31832568e-05
1.90500000e+00	2.34594823e-03	8.28147980e-05
1.91000000e+00	2.33330293e-03	8.17821167e-05
1.91500000e+00	2.32776506e-03	8.16345571e-05
1.92000000e+00	2.34053777e-03	8.25391316e-05
1.92500000e+00	2.30393939e-03	8.13862645e-05
1.93000000e+00	2.29988914e-03	8.04855939e-05
1.93500000e+00	2.29424037e-03	8.05158055e-05
1.94000000e+00	2.28107022e-03	8.07350376e-05
1.94500000e+00	2.29193487e-03	8.08584653e-05
1.95000000e+00	2.29091900e-03	8.00323786e-05
1.95500000e+00	2.25735702e-03	7.92089837e-05
1.96000000e+00	2.26468459e-03	7.99882183e-05
1.96500000e+00	2.25230521e-03	7.95932617e-05
1.97000000e+00	2.25064386e-03	7.86468149e-05
1.97500000e+00	2.24115686e-03	7.87930402e-05
1.98000000e+00	2.21992228e-03	7.83806792e-05
1.98500000e+00	2.22114977e-03	7.85661508e-05
1.99000000e+00	2.20992832e-03	7.72168736e-05
1.99500000e+00	2.22227966e-03	7.79853482e-05
2.00000000e+00	2.18608789e-03	7.73168955e-05
2.00500000e+00	2.20513016e-03	7.80190508e-05
2.01000000e+00	2.19612368e-03	8.53818894e-05
2.01500000e+00	2.18038224e-03	8.99597960e-05
2.02000000e+00	2.15527387e-03	9.48737890e-05
2.02500000e+00	2.16755245e-03	9.91192062e-05
2.03000000e+00	2.12545812e-03	1.02898865e-04
2.03500000e+00	2.11039668e-03	1.06807301e-04
2.04000000e+00	2.09805719e-03	1.10992386e-04
2.04500000e+00	2.08100043e-03	1.15829444e-04
2.05000000e+00	2.06756249e-03	1.20649177e-04
2.05500000e+00	2.09949727e-03	1.20277699e-04
2.06000000e+00	2.10723368e-03	1.04849995e-04
2.06500000e+00	2.07274479e-03	9.86147362e-05
2.07000000e+00	2.08196403e-03	9.39224277e-05
2.07500000e+00	2.09305305e-03	9.22092696e-05
2.08000000e+00	2.09328886e-03	9.19815318e-05
2.08500000e+00	2.07072230e-03	9.01764898e-05
2.09000000e+00	2.06767414e-03	8.73993274e-05
2.09500000e+00	2.08917463e-03	8.73483883e-05
2.10000000e+00	2.05446135e-03	8.53183127e-05
2.10500000e+00	2.05684182e-03	8.51552950e-05
2.11000000e+00	2.03372662e-03	8.10780347e-05
2.11500000e+00	2.04785659e-03	8.09060613e-05
2.12000000e+00	2.02303158e-03	7.94258282e-05
2.12500000e+00	2.00849304e-03	7.86525315e-05
2.13000000e+00	1.97483235e-03	7.41496196e-05
2.13500000e+00	1.95964711e-03	7.27762905e-05
2.14000000e+00	1.94823573e-03	7.17264479e-05
2.14500000e+00	1.94888477e-03	7.19151137e-05
2.15000000e+00	1.95181417e-03	6.96533018e-05
2.15500000e+00	1.92772261e-03	6.89497175e-05
2.16000000e+00	1.92084694e-03	6.83067016e-05
2.16500000e+00	1.93234571e-03	6.91684245e-05
2.17000000e+00	1.92110144e-03	6.71533022e-05
2.17500000e+00	1.90281586e-03	6.66436504e-05
2.18000000e+00	1.86925908e-03	6.57476389e-05
2.18500000e+00	1.86378302e-03	6.57909307e-05
2.19000000e+00	1.86064326e-03	6.55827483e-05
2.19500000e+00	1.87640976e-03	6.56708427e-05
2.20000000e+00	1.85138164e-03	6.51220068e-05
2.20500000e+00	1.84854420e-03	6.50418959e-05
2.21000000e+00	1.83689355e-03	6.50579249e-05
2.21500000e+00	1.84173749e-03	6.45214384e-05
2.22000000e+00	1.80666184e-03	6.31897075e-05
2.22500000e+00	1.80022752e-03	6.35150822e-05
2.23000000e+00	1.80089511e-03	6.38810436e-05
2.23500000e+00	1.77713991e-03	6.22685384e-05
2.24000000e+00	1.79370705e-03	6.27663786e-05
2.24500000e+00	1.78807113e-03	6.29681208e-05
2.25000000e+00	1.75188051e-03	6.23308883e-05
2.25500000e+00	1.73646941e-03	6.06016078e-05
2.26000000e+00	1.72764889e-03	6.05256704e-05
2.26500000e+00	1.72699357e-03	6.06684560e-05
2.27000000e+00	1.70751322e-03	6.09096096e-05
2.27500000e+00	1.71359003e-03	5.98946639e-05
2.28000000e+00	1.70283326e-03	5.95195279e-05
2.28500000e+00	1.68431139e-03	5.92500576e-05
2.29000000e+00	1.66655726e-03	5.90387084e-05
2.29500000e+00	1.64139262e-03	5.79040161e-05
2.30000000e+00	1.67026700e-03	5.83447157e-05
2.30500000e+00	1.63445936e-03	5.72486868e-05
2.31000000e+00	1.61675426e-03	5.70119539e-05
2.31500000e+00	1.62150349e-03	5.75695797e-05
2.32000000e+00	1.61941100e-03	5.63114143e-05
2.32500000e+00	1.58191434e-03	5.54681404e-05
2.33000000e+00	1.58665723e-03	5.58239546e-05
2.33500000e+00	1.59931891e-03	5.68138424e-05
2.34000000e+00	1.58101542e-03	5.51921593e-05
2.34500000e+00	1.58537511e-03	5.53322654e-05
2.35000000e+00	1.55443799e-03	5.44514279e-05
2.35500000e+00	1.54960855e-03	5.50225469e-05
2.36000000e+00	1.55675147e-03	5.45089627e-05
2.36500000e+00	1.51679156e-03	5.30830401e-05
2.37000000e+00	1.52342727e-03	5.33627371e-05
2.37500000e+00	1.51426989e-03	5.34296649e-05
2.38000000e+00	1.50412194e-03	5.33878754e-05
2.38500000e+00	1.49634869e-03	5.23084096e-05
2.39000000e+00	1.48043682e-03	5.20132793e-05
2.39500000e+00	1.46171732e-03	5.15153092e-05
2.40000000e+00	1.47582666e-03	5.28476971e-05
2.40500000e+00	1.44659376e-03	5.07469540e-05
2.41000000e+00	1.44729207e-03	5.09723423e-05
2.41500000e+00	1.44831186e-03	5.09330425e-05
2.42000000e+00	1.42410414e-03	5.08705292e-05
2.42500000e+00	1.43220673e-03	5.11221520e-05
2.43000000e+00	1.41857205e-03	5.00685422e-05
2.43500000e+00	1.40201080e-03	4.96832315e-05
2.44000000e+00	1.41635921e-03	5.02568367e-05
2.44500000e+00	1.39704611e-03	5.02383556e-05
2.45000000e+00	1.38150427e-03	4.88335370e-05
2.45500000e+00	1.37282824e-03	4.87011420e-05
2.46000000e+00	1.36042938e-03	4.83778449e-05
2.46500000e+00	1.35802330e-03	4.88664420e-05
2.47000000e+00	1.35517352e-03	4.82010224e-05
2.47500000e+00	1.34908653e-03	4.78287780e-05
2.48000000e+00	1.32639178e-03	4.74321445e-05
2.48500000e+00	1.31763912e-03	4.70630488e-05
2.49000000e+00	1.30407446e-03	4.73541130e-05
2.49500000e+00	1.30788140e-03	4.65005137e-05
2.50000000e+00	1.30781105e-03	4.66326608e-05
2.50500000e+00	1.28919661e-03	4.61859723e-05
2.51000000e+00	1.30812095e-03	4.72097223e-05
2.51500000e+00	1.28218052e-03	4.63922736e-05
2.52000000e+00	1.27453484e-03	4.56964962e-05
2.52500000e+00	1.25691404e-03	4.53213190e-05
2.53000000e+00	1.26076784e-03	4.58849663e-05
2.53500000e+00	1.24942522e-03	4.59983304e-05
2.54000000e+00	1.23797828e-03	4.47537293e-05
2.54500000e+00	1.22757728e-03	4.46260805e-05
2.55000000e+00	1.22470213e-03	4.47187258e-05
2.55500000e+00	1.21204012e-03	4.46121263e-05
2.56000000e+00	1.23062885e-03	4.55185317e-05
2.56500000e+00	1.21017874e-03	4.44183197e-05
2.57000000e+00	1.20474746e-03	4.44118100e-05
2.57500000e+00	1.19975565e-03	4.43189598e-05
2.58000000e+00	1.16455891e-03	4.37273701e-05
2.58500000e+00	1.19065624e-03	4.43947844e-05
2.59000000e+00	1.18015790e-03	4.38471751e-05
2.59500000e+00	1.17789846e-03	4.39121896e-05
2.60000000e+00	1.17698669e-03	4.41957833e-05
2.60500000e+00	1.18133504e-03	4.53054608e-05
2.61000000e+00	1.17094897e-03	5.13868443e-05
2.61500000e+00	1.16507635e-03	5.64452253e-05
2.62000000e+00	1.14629981e-03	6.11114062e-05
2.62500000e+00	1.15093816e-03	6.62608675e-05
2.63000000e+00	1.15931122e-03	7.36838301e-05
2.63500000e+00	1.09725069e-03	7.74431639e-05
2.64000000e+00	1.15586825e-03	8.97982593e-05
2.64500000e+00	1.13855858e-03	9.43219565e-05
2.65000000e+00	1.15029282e-03	1.01224410e-04
2.65500000e+00	1.14654640e-03	1.08017348e-04
2.66000000e+00	1.10650827e-03	1.12139837e-04
2.66500000e+00	1.10872419e-03	1.25940308e-04
2.67000000e+00	1.07346809e-03	1.32904924e-04
2.67500000e+00	1.08978988e-03	1.56872615e-04
2.68000000e+00	1.06401414e-03	1.78058475e-04
2.68500000e+00	1.13966875e-03	2.52978254e-04
2.69000000e+00	1.08099252e-03	3.90583644e-04
2.69500000e+00	0.00000000e+00	0.00000000e+00
2.70000000e+00	0.00000000e+00	0.00000000e+00
