% Filename : WDL7_00012_00041.h5
% Date & Time : 30-Oct-2025 14:48:31
% X-ray Energy (keV) : 13.30001
% Exposure Time (s) : 0.500
% Photodiode Value : 136088.000
% I0 of Sample : 0
% I0 of Standard : 1
% 
% q(A^-1)   I(q)    I(q)_SE
8.40000000e-01	0.00000000e+00	0.00000000e+00
8.45000000e-01	2.78680100e-03	4.88152544e-04
8.50000000e-01	2.65464813e-03	2.46312590e-04
8.55000000e-01	2.62155334e-03	2.14702682e-04
8.60000000e-01	2.61552080e-03	1.85202017e-04
8.65000000e-01	2.56240086e-03	1.67112583e-04
8.70000000e-01	2.59591642e-03	1.61273342e-04
8.75000000e-01	2.58899454e-03	1.54823533e-04
8.80000000e-01	2.59673643e-03	1.50049865e-04
8.85000000e-01	2.67566468e-03	1.46305451e-04
8.90000000e-01	2.66573641e-03	1.42656130e-04
8.95000000e-01	2.65331362e-03	1.37934422e-04
9.00000000e-01	2.64838395e-03	1.36316464e-04
9.05000000e-01	2.63813586e-03	1.29985050e-04
9.10000000e-01	2.65062870e-03	1.28136168e-04
9.15000000e-01	2.67474089e-03	1.27420823e-04
9.20000000e-01	2.68600355e-03	1.27629194e-04
9.25000000e-01	2.66948244e-03	1.21366864e-04
9.30000000e-01	2.70356133e-03	1.21580952e-04
9.35000000e-01	2.70771095e-03	1.19561843e-04
9.40000000e-01	2.72337261e-03	1.20644351e-04
9.45000000e-01	2.70358832e-03	1.16674777e-04
9.50000000e-01	2.72948344e-03	1.16125938e-04
9.55000000e-01	2.72226740e-03	1.13762515e-04
9.60000000e-01	2.73672694e-03	1.14448896e-04
9.65000000e-01	2.73297791e-03	1.12467092e-04
9.70000000e-01	2.72427859e-03	1.10382177e-04
9.75000000e-01	2.74025688e-03	1.09736927e-04
9.80000000e-01	2.70685066e-03	1.07458622e-04
9.85000000e-01	2.71350208e-03	1.07849426e-04
9.90000000e-01	2.75453079e-03	1.06046469e-04
9.95000000e-01	2.75377388e-03	1.05589156e-04
1.00000000e+00	2.74932674e-03	1.04774698e-04
1.00500000e+00	2.75477633e-03	1.05157378e-04
1.01000000e+00	2.74999703e-03	1.02741443e-04
1.01500000e+00	2.75154300e-03	1.01685218e-04
1.02000000e+00	2.76647372e-03	1.02409007e-04
1.02500000e+00	2.73876305e-03	1.00115742e-04
1.03000000e+00	2.70622659e-03	9.84884239e-05
1.03500000e+00	2.72484275e-03	9.78632405e-05
1.04000000e+00	2.72184574e-03	9.71641197e-05
1.04500000e+00	2.71031011e-03	9.68070122e-05
1.05000000e+00	2.71171842e-03	9.61706845e-05
1.05500000e+00	2.70991867e-03	9.46379652e-05
1.06000000e+00	2.69334524e-03	9.38097245e-05
1.06500000e+00	2.72228312e-03	9.49132504e-05
1.07000000e+00	2.72712505e-03	9.49654731e-05
1.07500000e+00	2.74323364e-03	9.47344024e-05
1.08000000e+00	2.74572679e-03	9.42642989e-05
1.08500000e+00	2.74283479e-03	9.42900852e-05
1.09000000e+00	2.73900964e-03	9.47147757e-05
1.09500000e+00	2.74247824e-03	9.30008658e-05
1.10000000e+00	2.76154999e-03	9.41661484e-05
1.10500000e+00	2.76070953e-03	9.43874267e-05
1.11000000e+00	2.77837955e-03	9.52242693e-05
1.11500000e+00	2.77469516e-03	9.44143237e-05
1.12000000e+00	2.81302494e-03	9.59871593e-05
1.12500000e+00	2.79866820e-03	9.52786866e-05
1.13000000e+00	2.80949667e-03	9.67663338e-05
1.13500000e+00	2.82557193e-03	9.62887090e-05
1.14000000e+00	2.82224347e-03	9.59154024e-05
1.14500000e+00	2.82291099e-03	9.67107947e-05
1.15000000e+00	2.83257824e-03	9.75737873e-05
1.15500000e+00	2.84639902e-03	9.70944756e-05
1.16000000e+00	2.85225627e-03	9.75804285e-05
1.16500000e+00	2.86934258e-03	9.79348502e-05
1.17000000e+00	2.85566187e-03	9.87245867e-05
1.17500000e+00	2.87915344e-03	9.80912977e-05
1.18000000e+00	2.84528023e-03	9.74417276e-05
1.18500000e+00	2.86599497e-03	9.79822315e-05
1.19000000e+00	2.88133599e-03	9.94897791e-05
1.19500000e+00	2.89730075e-03	9.89065293e-05
1.20000000e+00	2.89666129e-03	9.93778247e-05
1.20500000e+00	2.90062084e-03	9.94139219e-05
1.21000000e+00	2.91946626e-03	1.01376831e-04
1.21500000e+00	2.89191150e-03	9.87254115e-05
1.22000000e+00	2.90148341e-03	9.91877727e-05
1.22500000e+00	2.90072242e-03	9.95057197e-05
1.23000000e+00	2.90202773e-03	1.00298167e-04
1.23500000e+00	2.92633358e-03	1.00560490e-04
1.24000000e+00	2.90245462e-03	9.92748666e-05
1.24500000e+00	2.92582191e-03	1.00794686e-04
1.25000000e+00	2.90707011e-03	1.00645745e-04
1.25500000e+00	2.90641258e-03	9.95225064e-05
1.26000000e+00	2.92030728e-03	1.00512866e-04
1.26500000e+00	2.90775529e-03	9.97916537e-05
1.27000000e+00	2.91575738e-03	1.01538668e-04
1.27500000e+00	2.92577295e-03	1.00849350e-04
1.28000000e+00	2.92666114e-03	1.00191309e-04
1.28500000e+00	2.93315691e-03	1.01008809e-04
1.29000000e+00	2.89754111e-03	1.00709383e-04
1.29500000e+00	2.92319464e-03	1.00454573e-04
1.30000000e+00	2.94448208e-03	1.01038980e-04
1.30500000e+00	2.92810228e-03	1.00875282e-04
1.31000000e+00	2.95053294e-03	1.02910037e-04
1.31500000e+00	2.93633647e-03	1.01186324e-04
1.32000000e+00	2.91606539e-03	1.00329251e-04
1.32500000e+00	2.94522981e-03	1.01614506e-04
1.33000000e+00	2.89272660e-03	1.00961236e-04
1.33500000e+00	2.93172626e-03	1.00949719e-04
1.34000000e+00	2.92168801e-03	1.00758697e-04
1.34500000e+00	2.93213948e-03	1.01423443e-04
1.35000000e+00	2.92435966e-03	1.02105575e-04
1.35500000e+00	2.92950580e-03	1.00942593e-04
1.36000000e+00	2.91111775e-03	1.00106694e-04
1.36500000e+00	2.92105717e-03	1.00863410e-04
1.37000000e+00	2.89993700e-03	1.01637870e-04
1.37500000e+00	2.92274897e-03	1.00739755e-04
1.38000000e+00	2.89593781e-03	1.00079109e-04
1.38500000e+00	2.90178424e-03	1.00771844e-04
1.39000000e+00	2.91642233e-03	1.02064926e-04
1.39500000e+00	2.90627116e-03	1.00166441e-04
1.40000000e+00	2.93370514e-03	1.04281845e-04
1.40500000e+00	2.88218945e-03	1.10234951e-04
1.41000000e+00	2.86576675e-03	1.14610571e-04
1.41500000e+00	2.85792664e-03	1.18547333e-04
1.42000000e+00	2.88021533e-03	1.24236299e-04
1.42500000e+00	2.84026388e-03	1.26164122e-04
1.43000000e+00	2.82138359e-03	1.30159786e-04
1.43500000e+00	2.80316569e-03	1.33235233e-04
1.44000000e+00	2.79800563e-03	1.38254268e-04
1.44500000e+00	2.79544900e-03	1.41492132e-04
1.45000000e+00	2.84734993e-03	1.39392600e-04
1.45500000e+00	2.90509540e-03	1.27813515e-04
1.46000000e+00	2.86709670e-03	1.23286197e-04
1.46500000e+00	2.85767124e-03	1.20761801e-04
1.47000000e+00	2.88402247e-03	1.21510864e-04
1.47500000e+00	2.85350903e-03	1.16713685e-04
1.48000000e+00	2.87064133e-03	1.16143056e-04
1.48500000e+00	2.87167575e-03	1.16269524e-04
1.49000000e+00	2.84666698e-03	1.15439421e-04
1.49500000e+00	2.86984343e-03	1.13931436e-04
1.50000000e+00	2.88927219e-03	1.14153716e-04
1.50500000e+00	2.87066866e-03	1.14186029e-04
1.51000000e+00	2.87690348e-03	1.14658927e-04
1.51500000e+00	2.88338688e-03	1.12962749e-04
1.52000000e+00	2.88681687e-03	1.12732178e-04
1.52500000e+00	2.90806231e-03	1.13353644e-04
1.53000000e+00	2.87839086e-03	1.12969815e-04
1.53500000e+00	2.88811389e-03	1.10048847e-04
1.54000000e+00	2.88875605e-03	1.09945802e-04
1.54500000e+00	2.85653283e-03	1.08517728e-04
1.55000000e+00	2.85812726e-03	1.08339918e-04
1.55500000e+00	2.80591581e-03	1.03891185e-04
1.56000000e+00	2.81386812e-03	1.04469477e-04
1.56500000e+00	2.81981110e-03	1.04166549e-04
1.57000000e+00	2.80566026e-03	1.02966577e-04
1.57500000e+00	2.78587549e-03	1.00197941e-04
1.58000000e+00	2.78143894e-03	9.99062315e-05
1.58500000e+00	2.77269846e-03	9.95737396e-05
1.59000000e+00	2.75141023e-03	9.89191968e-05
1.59500000e+00	2.74783979e-03	9.69886882e-05
1.60000000e+00	2.76599257e-03	9.74594634e-05
1.60500000e+00	2.74389943e-03	9.68071545e-05
1.61000000e+00	2.73981134e-03	9.62058746e-05
1.61500000e+00	2.71683721e-03	9.45468515e-05
1.62000000e+00	2.73543165e-03	9.55725550e-05
1.62500000e+00	2.70556138e-03	9.56433466e-05
1.63000000e+00	2.70203484e-03	9.45244174e-05
1.63500000e+00	2.73162678e-03	9.55093011e-05
1.64000000e+00	2.70395966e-03	9.46081228e-05
1.64500000e+00	2.70266792e-03	9.55465967e-05
1.65000000e+00	2.70393253e-03	9.45205533e-05
1.65500000e+00	2.67867042e-03	9.36602272e-05
1.66000000e+00	2.70296869e-03	9.44873538e-05
1.66500000e+00	2.66966062e-03	9.49679993e-05
1.67000000e+00	2.65418907e-03	9.25106945e-05
1.67500000e+00	2.66391077e-03	9.30283270e-05
1.68000000e+00	2.65468008e-03	9.29707256e-05
1.68500000e+00	2.64518427e-03	9.41298213e-05
1.69000000e+00	2.64681891e-03	9.24557654e-05
1.69500000e+00	2.64532962e-03	9.22634798e-05
1.70000000e+00	2.61803664e-03	9.22922057e-05
1.70500000e+00	2.63908165e-03	9.34353816e-05
1.71000000e+00	2.62753905e-03	9.18132909e-05
1.71500000e+00	2.60581806e-03	9.10537310e-05
1.72000000e+00	2.58787842e-03	9.11876948e-05
1.72500000e+00	2.59440385e-03	9.19174778e-05
1.73000000e+00	2.60493351e-03	9.10158949e-05
1.73500000e+00	2.57548307e-03	9.03033907e-05
1.74000000e+00	2.59662848e-03	9.12300683e-05
1.74500000e+00	2.58983170e-03	9.21043907e-05
1.75000000e+00	2.56900226e-03	8.95326709e-05
1.75500000e+00	2.56264906e-03	8.99202517e-05
1.76000000e+00	2.54198619e-03	8.92152979e-05
1.76500000e+00	2.56438015e-03	9.11970430e-05
1.77000000e+00	2.54459316e-03	8.89050277e-05
1.77500000e+00	2.53618468e-03	8.88835144e-05
1.78000000e+00	2.52067738e-03	8.86056740e-05
1.78500000e+00	2.51551038e-03	8.93777904e-05
1.79000000e+00	2.53931003e-03	8.86964763e-05
1.79500000e+00	2.49107546e-03	8.73169780e-05
1.80000000e+00	2.50434134e-03	8.82639684e-05
1.80500000e+00	2.48049200e-03	8.80087173e-05
1.81000000e+00	2.48101978e-03	8.67019417e-05
1.81500000e+00	2.48254641e-03	8.68147740e-05
1.82000000e+00	2.47107347e-03	8.70085473e-05
1.82500000e+00	2.47926963e-03	8.79044115e-05
1.83000000e+00	2.45891494e-03	8.60183175e-05
1.83500000e+00	2.45697353e-03	8.61213912e-05
1.84000000e+00	2.44341372e-03	8.61018405e-05
1.84500000e+00	2.44770422e-03	8.66877231e-05
1.85000000e+00	2.42330053e-03	8.48007570e-05
1.85500000e+00	2.42872788e-03	8.50974632e-05
1.86000000e+00	2.41233465e-03	8.50146385e-05
1.86500000e+00	2.41962794e-03	8.56002017e-05
1.87000000e+00	2.41718765e-03	8.45913534e-05
1.87500000e+00	2.41883197e-03	8.48841851e-05
1.88000000e+00	2.39297077e-03	8.43433629e-05
1.88500000e+00	2.38613675e-03	8.45492159e-05
1.89000000e+00	2.37088446e-03	8.29101751e-05
1.89500000e+00	2.38186836e-03	8.37901919e-05
1.90000000e+00	2.35518142e-03	8.30392334e-05
1.90500000e+00	2.36589013e-03	8.34704729e-05
1.91000000e+00	2.34836489e-03	8.23798292e-05
1.91500000e+00	2.33478813e-03	8.18552178e-05
1.92000000e+00	2.33536810e-03	8.23639063e-05
1.92500000e+00	2.32984160e-03	8.23077997e-05
1.93000000e+00	2.33388572e-03	8.16321200e-05
1.93500000e+00	2.29687191e-03	8.05465631e-05
1.94000000e+00	2.30714945e-03	8.16573137e-05
1.94500000e+00	2.28164619e-03	8.04804175e-05
1.95000000e+00	2.28010794e-03	7.97670762e-05
1.95500000e+00	2.28650034e-03	8.02462379e-05
1.96000000e+00	2.27214682e-03	8.03053048e-05
1.96500000e+00	2.26127315e-03	7.99240697e-05
1.97000000e+00	2.26137439e-03	7.89925420e-05
1.97500000e+00	2.25138893e-03	7.91077199e-05
1.98000000e+00	2.23679202e-03	7.89793476e-05
1.98500000e+00	2.23748775e-03	7.91108177e-05
1.99000000e+00	2.24735087e-03	7.84604222e-05
1.99500000e+00	2.22834267e-03	7.81678656e-05
2.00000000e+00	2.21869589e-03	7.83894364e-05
2.00500000e+00	2.24816021e-03	7.95149717e-05
2.01000000e+00	2.20776852e-03	8.58000268e-05
2.01500000e+00	2.20560945e-03	9.08679896e-05
2.02000000e+00	2.18612892e-03	9.61493736e-05
2.02500000e+00	2.14513350e-03	9.81621894e-05
2.03000000e+00	2.14242640e-03	1.03615217e-04
2.03500000e+00	2.12837326e-03	1.07606429e-04
2.04000000e+00	2.10237506e-03	1.11095137e-04
2.04500000e+00	2.10288231e-03	1.16858612e-04
2.05000000e+00	2.09103996e-03	1.22108598e-04
2.05500000e+00	2.11770188e-03	1.21194491e-04
2.06000000e+00	2.15411200e-03	1.07281869e-04
2.06500000e+00	2.11301198e-03	1.00539512e-04
2.07000000e+00	2.11211560e-03	9.51549422e-05
2.07500000e+00	2.10089047e-03	9.25261580e-05
2.08000000e+00	2.10936011e-03	9.27540680e-05
2.08500000e+00	2.10004173e-03	9.14761458e-05
2.09000000e+00	2.11106294e-03	8.92059070e-05
2.09500000e+00	2.12203623e-03	8.86827546e-05
2.10000000e+00	2.10252571e-03	8.72629581e-05
2.10500000e+00	2.08963288e-03	8.64835196e-05
2.11000000e+00	2.07573166e-03	8.28086046e-05
2.11500000e+00	2.06527897e-03	8.15420846e-05
2.12000000e+00	2.04249417e-03	8.02023881e-05
2.12500000e+00	2.00586181e-03	7.85738137e-05
2.13000000e+00	2.01677924e-03	7.57828746e-05
2.13500000e+00	1.98794917e-03	7.38439070e-05
2.14000000e+00	1.97483558e-03	7.26824023e-05
2.14500000e+00	1.98217399e-03	7.31561417e-05
2.15000000e+00	1.96604358e-03	7.01419960e-05
2.15500000e+00	1.95202885e-03	6.97626210e-05
2.16000000e+00	1.94268092e-03	6.91448527e-05
2.16500000e+00	1.93228820e-03	6.91718711e-05
2.17000000e+00	1.92704783e-03	6.73610900e-05
2.17500000e+00	1.92852197e-03	6.75308700e-05
2.18000000e+00	1.90281797e-03	6.69198989e-05
2.18500000e+00	1.90251616e-03	6.72010521e-05
2.19000000e+00	1.89958997e-03	6.69292763e-05
2.19500000e+00	1.88335171e-03	6.59923322e-05
2.20000000e+00	1.87917790e-03	6.60313840e-05
2.20500000e+00	1.85956231e-03	6.54698386e-05
2.21000000e+00	1.87116010e-03	6.62341578e-05
2.21500000e+00	1.83857626e-03	6.44002696e-05
2.22000000e+00	1.84222130e-03	6.43727501e-05
2.22500000e+00	1.83453519e-03	6.47202321e-05
2.23000000e+00	1.80769177e-03	6.40984681e-05
2.23500000e+00	1.80746357e-03	6.32222985e-05
2.24000000e+00	1.78197462e-03	6.23502976e-05
2.24500000e+00	1.78709333e-03	6.30158664e-05
2.25000000e+00	1.78243534e-03	6.34063874e-05
2.25500000e+00	1.76669194e-03	6.17079380e-05
2.26000000e+00	1.75158583e-03	6.13333878e-05
2.26500000e+00	1.74346460e-03	6.13708920e-05
2.27000000e+00	1.73096701e-03	6.17709902e-05
2.27500000e+00	1.71718765e-03	6.00200328e-05
2.28000000e+00	1.70495028e-03	5.96099400e-05
2.28500000e+00	1.67757852e-03	5.90153174e-05
2.29000000e+00	1.67889955e-03	5.94052365e-05
2.29500000e+00	1.67639363e-03	5.91333348e-05
2.30000000e+00	1.64508447e-03	5.75439665e-05
2.30500000e+00	1.65542767e-03	5.80638537e-05
2.31000000e+00	1.62549835e-03	5.72446275e-05
2.31500000e+00	1.64636529e-03	5.84118294e-05
2.32000000e+00	1.63345875e-03	5.67432626e-05
2.32500000e+00	1.60243227e-03	5.62554839e-05
2.33000000e+00	1.60759936e-03	5.65029746e-05
2.33500000e+00	1.58916205e-03	5.64581311e-05
2.34000000e+00	1.57751379e-03	5.49851510e-05
2.34500000e+00	1.57003104e-03	5.48172360e-05
2.35000000e+00	1.56026678e-03	5.47097777e-05
2.35500000e+00	1.53698452e-03	5.45866963e-05
2.36000000e+00	1.54180655e-03	5.39984390e-05
2.36500000e+00	1.51805794e-03	5.31432375e-05
2.37000000e+00	1.52066391e-03	5.32856592e-05
2.37500000e+00	1.52426273e-03	5.38861349e-05
2.38000000e+00	1.51405176e-03	5.37268905e-05
2.38500000e+00	1.49766105e-03	5.24265805e-05
2.39000000e+00	1.49118912e-03	5.23509216e-05
2.39500000e+00	1.47836650e-03	5.21926918e-05
2.40000000e+00	1.45493349e-03	5.20151241e-05
2.40500000e+00	1.45610616e-03	5.10769652e-05
2.41000000e+00	1.46291849e-03	5.15210367e-05
2.41500000e+00	1.44795965e-03	5.10260701e-05
2.42000000e+00	1.42987702e-03	5.09925949e-05
2.42500000e+00	1.42222398e-03	5.06543651e-05
2.43000000e+00	1.40979853e-03	4.97492398e-05
2.43500000e+00	1.40974004e-03	4.99394438e-05
2.44000000e+00	1.39893393e-03	4.96313023e-05
2.44500000e+00	1.39252408e-03	5.00401407e-05
2.45000000e+00	1.37907822e-03	4.86903006e-05
2.45500000e+00	1.37466533e-03	4.87057229e-05
2.46000000e+00	1.36298092e-03	4.85231195e-05
2.46500000e+00	1.36074554e-03	4.90044928e-05
2.47000000e+00	1.34491052e-03	4.79236200e-05
2.47500000e+00	1.34474489e-03	4.76377521e-05
2.48000000e+00	1.31514169e-03	4.70350610e-05
2.48500000e+00	1.32305091e-03	4.73136562e-05
2.49000000e+00	1.32659236e-03	4.80609813e-05
2.49500000e+00	1.30239539e-03	4.63320988e-05
2.50000000e+00	1.30331347e-03	4.64511858e-05
2.50500000e+00	1.28883738e-03	4.62069967e-05
2.51000000e+00	1.28306868e-03	4.62913243e-05
2.51500000e+00	1.28147451e-03	4.63652055e-05
2.52000000e+00	1.27446424e-03	4.56515546e-05
2.52500000e+00	1.26539418e-03	4.55699774e-05
2.53000000e+00	1.26896066e-03	4.61055232e-05
2.53500000e+00	1.25648652e-03	4.62588703e-05
2.54000000e+00	1.25094917e-03	4.52013245e-05
2.54500000e+00	1.24021097e-03	4.51090262e-05
2.55000000e+00	1.22655015e-03	4.47856967e-05
2.55500000e+00	1.21515209e-03	4.47207436e-05
2.56000000e+00	1.22067847e-03	4.51654813e-05
2.56500000e+00	1.22139381e-03	4.47740390e-05
2.57000000e+00	1.21680385e-03	4.47716649e-05
2.57500000e+00	1.19066870e-03	4.39762885e-05
2.58000000e+00	1.20094175e-03	4.50182974e-05
2.58500000e+00	1.16439605e-03	4.34287650e-05
2.59000000e+00	1.17687861e-03	4.36428516e-05
2.59500000e+00	1.15739368e-03	4.31848728e-05
2.60000000e+00	1.17068364e-03	4.40268732e-05
2.60500000e+00	1.16684910e-03	4.48256494e-05
2.61000000e+00	1.16470228e-03	5.09114623e-05
2.61500000e+00	1.15670498e-03	5.59252121e-05
2.62000000e+00	1.15203803e-03	6.12974550e-05
2.62500000e+00	1.13769751e-03	6.55997475e-05
2.63000000e+00	1.13741212e-03	7.23824579e-05
2.63500000e+00	1.13671609e-03	8.03704682e-05
2.64000000e+00	1.11701833e-03	8.69621406e-05
2.64500000e+00	1.10407366e-03	9.20943378e-05
2.65000000e+00	1.10780045e-03	9.75304384e-05
2.65500000e+00	1.12838740e-03	1.06901381e-04
2.66000000e+00	1.11197365e-03	1.13096500e-04
2.66500000e+00	1.10447741e-03	1.25690034e-04
2.67000000e+00	1.06897425e-03	1.31985525e-04
2.67500000e+00	1.09869046e-03	1.57495904e-04
2.68000000e+00	1.06250940e-03	1.78200645e-04
2.68500000e+00	1.08358972e-03	2.40871213e-04
2.69000000e+00	1.21825350e-03	4.37329921e-04
2.69500000e+00	0.00000000e+00	0.00000000e+00
2.70000000e+00	0.00000000e+00	0.00000000e+00
