% Filename : WDL7_00012_00175.h5
% Date & Time : 30-Oct-2025 14:56:38
% X-ray Energy (keV) : 13.30001
% Exposure Time (s) : 0.500
% Photodiode Value : 136347.000
% I0 of Sample : 0
% I0 of Standard : 1
% 
% q(A^-1)   I(q)    I(q)_SE
8.40000000e-01	0.00000000e+00	0.00000000e+00
8.45000000e-01	2.83528494e-03	4.96146677e-04
8.50000000e-01	2.64052110e-03	2.45030064e-04
8.55000000e-01	2.52509670e-03	2.06498648e-04
8.60000000e-01	2.56299042e-03	1.81287030e-04
8.65000000e-01	2.55342141e-03	1.66640879e-04
8.70000000e-01	2.53499586e-03	1.57360441e-04
8.75000000e-01	2.56651036e-03	1.53304832e-04
8.80000000e-01	2.55192161e-03	1.47619307e-04
8.85000000e-01	2.58140975e-03	1.40919446e-04
8.90000000e-01	2.55523741e-03	1.36885424e-04
8.95000000e-01	2.58448041e-03	1.34639246e-04
9.00000000e-01	2.61855316e-03	1.34831443e-04
9.05000000e-01	2.57109336e-03	1.26694805e-04
9.10000000e-01	2.60998770e-03	1.26057033e-04
9.15000000e-01	2.63060379e-03	1.25149096e-04
9.20000000e-01	2.59731295e-03	1.23565761e-04
9.25000000e-01	2.64947164e-03	1.20376632e-04
9.30000000e-01	2.64456095e-03	1.19086574e-04
9.35000000e-01	2.64292468e-03	1.16578980e-04
9.40000000e-01	2.65136021e-03	1.17431612e-04
9.45000000e-01	2.68468841e-03	1.15851588e-04
9.50000000e-01	2.66728000e-03	1.13630968e-04
9.55000000e-01	2.66784632e-03	1.11496036e-04
9.60000000e-01	2.66846756e-03	1.11676621e-04
9.65000000e-01	2.63256594e-03	1.08285262e-04
9.70000000e-01	2.67912650e-03	1.08398473e-04
9.75000000e-01	2.67108403e-03	1.06861802e-04
9.80000000e-01	2.66476685e-03	1.05714517e-04
9.85000000e-01	2.66837552e-03	1.05922390e-04
9.90000000e-01	2.69351886e-03	1.03666718e-04
9.95000000e-01	2.68325355e-03	1.02907150e-04
1.00000000e+00	2.71874210e-03	1.03583413e-04
1.00500000e+00	2.69757034e-03	1.02988087e-04
1.01000000e+00	2.68542975e-03	1.00247380e-04
1.01500000e+00	2.68829459e-03	9.94981977e-05
1.02000000e+00	2.67238713e-03	9.87879492e-05
1.02500000e+00	2.67845358e-03	9.77686569e-05
1.03000000e+00	2.68409439e-03	9.77054177e-05
1.03500000e+00	2.68720573e-03	9.64145919e-05
1.04000000e+00	2.67435916e-03	9.53889066e-05
1.04500000e+00	2.66000706e-03	9.50306119e-05
1.05000000e+00	2.66725886e-03	9.45651838e-05
1.05500000e+00	2.67522842e-03	9.34092738e-05
1.06000000e+00	2.67212612e-03	9.30638652e-05
1.06500000e+00	2.65254198e-03	9.24921156e-05
1.07000000e+00	2.69083677e-03	9.36529373e-05
1.07500000e+00	2.69203009e-03	9.30007593e-05
1.08000000e+00	2.70150888e-03	9.28258290e-05
1.08500000e+00	2.70362793e-03	9.28878823e-05
1.09000000e+00	2.70993662e-03	9.36373133e-05
1.09500000e+00	2.68200128e-03	9.08724077e-05
1.10000000e+00	2.70957712e-03	9.23881795e-05
1.10500000e+00	2.73022460e-03	9.34208668e-05
1.11000000e+00	2.71291758e-03	9.29405287e-05
1.11500000e+00	2.72657284e-03	9.26447903e-05
1.12000000e+00	2.74515983e-03	9.36825237e-05
1.12500000e+00	2.75161713e-03	9.37335697e-05
1.13000000e+00	2.74203029e-03	9.44829288e-05
1.13500000e+00	2.74991732e-03	9.35307413e-05
1.14000000e+00	2.76851995e-03	9.40214554e-05
1.14500000e+00	2.80231144e-03	9.59512814e-05
1.15000000e+00	2.76769116e-03	9.52975601e-05
1.15500000e+00	2.79504231e-03	9.51505618e-05
1.16000000e+00	2.79084521e-03	9.54970998e-05
1.16500000e+00	2.81231446e-03	9.60273771e-05
1.17000000e+00	2.80608542e-03	9.70184932e-05
1.17500000e+00	2.81067267e-03	9.57455224e-05
1.18000000e+00	2.82675623e-03	9.66807085e-05
1.18500000e+00	2.79971623e-03	9.56591506e-05
1.19000000e+00	2.80129497e-03	9.67540809e-05
1.19500000e+00	2.82604664e-03	9.63916838e-05
1.20000000e+00	2.85320519e-03	9.79154307e-05
1.20500000e+00	2.83375117e-03	9.70362109e-05
1.21000000e+00	2.85858637e-03	9.92345093e-05
1.21500000e+00	2.84029761e-03	9.69017237e-05
1.22000000e+00	2.84813329e-03	9.73456997e-05
1.22500000e+00	2.85825897e-03	9.81095232e-05
1.23000000e+00	2.86036560e-03	9.88874581e-05
1.23500000e+00	2.84342466e-03	9.75951685e-05
1.24000000e+00	2.87362493e-03	9.83094646e-05
1.24500000e+00	2.86829316e-03	9.88131998e-05
1.25000000e+00	2.86420979e-03	9.92685401e-05
1.25500000e+00	2.87269306e-03	9.83625411e-05
1.26000000e+00	2.87518084e-03	9.89896066e-05
1.26500000e+00	2.87551416e-03	9.86152493e-05
1.27000000e+00	2.87669815e-03	1.00165089e-04
1.27500000e+00	2.88189063e-03	9.92943816e-05
1.28000000e+00	2.87531583e-03	9.84186740e-05
1.28500000e+00	2.87560567e-03	9.90769449e-05
1.29000000e+00	2.88964304e-03	1.00406883e-04
1.29500000e+00	2.87507708e-03	9.88255509e-05
1.30000000e+00	2.86306258e-03	9.82881621e-05
1.30500000e+00	2.86716432e-03	9.88302849e-05
1.31000000e+00	2.87505125e-03	1.00203167e-04
1.31500000e+00	2.88807604e-03	9.94795507e-05
1.32000000e+00	2.87613678e-03	9.88796599e-05
1.32500000e+00	2.87162233e-03	9.90714897e-05
1.33000000e+00	2.85864536e-03	9.98520450e-05
1.33500000e+00	2.89432415e-03	9.96356381e-05
1.34000000e+00	2.89501180e-03	9.97849528e-05
1.34500000e+00	2.88348842e-03	9.98241108e-05
1.35000000e+00	2.87705268e-03	1.00527531e-04
1.35500000e+00	2.87010910e-03	9.88771901e-05
1.36000000e+00	2.88489944e-03	9.92702626e-05
1.36500000e+00	2.86340154e-03	9.88903295e-05
1.37000000e+00	2.86531348e-03	1.00351724e-04
1.37500000e+00	2.86657424e-03	9.88834619e-05
1.38000000e+00	2.87463537e-03	9.94065518e-05
1.38500000e+00	2.85461620e-03	9.92846132e-05
1.39000000e+00	2.87263703e-03	1.00500727e-04
1.39500000e+00	2.85203516e-03	9.83616584e-05
1.40000000e+00	2.89158008e-03	1.02656913e-04
1.40500000e+00	2.83530086e-03	1.08559766e-04
1.41000000e+00	2.84462767e-03	1.13971650e-04
1.41500000e+00	2.80168487e-03	1.16230702e-04
1.42000000e+00	2.78927716e-03	1.20344010e-04
1.42500000e+00	2.81207482e-03	1.24894655e-04
1.43000000e+00	2.76924052e-03	1.27703841e-04
1.43500000e+00	2.76650295e-03	1.31463958e-04
1.44000000e+00	2.79937161e-03	1.38312319e-04
1.44500000e+00	2.72327820e-03	1.37835781e-04
1.45000000e+00	2.81453624e-03	1.37849242e-04
1.45500000e+00	2.84690057e-03	1.25318633e-04
1.46000000e+00	2.82605018e-03	1.21382223e-04
1.46500000e+00	2.80525160e-03	1.18407138e-04
1.47000000e+00	2.80139986e-03	1.17973559e-04
1.47500000e+00	2.81178915e-03	1.15054964e-04
1.48000000e+00	2.79444974e-03	1.13075010e-04
1.48500000e+00	2.81674572e-03	1.14095002e-04
1.49000000e+00	2.79961827e-03	1.13640727e-04
1.49500000e+00	2.82892594e-03	1.12234624e-04
1.50000000e+00	2.82739748e-03	1.11905752e-04
1.50500000e+00	2.79974823e-03	1.11306175e-04
1.51000000e+00	2.83908646e-03	1.13041239e-04
1.51500000e+00	2.81827535e-03	1.10453291e-04
1.52000000e+00	2.81804844e-03	1.10002060e-04
1.52500000e+00	2.84922616e-03	1.11109776e-04
1.53000000e+00	2.85893608e-03	1.12182627e-04
1.53500000e+00	2.83537129e-03	1.08056490e-04
1.54000000e+00	2.80846371e-03	1.06909698e-04
1.54500000e+00	2.80543379e-03	1.06562566e-04
1.55000000e+00	2.80721933e-03	1.06349363e-04
1.55500000e+00	2.79810063e-03	1.03627588e-04
1.56000000e+00	2.78113277e-03	1.03237110e-04
1.56500000e+00	2.74633626e-03	1.01402179e-04
1.57000000e+00	2.74827449e-03	1.00759599e-04
1.57500000e+00	2.74963842e-03	9.89680518e-05
1.58000000e+00	2.74105292e-03	9.84100510e-05
1.58500000e+00	2.72410639e-03	9.78399421e-05
1.59000000e+00	2.74261670e-03	9.86229091e-05
1.59500000e+00	2.70289425e-03	9.52892742e-05
1.60000000e+00	2.70380016e-03	9.52477310e-05
1.60500000e+00	2.69138892e-03	9.49288818e-05
1.61000000e+00	2.69897344e-03	9.47615737e-05
1.61500000e+00	2.69395158e-03	9.36928506e-05
1.62000000e+00	2.69092145e-03	9.40159435e-05
1.62500000e+00	2.68528636e-03	9.48813085e-05
1.63000000e+00	2.65375925e-03	9.27570556e-05
1.63500000e+00	2.66755898e-03	9.32976348e-05
1.64000000e+00	2.66110684e-03	9.31228994e-05
1.64500000e+00	2.68038847e-03	9.48272475e-05
1.65000000e+00	2.64998525e-03	9.27122193e-05
1.65500000e+00	2.66204206e-03	9.30594299e-05
1.66000000e+00	2.62926376e-03	9.19554266e-05
1.66500000e+00	2.64025195e-03	9.38608380e-05
1.67000000e+00	2.63214478e-03	9.16769268e-05
1.67500000e+00	2.61420031e-03	9.12984259e-05
1.68000000e+00	2.63127211e-03	9.22265176e-05
1.68500000e+00	2.62043666e-03	9.33430149e-05
1.69000000e+00	2.61224520e-03	9.12360475e-05
1.69500000e+00	2.61666237e-03	9.12594645e-05
1.70000000e+00	2.60922391e-03	9.19760698e-05
1.70500000e+00	2.57096039e-03	9.10649723e-05
1.71000000e+00	2.59231511e-03	9.06320757e-05
1.71500000e+00	2.57539101e-03	8.99968940e-05
1.72000000e+00	2.56680482e-03	9.03802284e-05
1.72500000e+00	2.55456755e-03	9.05163820e-05
1.73000000e+00	2.56715622e-03	8.96876589e-05
1.73500000e+00	2.56893082e-03	9.00254858e-05
1.74000000e+00	2.53907087e-03	8.92300304e-05
1.74500000e+00	2.54756832e-03	9.05898345e-05
1.75000000e+00	2.52610316e-03	8.80813995e-05
1.75500000e+00	2.53036747e-03	8.88230835e-05
1.76000000e+00	2.53021761e-03	8.88180365e-05
1.76500000e+00	2.50182840e-03	8.89153663e-05
1.77000000e+00	2.51005641e-03	8.76567857e-05
1.77500000e+00	2.49808662e-03	8.75909874e-05
1.78000000e+00	2.49150974e-03	8.76050287e-05
1.78500000e+00	2.49089062e-03	8.85028212e-05
1.79000000e+00	2.48891346e-03	8.69744989e-05
1.79500000e+00	2.46704651e-03	8.63718231e-05
1.80000000e+00	2.45004715e-03	8.63588371e-05
1.80500000e+00	2.46297221e-03	8.74110165e-05
1.81000000e+00	2.45992249e-03	8.59623410e-05
1.81500000e+00	2.42843888e-03	8.49759857e-05
1.82000000e+00	2.43768847e-03	8.58017712e-05
1.82500000e+00	2.44985830e-03	8.67503810e-05
1.83000000e+00	2.42576165e-03	8.48275976e-05
1.83500000e+00	2.40109775e-03	8.41971622e-05
1.84000000e+00	2.39412848e-03	8.43775299e-05
1.84500000e+00	2.40186470e-03	8.50547353e-05
1.85000000e+00	2.38472291e-03	8.35461167e-05
1.85500000e+00	2.39054836e-03	8.37870163e-05
1.86000000e+00	2.39445980e-03	8.44832792e-05
1.86500000e+00	2.37763945e-03	8.41367020e-05
1.87000000e+00	2.40093493e-03	8.39612152e-05
1.87500000e+00	2.35705872e-03	8.26727375e-05
1.88000000e+00	2.36940367e-03	8.35267703e-05
1.88500000e+00	2.36282484e-03	8.37835003e-05
1.89000000e+00	2.34829000e-03	8.20687386e-05
1.89500000e+00	2.33208785e-03	8.20355100e-05
1.90000000e+00	2.34092355e-03	8.25226790e-05
1.90500000e+00	2.35060725e-03	8.29467346e-05
1.91000000e+00	2.31030926e-03	8.10214536e-05
1.91500000e+00	2.32162064e-03	8.14170695e-05
1.92000000e+00	2.29338465e-03	8.08760095e-05
1.92500000e+00	2.30043626e-03	8.12297450e-05
1.93000000e+00	2.30969674e-03	8.08482007e-05
1.93500000e+00	2.27824668e-03	8.00327685e-05
1.94000000e+00	2.27561612e-03	8.05326164e-05
1.94500000e+00	2.26787950e-03	8.01083151e-05
1.95000000e+00	2.26457063e-03	7.91579093e-05
1.95500000e+00	2.25864978e-03	7.93026650e-05
1.96000000e+00	2.24865678e-03	7.94148559e-05
1.96500000e+00	2.25356757e-03	7.96499621e-05
1.97000000e+00	2.26082248e-03	7.89499616e-05
1.97500000e+00	2.24602563e-03	7.89368685e-05
1.98000000e+00	2.22336492e-03	7.84540323e-05
1.98500000e+00	2.20865877e-03	7.81458702e-05
1.99000000e+00	2.20430575e-03	7.69372752e-05
1.99500000e+00	2.19669232e-03	7.71388633e-05
2.00000000e+00	2.18579517e-03	7.71994924e-05
2.00500000e+00	2.19664749e-03	7.77416359e-05
2.01000000e+00	2.17869434e-03	8.46782328e-05
2.01500000e+00	2.17018933e-03	8.95156189e-05
2.02000000e+00	2.14722567e-03	9.43816373e-05
2.02500000e+00	2.14516237e-03	9.79945018e-05
2.03000000e+00	2.14836022e-03	1.04038998e-04
2.03500000e+00	2.10333800e-03	1.06272776e-04
2.04000000e+00	2.12251095e-03	1.12215365e-04
2.04500000e+00	2.07927486e-03	1.15698690e-04
2.05000000e+00	2.07039958e-03	1.21003319e-04
2.05500000e+00	2.07950733e-03	1.18974552e-04
2.06000000e+00	2.10491843e-03	1.04698540e-04
2.06500000e+00	2.09661270e-03	9.97121816e-05
2.07000000e+00	2.10536688e-03	9.48067848e-05
2.07500000e+00	2.07402283e-03	9.13274177e-05
2.08000000e+00	2.06347124e-03	9.06016459e-05
2.08500000e+00	2.08436409e-03	9.07578771e-05
2.09000000e+00	2.07434864e-03	8.76961232e-05
2.09500000e+00	2.06914779e-03	8.65180190e-05
2.10000000e+00	2.08024222e-03	8.64367056e-05
2.10500000e+00	2.04561780e-03	8.47196215e-05
2.11000000e+00	2.06369559e-03	8.23094412e-05
2.11500000e+00	2.03196053e-03	8.02447615e-05
2.12000000e+00	2.03290471e-03	7.98804352e-05
2.12500000e+00	2.01583568e-03	7.89605802e-05
2.13000000e+00	1.98971377e-03	7.47628055e-05
2.13500000e+00	1.97708616e-03	7.34194686e-05
2.14000000e+00	1.97424088e-03	7.26056639e-05
2.14500000e+00	1.95834422e-03	7.22750883e-05
2.15000000e+00	1.93540686e-03	6.90663323e-05
2.15500000e+00	1.93074452e-03	6.89529303e-05
2.16000000e+00	1.93816628e-03	6.89229767e-05
2.16500000e+00	1.91607156e-03	6.86577164e-05
2.17000000e+00	1.89590763e-03	6.62646871e-05
2.17500000e+00	1.90243396e-03	6.66840121e-05
2.18000000e+00	1.88334895e-03	6.62205095e-05
2.18500000e+00	1.88298758e-03	6.64867557e-05
2.19000000e+00	1.87617050e-03	6.60766523e-05
2.19500000e+00	1.87428596e-03	6.56656894e-05
2.20000000e+00	1.85367376e-03	6.51239372e-05
2.20500000e+00	1.86159386e-03	6.55648547e-05
2.21000000e+00	1.82727469e-03	6.47172970e-05
2.21500000e+00	1.81689556e-03	6.36163940e-05
2.22000000e+00	1.81759012e-03	6.35783260e-05
2.22500000e+00	1.80397891e-03	6.36604458e-05
2.23000000e+00	1.77699216e-03	6.30909484e-05
2.23500000e+00	1.77693470e-03	6.22174677e-05
2.24000000e+00	1.75315287e-03	6.13963997e-05
2.24500000e+00	1.75594210e-03	6.18658173e-05
2.25000000e+00	1.74815270e-03	6.21175444e-05
2.25500000e+00	1.74043154e-03	6.08148370e-05
2.26000000e+00	1.72689772e-03	6.05314036e-05
2.26500000e+00	1.70975361e-03	6.01809008e-05
2.27000000e+00	1.70456269e-03	6.08417206e-05
2.27500000e+00	1.67798719e-03	5.86864405e-05
2.28000000e+00	1.69094393e-03	5.91142920e-05
2.28500000e+00	1.67078528e-03	5.87665429e-05
2.29000000e+00	1.66541894e-03	5.89549159e-05
2.29500000e+00	1.64127586e-03	5.79161784e-05
2.30000000e+00	1.64875903e-03	5.77048528e-05
2.30500000e+00	1.63200922e-03	5.71933198e-05
2.31000000e+00	1.62765669e-03	5.73093789e-05
2.31500000e+00	1.61071434e-03	5.72541664e-05
2.32000000e+00	1.58351571e-03	5.51301015e-05
2.32500000e+00	1.59005056e-03	5.57619275e-05
2.33000000e+00	1.56803958e-03	5.51441978e-05
2.33500000e+00	1.57979886e-03	5.61392081e-05
2.34000000e+00	1.55935551e-03	5.44692893e-05
2.34500000e+00	1.56439013e-03	5.46883739e-05
2.35000000e+00	1.53618742e-03	5.38396427e-05
2.35500000e+00	1.55173630e-03	5.51267364e-05
2.36000000e+00	1.53771089e-03	5.38408432e-05
2.36500000e+00	1.51287998e-03	5.29462292e-05
2.37000000e+00	1.50660143e-03	5.28059172e-05
2.37500000e+00	1.50533091e-03	5.31179346e-05
2.38000000e+00	1.48320904e-03	5.26562245e-05
2.38500000e+00	1.48044227e-03	5.17684883e-05
2.39000000e+00	1.46637982e-03	5.14451680e-05
2.39500000e+00	1.47209533e-03	5.19697272e-05
2.40000000e+00	1.44782228e-03	5.18127205e-05
2.40500000e+00	1.43612124e-03	5.03401016e-05
2.41000000e+00	1.42512440e-03	5.01671321e-05
2.41500000e+00	1.42223637e-03	5.00694054e-05
2.42000000e+00	1.42957205e-03	5.10216512e-05
2.42500000e+00	1.40377655e-03	4.99624732e-05
2.43000000e+00	1.41918034e-03	5.00643496e-05
2.43500000e+00	1.39501448e-03	4.94112981e-05
2.44000000e+00	1.37543102e-03	4.87612396e-05
2.44500000e+00	1.38231624e-03	4.96719392e-05
2.45000000e+00	1.36934507e-03	4.83586626e-05
2.45500000e+00	1.36584826e-03	4.83636421e-05
2.46000000e+00	1.35401674e-03	4.81359934e-05
2.46500000e+00	1.35258997e-03	4.87038831e-05
2.47000000e+00	1.33787040e-03	4.76824243e-05
2.47500000e+00	1.33065530e-03	4.71180447e-05
2.48000000e+00	1.32331243e-03	4.72409229e-05
2.48500000e+00	1.30764686e-03	4.67518271e-05
2.49000000e+00	1.30854338e-03	4.74808039e-05
2.49500000e+00	1.29364937e-03	4.60366148e-05
2.50000000e+00	1.29461086e-03	4.61719865e-05
2.50500000e+00	1.27685894e-03	4.57273249e-05
2.51000000e+00	1.26641886e-03	4.57249509e-05
2.51500000e+00	1.27293159e-03	4.60490716e-05
2.52000000e+00	1.26309394e-03	4.52883913e-05
2.52500000e+00	1.24903798e-03	4.49464701e-05
2.53000000e+00	1.23859365e-03	4.49837199e-05
2.53500000e+00	1.24459660e-03	4.57288954e-05
2.54000000e+00	1.22700133e-03	4.43782941e-05
2.54500000e+00	1.23845851e-03	4.49518479e-05
2.55000000e+00	1.22759862e-03	4.48270868e-05
2.55500000e+00	1.20824599e-03	4.44964541e-05
2.56000000e+00	1.21588464e-03	4.49963284e-05
2.56500000e+00	1.21020888e-03	4.44378727e-05
2.57000000e+00	1.18708651e-03	4.37577702e-05
2.57500000e+00	1.19290314e-03	4.40810724e-05
2.58000000e+00	1.17479956e-03	4.40874655e-05
2.58500000e+00	1.17237487e-03	4.36934183e-05
2.59000000e+00	1.16094549e-03	4.31075743e-05
2.59500000e+00	1.15775328e-03	4.31961188e-05
2.60000000e+00	1.15446067e-03	4.33231275e-05
2.60500000e+00	1.17068275e-03	4.49607220e-05
2.61000000e+00	1.14888047e-03	5.02229955e-05
2.61500000e+00	1.13115868e-03	5.47671213e-05
2.62000000e+00	1.11429899e-03	5.91422847e-05
2.62500000e+00	1.11192665e-03	6.42471693e-05
2.63000000e+00	1.14557208e-03	7.30194093e-05
2.63500000e+00	1.14065729e-03	8.05365495e-05
2.64000000e+00	1.13507806e-03	8.85996210e-05
2.64500000e+00	1.10967169e-03	9.23024855e-05
2.65000000e+00	1.13088423e-03	9.94880362e-05
2.65500000e+00	1.07149640e-03	1.01292121e-04
2.66000000e+00	1.10659597e-03	1.12253484e-04
2.66500000e+00	1.05284012e-03	1.19301800e-04
2.67000000e+00	1.10944977e-03	1.36631488e-04
2.67500000e+00	1.07756398e-03	1.54865063e-04
2.68000000e+00	1.12752271e-03	1.89177986e-04
2.68500000e+00	1.13865100e-03	2.51616285e-04
2.69000000e+00	1.08144486e-03	3.87739045e-04
2.69500000e+00	0.00000000e+00	0.00000000e+00
2.70000000e+00	0.00000000e+00	0.00000000e+00
