% Filename : WDL7_00012_00233.h5
% Date & Time : 30-Oct-2025 15:00:10
% X-ray Energy (keV) : 13.30001
% Exposure Time (s) : 0.500
% Photodiode Value : 136326.000
% I0 of Sample : 0
% I0 of Standard : 1
% 
% q(A^-1)   I(q)    I(q)_SE
8.40000000e-01	0.00000000e+00	0.00000000e+00
8.45000000e-01	2.90452131e-03	5.08776934e-04
8.50000000e-01	2.64582658e-03	2.45401444e-04
8.55000000e-01	2.61074204e-03	2.13664777e-04
8.60000000e-01	2.61641394e-03	1.85019404e-04
8.65000000e-01	2.64153654e-03	1.72239442e-04
8.70000000e-01	2.64727129e-03	1.64847069e-04
8.75000000e-01	2.61538719e-03	1.56434949e-04
8.80000000e-01	2.68125566e-03	1.55292235e-04
8.85000000e-01	2.64307829e-03	1.44457387e-04
8.90000000e-01	2.64682580e-03	1.41717174e-04
8.95000000e-01	2.67524854e-03	1.39080861e-04
9.00000000e-01	2.68339451e-03	1.38379362e-04
9.05000000e-01	2.67096765e-03	1.31597887e-04
9.10000000e-01	2.68503775e-03	1.29940739e-04
9.15000000e-01	2.68443641e-03	1.27767783e-04
9.20000000e-01	2.71098866e-03	1.28703728e-04
9.25000000e-01	2.70717064e-03	1.23034885e-04
9.30000000e-01	2.71694022e-03	1.22239780e-04
9.35000000e-01	2.70638368e-03	1.19459838e-04
9.40000000e-01	2.71393109e-03	1.20190973e-04
9.45000000e-01	2.72864753e-03	1.17810714e-04
9.50000000e-01	2.72701889e-03	1.15931389e-04
9.55000000e-01	2.75262428e-03	1.15023251e-04
9.60000000e-01	2.74111643e-03	1.14623077e-04
9.65000000e-01	2.76024913e-03	1.13468722e-04
9.70000000e-01	2.76549391e-03	1.11897764e-04
9.75000000e-01	2.74726812e-03	1.09909359e-04
9.80000000e-01	2.76668854e-03	1.09798260e-04
9.85000000e-01	2.76214782e-03	1.09770475e-04
9.90000000e-01	2.75925498e-03	1.06285521e-04
9.95000000e-01	2.79456524e-03	1.07094338e-04
1.00000000e+00	2.78385121e-03	1.06200113e-04
1.00500000e+00	2.78367788e-03	1.06048437e-04
1.01000000e+00	2.78382772e-03	1.03950999e-04
1.01500000e+00	2.79060584e-03	1.03117952e-04
1.02000000e+00	2.77951187e-03	1.02857210e-04
1.02500000e+00	2.76221026e-03	1.00846397e-04
1.03000000e+00	2.77112276e-03	1.00897157e-04
1.03500000e+00	2.74986772e-03	9.86888902e-05
1.04000000e+00	2.73607360e-03	9.76051192e-05
1.04500000e+00	2.75253445e-03	9.81906277e-05
1.05000000e+00	2.72885366e-03	9.68263561e-05
1.05500000e+00	2.73873656e-03	9.56453282e-05
1.06000000e+00	2.73757774e-03	9.53868680e-05
1.06500000e+00	2.75398871e-03	9.60468427e-05
1.07000000e+00	2.71832125e-03	9.44294829e-05
1.07500000e+00	2.76222134e-03	9.53955761e-05
1.08000000e+00	2.74125472e-03	9.40648425e-05
1.08500000e+00	2.78111152e-03	9.56694190e-05
1.09000000e+00	2.75848594e-03	9.52676075e-05
1.09500000e+00	2.76512613e-03	9.37135107e-05
1.10000000e+00	2.81364543e-03	9.58848819e-05
1.10500000e+00	2.79801383e-03	9.57274249e-05
1.11000000e+00	2.80222153e-03	9.58937387e-05
1.11500000e+00	2.79616835e-03	9.50856501e-05
1.12000000e+00	2.80744281e-03	9.58893022e-05
1.12500000e+00	2.81785293e-03	9.59938495e-05
1.13000000e+00	2.82282536e-03	9.73482389e-05
1.13500000e+00	2.84806255e-03	9.69398431e-05
1.14000000e+00	2.84647706e-03	9.65730108e-05
1.14500000e+00	2.85961437e-03	9.79106600e-05
1.15000000e+00	2.85903041e-03	9.84175977e-05
1.15500000e+00	2.86769037e-03	9.78240154e-05
1.16000000e+00	2.87941663e-03	9.84389720e-05
1.16500000e+00	2.86048567e-03	9.76984674e-05
1.17000000e+00	2.90914587e-03	1.00516505e-04
1.17500000e+00	2.89646206e-03	9.86293896e-05
1.18000000e+00	2.89827497e-03	9.92757977e-05
1.18500000e+00	2.90533792e-03	9.93555853e-05
1.19000000e+00	2.91139428e-03	1.00551146e-04
1.19500000e+00	2.90825391e-03	9.92283020e-05
1.20000000e+00	2.91697971e-03	1.00045525e-04
1.20500000e+00	2.92958383e-03	1.00372386e-04
1.21000000e+00	2.90704389e-03	1.00899111e-04
1.21500000e+00	2.93421587e-03	1.00157005e-04
1.22000000e+00	2.91290644e-03	9.94804778e-05
1.22500000e+00	2.91661563e-03	1.00063066e-04
1.23000000e+00	2.94758756e-03	1.01862876e-04
1.23500000e+00	2.94354696e-03	1.01142817e-04
1.24000000e+00	2.94983167e-03	1.00788577e-04
1.24500000e+00	2.93536177e-03	1.00974916e-04
1.25000000e+00	2.95530130e-03	1.02418730e-04
1.25500000e+00	2.93825640e-03	1.00547296e-04
1.26000000e+00	2.96465140e-03	1.02057971e-04
1.26500000e+00	2.96492325e-03	1.01723035e-04
1.27000000e+00	2.95280147e-03	1.02733602e-04
1.27500000e+00	2.95709789e-03	1.01903575e-04
1.28000000e+00	2.96738775e-03	1.01597051e-04
1.28500000e+00	2.96971838e-03	1.02325835e-04
1.29000000e+00	2.94867198e-03	1.02481520e-04
1.29500000e+00	2.96533475e-03	1.01896449e-04
1.30000000e+00	2.95314298e-03	1.01237858e-04
1.30500000e+00	2.96242235e-03	1.02139936e-04
1.31000000e+00	2.96159243e-03	1.03303264e-04
1.31500000e+00	2.96385963e-03	1.02081695e-04
1.32000000e+00	2.97344821e-03	1.02275240e-04
1.32500000e+00	2.98166755e-03	1.02883512e-04
1.33000000e+00	2.94960495e-03	1.03032497e-04
1.33500000e+00	2.95520011e-03	1.01774732e-04
1.34000000e+00	2.97945519e-03	1.02642521e-04
1.34500000e+00	2.94359201e-03	1.01859988e-04
1.35000000e+00	2.96486905e-03	1.03606310e-04
1.35500000e+00	2.95935478e-03	1.01998522e-04
1.36000000e+00	2.95043338e-03	1.01417918e-04
1.36500000e+00	2.95377296e-03	1.01933796e-04
1.37000000e+00	2.95265020e-03	1.03385407e-04
1.37500000e+00	2.95697778e-03	1.01971085e-04
1.38000000e+00	2.97687097e-03	1.02859075e-04
1.38500000e+00	2.93769267e-03	1.02093750e-04
1.39000000e+00	2.94072662e-03	1.02802706e-04
1.39500000e+00	2.95031692e-03	1.01663507e-04
1.40000000e+00	2.98159337e-03	1.06004851e-04
1.40500000e+00	2.93635414e-03	1.12278201e-04
1.41000000e+00	2.91327828e-03	1.16496990e-04
1.41500000e+00	2.89672999e-03	1.20136580e-04
1.42000000e+00	2.88836312e-03	1.24470577e-04
1.42500000e+00	2.86512572e-03	1.27340232e-04
1.43000000e+00	2.86389731e-03	1.32084802e-04
1.43500000e+00	2.83933785e-03	1.35021388e-04
1.44000000e+00	2.83543255e-03	1.40041724e-04
1.44500000e+00	2.80482747e-03	1.42033583e-04
1.45000000e+00	2.90561940e-03	1.42080921e-04
1.45500000e+00	2.93991229e-03	1.29421885e-04
1.46000000e+00	2.91212375e-03	1.25130099e-04
1.46500000e+00	2.92754470e-03	1.23506958e-04
1.47000000e+00	2.91471192e-03	1.22783742e-04
1.47500000e+00	2.93625747e-03	1.19954310e-04
1.48000000e+00	2.92944769e-03	1.18457098e-04
1.48500000e+00	2.90124386e-03	1.17515948e-04
1.49000000e+00	2.92565182e-03	1.18691616e-04
1.49500000e+00	2.90874624e-03	1.15393872e-04
1.50000000e+00	2.90018985e-03	1.14678663e-04
1.50500000e+00	2.89710880e-03	1.15142114e-04
1.51000000e+00	2.90165349e-03	1.15601562e-04
1.51500000e+00	2.91590431e-03	1.14213814e-04
1.52000000e+00	2.92377808e-03	1.14251652e-04
1.52500000e+00	2.92212406e-03	1.14042515e-04
1.53000000e+00	2.92727808e-03	1.14789469e-04
1.53500000e+00	2.92721499e-03	1.11608401e-04
1.54000000e+00	2.94187201e-03	1.11966151e-04
1.54500000e+00	2.91995236e-03	1.10926976e-04
1.55000000e+00	2.89097725e-03	1.09467010e-04
1.55500000e+00	2.88697420e-03	1.06884556e-04
1.56000000e+00	2.87676063e-03	1.06807741e-04
1.56500000e+00	2.86451663e-03	1.05761868e-04
1.57000000e+00	2.83197174e-03	1.03736261e-04
1.57500000e+00	2.85005162e-03	1.02567562e-04
1.58000000e+00	2.84357105e-03	1.02069710e-04
1.58500000e+00	2.82433037e-03	1.01432160e-04
1.59000000e+00	2.80975845e-03	1.00974702e-04
1.59500000e+00	2.78338617e-03	9.81026581e-05
1.60000000e+00	2.79339606e-03	9.83091925e-05
1.60500000e+00	2.79166503e-03	9.84337108e-05
1.61000000e+00	2.78099246e-03	9.76388422e-05
1.61500000e+00	2.78314444e-03	9.68349754e-05
1.62000000e+00	2.75789335e-03	9.62759497e-05
1.62500000e+00	2.77060351e-03	9.78606803e-05
1.63000000e+00	2.77417745e-03	9.69793235e-05
1.63500000e+00	2.75483333e-03	9.63203082e-05
1.64000000e+00	2.75258955e-03	9.63330040e-05
1.64500000e+00	2.74543983e-03	9.70813067e-05
1.65000000e+00	2.72587219e-03	9.53690579e-05
1.65500000e+00	2.72926464e-03	9.53336422e-05
1.66000000e+00	2.72746283e-03	9.53837952e-05
1.66500000e+00	2.71369251e-03	9.64481349e-05
1.67000000e+00	2.70806539e-03	9.42700523e-05
1.67500000e+00	2.71511219e-03	9.46710901e-05
1.68000000e+00	2.70690814e-03	9.48480459e-05
1.68500000e+00	2.68947699e-03	9.57085836e-05
1.69000000e+00	2.69442885e-03	9.40819696e-05
1.69500000e+00	2.71872179e-03	9.47223925e-05
1.70000000e+00	2.67454375e-03	9.42777301e-05
1.70500000e+00	2.66227124e-03	9.42303364e-05
1.71000000e+00	2.66339762e-03	9.31373042e-05
1.71500000e+00	2.66086721e-03	9.29938816e-05
1.72000000e+00	2.65880884e-03	9.36566312e-05
1.72500000e+00	2.64448620e-03	9.37001219e-05
1.73000000e+00	2.65247450e-03	9.26946886e-05
1.73500000e+00	2.63978632e-03	9.25029620e-05
1.74000000e+00	2.63751862e-03	9.27304499e-05
1.74500000e+00	2.62446307e-03	9.32881733e-05
1.75000000e+00	2.62604610e-03	9.14934430e-05
1.75500000e+00	2.61497347e-03	9.18488518e-05
1.76000000e+00	2.61215061e-03	9.16572559e-05
1.76500000e+00	2.58795745e-03	9.20023416e-05
1.77000000e+00	2.58996095e-03	9.04845005e-05
1.77500000e+00	2.58437395e-03	9.05716958e-05
1.78000000e+00	2.58815208e-03	9.09963001e-05
1.78500000e+00	2.55578144e-03	9.08475936e-05
1.79000000e+00	2.58311084e-03	9.02227160e-05
1.79500000e+00	2.55055379e-03	8.93172615e-05
1.80000000e+00	2.55151963e-03	8.99441643e-05
1.80500000e+00	2.55674955e-03	9.06630585e-05
1.81000000e+00	2.53011282e-03	8.84259151e-05
1.81500000e+00	2.53746591e-03	8.87579181e-05
1.82000000e+00	2.52161685e-03	8.87402856e-05
1.82500000e+00	2.50908403e-03	8.88244956e-05
1.83000000e+00	2.50662355e-03	8.76771622e-05
1.83500000e+00	2.50456056e-03	8.77565692e-05
1.84000000e+00	2.50691203e-03	8.83324735e-05
1.84500000e+00	2.49447861e-03	8.84203983e-05
1.85000000e+00	2.48968196e-03	8.71616177e-05
1.85500000e+00	2.48010749e-03	8.69156028e-05
1.86000000e+00	2.47518791e-03	8.72990799e-05
1.86500000e+00	2.46070782e-03	8.70461318e-05
1.87000000e+00	2.45335259e-03	8.58520327e-05
1.87500000e+00	2.45025620e-03	8.59732795e-05
1.88000000e+00	2.43297756e-03	8.57702983e-05
1.88500000e+00	2.42146756e-03	8.58065332e-05
1.89000000e+00	2.45666978e-03	8.58801812e-05
1.89500000e+00	2.42409542e-03	8.52481061e-05
1.90000000e+00	2.41219389e-03	8.50745114e-05
1.90500000e+00	2.40716450e-03	8.49167065e-05
1.91000000e+00	2.39978769e-03	8.40926170e-05
1.91500000e+00	2.38023533e-03	8.35010549e-05
1.92000000e+00	2.37835529e-03	8.37951147e-05
1.92500000e+00	2.36899751e-03	8.36677003e-05
1.93000000e+00	2.37650985e-03	8.31143616e-05
1.93500000e+00	2.36655879e-03	8.30249098e-05
1.94000000e+00	2.36396647e-03	8.36271224e-05
1.94500000e+00	2.34770484e-03	8.27376076e-05
1.95000000e+00	2.32155795e-03	8.11470649e-05
1.95500000e+00	2.34220298e-03	8.21945607e-05
1.96000000e+00	2.31359148e-03	8.16514002e-05
1.96500000e+00	2.31673042e-03	8.18724442e-05
1.97000000e+00	2.31353512e-03	8.08466581e-05
1.97500000e+00	2.29683209e-03	8.08026678e-05
1.98000000e+00	2.29930012e-03	8.11037555e-05
1.98500000e+00	2.29503403e-03	8.11842304e-05
1.99000000e+00	2.27859359e-03	7.95217597e-05
1.99500000e+00	2.27153830e-03	7.96726467e-05
2.00000000e+00	2.27950765e-03	8.04970885e-05
2.00500000e+00	2.29442908e-03	8.11916918e-05
2.01000000e+00	2.26798896e-03	8.79722685e-05
2.01500000e+00	2.25280192e-03	9.29090123e-05
2.02000000e+00	2.21219827e-03	9.73887340e-05
2.02500000e+00	2.20051610e-03	1.00649371e-04
2.03000000e+00	2.16278179e-03	1.04771737e-04
2.03500000e+00	2.17470433e-03	1.10058239e-04
2.04000000e+00	2.17025223e-03	1.14885898e-04
2.04500000e+00	2.15721231e-03	1.19997846e-04
2.05000000e+00	2.13273414e-03	1.24661386e-04
2.05500000e+00	2.15469695e-03	1.23372052e-04
2.06000000e+00	2.18298174e-03	1.08815167e-04
2.06500000e+00	2.16284765e-03	1.02971711e-04
2.07000000e+00	2.16463836e-03	9.74961874e-05
2.07500000e+00	2.15392881e-03	9.49271561e-05
2.08000000e+00	2.16807901e-03	9.52983768e-05
2.08500000e+00	2.15273365e-03	9.37438959e-05
2.09000000e+00	2.13867311e-03	9.04544333e-05
2.09500000e+00	2.13026292e-03	8.90777920e-05
2.10000000e+00	2.11725985e-03	8.78495881e-05
2.10500000e+00	2.11621535e-03	8.75593595e-05
2.11000000e+00	2.09528885e-03	8.35396397e-05
2.11500000e+00	2.10523840e-03	8.31113079e-05
2.12000000e+00	2.08971137e-03	8.20462938e-05
2.12500000e+00	2.06852685e-03	8.10448032e-05
2.13000000e+00	2.06797372e-03	7.77044956e-05
2.13500000e+00	2.04048696e-03	7.57231082e-05
2.14000000e+00	2.02963526e-03	7.46710150e-05
2.14500000e+00	2.01242467e-03	7.42336628e-05
2.15000000e+00	2.02373867e-03	7.21476969e-05
2.15500000e+00	1.98763771e-03	7.10826002e-05
2.16000000e+00	1.98581228e-03	7.06781243e-05
2.16500000e+00	1.97523903e-03	7.07792158e-05
2.17000000e+00	1.97913655e-03	6.91323115e-05
2.17500000e+00	1.97719779e-03	6.92479145e-05
2.18000000e+00	1.94895664e-03	6.84738864e-05
2.18500000e+00	1.94891601e-03	6.88361709e-05
2.19000000e+00	1.92273395e-03	6.77815937e-05
2.19500000e+00	1.93280605e-03	6.76839571e-05
2.20000000e+00	1.91101243e-03	6.70799089e-05
2.20500000e+00	1.90482017e-03	6.71192378e-05
2.21000000e+00	1.89508092e-03	6.70690012e-05
2.21500000e+00	1.88345902e-03	6.59213228e-05
2.22000000e+00	1.89714979e-03	6.63476321e-05
2.22500000e+00	1.85707550e-03	6.55167280e-05
2.23000000e+00	1.85203380e-03	6.57032187e-05
2.23500000e+00	1.83686996e-03	6.42187421e-05
2.24000000e+00	1.83910995e-03	6.44572986e-05
2.24500000e+00	1.82568165e-03	6.43397025e-05
2.25000000e+00	1.81700857e-03	6.46300706e-05
2.25500000e+00	1.80063074e-03	6.28592302e-05
2.26000000e+00	1.77876529e-03	6.23021988e-05
2.26500000e+00	1.76428580e-03	6.20049924e-05
2.27000000e+00	1.75625779e-03	6.26159285e-05
2.27500000e+00	1.74076070e-03	6.07979079e-05
2.28000000e+00	1.71492871e-03	5.99484095e-05
2.28500000e+00	1.72855687e-03	6.08618264e-05
2.29000000e+00	1.70562760e-03	6.03277086e-05
2.29500000e+00	1.70162553e-03	6.00404323e-05
2.30000000e+00	1.67975364e-03	5.87061783e-05
2.30500000e+00	1.67357843e-03	5.87131850e-05
2.31000000e+00	1.66865536e-03	5.87314229e-05
2.31500000e+00	1.65871471e-03	5.88585702e-05
2.32000000e+00	1.65399945e-03	5.75277475e-05
2.32500000e+00	1.64030966e-03	5.75395166e-05
2.33000000e+00	1.63068102e-03	5.72597766e-05
2.33500000e+00	1.61843170e-03	5.75144336e-05
2.34000000e+00	1.61492328e-03	5.64344353e-05
2.34500000e+00	1.60614997e-03	5.60847294e-05
2.35000000e+00	1.58041020e-03	5.53798068e-05
2.35500000e+00	1.57151449e-03	5.57712998e-05
2.36000000e+00	1.57421504e-03	5.51657949e-05
2.36500000e+00	1.57258354e-03	5.50033980e-05
2.37000000e+00	1.54438237e-03	5.41390071e-05
2.37500000e+00	1.53304002e-03	5.41490055e-05
2.38000000e+00	1.53989920e-03	5.45997618e-05
2.38500000e+00	1.52257129e-03	5.31921379e-05
2.39000000e+00	1.50895253e-03	5.28993291e-05
2.39500000e+00	1.50172770e-03	5.29703918e-05
2.40000000e+00	1.49391308e-03	5.34308995e-05
2.40500000e+00	1.48816925e-03	5.21926398e-05
2.41000000e+00	1.47155346e-03	5.17817280e-05
2.41500000e+00	1.46208490e-03	5.14670436e-05
2.42000000e+00	1.45649191e-03	5.20494002e-05
2.42500000e+00	1.45372110e-03	5.17066421e-05
2.43000000e+00	1.45178735e-03	5.11738034e-05
2.43500000e+00	1.43751346e-03	5.09295696e-05
2.44000000e+00	1.42251206e-03	5.04520325e-05
2.44500000e+00	1.41055874e-03	5.07741722e-05
2.45000000e+00	1.40167146e-03	4.95483244e-05
2.45500000e+00	1.39310962e-03	4.93146340e-05
2.46000000e+00	1.36704954e-03	4.86311559e-05
2.46500000e+00	1.36448839e-03	4.91184676e-05
2.47000000e+00	1.36233967e-03	4.85538045e-05
2.47500000e+00	1.36871384e-03	4.85281432e-05
2.48000000e+00	1.34664960e-03	4.81986315e-05
2.48500000e+00	1.34426367e-03	4.80306076e-05
2.49000000e+00	1.34556069e-03	4.88942134e-05
2.49500000e+00	1.34155349e-03	4.77450348e-05
2.50000000e+00	1.32688802e-03	4.72703571e-05
2.50500000e+00	1.32865715e-03	4.76154296e-05
2.51000000e+00	1.31309891e-03	4.73528926e-05
2.51500000e+00	1.30139025e-03	4.70867176e-05
2.52000000e+00	1.29835867e-03	4.65778726e-05
2.52500000e+00	1.29537665e-03	4.66156748e-05
2.53000000e+00	1.27090867e-03	4.61718032e-05
2.53500000e+00	1.27866551e-03	4.69608732e-05
2.54000000e+00	1.27499318e-03	4.60650702e-05
2.54500000e+00	1.26468632e-03	4.59063905e-05
2.55000000e+00	1.26552150e-03	4.61554666e-05
2.55500000e+00	1.23088002e-03	4.53080345e-05
2.56000000e+00	1.22601293e-03	4.54643115e-05
2.56500000e+00	1.22029603e-03	4.47685602e-05
2.57000000e+00	1.21987722e-03	4.49418630e-05
2.57500000e+00	1.22416583e-03	4.51687547e-05
2.58000000e+00	1.22035882e-03	4.57307451e-05
2.58500000e+00	1.20349543e-03	4.48888424e-05
2.59000000e+00	1.17420732e-03	4.36139158e-05
2.59500000e+00	1.19747419e-03	4.46144505e-05
2.60000000e+00	1.18379850e-03	4.44299516e-05
2.60500000e+00	1.19924062e-03	4.60873108e-05
2.61000000e+00	1.18194901e-03	5.17419924e-05
2.61500000e+00	1.16715610e-03	5.63788598e-05
2.62000000e+00	1.16475296e-03	6.19729284e-05
2.62500000e+00	1.17421694e-03	6.75196864e-05
2.63000000e+00	1.14929303e-03	7.29965339e-05
2.63500000e+00	1.17304401e-03	8.25545161e-05
2.64000000e+00	1.15230802e-03	8.97181019e-05
2.64500000e+00	1.13319324e-03	9.40829791e-05
2.65000000e+00	1.12517791e-03	9.92906770e-05
2.65500000e+00	1.11252423e-03	1.05328332e-04
2.66000000e+00	1.12553959e-03	1.13962782e-04
2.66500000e+00	1.11588237e-03	1.26846461e-04
2.67000000e+00	1.14853298e-03	1.42344598e-04
2.67500000e+00	1.09597345e-03	1.59059830e-04
2.68000000e+00	1.14782882e-03	1.92925863e-04
2.68500000e+00	1.11915913e-03	2.48566655e-04
2.69000000e+00	1.15920645e-03	4.15866660e-04
2.69500000e+00	0.00000000e+00	0.00000000e+00
2.70000000e+00	0.00000000e+00	0.00000000e+00
