% Filename : WDL7_00012_00152.h5
% Date & Time : 30-Oct-2025 14:55:15
% X-ray Energy (keV) : 13.30001
% Exposure Time (s) : 0.500
% Photodiode Value : 136165.000
% I0 of Sample : 0
% I0 of Standard : 1
% 
% q(A^-1)   I(q)    I(q)_SE
8.40000000e-01	0.00000000e+00	0.00000000e+00
8.45000000e-01	2.75015810e-03	4.83020199e-04
8.50000000e-01	2.62794809e-03	2.44159591e-04
8.55000000e-01	2.57849110e-03	2.10796685e-04
8.60000000e-01	2.57923330e-03	1.82608591e-04
8.65000000e-01	2.58309135e-03	1.68405292e-04
8.70000000e-01	2.59524258e-03	1.61177935e-04
8.75000000e-01	2.60078104e-03	1.55881186e-04
8.80000000e-01	2.59933164e-03	1.50289075e-04
8.85000000e-01	2.60314185e-03	1.42209654e-04
8.90000000e-01	2.60528601e-03	1.39278740e-04
8.95000000e-01	2.62212873e-03	1.36497857e-04
9.00000000e-01	2.63639909e-03	1.35811642e-04
9.05000000e-01	2.61940809e-03	1.29034462e-04
9.10000000e-01	2.66568627e-03	1.28880138e-04
9.15000000e-01	2.66025409e-03	1.26518300e-04
9.20000000e-01	2.65134865e-03	1.25889506e-04
9.25000000e-01	2.66968844e-03	1.21389427e-04
9.30000000e-01	2.66320602e-03	1.19851310e-04
9.35000000e-01	2.67807577e-03	1.18295343e-04
9.40000000e-01	2.68544911e-03	1.18875721e-04
9.45000000e-01	2.67507989e-03	1.15459134e-04
9.50000000e-01	2.67843058e-03	1.14016783e-04
9.55000000e-01	2.67602200e-03	1.11749086e-04
9.60000000e-01	2.68890741e-03	1.12449128e-04
9.65000000e-01	2.68619028e-03	1.10549926e-04
9.70000000e-01	2.71483835e-03	1.09862453e-04
9.75000000e-01	2.71518299e-03	1.08618920e-04
9.80000000e-01	2.69681219e-03	1.07030550e-04
9.85000000e-01	2.71637175e-03	1.07871805e-04
9.90000000e-01	2.73493290e-03	1.05287763e-04
9.95000000e-01	2.72814817e-03	1.04550881e-04
1.00000000e+00	2.72344476e-03	1.03803038e-04
1.00500000e+00	2.69982588e-03	1.03037002e-04
1.01000000e+00	2.71705005e-03	1.01455772e-04
1.01500000e+00	2.71766911e-03	1.00491617e-04
1.02000000e+00	2.71436096e-03	1.00536886e-04
1.02500000e+00	2.69675951e-03	9.84563442e-05
1.03000000e+00	2.72991443e-03	9.93340995e-05
1.03500000e+00	2.71210174e-03	9.73586858e-05
1.04000000e+00	2.69608108e-03	9.61928913e-05
1.04500000e+00	2.70750903e-03	9.65689131e-05
1.05000000e+00	2.69541770e-03	9.56102864e-05
1.05500000e+00	2.67592643e-03	9.33918448e-05
1.06000000e+00	2.66544407e-03	9.29313559e-05
1.06500000e+00	2.68611032e-03	9.35395155e-05
1.07000000e+00	2.69640454e-03	9.38265570e-05
1.07500000e+00	2.70631222e-03	9.35329273e-05
1.08000000e+00	2.71119521e-03	9.30834550e-05
1.08500000e+00	2.71925025e-03	9.34725489e-05
1.09000000e+00	2.71230125e-03	9.37238792e-05
1.09500000e+00	2.73779963e-03	9.27521032e-05
1.10000000e+00	2.74286018e-03	9.34576788e-05
1.10500000e+00	2.73310114e-03	9.35684632e-05
1.11000000e+00	2.73375142e-03	9.36368822e-05
1.11500000e+00	2.76075511e-03	9.38151231e-05
1.12000000e+00	2.77726175e-03	9.48478963e-05
1.12500000e+00	2.78190342e-03	9.47817405e-05
1.13000000e+00	2.75787577e-03	9.50300363e-05
1.13500000e+00	2.77883588e-03	9.44588020e-05
1.14000000e+00	2.79572826e-03	9.50402808e-05
1.14500000e+00	2.79608460e-03	9.58587919e-05
1.15000000e+00	2.78883659e-03	9.60674156e-05
1.15500000e+00	2.82263441e-03	9.60609007e-05
1.16000000e+00	2.80933676e-03	9.59424258e-05
1.16500000e+00	2.81747276e-03	9.61846981e-05
1.17000000e+00	2.82113258e-03	9.75245179e-05
1.17500000e+00	2.79917944e-03	9.52678439e-05
1.18000000e+00	2.85159601e-03	9.75675046e-05
1.18500000e+00	2.84136284e-03	9.71625378e-05
1.19000000e+00	2.83754668e-03	9.80467907e-05
1.19500000e+00	2.84455456e-03	9.70600127e-05
1.20000000e+00	2.84125417e-03	9.75135042e-05
1.20500000e+00	2.86339028e-03	9.81223767e-05
1.21000000e+00	2.86253515e-03	9.93049714e-05
1.21500000e+00	2.85610999e-03	9.74825152e-05
1.22000000e+00	2.86178707e-03	9.78296018e-05
1.22500000e+00	2.86748886e-03	9.83660005e-05
1.23000000e+00	2.88664135e-03	9.97822511e-05
1.23500000e+00	2.87380857e-03	9.86845289e-05
1.24000000e+00	2.85628282e-03	9.76190277e-05
1.24500000e+00	2.89559386e-03	9.97318993e-05
1.25000000e+00	2.88521632e-03	9.99075659e-05
1.25500000e+00	2.88477186e-03	9.87590302e-05
1.26000000e+00	2.90496213e-03	1.00045724e-04
1.26500000e+00	2.87332637e-03	9.85666466e-05
1.27000000e+00	2.88818903e-03	1.00579909e-04
1.27500000e+00	2.88584352e-03	9.94853022e-05
1.28000000e+00	2.88412233e-03	9.87671297e-05
1.28500000e+00	2.87927495e-03	9.91424836e-05
1.29000000e+00	2.87274714e-03	9.98560961e-05
1.29500000e+00	2.88780808e-03	9.92193705e-05
1.30000000e+00	2.89981649e-03	9.95669679e-05
1.30500000e+00	2.89336293e-03	9.98324793e-05
1.31000000e+00	2.88557903e-03	1.00628168e-04
1.31500000e+00	2.90956106e-03	1.00211116e-04
1.32000000e+00	2.90015849e-03	9.97924690e-05
1.32500000e+00	2.89903732e-03	9.99441621e-05
1.33000000e+00	2.88724017e-03	1.00800151e-04
1.33500000e+00	2.89622562e-03	9.97640430e-05
1.34000000e+00	2.91089641e-03	1.00283066e-04
1.34500000e+00	2.88942677e-03	9.99693105e-05
1.35000000e+00	2.88453184e-03	1.00841548e-04
1.35500000e+00	2.88111475e-03	9.92513221e-05
1.36000000e+00	2.89498169e-03	9.96011777e-05
1.36500000e+00	2.90408629e-03	1.00255547e-04
1.37000000e+00	2.86902131e-03	1.00517268e-04
1.37500000e+00	2.89124386e-03	9.97511440e-05
1.38000000e+00	2.87598606e-03	9.94376694e-05
1.38500000e+00	2.89889419e-03	1.00685673e-04
1.39000000e+00	2.88562008e-03	1.00888090e-04
1.39500000e+00	2.87666917e-03	9.92060971e-05
1.40000000e+00	2.91207598e-03	1.03392288e-04
1.40500000e+00	2.86490721e-03	1.09554719e-04
1.41000000e+00	2.84279067e-03	1.13790215e-04
1.41500000e+00	2.84348381e-03	1.17875057e-04
1.42000000e+00	2.81416145e-03	1.21521306e-04
1.42500000e+00	2.80886201e-03	1.24690633e-04
1.43000000e+00	2.79074888e-03	1.28723654e-04
1.43500000e+00	2.78438434e-03	1.32446428e-04
1.44000000e+00	2.76434841e-03	1.36412932e-04
1.44500000e+00	2.74494744e-03	1.39190949e-04
1.45000000e+00	2.84936750e-03	1.39506274e-04
1.45500000e+00	2.85175914e-03	1.25495878e-04
1.46000000e+00	2.83637217e-03	1.22030020e-04
1.46500000e+00	2.81976929e-03	1.18979785e-04
1.47000000e+00	2.82036419e-03	1.18867776e-04
1.47500000e+00	2.85371563e-03	1.16687196e-04
1.48000000e+00	2.83693657e-03	1.14894507e-04
1.48500000e+00	2.83294245e-03	1.14740912e-04
1.49000000e+00	2.83488066e-03	1.15042995e-04
1.49500000e+00	2.83276442e-03	1.12447967e-04
1.50000000e+00	2.84358359e-03	1.12446231e-04
1.50500000e+00	2.84302966e-03	1.13105927e-04
1.51000000e+00	2.82946847e-03	1.12811526e-04
1.51500000e+00	2.84912415e-03	1.11682693e-04
1.52000000e+00	2.85087450e-03	1.11362908e-04
1.52500000e+00	2.86572361e-03	1.11857413e-04
1.53000000e+00	2.85249878e-03	1.11894159e-04
1.53500000e+00	2.84214127e-03	1.08320850e-04
1.54000000e+00	2.82434593e-03	1.07497397e-04
1.54500000e+00	2.82171016e-03	1.07200054e-04
1.55000000e+00	2.81855954e-03	1.06814680e-04
1.55500000e+00	2.82534811e-03	1.04712677e-04
1.56000000e+00	2.78709114e-03	1.03411838e-04
1.56500000e+00	2.76656803e-03	1.02158616e-04
1.57000000e+00	2.74643329e-03	1.00702152e-04
1.57500000e+00	2.76123459e-03	9.93676099e-05
1.58000000e+00	2.75603464e-03	9.89789382e-05
1.58500000e+00	2.74451795e-03	9.85659485e-05
1.59000000e+00	2.75594715e-03	9.90622277e-05
1.59500000e+00	2.73371533e-03	9.64146578e-05
1.60000000e+00	2.71468519e-03	9.56559062e-05
1.60500000e+00	2.72845173e-03	9.61457969e-05
1.61000000e+00	2.70577803e-03	9.49543067e-05
1.61500000e+00	2.71245384e-03	9.43729127e-05
1.62000000e+00	2.70846043e-03	9.46469579e-05
1.62500000e+00	2.70011188e-03	9.53998930e-05
1.63000000e+00	2.70167498e-03	9.44445130e-05
1.63500000e+00	2.67945087e-03	9.35782357e-05
1.64000000e+00	2.68103250e-03	9.37562150e-05
1.64500000e+00	2.65979003e-03	9.40445895e-05
1.65000000e+00	2.66333633e-03	9.31495091e-05
1.65500000e+00	2.66826675e-03	9.32595667e-05
1.66000000e+00	2.64527828e-03	9.25505682e-05
1.66500000e+00	2.66086051e-03	9.46052417e-05
1.67000000e+00	2.62689008e-03	9.15266340e-05
1.67500000e+00	2.64816384e-03	9.24185817e-05
1.68000000e+00	2.61907302e-03	9.17114420e-05
1.68500000e+00	2.62014085e-03	9.33204147e-05
1.69000000e+00	2.62280524e-03	9.15713342e-05
1.69500000e+00	2.60576206e-03	9.08128667e-05
1.70000000e+00	2.60381814e-03	9.18349300e-05
1.70500000e+00	2.60602621e-03	9.22691038e-05
1.71000000e+00	2.59254077e-03	9.06315151e-05
1.71500000e+00	2.60396650e-03	9.10492787e-05
1.72000000e+00	2.58951086e-03	9.11864394e-05
1.72500000e+00	2.58646633e-03	9.16187974e-05
1.73000000e+00	2.59150473e-03	9.05535377e-05
1.73500000e+00	2.55692594e-03	8.95855808e-05
1.74000000e+00	2.55404990e-03	8.97666267e-05
1.74500000e+00	2.54951603e-03	9.05934889e-05
1.75000000e+00	2.54297274e-03	8.86420298e-05
1.75500000e+00	2.51694625e-03	8.83748160e-05
1.76000000e+00	2.56063094e-03	8.98682641e-05
1.76500000e+00	2.55011099e-03	9.06042116e-05
1.77000000e+00	2.50956430e-03	8.76406228e-05
1.77500000e+00	2.50905163e-03	8.79341916e-05
1.78000000e+00	2.50906038e-03	8.82539616e-05
1.78500000e+00	2.48970551e-03	8.84532394e-05
1.79000000e+00	2.50375307e-03	8.74916567e-05
1.79500000e+00	2.47258030e-03	8.65964058e-05
1.80000000e+00	2.47622838e-03	8.73221673e-05
1.80500000e+00	2.47710488e-03	8.78526622e-05
1.81000000e+00	2.46203899e-03	8.59877923e-05
1.81500000e+00	2.46568649e-03	8.62053438e-05
1.82000000e+00	2.44684352e-03	8.61211013e-05
1.82500000e+00	2.46388413e-03	8.72726017e-05
1.83000000e+00	2.42926261e-03	8.49290036e-05
1.83500000e+00	2.43794278e-03	8.53558864e-05
1.84000000e+00	2.43388623e-03	8.57244910e-05
1.84500000e+00	2.41329931e-03	8.55184910e-05
1.85000000e+00	2.41607780e-03	8.45854473e-05
1.85500000e+00	2.40731758e-03	8.43259876e-05
1.86000000e+00	2.40404042e-03	8.48158724e-05
1.86500000e+00	2.40312851e-03	8.49808146e-05
1.87000000e+00	2.37711951e-03	8.31197878e-05
1.87500000e+00	2.37952246e-03	8.35717452e-05
1.88000000e+00	2.36626293e-03	8.34863108e-05
1.88500000e+00	2.36180695e-03	8.37286790e-05
1.89000000e+00	2.34158328e-03	8.18668276e-05
1.89500000e+00	2.34186294e-03	8.23533347e-05
1.90000000e+00	2.35312758e-03	8.29827562e-05
1.90500000e+00	2.31564316e-03	8.16896987e-05
1.91000000e+00	2.31543633e-03	8.11699967e-05
1.91500000e+00	2.32075796e-03	8.14133547e-05
1.92000000e+00	2.31139310e-03	8.15288324e-05
1.92500000e+00	2.30379745e-03	8.13563668e-05
1.93000000e+00	2.30128220e-03	8.05252505e-05
1.93500000e+00	2.28384969e-03	8.01288436e-05
1.94000000e+00	2.27571429e-03	8.05201522e-05
1.94500000e+00	2.29192813e-03	8.08605369e-05
1.95000000e+00	2.26606184e-03	7.92244347e-05
1.95500000e+00	2.26329060e-03	7.94822547e-05
1.96000000e+00	2.28087044e-03	8.06289546e-05
1.96500000e+00	2.23434922e-03	7.89883410e-05
1.97000000e+00	2.25547135e-03	7.87174552e-05
1.97500000e+00	2.23301317e-03	7.85340594e-05
1.98000000e+00	2.24908706e-03	7.93991531e-05
1.98500000e+00	2.21242918e-03	7.82447392e-05
1.99000000e+00	2.19804151e-03	7.67435329e-05
1.99500000e+00	2.19297808e-03	7.69062641e-05
2.00000000e+00	2.20082452e-03	7.77450608e-05
2.00500000e+00	2.22809418e-03	7.89336263e-05
2.01000000e+00	2.20699665e-03	8.58538877e-05
2.01500000e+00	2.18319380e-03	9.00772829e-05
2.02000000e+00	2.14079154e-03	9.41279038e-05
2.02500000e+00	2.13722193e-03	9.77482315e-05
2.03000000e+00	2.11857140e-03	1.02762985e-04
2.03500000e+00	2.11964497e-03	1.07123006e-04
2.04000000e+00	2.08668346e-03	1.10315372e-04
2.04500000e+00	2.09053031e-03	1.16252336e-04
2.05000000e+00	2.07396843e-03	1.21118382e-04
2.05500000e+00	2.11481522e-03	1.21009241e-04
2.06000000e+00	2.11814915e-03	1.05509393e-04
2.06500000e+00	2.10674655e-03	1.00218480e-04
2.07000000e+00	2.09487752e-03	9.43947547e-05
2.07500000e+00	2.10504226e-03	9.27358996e-05
2.08000000e+00	2.09873862e-03	9.21828817e-05
2.08500000e+00	2.08365144e-03	9.07752309e-05
2.09000000e+00	2.10823802e-03	8.91629717e-05
2.09500000e+00	2.11017645e-03	8.81672446e-05
2.10000000e+00	2.06887622e-03	8.59036359e-05
2.10500000e+00	2.06372904e-03	8.54623933e-05
2.11000000e+00	2.04728345e-03	8.16971794e-05
2.11500000e+00	2.03019329e-03	8.01970895e-05
2.12000000e+00	2.02918973e-03	7.96990239e-05
2.12500000e+00	2.00461396e-03	7.85324798e-05
2.13000000e+00	2.00056448e-03	7.51190838e-05
2.13500000e+00	1.96821834e-03	7.30997166e-05
2.14000000e+00	1.97616831e-03	7.26945162e-05
2.14500000e+00	1.95321080e-03	7.20201867e-05
2.15000000e+00	1.96189361e-03	7.00165758e-05
2.15500000e+00	1.94942171e-03	6.96836334e-05
2.16000000e+00	1.91457752e-03	6.81050492e-05
2.16500000e+00	1.91354922e-03	6.85228618e-05
2.17000000e+00	1.91618369e-03	6.69767191e-05
2.17500000e+00	1.91021371e-03	6.69411497e-05
2.18000000e+00	1.91312693e-03	6.72325574e-05
2.18500000e+00	1.89072070e-03	6.68052206e-05
2.19000000e+00	1.87780329e-03	6.61373126e-05
2.19500000e+00	1.87032301e-03	6.54995336e-05
2.20000000e+00	1.86370543e-03	6.54122210e-05
2.20500000e+00	1.85561132e-03	6.53848167e-05
2.21000000e+00	1.84359607e-03	6.52053693e-05
2.21500000e+00	1.82517148e-03	6.38657495e-05
2.22000000e+00	1.82059258e-03	6.36467373e-05
2.22500000e+00	1.79792900e-03	6.33709108e-05
2.23000000e+00	1.80111636e-03	6.38678086e-05
2.23500000e+00	1.78845638e-03	6.25933875e-05
2.24000000e+00	1.77291245e-03	6.20184390e-05
2.24500000e+00	1.75718414e-03	6.19719585e-05
2.25000000e+00	1.73365073e-03	6.17231087e-05
2.25500000e+00	1.75163878e-03	6.11472052e-05
2.26000000e+00	1.73490922e-03	6.07785433e-05
2.26500000e+00	1.69975201e-03	5.98430470e-05
2.27000000e+00	1.70431452e-03	6.08163500e-05
2.27500000e+00	1.69424168e-03	5.91781471e-05
2.28000000e+00	1.68505315e-03	5.89222453e-05
2.28500000e+00	1.67164653e-03	5.88051971e-05
2.29000000e+00	1.68215768e-03	5.95069968e-05
2.29500000e+00	1.66745455e-03	5.88450528e-05
2.30000000e+00	1.63602486e-03	5.71465609e-05
2.30500000e+00	1.63281364e-03	5.72254537e-05
2.31000000e+00	1.62688977e-03	5.73043064e-05
2.31500000e+00	1.59704510e-03	5.67060992e-05
2.32000000e+00	1.59676223e-03	5.55721989e-05
2.32500000e+00	1.59682385e-03	5.60689982e-05
2.33000000e+00	1.57291098e-03	5.53328136e-05
2.33500000e+00	1.57601444e-03	5.59227280e-05
2.34000000e+00	1.57536399e-03	5.49614904e-05
2.34500000e+00	1.55019864e-03	5.41545851e-05
2.35000000e+00	1.55866935e-03	5.46251573e-05
2.35500000e+00	1.54224781e-03	5.48281423e-05
2.36000000e+00	1.53522175e-03	5.37877113e-05
2.36500000e+00	1.51798791e-03	5.30614427e-05
2.37000000e+00	1.50985886e-03	5.28945028e-05
2.37500000e+00	1.50019150e-03	5.29952047e-05
2.38000000e+00	1.51106519e-03	5.37384343e-05
2.38500000e+00	1.47150163e-03	5.14482854e-05
2.39000000e+00	1.46535459e-03	5.14740178e-05
2.39500000e+00	1.45624442e-03	5.13527823e-05
2.40000000e+00	1.44134260e-03	5.15628202e-05
2.40500000e+00	1.44852273e-03	5.08402039e-05
2.41000000e+00	1.43976813e-03	5.07194204e-05
2.41500000e+00	1.41007665e-03	4.97095262e-05
2.42000000e+00	1.40420682e-03	5.01024380e-05
2.42500000e+00	1.41567024e-03	5.04061557e-05
2.43000000e+00	1.42186747e-03	5.01575572e-05
2.43500000e+00	1.39877032e-03	4.95546819e-05
2.44000000e+00	1.38668175e-03	4.91967215e-05
2.44500000e+00	1.37993077e-03	4.96224131e-05
2.45000000e+00	1.37330546e-03	4.85556864e-05
2.45500000e+00	1.36185083e-03	4.82447968e-05
2.46000000e+00	1.34827293e-03	4.79505019e-05
2.46500000e+00	1.35326616e-03	4.87603172e-05
2.47000000e+00	1.35680765e-03	4.83979294e-05
2.47500000e+00	1.32512111e-03	4.70238251e-05
2.48000000e+00	1.34338406e-03	4.80567287e-05
2.48500000e+00	1.30854527e-03	4.67426361e-05
2.49000000e+00	1.30093276e-03	4.71461908e-05
2.49500000e+00	1.28584220e-03	4.57339205e-05
2.50000000e+00	1.29147571e-03	4.60944171e-05
2.50500000e+00	1.26566840e-03	4.53363417e-05
2.51000000e+00	1.29141981e-03	4.66869644e-05
2.51500000e+00	1.26983545e-03	4.59385999e-05
2.52000000e+00	1.26565368e-03	4.53928089e-05
2.52500000e+00	1.25657199e-03	4.52373385e-05
2.53000000e+00	1.24408801e-03	4.52263633e-05
2.53500000e+00	1.24041134e-03	4.56619751e-05
2.54000000e+00	1.23136783e-03	4.45976669e-05
2.54500000e+00	1.22329291e-03	4.43911696e-05
2.55000000e+00	1.20642988e-03	4.40286200e-05
2.55500000e+00	1.21688046e-03	4.48210845e-05
2.56000000e+00	1.18953257e-03	4.39786049e-05
2.56500000e+00	1.21196156e-03	4.44986167e-05
2.57000000e+00	1.20070448e-03	4.42237987e-05
2.57500000e+00	1.17401826e-03	4.33623411e-05
2.58000000e+00	1.18032763e-03	4.42663960e-05
2.58500000e+00	1.17566002e-03	4.37453723e-05
2.59000000e+00	1.17503758e-03	4.35812467e-05
2.59500000e+00	1.15171657e-03	4.29708097e-05
2.60000000e+00	1.15436169e-03	4.33462614e-05
2.60500000e+00	1.16534575e-03	4.46935667e-05
2.61000000e+00	1.14638314e-03	5.01631525e-05
2.61500000e+00	1.14779970e-03	5.54811404e-05
2.62000000e+00	1.13849623e-03	6.06881002e-05
2.62500000e+00	1.13864354e-03	6.56949629e-05
2.63000000e+00	1.14313514e-03	7.27525308e-05
2.63500000e+00	1.14023283e-03	8.06037888e-05
2.64000000e+00	1.10893544e-03	8.64913418e-05
2.64500000e+00	1.11390407e-03	9.24188027e-05
2.65000000e+00	1.13572793e-03	9.98487640e-05
2.65500000e+00	1.12025075e-03	1.06151104e-04
2.66000000e+00	1.06103202e-03	1.08059634e-04
2.66500000e+00	1.05938223e-03	1.20726218e-04
2.67000000e+00	1.11579833e-03	1.37541537e-04
2.67500000e+00	1.07655903e-03	1.55231975e-04
2.68000000e+00	1.10889497e-03	1.85855503e-04
2.68500000e+00	1.14611891e-03	2.56383325e-04
2.69000000e+00	1.10877602e-03	3.95673988e-04
2.69500000e+00	0.00000000e+00	0.00000000e+00
2.70000000e+00	0.00000000e+00	0.00000000e+00
