% Filename : WDL7c_00026_00035.h5
% Date & Time : 30-Oct-2025 17:02:56
% X-ray Energy (keV) : 13.30001
% Exposure Time (s) : 0.500
% Photodiode Value : 141466.000
% I0 of Sample : 0
% I0 of Standard : 1
% 
% q(A^-1)   I(q)    I(q)_SE
8.40000000e-01	0.00000000e+00	0.00000000e+00
8.45000000e-01	2.79055081e-03	4.87930776e-04
8.50000000e-01	2.68789116e-03	2.49332713e-04
8.55000000e-01	2.64251763e-03	2.15901681e-04
8.60000000e-01	2.60246077e-03	1.83841217e-04
8.65000000e-01	2.60492748e-03	1.69886023e-04
8.70000000e-01	2.63829940e-03	1.64083024e-04
8.75000000e-01	2.61880046e-03	1.56595483e-04
8.80000000e-01	2.61650307e-03	1.51278119e-04
8.85000000e-01	2.62022099e-03	1.43216495e-04
8.90000000e-01	2.65260729e-03	1.41849275e-04
8.95000000e-01	2.61080828e-03	1.35669507e-04
9.00000000e-01	2.60961199e-03	1.34331373e-04
9.05000000e-01	2.63122643e-03	1.29540011e-04
9.10000000e-01	2.66357046e-03	1.28773802e-04
9.15000000e-01	2.63939215e-03	1.25695958e-04
9.20000000e-01	2.65837660e-03	1.26349689e-04
9.25000000e-01	2.68195357e-03	1.21883660e-04
9.30000000e-01	2.69939668e-03	1.21437358e-04
9.35000000e-01	2.66964398e-03	1.17851868e-04
9.40000000e-01	2.69954854e-03	1.19556407e-04
9.45000000e-01	2.68119736e-03	1.15780553e-04
9.50000000e-01	2.69303079e-03	1.14581903e-04
9.55000000e-01	2.71215532e-03	1.13297717e-04
9.60000000e-01	2.70294763e-03	1.13029820e-04
9.65000000e-01	2.71820026e-03	1.11770989e-04
9.70000000e-01	2.73234096e-03	1.10504341e-04
9.75000000e-01	2.72970131e-03	1.09215536e-04
9.80000000e-01	2.72621443e-03	1.08176738e-04
9.85000000e-01	2.73549390e-03	1.08689859e-04
9.90000000e-01	2.72028130e-03	1.04858695e-04
9.95000000e-01	2.72707667e-03	1.04492072e-04
1.00000000e+00	2.71933211e-03	1.03695536e-04
1.00500000e+00	2.70624955e-03	1.03271167e-04
1.01000000e+00	2.73405869e-03	1.02107045e-04
1.01500000e+00	2.72774993e-03	1.00941137e-04
1.02000000e+00	2.73760739e-03	1.01237022e-04
1.02500000e+00	2.71846829e-03	9.93108190e-05
1.03000000e+00	2.72769932e-03	9.92906921e-05
1.03500000e+00	2.72716349e-03	9.79426984e-05
1.04000000e+00	2.71081247e-03	9.66603784e-05
1.04500000e+00	2.70950743e-03	9.65996022e-05
1.05000000e+00	2.71041003e-03	9.60904444e-05
1.05500000e+00	2.69584196e-03	9.41533085e-05
1.06000000e+00	2.71150811e-03	9.45258815e-05
1.06500000e+00	2.71931522e-03	9.47820753e-05
1.07000000e+00	2.70800676e-03	9.42153334e-05
1.07500000e+00	2.73363964e-03	9.43729348e-05
1.08000000e+00	2.72595531e-03	9.35837483e-05
1.08500000e+00	2.72651818e-03	9.37269973e-05
1.09000000e+00	2.74620587e-03	9.49333750e-05
1.09500000e+00	2.71768910e-03	9.21142767e-05
1.10000000e+00	2.73084260e-03	9.31242089e-05
1.10500000e+00	2.74896911e-03	9.39851953e-05
1.11000000e+00	2.74962971e-03	9.42255426e-05
1.11500000e+00	2.78251069e-03	9.45084782e-05
1.12000000e+00	2.78174044e-03	9.49316373e-05
1.12500000e+00	2.76969042e-03	9.42926778e-05
1.13000000e+00	2.78560322e-03	9.59301285e-05
1.13500000e+00	2.79011523e-03	9.48979447e-05
1.14000000e+00	2.79346396e-03	9.48725707e-05
1.14500000e+00	2.80685509e-03	9.60729238e-05
1.15000000e+00	2.80168024e-03	9.64363262e-05
1.15500000e+00	2.83060987e-03	9.64058908e-05
1.16000000e+00	2.80954378e-03	9.59691020e-05
1.16500000e+00	2.84722830e-03	9.71429677e-05
1.17000000e+00	2.81638352e-03	9.73785400e-05
1.17500000e+00	2.85122796e-03	9.71653249e-05
1.18000000e+00	2.84492412e-03	9.72859916e-05
1.18500000e+00	2.83875738e-03	9.70515250e-05
1.19000000e+00	2.86117688e-03	9.87007294e-05
1.19500000e+00	2.86697219e-03	9.78133861e-05
1.20000000e+00	2.86885463e-03	9.83781570e-05
1.20500000e+00	2.85335078e-03	9.77566344e-05
1.21000000e+00	2.88229307e-03	9.99554298e-05
1.21500000e+00	2.86338472e-03	9.77177707e-05
1.22000000e+00	2.88498400e-03	9.85492303e-05
1.22500000e+00	2.87024585e-03	9.84638890e-05
1.23000000e+00	2.88817288e-03	9.97949583e-05
1.23500000e+00	2.90971772e-03	9.99617233e-05
1.24000000e+00	2.87863023e-03	9.83393243e-05
1.24500000e+00	2.89126461e-03	9.96263189e-05
1.25000000e+00	2.88842886e-03	1.00011730e-04
1.25500000e+00	2.90342636e-03	9.92977402e-05
1.26000000e+00	2.90071539e-03	9.98752587e-05
1.26500000e+00	2.89362911e-03	9.93089795e-05
1.27000000e+00	2.88626793e-03	1.00402099e-04
1.27500000e+00	2.88525986e-03	9.94261202e-05
1.28000000e+00	2.88277805e-03	9.86857227e-05
1.28500000e+00	2.89719966e-03	9.97909552e-05
1.29000000e+00	2.89517382e-03	1.00596561e-04
1.29500000e+00	2.87534268e-03	9.88683626e-05
1.30000000e+00	2.90390024e-03	9.96035562e-05
1.30500000e+00	2.89623109e-03	9.97873251e-05
1.31000000e+00	2.89224445e-03	1.00841987e-04
1.31500000e+00	2.91791983e-03	1.00533714e-04
1.32000000e+00	2.89605539e-03	9.96009661e-05
1.32500000e+00	2.91085565e-03	1.00472909e-04
1.33000000e+00	2.89901882e-03	1.01213970e-04
1.33500000e+00	2.90125969e-03	9.99113096e-05
1.34000000e+00	2.90489999e-03	1.00073540e-04
1.34500000e+00	2.91652144e-03	1.00870076e-04
1.35000000e+00	2.91108168e-03	1.01628746e-04
1.35500000e+00	2.90573890e-03	1.00085378e-04
1.36000000e+00	2.89618296e-03	9.95678931e-05
1.36500000e+00	2.90922304e-03	1.00446774e-04
1.37000000e+00	2.88633638e-03	1.01084482e-04
1.37500000e+00	2.91664291e-03	1.00596109e-04
1.38000000e+00	2.90417764e-03	1.00377308e-04
1.38500000e+00	2.90404388e-03	1.00907085e-04
1.39000000e+00	2.87143387e-03	1.00452883e-04
1.39500000e+00	2.89842150e-03	9.99242337e-05
1.40000000e+00	2.93463334e-03	1.04200167e-04
1.40500000e+00	2.87983632e-03	1.10139919e-04
1.41000000e+00	2.87650893e-03	1.15135305e-04
1.41500000e+00	2.83030703e-03	1.17384424e-04
1.42000000e+00	2.83446389e-03	1.22309898e-04
1.42500000e+00	2.80388811e-03	1.24474666e-04
1.43000000e+00	2.77709012e-03	1.27971505e-04
1.43500000e+00	2.80727930e-03	1.33311827e-04
1.44000000e+00	2.76713725e-03	1.36326676e-04
1.44500000e+00	2.78589814e-03	1.40964529e-04
1.45000000e+00	2.82883293e-03	1.38747556e-04
1.45500000e+00	2.86624094e-03	1.26102162e-04
1.46000000e+00	2.87395202e-03	1.23439440e-04
1.46500000e+00	2.83541551e-03	1.19611980e-04
1.47000000e+00	2.86480445e-03	1.20592403e-04
1.47500000e+00	2.83168463e-03	1.15673171e-04
1.48000000e+00	2.85790235e-03	1.15630880e-04
1.48500000e+00	2.84192462e-03	1.15016860e-04
1.49000000e+00	2.84725970e-03	1.15537811e-04
1.49500000e+00	2.87006004e-03	1.13803531e-04
1.50000000e+00	2.85429248e-03	1.12868832e-04
1.50500000e+00	2.85485802e-03	1.13537714e-04
1.51000000e+00	2.87672357e-03	1.14520022e-04
1.51500000e+00	2.83517709e-03	1.11090011e-04
1.52000000e+00	2.84261550e-03	1.10990109e-04
1.52500000e+00	2.86480096e-03	1.11770095e-04
1.53000000e+00	2.86461492e-03	1.12369459e-04
1.53500000e+00	2.87604573e-03	1.09648808e-04
1.54000000e+00	2.84524440e-03	1.08299815e-04
1.54500000e+00	2.82589418e-03	1.07304100e-04
1.55000000e+00	2.82019483e-03	1.06805845e-04
1.55500000e+00	2.79949918e-03	1.03664179e-04
1.56000000e+00	2.81120761e-03	1.04402735e-04
1.56500000e+00	2.77744264e-03	1.02534118e-04
1.57000000e+00	2.76572297e-03	1.01440589e-04
1.57500000e+00	2.74509637e-03	9.88324988e-05
1.58000000e+00	2.74641575e-03	9.86903091e-05
1.58500000e+00	2.73697578e-03	9.84122435e-05
1.59000000e+00	2.75040640e-03	9.88445330e-05
1.59500000e+00	2.73900644e-03	9.65016639e-05
1.60000000e+00	2.72356151e-03	9.59471940e-05
1.60500000e+00	2.71150067e-03	9.55902048e-05
1.61000000e+00	2.69700300e-03	9.46770605e-05
1.61500000e+00	2.71056611e-03	9.43092561e-05
1.62000000e+00	2.70443481e-03	9.45405547e-05
1.62500000e+00	2.69699849e-03	9.52868859e-05
1.63000000e+00	2.66093828e-03	9.30210482e-05
1.63500000e+00	2.66537152e-03	9.31952403e-05
1.64000000e+00	2.69407370e-03	9.42228075e-05
1.64500000e+00	2.68174307e-03	9.48083655e-05
1.65000000e+00	2.67149486e-03	9.34500407e-05
1.65500000e+00	2.67963176e-03	9.35618297e-05
1.66000000e+00	2.66403236e-03	9.31623981e-05
1.66500000e+00	2.64538558e-03	9.40780257e-05
1.67000000e+00	2.64218986e-03	9.20761609e-05
1.67500000e+00	2.64709915e-03	9.23915398e-05
1.68000000e+00	2.64296751e-03	9.25151307e-05
1.68500000e+00	2.62399213e-03	9.33815692e-05
1.69000000e+00	2.62816918e-03	9.17607230e-05
1.69500000e+00	2.62696549e-03	9.15925554e-05
1.70000000e+00	2.61800437e-03	9.22322261e-05
1.70500000e+00	2.60297173e-03	9.21566114e-05
1.71000000e+00	2.61869806e-03	9.14979358e-05
1.71500000e+00	2.60718616e-03	9.10347404e-05
1.72000000e+00	2.56895473e-03	9.04377547e-05
1.72500000e+00	2.55562261e-03	9.05471910e-05
1.73000000e+00	2.58814523e-03	9.04424941e-05
1.73500000e+00	2.56081258e-03	8.97300022e-05
1.74000000e+00	2.57089342e-03	9.03069360e-05
1.74500000e+00	2.57340902e-03	9.14818007e-05
1.75000000e+00	2.53326843e-03	8.83208541e-05
1.75500000e+00	2.55302769e-03	8.96294809e-05
1.76000000e+00	2.53841065e-03	8.90655176e-05
1.76500000e+00	2.52806828e-03	8.98442792e-05
1.77000000e+00	2.52354390e-03	8.81583447e-05
1.77500000e+00	2.49947516e-03	8.75716271e-05
1.78000000e+00	2.51157957e-03	8.82300713e-05
1.78500000e+00	2.51163246e-03	8.91791496e-05
1.79000000e+00	2.51055321e-03	8.76716714e-05
1.79500000e+00	2.51012307e-03	8.79448056e-05
1.80000000e+00	2.47819977e-03	8.73028817e-05
1.80500000e+00	2.47876645e-03	8.78745677e-05
1.81000000e+00	2.45618842e-03	8.57986331e-05
1.81500000e+00	2.45684809e-03	8.59265712e-05
1.82000000e+00	2.46297043e-03	8.66313357e-05
1.82500000e+00	2.44197946e-03	8.64328224e-05
1.83000000e+00	2.44444984e-03	8.55104087e-05
1.83500000e+00	2.43983585e-03	8.54343395e-05
1.84000000e+00	2.43351210e-03	8.56443764e-05
1.84500000e+00	2.41995524e-03	8.57177838e-05
1.85000000e+00	2.39567681e-03	8.38186949e-05
1.85500000e+00	2.40354721e-03	8.42330581e-05
1.86000000e+00	2.38846805e-03	8.42421736e-05
1.86500000e+00	2.38004837e-03	8.41738551e-05
1.87000000e+00	2.39132729e-03	8.36281149e-05
1.87500000e+00	2.38375222e-03	8.36096813e-05
1.88000000e+00	2.36772516e-03	8.33369775e-05
1.88500000e+00	2.37633072e-03	8.42369807e-05
1.89000000e+00	2.37103965e-03	8.29158824e-05
1.89500000e+00	2.34159353e-03	8.22521394e-05
1.90000000e+00	2.34636594e-03	8.26868262e-05
1.90500000e+00	2.31705067e-03	8.17498704e-05
1.91000000e+00	2.33542819e-03	8.17779137e-05
1.91500000e+00	2.33071719e-03	8.17548131e-05
1.92000000e+00	2.31473887e-03	8.15606225e-05
1.92500000e+00	2.30817506e-03	8.14514875e-05
1.93000000e+00	2.30620934e-03	8.06844918e-05
1.93500000e+00	2.29637987e-03	8.05188892e-05
1.94000000e+00	2.27305095e-03	8.03576809e-05
1.94500000e+00	2.29185374e-03	8.08448957e-05
1.95000000e+00	2.26617479e-03	7.92532837e-05
1.95500000e+00	2.27606077e-03	7.99476812e-05
1.96000000e+00	2.26543989e-03	7.99677348e-05
1.96500000e+00	2.25981673e-03	7.98450454e-05
1.97000000e+00	2.23170035e-03	7.79482371e-05
1.97500000e+00	2.23588037e-03	7.86678999e-05
1.98000000e+00	2.24915216e-03	7.93482196e-05
1.98500000e+00	2.21306265e-03	7.82688181e-05
1.99000000e+00	2.22699069e-03	7.77391556e-05
1.99500000e+00	2.22937548e-03	7.82190975e-05
2.00000000e+00	2.20947939e-03	7.80039987e-05
2.00500000e+00	2.23671151e-03	7.91609624e-05
2.01000000e+00	2.19842893e-03	8.53115701e-05
2.01500000e+00	2.18874959e-03	9.02091096e-05
2.02000000e+00	2.16116856e-03	9.50265344e-05
2.02500000e+00	2.16079859e-03	9.87656189e-05
2.03000000e+00	2.12680036e-03	1.03000713e-04
2.03500000e+00	2.11173481e-03	1.06995312e-04
2.04000000e+00	2.09073718e-03	1.10387829e-04
2.04500000e+00	2.08476811e-03	1.15875589e-04
2.05000000e+00	2.06086483e-03	1.20435249e-04
2.05500000e+00	2.10594851e-03	1.20481032e-04
2.06000000e+00	2.16342595e-03	1.07787526e-04
2.06500000e+00	2.08712837e-03	9.93093747e-05
2.07000000e+00	2.12204098e-03	9.55000589e-05
2.07500000e+00	2.08913815e-03	9.19855066e-05
2.08000000e+00	2.07697668e-03	9.12824586e-05
2.08500000e+00	2.09374001e-03	9.11167635e-05
2.09000000e+00	2.07436573e-03	8.76952178e-05
2.09500000e+00	2.09465603e-03	8.75314471e-05
2.10000000e+00	2.06041338e-03	8.55544810e-05
2.10500000e+00	2.04387870e-03	8.45881212e-05
2.11000000e+00	2.05556316e-03	8.18863631e-05
2.11500000e+00	2.04607411e-03	8.07693396e-05
2.12000000e+00	1.99790686e-03	7.84738285e-05
2.12500000e+00	2.02031978e-03	7.90793393e-05
2.13000000e+00	1.99925665e-03	7.51399937e-05
2.13500000e+00	1.99784626e-03	7.41638836e-05
2.14000000e+00	1.96706432e-03	7.23827583e-05
2.14500000e+00	1.95911019e-03	7.22501680e-05
2.15000000e+00	1.96152852e-03	6.99665911e-05
2.15500000e+00	1.94218249e-03	6.94448175e-05
2.16000000e+00	1.93579329e-03	6.89226953e-05
2.16500000e+00	1.94243893e-03	6.95386280e-05
2.17000000e+00	1.90707537e-03	6.66662314e-05
2.17500000e+00	1.90138002e-03	6.65869507e-05
2.18000000e+00	1.88912451e-03	6.63915149e-05
2.18500000e+00	1.87906212e-03	6.63350638e-05
2.19000000e+00	1.87218019e-03	6.59508801e-05
2.19500000e+00	1.86023358e-03	6.51421701e-05
2.20000000e+00	1.84424228e-03	6.47304287e-05
2.20500000e+00	1.85089188e-03	6.51510654e-05
2.21000000e+00	1.82914372e-03	6.47907883e-05
2.21500000e+00	1.82628603e-03	6.39254736e-05
2.22000000e+00	1.82624552e-03	6.38216943e-05
2.22500000e+00	1.80320290e-03	6.36070452e-05
2.23000000e+00	1.80965290e-03	6.41520376e-05
2.23500000e+00	1.77925798e-03	6.21913609e-05
2.24000000e+00	1.77088277e-03	6.19748503e-05
2.24500000e+00	1.76074710e-03	6.20667542e-05
2.25000000e+00	1.76308156e-03	6.26867676e-05
2.25500000e+00	1.73654322e-03	6.06157188e-05
2.26000000e+00	1.72399135e-03	6.03694449e-05
2.26500000e+00	1.72569027e-03	6.07400728e-05
2.27000000e+00	1.72392417e-03	6.14691264e-05
2.27500000e+00	1.69894680e-03	5.93195256e-05
2.28000000e+00	1.68840836e-03	5.89559848e-05
2.28500000e+00	1.66071609e-03	5.83957948e-05
2.29000000e+00	1.66796636e-03	5.90881410e-05
2.29500000e+00	1.67310553e-03	5.89619886e-05
2.30000000e+00	1.64766672e-03	5.75323122e-05
2.30500000e+00	1.64953220e-03	5.77993683e-05
2.31000000e+00	1.60791492e-03	5.66721891e-05
2.31500000e+00	1.62037296e-03	5.75352288e-05
2.32000000e+00	1.61130283e-03	5.60562589e-05
2.32500000e+00	1.59727208e-03	5.61386753e-05
2.33000000e+00	1.57837598e-03	5.55474283e-05
2.33500000e+00	1.57729511e-03	5.59705791e-05
2.34000000e+00	1.56846692e-03	5.47703988e-05
2.34500000e+00	1.53791008e-03	5.37408853e-05
2.35000000e+00	1.54641120e-03	5.41825086e-05
2.35500000e+00	1.53699009e-03	5.45386561e-05
2.36000000e+00	1.52371695e-03	5.33479687e-05
2.36500000e+00	1.53114869e-03	5.35190060e-05
2.37000000e+00	1.50311394e-03	5.26468003e-05
2.37500000e+00	1.49258232e-03	5.26929534e-05
2.38000000e+00	1.47804513e-03	5.23991914e-05
2.38500000e+00	1.47776679e-03	5.16716450e-05
2.39000000e+00	1.46559565e-03	5.13977777e-05
2.39500000e+00	1.45152414e-03	5.11700935e-05
2.40000000e+00	1.45687771e-03	5.21106248e-05
2.40500000e+00	1.45794598e-03	5.10547049e-05
2.41000000e+00	1.42965412e-03	5.03023793e-05
2.41500000e+00	1.42510612e-03	5.01906027e-05
2.42000000e+00	1.42275160e-03	5.06998791e-05
2.42500000e+00	1.39447937e-03	4.96941562e-05
2.43000000e+00	1.40565841e-03	4.95605625e-05
2.43500000e+00	1.39169871e-03	4.92871677e-05
2.44000000e+00	1.39317439e-03	4.93985990e-05
2.44500000e+00	1.38198770e-03	4.96815207e-05
2.45000000e+00	1.36505008e-03	4.81086060e-05
2.45500000e+00	1.37131321e-03	4.85417483e-05
2.46000000e+00	1.36714854e-03	4.86321758e-05
2.46500000e+00	1.35557772e-03	4.88355366e-05
2.47000000e+00	1.34823069e-03	4.79960211e-05
2.47500000e+00	1.32660331e-03	4.69611017e-05
2.48000000e+00	1.31684843e-03	4.70748212e-05
2.48500000e+00	1.32242766e-03	4.72618672e-05
2.49000000e+00	1.28810739e-03	4.66936608e-05
2.49500000e+00	1.30145464e-03	4.62893917e-05
2.50000000e+00	1.28370654e-03	4.57459266e-05
2.50500000e+00	1.26762748e-03	4.53886580e-05
2.51000000e+00	1.26892542e-03	4.58719390e-05
2.51500000e+00	1.26933358e-03	4.58862360e-05
2.52000000e+00	1.26878549e-03	4.55235508e-05
2.52500000e+00	1.25008598e-03	4.49296430e-05
2.53000000e+00	1.24289198e-03	4.51303403e-05
2.53500000e+00	1.25135713e-03	4.60904283e-05
2.54000000e+00	1.23315064e-03	4.45962393e-05
2.54500000e+00	1.21825818e-03	4.41889506e-05
2.55000000e+00	1.20538623e-03	4.39792008e-05
2.55500000e+00	1.20901412e-03	4.44359113e-05
2.56000000e+00	1.20815413e-03	4.46935563e-05
2.56500000e+00	1.19672875e-03	4.38604790e-05
2.57000000e+00	1.18535397e-03	4.36986823e-05
2.57500000e+00	1.18880573e-03	4.39105205e-05
2.58000000e+00	1.17466867e-03	4.40825978e-05
2.58500000e+00	1.17972031e-03	4.39961705e-05
2.59000000e+00	1.16374173e-03	4.32112910e-05
2.59500000e+00	1.15834689e-03	4.31709351e-05
2.60000000e+00	1.13699965e-03	4.26735578e-05
2.60500000e+00	1.15684711e-03	4.43221875e-05
2.61000000e+00	1.13516941e-03	4.97443371e-05
2.61500000e+00	1.13337435e-03	5.48134333e-05
2.62000000e+00	1.12836752e-03	6.01252938e-05
2.62500000e+00	1.12478627e-03	6.46354616e-05
2.63000000e+00	1.11828426e-03	7.10406837e-05
2.63500000e+00	1.11974540e-03	7.90229563e-05
2.64000000e+00	1.12023606e-03	8.73378473e-05
2.64500000e+00	1.08167617e-03	8.99637880e-05
2.65000000e+00	1.09853640e-03	9.68864758e-05
2.65500000e+00	1.12518176e-03	1.06730384e-04
2.66000000e+00	1.08783225e-03	1.10351143e-04
2.66500000e+00	1.08881446e-03	1.23997326e-04
2.67000000e+00	1.07983310e-03	1.33899326e-04
2.67500000e+00	1.08872181e-03	1.57359996e-04
2.68000000e+00	1.05224075e-03	1.76390698e-04
2.68500000e+00	1.07657582e-03	2.40328698e-04
2.69000000e+00	1.08718730e-03	3.95087006e-04
2.69500000e+00	0.00000000e+00	0.00000000e+00
2.70000000e+00	0.00000000e+00	0.00000000e+00
