% Filename : WDL7c_00026_00065.h5
% Date & Time : 30-Oct-2025 17:04:47
% X-ray Energy (keV) : 13.30001
% Exposure Time (s) : 0.500
% Photodiode Value : 140877.000
% I0 of Sample : 0
% I0 of Standard : 1
% 
% q(A^-1)   I(q)    I(q)_SE
8.40000000e-01	0.00000000e+00	0.00000000e+00
8.45000000e-01	2.78042922e-03	4.87425167e-04
8.50000000e-01	2.61824228e-03	2.42998231e-04
8.55000000e-01	2.55134830e-03	2.08763566e-04
8.60000000e-01	2.56907563e-03	1.81974305e-04
8.65000000e-01	2.64923947e-03	1.72714967e-04
8.70000000e-01	2.60557351e-03	1.61977745e-04
8.75000000e-01	2.62622121e-03	1.57034503e-04
8.80000000e-01	2.63766281e-03	1.52439920e-04
8.85000000e-01	2.64458541e-03	1.44740009e-04
8.90000000e-01	2.62164009e-03	1.40187313e-04
8.95000000e-01	2.65651677e-03	1.38221579e-04
9.00000000e-01	2.61137121e-03	1.34536441e-04
9.05000000e-01	2.63788124e-03	1.29925078e-04
9.10000000e-01	2.68569411e-03	1.29794832e-04
9.15000000e-01	2.65466030e-03	1.26433768e-04
9.20000000e-01	2.66658872e-03	1.26697075e-04
9.25000000e-01	2.66708243e-03	1.21071803e-04
9.30000000e-01	2.68042074e-03	1.20665026e-04
9.35000000e-01	2.65290994e-03	1.17214729e-04
9.40000000e-01	2.67567330e-03	1.18476082e-04
9.45000000e-01	2.69752636e-03	1.16539289e-04
9.50000000e-01	2.70216157e-03	1.14973810e-04
9.55000000e-01	2.71838438e-03	1.13576609e-04
9.60000000e-01	2.69878606e-03	1.12801716e-04
9.65000000e-01	2.70870022e-03	1.11353169e-04
9.70000000e-01	2.71670546e-03	1.09917972e-04
9.75000000e-01	2.71719631e-03	1.08648041e-04
9.80000000e-01	2.73417894e-03	1.08439042e-04
9.85000000e-01	2.73472099e-03	1.08575840e-04
9.90000000e-01	2.73103726e-03	1.05095523e-04
9.95000000e-01	2.73534243e-03	1.04861148e-04
1.00000000e+00	2.73019968e-03	1.04101937e-04
1.00500000e+00	2.71785843e-03	1.03635997e-04
1.01000000e+00	2.76423243e-03	1.03158165e-04
1.01500000e+00	2.73580420e-03	1.01135224e-04
1.02000000e+00	2.72983151e-03	1.00885008e-04
1.02500000e+00	2.71943011e-03	9.93004652e-05
1.03000000e+00	2.72789547e-03	9.93084266e-05
1.03500000e+00	2.69728362e-03	9.68565486e-05
1.04000000e+00	2.70804251e-03	9.65676106e-05
1.04500000e+00	2.72362728e-03	9.71998977e-05
1.05000000e+00	2.70501732e-03	9.60055001e-05
1.05500000e+00	2.69108949e-03	9.39905130e-05
1.06000000e+00	2.70040952e-03	9.41318919e-05
1.06500000e+00	2.70457990e-03	9.43130056e-05
1.07000000e+00	2.70358594e-03	9.41015962e-05
1.07500000e+00	2.71877066e-03	9.39675258e-05
1.08000000e+00	2.72703364e-03	9.37465188e-05
1.08500000e+00	2.71877710e-03	9.34747936e-05
1.09000000e+00	2.73421156e-03	9.45701019e-05
1.09500000e+00	2.72390816e-03	9.23337803e-05
1.10000000e+00	2.74208551e-03	9.35225238e-05
1.10500000e+00	2.74948730e-03	9.41206239e-05
1.11000000e+00	2.76519181e-03	9.47300555e-05
1.11500000e+00	2.76631999e-03	9.40637879e-05
1.12000000e+00	2.76037508e-03	9.42040275e-05
1.12500000e+00	2.77714284e-03	9.45934793e-05
1.13000000e+00	2.79830872e-03	9.63980323e-05
1.13500000e+00	2.79589888e-03	9.51749943e-05
1.14000000e+00	2.78081382e-03	9.44974210e-05
1.14500000e+00	2.81593454e-03	9.63759223e-05
1.15000000e+00	2.79464914e-03	9.61834843e-05
1.15500000e+00	2.84279296e-03	9.67561986e-05
1.16000000e+00	2.83102514e-03	9.67302069e-05
1.16500000e+00	2.81883487e-03	9.62738096e-05
1.17000000e+00	2.84365404e-03	9.82658461e-05
1.17500000e+00	2.82021119e-03	9.59851340e-05
1.18000000e+00	2.86869167e-03	9.82349080e-05
1.18500000e+00	2.84518365e-03	9.72079784e-05
1.19000000e+00	2.84272396e-03	9.82078569e-05
1.19500000e+00	2.86497051e-03	9.77461122e-05
1.20000000e+00	2.86122875e-03	9.81070604e-05
1.20500000e+00	2.85707107e-03	9.78199352e-05
1.21000000e+00	2.86575260e-03	9.93236742e-05
1.21500000e+00	2.87145231e-03	9.81007678e-05
1.22000000e+00	2.86878606e-03	9.81293353e-05
1.22500000e+00	2.89300162e-03	9.92666470e-05
1.23000000e+00	2.88313109e-03	9.96716459e-05
1.23500000e+00	2.87899888e-03	9.88883591e-05
1.24000000e+00	2.88036780e-03	9.83743906e-05
1.24500000e+00	2.87679944e-03	9.90321754e-05
1.25000000e+00	2.89937748e-03	1.00424998e-04
1.25500000e+00	2.88951259e-03	9.88025635e-05
1.26000000e+00	2.89189823e-03	9.94997063e-05
1.26500000e+00	2.88590249e-03	9.90052736e-05
1.27000000e+00	2.88466042e-03	1.00421392e-04
1.27500000e+00	2.89439535e-03	9.97952639e-05
1.28000000e+00	2.91207816e-03	9.96423971e-05
1.28500000e+00	2.90338546e-03	9.99824040e-05
1.29000000e+00	2.89773938e-03	1.00627499e-04
1.29500000e+00	2.89106602e-03	9.93164409e-05
1.30000000e+00	2.90953128e-03	9.98163528e-05
1.30500000e+00	2.88986033e-03	9.96207395e-05
1.31000000e+00	2.91385032e-03	1.01620822e-04
1.31500000e+00	2.92508154e-03	1.00725900e-04
1.32000000e+00	2.91228064e-03	1.00133238e-04
1.32500000e+00	2.90495807e-03	1.00241828e-04
1.33000000e+00	2.90011320e-03	1.01157771e-04
1.33500000e+00	2.90159508e-03	9.99181779e-05
1.34000000e+00	2.93275734e-03	1.01065749e-04
1.34500000e+00	2.90773360e-03	1.00612692e-04
1.35000000e+00	2.91018529e-03	1.01662713e-04
1.35500000e+00	2.88929308e-03	9.95395978e-05
1.36000000e+00	2.90287036e-03	9.97785465e-05
1.36500000e+00	2.89305693e-03	9.98225372e-05
1.37000000e+00	2.90372564e-03	1.01620408e-04
1.37500000e+00	2.88463469e-03	9.94996261e-05
1.38000000e+00	2.90233755e-03	1.00321859e-04
1.38500000e+00	2.89724665e-03	1.00687545e-04
1.39000000e+00	2.88415877e-03	1.00810333e-04
1.39500000e+00	2.89591082e-03	9.98364632e-05
1.40000000e+00	2.93672802e-03	1.04274386e-04
1.40500000e+00	2.89174903e-03	1.10458557e-04
1.41000000e+00	2.84790066e-03	1.14017556e-04
1.41500000e+00	2.83659630e-03	1.17628497e-04
1.42000000e+00	2.81469771e-03	1.21455290e-04
1.42500000e+00	2.81625816e-03	1.25122809e-04
1.43000000e+00	2.80405642e-03	1.29295878e-04
1.43500000e+00	2.75597095e-03	1.31059666e-04
1.44000000e+00	2.74235907e-03	1.35375135e-04
1.44500000e+00	2.74160567e-03	1.38886876e-04
1.45000000e+00	2.84202076e-03	1.39212599e-04
1.45500000e+00	2.85476873e-03	1.25697522e-04
1.46000000e+00	2.84806669e-03	1.22368672e-04
1.46500000e+00	2.83173299e-03	1.19399014e-04
1.47000000e+00	2.83223131e-03	1.19217550e-04
1.47500000e+00	2.84031847e-03	1.16006107e-04
1.48000000e+00	2.82739599e-03	1.14280799e-04
1.48500000e+00	2.81757788e-03	1.14088163e-04
1.49000000e+00	2.84975699e-03	1.15629090e-04
1.49500000e+00	2.84885929e-03	1.13056384e-04
1.50000000e+00	2.82117863e-03	1.11476919e-04
1.50500000e+00	2.82798019e-03	1.12396231e-04
1.51000000e+00	2.84086261e-03	1.13121447e-04
1.51500000e+00	2.85325111e-03	1.11748234e-04
1.52000000e+00	2.85035856e-03	1.11289413e-04
1.52500000e+00	2.86758967e-03	1.11841293e-04
1.53000000e+00	2.85417161e-03	1.12028725e-04
1.53500000e+00	2.82737169e-03	1.07758990e-04
1.54000000e+00	2.85599488e-03	1.08743818e-04
1.54500000e+00	2.84394385e-03	1.07931783e-04
1.55000000e+00	2.81716322e-03	1.06725681e-04
1.55500000e+00	2.79910100e-03	1.03655886e-04
1.56000000e+00	2.81676747e-03	1.04508244e-04
1.56500000e+00	2.77276579e-03	1.02363424e-04
1.57000000e+00	2.77700677e-03	1.01772632e-04
1.57500000e+00	2.76470954e-03	9.94864410e-05
1.58000000e+00	2.73849742e-03	9.83499652e-05
1.58500000e+00	2.75747202e-03	9.90167515e-05
1.59000000e+00	2.72074311e-03	9.77442229e-05
1.59500000e+00	2.74295584e-03	9.67224565e-05
1.60000000e+00	2.72529068e-03	9.60141723e-05
1.60500000e+00	2.70468526e-03	9.53314819e-05
1.61000000e+00	2.69727143e-03	9.47204109e-05
1.61500000e+00	2.69658522e-03	9.38470137e-05
1.62000000e+00	2.72445569e-03	9.51452875e-05
1.62500000e+00	2.70694927e-03	9.56616807e-05
1.63000000e+00	2.67583557e-03	9.35058054e-05
1.63500000e+00	2.68393406e-03	9.38020256e-05
1.64000000e+00	2.65430380e-03	9.28427670e-05
1.64500000e+00	2.67750188e-03	9.46524058e-05
1.65000000e+00	2.65896234e-03	9.29903785e-05
1.65500000e+00	2.66038827e-03	9.29030553e-05
1.66000000e+00	2.64140635e-03	9.23888911e-05
1.66500000e+00	2.64500833e-03	9.40322372e-05
1.67000000e+00	2.64067237e-03	9.19356252e-05
1.67500000e+00	2.62938493e-03	9.18097007e-05
1.68000000e+00	2.63314574e-03	9.21478225e-05
1.68500000e+00	2.63824788e-03	9.39510791e-05
1.69000000e+00	2.62126576e-03	9.15248628e-05
1.69500000e+00	2.62230178e-03	9.14100764e-05
1.70000000e+00	2.60236618e-03	9.17800921e-05
1.70500000e+00	2.58829128e-03	9.16785290e-05
1.71000000e+00	2.60520893e-03	9.10213581e-05
1.71500000e+00	2.58441155e-03	9.02997377e-05
1.72000000e+00	2.58353347e-03	9.09562015e-05
1.72500000e+00	2.57211656e-03	9.11445657e-05
1.73000000e+00	2.57633622e-03	9.00704898e-05
1.73500000e+00	2.57969535e-03	9.03987489e-05
1.74000000e+00	2.56521834e-03	9.01275491e-05
1.74500000e+00	2.55838967e-03	9.09232630e-05
1.75000000e+00	2.56714381e-03	8.95474357e-05
1.75500000e+00	2.53819162e-03	8.90278731e-05
1.76000000e+00	2.52491975e-03	8.85979462e-05
1.76500000e+00	2.53326378e-03	8.99778936e-05
1.77000000e+00	2.51302798e-03	8.78229750e-05
1.77500000e+00	2.55267389e-03	8.93686875e-05
1.78000000e+00	2.49920712e-03	8.78811740e-05
1.78500000e+00	2.49185279e-03	8.85367922e-05
1.79000000e+00	2.50298171e-03	8.73328002e-05
1.79500000e+00	2.47196292e-03	8.66606311e-05
1.80000000e+00	2.47798462e-03	8.72917469e-05
1.80500000e+00	2.48148840e-03	8.79253354e-05
1.81000000e+00	2.45223805e-03	8.56346546e-05
1.81500000e+00	2.44873749e-03	8.56063332e-05
1.82000000e+00	2.47087100e-03	8.69690175e-05
1.82500000e+00	2.44628092e-03	8.66674169e-05
1.83000000e+00	2.45205847e-03	8.57572793e-05
1.83500000e+00	2.43750982e-03	8.54279645e-05
1.84000000e+00	2.43894941e-03	8.58997006e-05
1.84500000e+00	2.42505873e-03	8.59136086e-05
1.85000000e+00	2.42293313e-03	8.48300708e-05
1.85500000e+00	2.39210928e-03	8.38071278e-05
1.86000000e+00	2.37579414e-03	8.37565162e-05
1.86500000e+00	2.40028717e-03	8.48742221e-05
1.87000000e+00	2.38876114e-03	8.35417870e-05
1.87500000e+00	2.37532015e-03	8.33157703e-05
1.88000000e+00	2.38874059e-03	8.41086405e-05
1.88500000e+00	2.36803056e-03	8.38619950e-05
1.89000000e+00	2.35857774e-03	8.24249449e-05
1.89500000e+00	2.33804925e-03	8.22040101e-05
1.90000000e+00	2.35677076e-03	8.30183004e-05
1.90500000e+00	2.32643508e-03	8.21548947e-05
1.91000000e+00	2.32556298e-03	8.14161269e-05
1.91500000e+00	2.30142548e-03	8.07205882e-05
1.92000000e+00	2.31420326e-03	8.16583490e-05
1.92500000e+00	2.30987531e-03	8.14996236e-05
1.93000000e+00	2.32665488e-03	8.13928204e-05
1.93500000e+00	2.27008275e-03	7.96781793e-05
1.94000000e+00	2.28338075e-03	8.07840439e-05
1.94500000e+00	2.28821120e-03	8.07183037e-05
1.95000000e+00	2.26150178e-03	7.89737630e-05
1.95500000e+00	2.25701525e-03	7.91886331e-05
1.96000000e+00	2.25216687e-03	7.95092478e-05
1.96500000e+00	2.25225983e-03	7.95663531e-05
1.97000000e+00	2.23470720e-03	7.79831210e-05
1.97500000e+00	2.24757055e-03	7.90035181e-05
1.98000000e+00	2.22599456e-03	7.85968183e-05
1.98500000e+00	2.24111447e-03	7.92376956e-05
1.99000000e+00	2.21604209e-03	7.73810154e-05
1.99500000e+00	2.21770243e-03	7.78195359e-05
2.00000000e+00	2.19658616e-03	7.75633211e-05
2.00500000e+00	2.22861123e-03	7.89160946e-05
2.01000000e+00	2.20941501e-03	8.58220881e-05
2.01500000e+00	2.18467716e-03	9.01233202e-05
2.02000000e+00	2.15152539e-03	9.47039139e-05
2.02500000e+00	2.14911292e-03	9.82238353e-05
2.03000000e+00	2.15432739e-03	1.04393509e-04
2.03500000e+00	2.12056908e-03	1.07214419e-04
2.04000000e+00	2.09308239e-03	1.10517447e-04
2.04500000e+00	2.05876707e-03	1.14525463e-04
2.05000000e+00	2.11150068e-03	1.23423021e-04
2.05500000e+00	2.10639592e-03	1.20684950e-04
2.06000000e+00	2.11675951e-03	1.05320620e-04
2.06500000e+00	2.10061321e-03	9.99905686e-05
2.07000000e+00	2.06637384e-03	9.29581562e-05
2.07500000e+00	2.10281484e-03	9.26690727e-05
2.08000000e+00	2.07520115e-03	9.11738005e-05
2.08500000e+00	2.09242204e-03	9.11258390e-05
2.09000000e+00	2.10809106e-03	8.90810726e-05
2.09500000e+00	2.08334161e-03	8.71741457e-05
2.10000000e+00	2.08672451e-03	8.65888121e-05
2.10500000e+00	2.06805381e-03	8.56352442e-05
2.11000000e+00	2.04574075e-03	8.16350978e-05
2.11500000e+00	2.04423672e-03	8.07010480e-05
2.12000000e+00	2.02818258e-03	7.96921474e-05
2.12500000e+00	2.00209197e-03	7.83514747e-05
2.13000000e+00	1.98050055e-03	7.44177089e-05
2.13500000e+00	1.97551283e-03	7.33124909e-05
2.14000000e+00	1.95994857e-03	7.21247747e-05
2.14500000e+00	1.94619486e-03	7.17741165e-05
2.15000000e+00	1.93928009e-03	6.91661796e-05
2.15500000e+00	1.94383378e-03	6.95202970e-05
2.16000000e+00	1.92633157e-03	6.85515977e-05
2.16500000e+00	1.93252288e-03	6.91966355e-05
2.17000000e+00	1.91377529e-03	6.68507623e-05
2.17500000e+00	1.91800490e-03	6.71218810e-05
2.18000000e+00	1.90057672e-03	6.67644707e-05
2.18500000e+00	1.88528272e-03	6.65955061e-05
2.19000000e+00	1.88441212e-03	6.63468734e-05
2.19500000e+00	1.87367077e-03	6.56426625e-05
2.20000000e+00	1.86681793e-03	6.55465211e-05
2.20500000e+00	1.85582905e-03	6.53307923e-05
2.21000000e+00	1.84038970e-03	6.50910995e-05
2.21500000e+00	1.82909448e-03	6.40304480e-05
2.22000000e+00	1.80872798e-03	6.32742286e-05
2.22500000e+00	1.82449858e-03	6.43406973e-05
2.23000000e+00	1.79637645e-03	6.37598468e-05
2.23500000e+00	1.78338183e-03	6.23459383e-05
2.24000000e+00	1.79363800e-03	6.28127888e-05
2.24500000e+00	1.74984408e-03	6.15868557e-05
2.25000000e+00	1.75164800e-03	6.22259681e-05
2.25500000e+00	1.74255724e-03	6.08124616e-05
2.26000000e+00	1.73183118e-03	6.06824940e-05
2.26500000e+00	1.73034446e-03	6.09196288e-05
2.27000000e+00	1.69946454e-03	6.06314875e-05
2.27500000e+00	1.69675890e-03	5.92997542e-05
2.28000000e+00	1.70535626e-03	5.95648710e-05
2.28500000e+00	1.68504533e-03	5.93132083e-05
2.29000000e+00	1.66835433e-03	5.90182522e-05
2.29500000e+00	1.66598692e-03	5.87427854e-05
2.30000000e+00	1.64396035e-03	5.74670027e-05
2.30500000e+00	1.63032433e-03	5.71483822e-05
2.31000000e+00	1.63504399e-03	5.76034327e-05
2.31500000e+00	1.61273362e-03	5.72848296e-05
2.32000000e+00	1.59199818e-03	5.54933105e-05
2.32500000e+00	1.59047436e-03	5.58109328e-05
2.33000000e+00	1.57516204e-03	5.53875947e-05
2.33500000e+00	1.57722062e-03	5.59915049e-05
2.34000000e+00	1.55514218e-03	5.43273032e-05
2.34500000e+00	1.54828826e-03	5.41097136e-05
2.35000000e+00	1.54665050e-03	5.42241564e-05
2.35500000e+00	1.53532774e-03	5.44869057e-05
2.36000000e+00	1.53637438e-03	5.37671937e-05
2.36500000e+00	1.51179881e-03	5.28510771e-05
2.37000000e+00	1.48895887e-03	5.20811333e-05
2.37500000e+00	1.50049579e-03	5.28774981e-05
2.38000000e+00	1.49923482e-03	5.31798865e-05
2.38500000e+00	1.48708629e-03	5.19655263e-05
2.39000000e+00	1.48066410e-03	5.18975202e-05
2.39500000e+00	1.46473646e-03	5.16056951e-05
2.40000000e+00	1.44599937e-03	5.17215439e-05
2.40500000e+00	1.43943936e-03	5.04322849e-05
2.41000000e+00	1.44427620e-03	5.08448392e-05
2.41500000e+00	1.43198436e-03	5.04104986e-05
2.42000000e+00	1.42876925e-03	5.09435310e-05
2.42500000e+00	1.41376021e-03	5.03457261e-05
2.43000000e+00	1.40440820e-03	4.95420898e-05
2.43500000e+00	1.39643860e-03	4.94276339e-05
2.44000000e+00	1.37606333e-03	4.88168201e-05
2.44500000e+00	1.38639691e-03	4.98033842e-05
2.45000000e+00	1.36433199e-03	4.82075947e-05
2.45500000e+00	1.35749581e-03	4.80403059e-05
2.46000000e+00	1.34882636e-03	4.79304020e-05
2.46500000e+00	1.32575529e-03	4.77180420e-05
2.47000000e+00	1.33041026e-03	4.74323558e-05
2.47500000e+00	1.32433253e-03	4.68390687e-05
2.48000000e+00	1.33542478e-03	4.77106613e-05
2.48500000e+00	1.30977618e-03	4.68164900e-05
2.49000000e+00	1.29594676e-03	4.69335504e-05
2.49500000e+00	1.28479174e-03	4.56189371e-05
2.50000000e+00	1.28859216e-03	4.58860345e-05
2.50500000e+00	1.27825256e-03	4.58149073e-05
2.51000000e+00	1.27926825e-03	4.61833559e-05
2.51500000e+00	1.26391062e-03	4.56983379e-05
2.52000000e+00	1.26330423e-03	4.52451546e-05
2.52500000e+00	1.25040559e-03	4.50627609e-05
2.53000000e+00	1.24291149e-03	4.52036923e-05
2.53500000e+00	1.23198138e-03	4.54138385e-05
2.54000000e+00	1.23706598e-03	4.47414171e-05
2.54500000e+00	1.22322213e-03	4.43934690e-05
2.55000000e+00	1.21466898e-03	4.43476737e-05
2.55500000e+00	1.22261578e-03	4.50028141e-05
2.56000000e+00	1.20399855e-03	4.45121180e-05
2.56500000e+00	1.21261227e-03	4.44185600e-05
2.57000000e+00	1.19278370e-03	4.39287136e-05
2.57500000e+00	1.19127519e-03	4.39993572e-05
2.58000000e+00	1.18008918e-03	4.42134457e-05
2.58500000e+00	1.17643617e-03	4.38180489e-05
2.59000000e+00	1.18190816e-03	4.38292645e-05
2.59500000e+00	1.15818785e-03	4.31830702e-05
2.60000000e+00	1.14561731e-03	4.30198533e-05
2.60500000e+00	1.15451117e-03	4.43413043e-05
2.61000000e+00	1.15287115e-03	5.04196826e-05
2.61500000e+00	1.13656227e-03	5.49996541e-05
2.62000000e+00	1.13740644e-03	6.03994820e-05
2.62500000e+00	1.13909427e-03	6.55953469e-05
2.63000000e+00	1.13637206e-03	7.21259162e-05
2.63500000e+00	1.12939332e-03	7.97379388e-05
2.64000000e+00	1.11700694e-03	8.68499948e-05
2.64500000e+00	1.13770770e-03	9.45577841e-05
2.65000000e+00	1.09862754e-03	9.62688850e-05
2.65500000e+00	1.09961540e-03	1.04094446e-04
2.66000000e+00	1.05759056e-03	1.07149969e-04
2.66500000e+00	1.09484244e-03	1.25151128e-04
2.67000000e+00	1.05848406e-03	1.30494628e-04
2.67500000e+00	1.07245311e-03	1.55065075e-04
2.68000000e+00	1.13349721e-03	1.89650022e-04
2.68500000e+00	1.05441200e-03	2.34313669e-04
2.69000000e+00	1.15179951e-03	4.18497302e-04
2.69500000e+00	0.00000000e+00	0.00000000e+00
2.70000000e+00	0.00000000e+00	0.00000000e+00
