% Filename : WDL7_00012_00050.h5
% Date & Time : 30-Oct-2025 14:49:04
% X-ray Energy (keV) : 13.30001
% Exposure Time (s) : 0.500
% Photodiode Value : 135962.000
% I0 of Sample : 0
% I0 of Standard : 1
% 
% q(A^-1)   I(q)    I(q)_SE
8.40000000e-01	0.00000000e+00	0.00000000e+00
8.45000000e-01	3.06280194e-03	5.36626564e-04
8.50000000e-01	2.87352518e-03	2.66686585e-04
8.55000000e-01	2.78354762e-03	2.27607412e-04
8.60000000e-01	2.81034921e-03	1.98613898e-04
8.65000000e-01	2.77269074e-03	1.80641940e-04
8.70000000e-01	2.83565984e-03	1.76227199e-04
8.75000000e-01	2.78742768e-03	1.66823456e-04
8.80000000e-01	2.79944116e-03	1.61751230e-04
8.85000000e-01	2.79035699e-03	1.52674582e-04
8.90000000e-01	2.80715804e-03	1.50141672e-04
8.95000000e-01	2.85732376e-03	1.48341692e-04
9.00000000e-01	2.83144786e-03	1.45796679e-04
9.05000000e-01	2.87793144e-03	1.41743908e-04
9.10000000e-01	2.86203080e-03	1.38258510e-04
9.15000000e-01	2.86591472e-03	1.36267326e-04
9.20000000e-01	2.87380670e-03	1.36624012e-04
9.25000000e-01	2.90301897e-03	1.31927050e-04
9.30000000e-01	2.86536859e-03	1.28817852e-04
9.35000000e-01	2.85780907e-03	1.26033724e-04
9.40000000e-01	2.88648012e-03	1.27817058e-04
9.45000000e-01	2.90072052e-03	1.25155704e-04
9.50000000e-01	2.91306127e-03	1.23853358e-04
9.55000000e-01	2.89313163e-03	1.20682781e-04
9.60000000e-01	2.92069581e-03	1.22024812e-04
9.65000000e-01	2.91523896e-03	1.19747012e-04
9.70000000e-01	2.94720274e-03	1.19140712e-04
9.75000000e-01	2.94549150e-03	1.17703697e-04
9.80000000e-01	2.94484276e-03	1.16637493e-04
9.85000000e-01	2.98422109e-03	1.18397513e-04
9.90000000e-01	2.96210323e-03	1.14036048e-04
9.95000000e-01	2.95628103e-03	1.13199803e-04
1.00000000e+00	2.98150541e-03	1.13598233e-04
1.00500000e+00	2.97659907e-03	1.13411564e-04
1.01000000e+00	2.96253343e-03	1.10482803e-04
1.01500000e+00	2.95121432e-03	1.09035307e-04
1.02000000e+00	3.00140036e-03	1.10906918e-04
1.02500000e+00	2.94299203e-03	1.07322760e-04
1.03000000e+00	2.95001495e-03	1.07248907e-04
1.03500000e+00	2.95695712e-03	1.05836083e-04
1.04000000e+00	2.95313398e-03	1.05088477e-04
1.04500000e+00	2.94029791e-03	1.04741214e-04
1.05000000e+00	2.93210352e-03	1.03675006e-04
1.05500000e+00	2.92135857e-03	1.01796307e-04
1.06000000e+00	2.94463804e-03	1.02327401e-04
1.06500000e+00	2.97013083e-03	1.03380692e-04
1.07000000e+00	2.95094200e-03	1.02487689e-04
1.07500000e+00	2.98510174e-03	1.02899314e-04
1.08000000e+00	2.96287023e-03	1.01680010e-04
1.08500000e+00	2.97837415e-03	1.02237873e-04
1.09000000e+00	2.96199491e-03	1.02199594e-04
1.09500000e+00	2.99934521e-03	1.01376801e-04
1.10000000e+00	3.00442865e-03	1.02329146e-04
1.10500000e+00	3.03937093e-03	1.03756313e-04
1.11000000e+00	3.03453972e-03	1.03775667e-04
1.11500000e+00	3.05965885e-03	1.03802726e-04
1.12000000e+00	3.05852705e-03	1.04187284e-04
1.12500000e+00	3.07071473e-03	1.04396295e-04
1.13000000e+00	3.05160691e-03	1.04982198e-04
1.13500000e+00	3.08372338e-03	1.04771052e-04
1.14000000e+00	3.08923597e-03	1.04730496e-04
1.14500000e+00	3.08469708e-03	1.05532591e-04
1.15000000e+00	3.08398268e-03	1.05966625e-04
1.15500000e+00	3.11036878e-03	1.05751804e-04
1.16000000e+00	3.10512744e-03	1.05848179e-04
1.16500000e+00	3.12195572e-03	1.06331518e-04
1.17000000e+00	3.15105092e-03	1.08739995e-04
1.17500000e+00	3.16775997e-03	1.07730258e-04
1.18000000e+00	3.14803082e-03	1.07468639e-04
1.18500000e+00	3.13690072e-03	1.07068327e-04
1.19000000e+00	3.15619144e-03	1.08860296e-04
1.19500000e+00	3.17867970e-03	1.08226605e-04
1.20000000e+00	3.17105020e-03	1.08613917e-04
1.20500000e+00	3.18522076e-03	1.08947549e-04
1.21000000e+00	3.19961414e-03	1.10808695e-04
1.21500000e+00	3.20724615e-03	1.09394372e-04
1.22000000e+00	3.20701731e-03	1.09474067e-04
1.22500000e+00	3.21255002e-03	1.10035778e-04
1.23000000e+00	3.19387985e-03	1.10299735e-04
1.23500000e+00	3.18233569e-03	1.09158019e-04
1.24000000e+00	3.21398852e-03	1.09718587e-04
1.24500000e+00	3.21355148e-03	1.10496651e-04
1.25000000e+00	3.21883107e-03	1.11375444e-04
1.25500000e+00	3.24650823e-03	1.10888866e-04
1.26000000e+00	3.22756556e-03	1.10930104e-04
1.26500000e+00	3.25401927e-03	1.11417606e-04
1.27000000e+00	3.25160616e-03	1.13062030e-04
1.27500000e+00	3.26140994e-03	1.12191787e-04
1.28000000e+00	3.24270392e-03	1.10878028e-04
1.28500000e+00	3.25203244e-03	1.11842269e-04
1.29000000e+00	3.26622731e-03	1.13354182e-04
1.29500000e+00	3.27480696e-03	1.12364764e-04
1.30000000e+00	3.24584433e-03	1.11196687e-04
1.30500000e+00	3.25512980e-03	1.12079452e-04
1.31000000e+00	3.30592009e-03	1.15121678e-04
1.31500000e+00	3.26255340e-03	1.12276838e-04
1.32000000e+00	3.28140458e-03	1.12705678e-04
1.32500000e+00	3.28753073e-03	1.13271802e-04
1.33000000e+00	3.26894502e-03	1.14009269e-04
1.33500000e+00	3.29176657e-03	1.13171920e-04
1.34000000e+00	3.28352218e-03	1.13105963e-04
1.34500000e+00	3.27578187e-03	1.13168886e-04
1.35000000e+00	3.26105249e-03	1.13782784e-04
1.35500000e+00	3.28357044e-03	1.13009621e-04
1.36000000e+00	3.27508029e-03	1.12442416e-04
1.36500000e+00	3.28413440e-03	1.13275956e-04
1.37000000e+00	3.31489180e-03	1.15979615e-04
1.37500000e+00	3.28970052e-03	1.13295976e-04
1.38000000e+00	3.25717311e-03	1.12435619e-04
1.38500000e+00	3.26264761e-03	1.13254927e-04
1.39000000e+00	3.28146402e-03	1.14593258e-04
1.39500000e+00	3.30813272e-03	1.13890206e-04
1.40000000e+00	3.32829858e-03	1.17990840e-04
1.40500000e+00	3.25999449e-03	1.24440232e-04
1.41000000e+00	3.26777672e-03	1.30636699e-04
1.41500000e+00	3.24220159e-03	1.34257136e-04
1.42000000e+00	3.24314609e-03	1.39817418e-04
1.42500000e+00	3.22741995e-03	1.43210365e-04
1.43000000e+00	3.20150137e-03	1.47413156e-04
1.43500000e+00	3.21119216e-03	1.52271370e-04
1.44000000e+00	3.16851859e-03	1.56199074e-04
1.44500000e+00	3.17210960e-03	1.60285891e-04
1.45000000e+00	3.23269288e-03	1.58095261e-04
1.45500000e+00	3.26608679e-03	1.43517860e-04
1.46000000e+00	3.27113682e-03	1.40409002e-04
1.46500000e+00	3.25903023e-03	1.37325207e-04
1.47000000e+00	3.27561607e-03	1.37764433e-04
1.47500000e+00	3.27839284e-03	1.33901903e-04
1.48000000e+00	3.26732792e-03	1.32004760e-04
1.48500000e+00	3.24911010e-03	1.31336062e-04
1.49000000e+00	3.28621815e-03	1.33193742e-04
1.49500000e+00	3.25240472e-03	1.28850567e-04
1.50000000e+00	3.25688874e-03	1.28579651e-04
1.50500000e+00	3.28263537e-03	1.30398069e-04
1.51000000e+00	3.30657999e-03	1.31604827e-04
1.51500000e+00	3.32316312e-03	1.30067709e-04
1.52000000e+00	3.34113482e-03	1.30381189e-04
1.52500000e+00	3.32340559e-03	1.29488270e-04
1.53000000e+00	3.31647565e-03	1.30042574e-04
1.53500000e+00	3.26225658e-03	1.24244944e-04
1.54000000e+00	3.28376872e-03	1.24869289e-04
1.54500000e+00	3.21461893e-03	1.21998674e-04
1.55000000e+00	3.25762900e-03	1.23361506e-04
1.55500000e+00	3.25281124e-03	1.20347392e-04
1.56000000e+00	3.24347035e-03	1.20284485e-04
1.56500000e+00	3.22189347e-03	1.18778223e-04
1.57000000e+00	3.17318473e-03	1.16211927e-04
1.57500000e+00	3.18903588e-03	1.14670145e-04
1.58000000e+00	3.20219391e-03	1.14879207e-04
1.58500000e+00	3.17801728e-03	1.14122676e-04
1.59000000e+00	3.17540085e-03	1.13974397e-04
1.59500000e+00	3.16533735e-03	1.11526462e-04
1.60000000e+00	3.15224191e-03	1.10833444e-04
1.60500000e+00	3.14858394e-03	1.10846329e-04
1.61000000e+00	3.14622527e-03	1.10362790e-04
1.61500000e+00	3.15095926e-03	1.09428346e-04
1.62000000e+00	3.13249680e-03	1.09316923e-04
1.62500000e+00	3.12390586e-03	1.10273017e-04
1.63000000e+00	3.11158895e-03	1.08702246e-04
1.63500000e+00	3.11665550e-03	1.08879560e-04
1.64000000e+00	3.11941805e-03	1.08952301e-04
1.64500000e+00	3.10124578e-03	1.09529561e-04
1.65000000e+00	3.11351288e-03	1.08766383e-04
1.65500000e+00	3.08061128e-03	1.07580830e-04
1.66000000e+00	3.08506989e-03	1.07864349e-04
1.66500000e+00	3.08063974e-03	1.09455946e-04
1.67000000e+00	3.05410913e-03	1.06363362e-04
1.67500000e+00	3.07266683e-03	1.07230524e-04
1.68000000e+00	3.06084692e-03	1.07105486e-04
1.68500000e+00	3.06379350e-03	1.08931666e-04
1.69000000e+00	3.02121547e-03	1.05391781e-04
1.69500000e+00	3.04383561e-03	1.05980185e-04
1.70000000e+00	3.01890885e-03	1.06291865e-04
1.70500000e+00	3.01489634e-03	1.06657337e-04
1.71000000e+00	3.02011655e-03	1.05460029e-04
1.71500000e+00	3.03077157e-03	1.05807042e-04
1.72000000e+00	2.98590689e-03	1.05089928e-04
1.72500000e+00	2.99445544e-03	1.05938012e-04
1.73000000e+00	2.98280311e-03	1.04148552e-04
1.73500000e+00	2.96082978e-03	1.03752740e-04
1.74000000e+00	2.98049290e-03	1.04529550e-04
1.74500000e+00	2.98261558e-03	1.05925080e-04
1.75000000e+00	2.94884354e-03	1.02701381e-04
1.75500000e+00	2.95036140e-03	1.03459123e-04
1.76000000e+00	2.96759633e-03	1.04027426e-04
1.76500000e+00	2.96312912e-03	1.05232635e-04
1.77000000e+00	2.93169378e-03	1.02379395e-04
1.77500000e+00	2.92198677e-03	1.02292589e-04
1.78000000e+00	2.93766625e-03	1.03103428e-04
1.78500000e+00	2.90650350e-03	1.03161231e-04
1.79000000e+00	2.91037279e-03	1.01567583e-04
1.79500000e+00	2.91842670e-03	1.02150604e-04
1.80000000e+00	2.89693193e-03	1.01990545e-04
1.80500000e+00	2.89937516e-03	1.02797676e-04
1.81000000e+00	2.88953394e-03	1.00890869e-04
1.81500000e+00	2.86077030e-03	9.99436034e-05
1.82000000e+00	2.86871979e-03	1.00905253e-04
1.82500000e+00	2.83983831e-03	1.00470832e-04
1.83000000e+00	2.85348076e-03	9.97318806e-05
1.83500000e+00	2.84628379e-03	9.96534901e-05
1.84000000e+00	2.83875388e-03	9.99224582e-05
1.84500000e+00	2.84853368e-03	1.00787531e-04
1.85000000e+00	2.82020297e-03	9.86318850e-05
1.85500000e+00	2.80274138e-03	9.81112980e-05
1.86000000e+00	2.79105385e-03	9.83906104e-05
1.86500000e+00	2.82155952e-03	9.96523167e-05
1.87000000e+00	2.80619306e-03	9.81238005e-05
1.87500000e+00	2.78922572e-03	9.76899300e-05
1.88000000e+00	2.76878552e-03	9.75211621e-05
1.88500000e+00	2.78606698e-03	9.86235201e-05
1.89000000e+00	2.75674408e-03	9.63183597e-05
1.89500000e+00	2.75363699e-03	9.67164056e-05
1.90000000e+00	2.74710206e-03	9.67073308e-05
1.90500000e+00	2.74310430e-03	9.66932228e-05
1.91000000e+00	2.73035255e-03	9.55376373e-05
1.91500000e+00	2.69675026e-03	9.45388839e-05
1.92000000e+00	2.71723251e-03	9.57363005e-05
1.92500000e+00	2.70851720e-03	9.55048537e-05
1.93000000e+00	2.68982810e-03	9.40679507e-05
1.93500000e+00	2.68223343e-03	9.40372684e-05
1.94000000e+00	2.67825078e-03	9.45869720e-05
1.94500000e+00	2.67152976e-03	9.40696583e-05
1.95000000e+00	2.64485728e-03	9.23771990e-05
1.95500000e+00	2.64487053e-03	9.27761481e-05
1.96000000e+00	2.63321738e-03	9.28751743e-05
1.96500000e+00	2.63121271e-03	9.28993988e-05
1.97000000e+00	2.60045711e-03	9.06958829e-05
1.97500000e+00	2.60493896e-03	9.14791424e-05
1.98000000e+00	2.60692328e-03	9.18312037e-05
1.98500000e+00	2.59554027e-03	9.16612514e-05
1.99000000e+00	2.58218155e-03	9.00961632e-05
1.99500000e+00	2.56626302e-03	8.99793000e-05
2.00000000e+00	2.56969060e-03	9.06795933e-05
2.00500000e+00	2.59268551e-03	9.16473144e-05
2.01000000e+00	2.56005153e-03	9.93236613e-05
2.01500000e+00	2.54583744e-03	1.04922486e-04
2.02000000e+00	2.56137752e-03	1.12568943e-04
2.02500000e+00	2.50812034e-03	1.14453116e-04
2.03000000e+00	2.49172743e-03	1.20609610e-04
2.03500000e+00	2.49698980e-03	1.26098679e-04
2.04000000e+00	2.46709140e-03	1.30026055e-04
2.04500000e+00	2.43531382e-03	1.35079611e-04
2.05000000e+00	2.44526565e-03	1.42453414e-04
2.05500000e+00	2.43320449e-03	1.39131986e-04
2.06000000e+00	2.49333381e-03	1.23801314e-04
2.06500000e+00	2.44101992e-03	1.15901374e-04
2.07000000e+00	2.44616352e-03	1.10071116e-04
2.07500000e+00	2.45340112e-03	1.07803804e-04
2.08000000e+00	2.45142564e-03	1.07588315e-04
2.08500000e+00	2.44502628e-03	1.06369424e-04
2.09000000e+00	2.44874279e-03	1.03314616e-04
2.09500000e+00	2.45728371e-03	1.02582173e-04
2.10000000e+00	2.43453708e-03	1.00847274e-04
2.10500000e+00	2.40193475e-03	9.93033987e-05
2.11000000e+00	2.40258643e-03	9.56335145e-05
2.11500000e+00	2.38667395e-03	9.42129632e-05
2.12000000e+00	2.37151221e-03	9.30135779e-05
2.12500000e+00	2.33212280e-03	9.13054192e-05
2.13000000e+00	2.33974773e-03	8.78169621e-05
2.13500000e+00	2.33070591e-03	8.63373366e-05
2.14000000e+00	2.29739769e-03	8.43532728e-05
2.14500000e+00	2.28595939e-03	8.41819501e-05
2.15000000e+00	2.27661463e-03	8.10469110e-05
2.15500000e+00	2.25755251e-03	8.05409023e-05
2.16000000e+00	2.26570081e-03	8.04075310e-05
2.16500000e+00	2.27148086e-03	8.11950603e-05
2.17000000e+00	2.24551171e-03	7.83749702e-05
2.17500000e+00	2.25146351e-03	7.87724971e-05
2.18000000e+00	2.21240591e-03	7.76244018e-05
2.18500000e+00	2.22211632e-03	7.83614474e-05
2.19000000e+00	2.20182467e-03	7.74076090e-05
2.19500000e+00	2.21003927e-03	7.73113645e-05
2.20000000e+00	2.18481273e-03	7.65810463e-05
2.20500000e+00	2.18795223e-03	7.68930608e-05
2.21000000e+00	2.17253072e-03	7.67659174e-05
2.21500000e+00	2.13880121e-03	7.47660230e-05
2.22000000e+00	2.14300148e-03	7.48460235e-05
2.22500000e+00	2.11845512e-03	7.46009748e-05
2.23000000e+00	2.10513766e-03	7.45458333e-05
2.23500000e+00	2.11028366e-03	7.37310232e-05
2.24000000e+00	2.10026119e-03	7.33717087e-05
2.24500000e+00	2.09498327e-03	7.36969114e-05
2.25000000e+00	2.05331874e-03	7.28303449e-05
2.25500000e+00	2.04127570e-03	7.11813149e-05
2.26000000e+00	2.04576877e-03	7.14831228e-05
2.26500000e+00	2.03278928e-03	7.13458035e-05
2.27000000e+00	2.00328062e-03	7.13597558e-05
2.27500000e+00	1.99451079e-03	6.95265492e-05
2.28000000e+00	1.96159363e-03	6.84486827e-05
2.28500000e+00	1.98326232e-03	6.96892264e-05
2.29000000e+00	1.96215720e-03	6.92996688e-05
2.29500000e+00	1.94924947e-03	6.87321580e-05
2.30000000e+00	1.95476625e-03	6.81813542e-05
2.30500000e+00	1.94179745e-03	6.79298748e-05
2.31000000e+00	1.91553908e-03	6.73822462e-05
2.31500000e+00	1.91084442e-03	6.77872175e-05
2.32000000e+00	1.89867907e-03	6.59278057e-05
2.32500000e+00	1.88268976e-03	6.59572034e-05
2.33000000e+00	1.86503556e-03	6.54408478e-05
2.33500000e+00	1.87777656e-03	6.65610170e-05
2.34000000e+00	1.86050770e-03	6.48595133e-05
2.34500000e+00	1.83969642e-03	6.41843864e-05
2.35000000e+00	1.84306784e-03	6.45169480e-05
2.35500000e+00	1.80425470e-03	6.39206156e-05
2.36000000e+00	1.81393424e-03	6.33959177e-05
2.36500000e+00	1.79097496e-03	6.25330000e-05
2.37000000e+00	1.79568696e-03	6.27823435e-05
2.37500000e+00	1.76922676e-03	6.23373246e-05
2.38000000e+00	1.76398030e-03	6.24663103e-05
2.38500000e+00	1.76646543e-03	6.15998763e-05
2.39000000e+00	1.76024848e-03	6.16775881e-05
2.39500000e+00	1.74438459e-03	6.14355999e-05
2.40000000e+00	1.73142393e-03	6.18983549e-05
2.40500000e+00	1.71966336e-03	6.01785684e-05
2.41000000e+00	1.71975579e-03	6.04798954e-05
2.41500000e+00	1.71432378e-03	6.01622854e-05
2.42000000e+00	1.68615170e-03	6.00529845e-05
2.42500000e+00	1.68296687e-03	5.98598089e-05
2.43000000e+00	1.67618966e-03	5.90649309e-05
2.43500000e+00	1.65344348e-03	5.84751537e-05
2.44000000e+00	1.64937137e-03	5.84087941e-05
2.44500000e+00	1.65094890e-03	5.93072272e-05
2.45000000e+00	1.64346042e-03	5.79875279e-05
2.45500000e+00	1.60401465e-03	5.66541198e-05
2.46000000e+00	1.60779117e-03	5.71422668e-05
2.46500000e+00	1.59184071e-03	5.72116016e-05
2.47000000e+00	1.61344881e-03	5.73796829e-05
2.47500000e+00	1.57102330e-03	5.55681832e-05
2.48000000e+00	1.58274535e-03	5.65577787e-05
2.48500000e+00	1.56216241e-03	5.58042946e-05
2.49000000e+00	1.56555247e-03	5.66622850e-05
2.49500000e+00	1.55665157e-03	5.52385235e-05
2.50000000e+00	1.55721766e-03	5.54325026e-05
2.50500000e+00	1.51845135e-03	5.44236223e-05
2.51000000e+00	1.50616721e-03	5.43137583e-05
2.51500000e+00	1.51524124e-03	5.47538582e-05
2.52000000e+00	1.52465470e-03	5.46527284e-05
2.52500000e+00	1.50207847e-03	5.39941951e-05
2.53000000e+00	1.48986129e-03	5.41755868e-05
2.53500000e+00	1.48724941e-03	5.46483133e-05
2.54000000e+00	1.48877475e-03	5.37917375e-05
2.54500000e+00	1.45454503e-03	5.27241375e-05
2.55000000e+00	1.46217620e-03	5.33346079e-05
2.55500000e+00	1.44620743e-03	5.31574978e-05
2.56000000e+00	1.44247398e-03	5.33259025e-05
2.56500000e+00	1.43317981e-03	5.24446237e-05
2.57000000e+00	1.43641058e-03	5.28191952e-05
2.57500000e+00	1.43912011e-03	5.30758854e-05
2.58000000e+00	1.40735406e-03	5.27939753e-05
2.58500000e+00	1.40172682e-03	5.22464631e-05
2.59000000e+00	1.40773771e-03	5.21724394e-05
2.59500000e+00	1.41098182e-03	5.24755450e-05
2.60000000e+00	1.39823397e-03	5.24229812e-05
2.60500000e+00	1.41026908e-03	5.39951966e-05
2.61000000e+00	1.38984156e-03	6.06208203e-05
2.61500000e+00	1.36854691e-03	6.62351945e-05
2.62000000e+00	1.35198412e-03	7.19645856e-05
2.62500000e+00	1.35887124e-03	7.82777820e-05
2.63000000e+00	1.34903331e-03	8.60724163e-05
2.63500000e+00	1.35570662e-03	9.54673244e-05
2.64000000e+00	1.38182211e-03	1.07515008e-04
2.64500000e+00	1.35662305e-03	1.12718069e-04
2.65000000e+00	1.31130175e-03	1.15712635e-04
2.65500000e+00	1.39127546e-03	1.30839051e-04
2.66000000e+00	1.33904150e-03	1.35165032e-04
2.66500000e+00	1.36977700e-03	1.55351006e-04
2.67000000e+00	1.36050680e-03	1.67766020e-04
2.67500000e+00	1.36077383e-03	1.96092937e-04
2.68000000e+00	1.33246095e-03	2.21378459e-04
2.68500000e+00	1.30581849e-03	2.88478083e-04
2.69000000e+00	1.37507260e-03	4.94149271e-04
2.69500000e+00	0.00000000e+00	0.00000000e+00
2.70000000e+00	0.00000000e+00	0.00000000e+00
