% Filename : WDL7c_00027_00022.h5
% Date & Time : 30-Oct-2025 17:07:37
% X-ray Energy (keV) : 13.30001
% Exposure Time (s) : 0.500
% Photodiode Value : 141157.000
% I0 of Sample : 0
% I0 of Standard : 1
% 
% q(A^-1)   I(q)    I(q)_SE
8.40000000e-01	0.00000000e+00	0.00000000e+00
8.45000000e-01	2.81719802e-03	4.93646569e-04
8.50000000e-01	2.63871563e-03	2.45043838e-04
8.55000000e-01	2.60530458e-03	2.12965568e-04
8.60000000e-01	2.60991385e-03	1.84667430e-04
8.65000000e-01	2.62632710e-03	1.71283960e-04
8.70000000e-01	2.62494670e-03	1.63439307e-04
8.75000000e-01	2.60837668e-03	1.55974977e-04
8.80000000e-01	2.61120787e-03	1.51163800e-04
8.85000000e-01	2.60272564e-03	1.42444240e-04
8.90000000e-01	2.63130444e-03	1.40743720e-04
8.95000000e-01	2.65211192e-03	1.37839898e-04
9.00000000e-01	2.64412596e-03	1.36183528e-04
9.05000000e-01	2.64507130e-03	1.30212570e-04
9.10000000e-01	2.64977399e-03	1.28091026e-04
9.15000000e-01	2.66488727e-03	1.26732693e-04
9.20000000e-01	2.66015052e-03	1.26458028e-04
9.25000000e-01	2.67946133e-03	1.21964226e-04
9.30000000e-01	2.70159416e-03	1.21552434e-04
9.35000000e-01	2.70915695e-03	1.19529457e-04
9.40000000e-01	2.71571649e-03	1.20293043e-04
9.45000000e-01	2.70480967e-03	1.16764686e-04
9.50000000e-01	2.70210886e-03	1.14828755e-04
9.55000000e-01	2.70521966e-03	1.13065230e-04
9.60000000e-01	2.70050402e-03	1.12913678e-04
9.65000000e-01	2.73430708e-03	1.12411739e-04
9.70000000e-01	2.70861034e-03	1.09576717e-04
9.75000000e-01	2.68780907e-03	1.07573464e-04
9.80000000e-01	2.73905198e-03	1.08598034e-04
9.85000000e-01	2.73649963e-03	1.08640189e-04
9.90000000e-01	2.75166978e-03	1.06009843e-04
9.95000000e-01	2.74262106e-03	1.05042207e-04
1.00000000e+00	2.73582999e-03	1.04434293e-04
1.00500000e+00	2.75274042e-03	1.05029642e-04
1.01000000e+00	2.74772146e-03	1.02518982e-04
1.01500000e+00	2.72705655e-03	1.00877010e-04
1.02000000e+00	2.74311539e-03	1.01311369e-04
1.02500000e+00	2.72059328e-03	9.93854958e-05
1.03000000e+00	2.72871579e-03	9.92176697e-05
1.03500000e+00	2.71167012e-03	9.72948457e-05
1.04000000e+00	2.70836293e-03	9.65716252e-05
1.04500000e+00	2.71630794e-03	9.68483297e-05
1.05000000e+00	2.72244650e-03	9.65946652e-05
1.05500000e+00	2.71394315e-03	9.47672025e-05
1.06000000e+00	2.69257822e-03	9.37594940e-05
1.06500000e+00	2.71191271e-03	9.46685037e-05
1.07000000e+00	2.71483369e-03	9.44608070e-05
1.07500000e+00	2.72758990e-03	9.43187934e-05
1.08000000e+00	2.73751742e-03	9.39957112e-05
1.08500000e+00	2.72629768e-03	9.37940714e-05
1.09000000e+00	2.73573873e-03	9.46089508e-05
1.09500000e+00	2.76061070e-03	9.35441095e-05
1.10000000e+00	2.75612329e-03	9.39297346e-05
1.10500000e+00	2.74781726e-03	9.40090108e-05
1.11000000e+00	2.76551253e-03	9.47639321e-05
1.11500000e+00	2.77803283e-03	9.44369913e-05
1.12000000e+00	2.79419340e-03	9.54029376e-05
1.12500000e+00	2.77953072e-03	9.46694559e-05
1.13000000e+00	2.78716790e-03	9.60806288e-05
1.13500000e+00	2.81516211e-03	9.57500622e-05
1.14000000e+00	2.80881788e-03	9.53918518e-05
1.14500000e+00	2.83804042e-03	9.71873149e-05
1.15000000e+00	2.81331225e-03	9.69108943e-05
1.15500000e+00	2.82773260e-03	9.63157287e-05
1.16000000e+00	2.85665809e-03	9.76084544e-05
1.16500000e+00	2.82703947e-03	9.65156893e-05
1.17000000e+00	2.82685777e-03	9.76246184e-05
1.17500000e+00	2.86012528e-03	9.74327584e-05
1.18000000e+00	2.87091559e-03	9.82524789e-05
1.18500000e+00	2.85081140e-03	9.74364076e-05
1.19000000e+00	2.85220134e-03	9.84490454e-05
1.19500000e+00	2.87392028e-03	9.80391062e-05
1.20000000e+00	2.88486945e-03	9.90135980e-05
1.20500000e+00	2.87833923e-03	9.85681356e-05
1.21000000e+00	2.87689480e-03	9.97701001e-05
1.21500000e+00	2.88798484e-03	9.85879543e-05
1.22000000e+00	2.88472824e-03	9.86515204e-05
1.22500000e+00	2.89111268e-03	9.92010476e-05
1.23000000e+00	2.89210824e-03	9.99491541e-05
1.23500000e+00	2.89914623e-03	9.95802870e-05
1.24000000e+00	2.90496183e-03	9.92890365e-05
1.24500000e+00	2.91977549e-03	1.00579531e-04
1.25000000e+00	2.90746526e-03	1.00652316e-04
1.25500000e+00	2.90466849e-03	9.94834485e-05
1.26000000e+00	2.90019429e-03	9.98376784e-05
1.26500000e+00	2.90410146e-03	9.95791593e-05
1.27000000e+00	2.92491888e-03	1.01855950e-04
1.27500000e+00	2.88905860e-03	9.95089737e-05
1.28000000e+00	2.90835504e-03	9.96135306e-05
1.28500000e+00	2.91920537e-03	1.00490947e-04
1.29000000e+00	2.92010741e-03	1.01458607e-04
1.29500000e+00	2.92856362e-03	1.00614295e-04
1.30000000e+00	2.91170674e-03	9.99876317e-05
1.30500000e+00	2.91959795e-03	1.00715946e-04
1.31000000e+00	2.91777084e-03	1.01754397e-04
1.31500000e+00	2.91216944e-03	1.00324995e-04
1.32000000e+00	2.92556308e-03	1.00678088e-04
1.32500000e+00	2.90410313e-03	1.00257308e-04
1.33000000e+00	2.90754605e-03	1.01516659e-04
1.33500000e+00	2.92415794e-03	1.00686570e-04
1.34000000e+00	2.92604981e-03	1.00839152e-04
1.34500000e+00	2.91312906e-03	1.00840068e-04
1.35000000e+00	2.94116160e-03	1.02704386e-04
1.35500000e+00	2.92130704e-03	1.00636988e-04
1.36000000e+00	2.92992939e-03	1.00774662e-04
1.36500000e+00	2.92468504e-03	1.00973341e-04
1.37000000e+00	2.90763960e-03	1.01798911e-04
1.37500000e+00	2.91744916e-03	1.00610683e-04
1.38000000e+00	2.91224814e-03	1.00598134e-04
1.38500000e+00	2.91491090e-03	1.01248418e-04
1.39000000e+00	2.89754514e-03	1.01331549e-04
1.39500000e+00	2.89372002e-03	9.98138179e-05
1.40000000e+00	2.92524975e-03	1.03834688e-04
1.40500000e+00	2.91524386e-03	1.11409320e-04
1.41000000e+00	2.89766713e-03	1.15871750e-04
1.41500000e+00	2.86813639e-03	1.18961386e-04
1.42000000e+00	2.85172261e-03	1.22976245e-04
1.42500000e+00	2.84962238e-03	1.26636889e-04
1.43000000e+00	2.83686578e-03	1.30740053e-04
1.43500000e+00	2.83296599e-03	1.34445109e-04
1.44000000e+00	2.82789919e-03	1.39525477e-04
1.44500000e+00	2.79565456e-03	1.41506723e-04
1.45000000e+00	2.87153141e-03	1.40767942e-04
1.45500000e+00	2.88273320e-03	1.26793949e-04
1.46000000e+00	2.85365745e-03	1.22576034e-04
1.46500000e+00	2.87588043e-03	1.21304547e-04
1.47000000e+00	2.85709241e-03	1.20282812e-04
1.47500000e+00	2.85716694e-03	1.16729786e-04
1.48000000e+00	2.87608394e-03	1.16272463e-04
1.48500000e+00	2.86606528e-03	1.16057447e-04
1.49000000e+00	2.82316160e-03	1.14563504e-04
1.49500000e+00	2.86433516e-03	1.13647666e-04
1.50000000e+00	2.87448849e-03	1.13726154e-04
1.50500000e+00	2.84336344e-03	1.13003386e-04
1.51000000e+00	2.88203710e-03	1.14754106e-04
1.51500000e+00	2.87705825e-03	1.12707198e-04
1.52000000e+00	2.88484967e-03	1.12584492e-04
1.52500000e+00	2.88877263e-03	1.12677307e-04
1.53000000e+00	2.89473005e-03	1.13547351e-04
1.53500000e+00	2.88680423e-03	1.10019285e-04
1.54000000e+00	2.87351696e-03	1.09323812e-04
1.54500000e+00	2.83347351e-03	1.07670323e-04
1.55000000e+00	2.82152162e-03	1.06881923e-04
1.55500000e+00	2.83659170e-03	1.05011999e-04
1.56000000e+00	2.82601070e-03	1.04901770e-04
1.56500000e+00	2.80741920e-03	1.03576964e-04
1.57000000e+00	2.79631580e-03	1.02534374e-04
1.57500000e+00	2.77682499e-03	9.99245915e-05
1.58000000e+00	2.76929887e-03	9.95142540e-05
1.58500000e+00	2.75372185e-03	9.88716463e-05
1.59000000e+00	2.77196523e-03	9.96144319e-05
1.59500000e+00	2.75450383e-03	9.71301190e-05
1.60000000e+00	2.75241058e-03	9.70080611e-05
1.60500000e+00	2.73935997e-03	9.65301910e-05
1.61000000e+00	2.72627125e-03	9.56715485e-05
1.61500000e+00	2.74320306e-03	9.54508152e-05
1.62000000e+00	2.71683790e-03	9.49376669e-05
1.62500000e+00	2.72674543e-03	9.63602697e-05
1.63000000e+00	2.72752983e-03	9.53603041e-05
1.63500000e+00	2.70185138e-03	9.44260629e-05
1.64000000e+00	2.70485535e-03	9.45468598e-05
1.64500000e+00	2.70038940e-03	9.54399918e-05
1.65000000e+00	2.69684764e-03	9.43872966e-05
1.65500000e+00	2.69604952e-03	9.41829475e-05
1.66000000e+00	2.67734593e-03	9.36918389e-05
1.66500000e+00	2.69015984e-03	9.56918887e-05
1.67000000e+00	2.67335669e-03	9.31394609e-05
1.67500000e+00	2.64899518e-03	9.25045824e-05
1.68000000e+00	2.66765351e-03	9.34256147e-05
1.68500000e+00	2.64146534e-03	9.39899287e-05
1.69000000e+00	2.65636051e-03	9.27697297e-05
1.69500000e+00	2.65630428e-03	9.25437169e-05
1.70000000e+00	2.62714210e-03	9.25983389e-05
1.70500000e+00	2.62261988e-03	9.28084673e-05
1.71000000e+00	2.63039673e-03	9.19293189e-05
1.71500000e+00	2.61535246e-03	9.13667974e-05
1.72000000e+00	2.61840827e-03	9.21906874e-05
1.72500000e+00	2.61239833e-03	9.25150920e-05
1.73000000e+00	2.59505587e-03	9.06866102e-05
1.73500000e+00	2.59399381e-03	9.09538782e-05
1.74000000e+00	2.58495122e-03	9.08554877e-05
1.74500000e+00	2.58071407e-03	9.17699267e-05
1.75000000e+00	2.57042517e-03	8.96260945e-05
1.75500000e+00	2.57703228e-03	9.04376645e-05
1.76000000e+00	2.56780612e-03	9.01120667e-05
1.76500000e+00	2.54913792e-03	9.06323093e-05
1.77000000e+00	2.56003261e-03	8.94364177e-05
1.77500000e+00	2.53640292e-03	8.88344835e-05
1.78000000e+00	2.54773939e-03	8.95327076e-05
1.78500000e+00	2.53950613e-03	9.01072924e-05
1.79000000e+00	2.52734246e-03	8.81856633e-05
1.79500000e+00	2.50650150e-03	8.77716472e-05
1.80000000e+00	2.51185338e-03	8.84605000e-05
1.80500000e+00	2.50152641e-03	8.87081574e-05
1.81000000e+00	2.51189211e-03	8.77730611e-05
1.81500000e+00	2.49241896e-03	8.71509444e-05
1.82000000e+00	2.49662489e-03	8.78509890e-05
1.82500000e+00	2.45884813e-03	8.70109243e-05
1.83000000e+00	2.45921809e-03	8.59725587e-05
1.83500000e+00	2.47644827e-03	8.67746800e-05
1.84000000e+00	2.47199438e-03	8.71251940e-05
1.84500000e+00	2.43322293e-03	8.62135222e-05
1.85000000e+00	2.41634448e-03	8.45835616e-05
1.85500000e+00	2.42995267e-03	8.51727602e-05
1.86000000e+00	2.42926760e-03	8.56950641e-05
1.86500000e+00	2.42547673e-03	8.57932142e-05
1.87000000e+00	2.40349327e-03	8.40856336e-05
1.87500000e+00	2.41253461e-03	8.46427510e-05
1.88000000e+00	2.39468444e-03	8.43292640e-05
1.88500000e+00	2.37547884e-03	8.42238011e-05
1.89000000e+00	2.37767986e-03	8.30684805e-05
1.89500000e+00	2.36860407e-03	8.32400387e-05
1.90000000e+00	2.35829257e-03	8.30578547e-05
1.90500000e+00	2.36813869e-03	8.35302958e-05
1.91000000e+00	2.34572831e-03	8.21459704e-05
1.91500000e+00	2.32708856e-03	8.15695458e-05
1.92000000e+00	2.33185235e-03	8.22330929e-05
1.92500000e+00	2.32263220e-03	8.20020317e-05
1.93000000e+00	2.32576800e-03	8.14184544e-05
1.93500000e+00	2.31173108e-03	8.10826009e-05
1.94000000e+00	2.31946385e-03	8.20258875e-05
1.94500000e+00	2.30906956e-03	8.14397544e-05
1.95000000e+00	2.29189742e-03	8.01132855e-05
1.95500000e+00	2.29548552e-03	8.06411975e-05
1.96000000e+00	2.29676384e-03	8.11775001e-05
1.96500000e+00	2.28699352e-03	8.08798554e-05
1.97000000e+00	2.26852322e-03	7.91704654e-05
1.97500000e+00	2.26647155e-03	7.96425751e-05
1.98000000e+00	2.23845647e-03	7.90115595e-05
1.98500000e+00	2.24921552e-03	7.95059117e-05
1.99000000e+00	2.25076337e-03	7.85610893e-05
1.99500000e+00	2.24703242e-03	7.88592072e-05
2.00000000e+00	2.21837337e-03	7.83180616e-05
2.00500000e+00	2.22202530e-03	7.86418548e-05
2.01000000e+00	2.22679844e-03	8.64372259e-05
2.01500000e+00	2.18730018e-03	9.03475139e-05
2.02000000e+00	2.18945919e-03	9.62237226e-05
2.02500000e+00	2.17127203e-03	9.93104793e-05
2.03000000e+00	2.15754675e-03	1.04463766e-04
2.03500000e+00	2.14704168e-03	1.08657091e-04
2.04000000e+00	2.13291721e-03	1.12770144e-04
2.04500000e+00	2.11599430e-03	1.17651870e-04
2.05000000e+00	2.10056147e-03	1.22761485e-04
2.05500000e+00	2.11956588e-03	1.21214436e-04
2.06000000e+00	2.14017304e-03	1.06584182e-04
2.06500000e+00	2.11434176e-03	1.00649634e-04
2.07000000e+00	2.14127873e-03	9.63621863e-05
2.07500000e+00	2.11241253e-03	9.30109138e-05
2.08000000e+00	2.11147418e-03	9.28076542e-05
2.08500000e+00	2.10347477e-03	9.16258564e-05
2.09000000e+00	2.08744712e-03	8.81956863e-05
2.09500000e+00	2.10416490e-03	8.79199400e-05
2.10000000e+00	2.12146269e-03	8.80164053e-05
2.10500000e+00	2.10682043e-03	8.70523943e-05
2.11000000e+00	2.08143178e-03	8.30168660e-05
2.11500000e+00	2.06803526e-03	8.16505539e-05
2.12000000e+00	2.05192592e-03	8.05058943e-05
2.12500000e+00	2.02394531e-03	7.92713211e-05
2.13000000e+00	2.02205520e-03	7.59195055e-05
2.13500000e+00	2.01665143e-03	7.48754229e-05
2.14000000e+00	1.99119268e-03	7.32243934e-05
2.14500000e+00	1.96495222e-03	7.25496239e-05
2.15000000e+00	1.98081426e-03	7.06572657e-05
2.15500000e+00	1.97112557e-03	7.04957644e-05
2.16000000e+00	1.93899375e-03	6.89849067e-05
2.16500000e+00	1.93169384e-03	6.91866565e-05
2.17000000e+00	1.91463018e-03	6.69196516e-05
2.17500000e+00	1.93696364e-03	6.78141224e-05
2.18000000e+00	1.91735869e-03	6.73392667e-05
2.18500000e+00	1.91769703e-03	6.77352587e-05
2.19000000e+00	1.88257657e-03	6.63626974e-05
2.19500000e+00	1.91046826e-03	6.69362326e-05
2.20000000e+00	1.89703205e-03	6.65625802e-05
2.20500000e+00	1.86141750e-03	6.56214229e-05
2.21000000e+00	1.86699153e-03	6.61683840e-05
2.21500000e+00	1.83424851e-03	6.42044090e-05
2.22000000e+00	1.83673871e-03	6.42424409e-05
2.22500000e+00	1.83365084e-03	6.47468842e-05
2.23000000e+00	1.79792026e-03	6.37832993e-05
2.23500000e+00	1.81667040e-03	6.35743461e-05
2.24000000e+00	1.78875004e-03	6.25832923e-05
2.24500000e+00	1.78587165e-03	6.29330201e-05
2.25000000e+00	1.75433898e-03	6.23992271e-05
2.25500000e+00	1.76712783e-03	6.16622423e-05
2.26000000e+00	1.74695619e-03	6.11551275e-05
2.26500000e+00	1.73889911e-03	6.11201722e-05
2.27000000e+00	1.71483977e-03	6.12048771e-05
2.27500000e+00	1.69637470e-03	5.92964193e-05
2.28000000e+00	1.70463734e-03	5.95555614e-05
2.28500000e+00	1.68953787e-03	5.94328895e-05
2.29000000e+00	1.69179990e-03	5.98845035e-05
2.29500000e+00	1.66648380e-03	5.88465481e-05
2.30000000e+00	1.65627873e-03	5.79147875e-05
2.30500000e+00	1.66626868e-03	5.83028442e-05
2.31000000e+00	1.64288736e-03	5.78303769e-05
2.31500000e+00	1.62543328e-03	5.76745596e-05
2.32000000e+00	1.61830813e-03	5.63132502e-05
2.32500000e+00	1.62621691e-03	5.70158089e-05
2.33000000e+00	1.60271450e-03	5.62503016e-05
2.33500000e+00	1.58763578e-03	5.63610298e-05
2.34000000e+00	1.59851555e-03	5.58195573e-05
2.34500000e+00	1.57979504e-03	5.51546624e-05
2.35000000e+00	1.57399593e-03	5.51861355e-05
2.35500000e+00	1.54232972e-03	5.47685953e-05
2.36000000e+00	1.55011089e-03	5.43307178e-05
2.36500000e+00	1.53066774e-03	5.35515797e-05
2.37000000e+00	1.52018444e-03	5.32150438e-05
2.37500000e+00	1.52411159e-03	5.37969777e-05
2.38000000e+00	1.49600847e-03	5.30878439e-05
2.38500000e+00	1.49382560e-03	5.22508059e-05
2.39000000e+00	1.48229773e-03	5.19244071e-05
2.39500000e+00	1.48871597e-03	5.24872309e-05
2.40000000e+00	1.46187228e-03	5.23129500e-05
2.40500000e+00	1.45470663e-03	5.10446218e-05
2.41000000e+00	1.44408738e-03	5.08527451e-05
2.41500000e+00	1.43591130e-03	5.05705968e-05
2.42000000e+00	1.42708443e-03	5.09643025e-05
2.42500000e+00	1.42629385e-03	5.07824353e-05
2.43000000e+00	1.40700887e-03	4.95751045e-05
2.43500000e+00	1.40677217e-03	4.97860005e-05
2.44000000e+00	1.39550974e-03	4.94633317e-05
2.44500000e+00	1.37611887e-03	4.94695785e-05
2.45000000e+00	1.37086141e-03	4.84068750e-05
2.45500000e+00	1.36865285e-03	4.85091740e-05
2.46000000e+00	1.35348937e-03	4.81574472e-05
2.46500000e+00	1.35523684e-03	4.88426791e-05
2.47000000e+00	1.33024783e-03	4.74429897e-05
2.47500000e+00	1.34329178e-03	4.75582002e-05
2.48000000e+00	1.32180975e-03	4.72685473e-05
2.48500000e+00	1.30948610e-03	4.67667305e-05
2.49000000e+00	1.31717728e-03	4.76860432e-05
2.49500000e+00	1.29980526e-03	4.62319130e-05
2.50000000e+00	1.29581527e-03	4.61732890e-05
2.50500000e+00	1.28522097e-03	4.60467683e-05
2.51000000e+00	1.26892940e-03	4.57285669e-05
2.51500000e+00	1.28671202e-03	4.64913068e-05
2.52000000e+00	1.27802293e-03	4.58115753e-05
2.52500000e+00	1.27134250e-03	4.57128160e-05
2.53000000e+00	1.24299452e-03	4.52211759e-05
2.53500000e+00	1.23842992e-03	4.55404798e-05
2.54000000e+00	1.24030140e-03	4.48387260e-05
2.54500000e+00	1.23914993e-03	4.50059758e-05
2.55000000e+00	1.22055610e-03	4.45373961e-05
2.55500000e+00	1.22991622e-03	4.52481465e-05
2.56000000e+00	1.20902277e-03	4.46948838e-05
2.56500000e+00	1.22303454e-03	4.48356572e-05
2.57000000e+00	1.20650425e-03	4.44475463e-05
2.57500000e+00	1.19798520e-03	4.42253875e-05
2.58000000e+00	1.19490474e-03	4.48608383e-05
2.58500000e+00	1.17938713e-03	4.38974489e-05
2.59000000e+00	1.17685336e-03	4.36724661e-05
2.59500000e+00	1.15700459e-03	4.31157812e-05
2.60000000e+00	1.15560686e-03	4.33440632e-05
2.60500000e+00	1.16573406e-03	4.47535154e-05
2.61000000e+00	1.15120407e-03	5.02074046e-05
2.61500000e+00	1.13823992e-03	5.50382062e-05
2.62000000e+00	1.15848291e-03	6.16087643e-05
2.62500000e+00	1.11948645e-03	6.43598380e-05
2.63000000e+00	1.13971346e-03	7.25532850e-05
2.63500000e+00	1.11415484e-03	7.83810963e-05
2.64000000e+00	1.13761339e-03	8.86354373e-05
2.64500000e+00	1.13233931e-03	9.38713653e-05
2.65000000e+00	1.09917132e-03	9.65038525e-05
2.65500000e+00	1.09123862e-03	1.03159011e-04
2.66000000e+00	1.10242170e-03	1.11247146e-04
2.66500000e+00	1.12554315e-03	1.28100473e-04
2.67000000e+00	1.05348351e-03	1.30484681e-04
2.67500000e+00	1.08072746e-03	1.55319503e-04
2.68000000e+00	1.01137212e-03	1.68470129e-04
2.68500000e+00	1.04846723e-03	2.31838146e-04
2.69000000e+00	1.23449453e-03	4.51006977e-04
2.69500000e+00	0.00000000e+00	0.00000000e+00
2.70000000e+00	0.00000000e+00	0.00000000e+00
