% Filename : WDL7c_00026_00030.h5
% Date & Time : 30-Oct-2025 17:02:38
% X-ray Energy (keV) : 13.30001
% Exposure Time (s) : 0.500
% Photodiode Value : 141047.000
% I0 of Sample : 0
% I0 of Standard : 1
% 
% q(A^-1)   I(q)    I(q)_SE
8.40000000e-01	0.00000000e+00	0.00000000e+00
8.45000000e-01	2.89072516e-03	5.05801168e-04
8.50000000e-01	2.81487761e-03	2.60957965e-04
8.55000000e-01	2.68395497e-03	2.19245408e-04
8.60000000e-01	2.69938615e-03	1.90809189e-04
8.65000000e-01	2.68124544e-03	1.74749585e-04
8.70000000e-01	2.67448225e-03	1.66052099e-04
8.75000000e-01	2.67304413e-03	1.59864061e-04
8.80000000e-01	2.68461258e-03	1.55339381e-04
8.85000000e-01	2.72780557e-03	1.49039371e-04
8.90000000e-01	2.75769430e-03	1.47459912e-04
8.95000000e-01	2.70800396e-03	1.40825354e-04
9.00000000e-01	2.73408854e-03	1.40799414e-04
9.05000000e-01	2.72993486e-03	1.34423857e-04
9.10000000e-01	2.76662231e-03	1.33675781e-04
9.15000000e-01	2.75926699e-03	1.31141204e-04
9.20000000e-01	2.78414844e-03	1.32302881e-04
9.25000000e-01	2.74636382e-03	1.24842158e-04
9.30000000e-01	2.76817272e-03	1.24542768e-04
9.35000000e-01	2.79860489e-03	1.23515189e-04
9.40000000e-01	2.78773297e-03	1.23465339e-04
9.45000000e-01	2.78532343e-03	1.20139839e-04
9.50000000e-01	2.81222220e-03	1.19688743e-04
9.55000000e-01	2.82128163e-03	1.17834388e-04
9.60000000e-01	2.80656976e-03	1.17327529e-04
9.65000000e-01	2.80047664e-03	1.15158014e-04
9.70000000e-01	2.83787217e-03	1.14669283e-04
9.75000000e-01	2.81265936e-03	1.12515608e-04
9.80000000e-01	2.84034956e-03	1.12699835e-04
9.85000000e-01	2.81807568e-03	1.11882813e-04
9.90000000e-01	2.84715706e-03	1.09446255e-04
9.95000000e-01	2.83278983e-03	1.08447511e-04
1.00000000e+00	2.85069531e-03	1.08666769e-04
1.00500000e+00	2.83065873e-03	1.08017091e-04
1.01000000e+00	2.84570392e-03	1.06114720e-04
1.01500000e+00	2.85311399e-03	1.05425490e-04
1.02000000e+00	2.82553501e-03	1.04471036e-04
1.02500000e+00	2.84344882e-03	1.03703303e-04
1.03000000e+00	2.83751073e-03	1.03195725e-04
1.03500000e+00	2.83618366e-03	1.01697729e-04
1.04000000e+00	2.80573877e-03	9.99479279e-05
1.04500000e+00	2.81290669e-03	1.00218026e-04
1.05000000e+00	2.82771622e-03	1.00161324e-04
1.05500000e+00	2.80353084e-03	9.78693595e-05
1.06000000e+00	2.81983570e-03	9.80626996e-05
1.06500000e+00	2.82624702e-03	9.84727745e-05
1.07000000e+00	2.82770158e-03	9.82610055e-05
1.07500000e+00	2.85882900e-03	9.85987027e-05
1.08000000e+00	2.81023742e-03	9.63941153e-05
1.08500000e+00	2.84982184e-03	9.78736452e-05
1.09000000e+00	2.86966721e-03	9.90136100e-05
1.09500000e+00	2.85951876e-03	9.67717477e-05
1.10000000e+00	2.86034334e-03	9.73601700e-05
1.10500000e+00	2.86181666e-03	9.77917658e-05
1.11000000e+00	2.86860744e-03	9.82141789e-05
1.11500000e+00	2.89575048e-03	9.82798379e-05
1.12000000e+00	2.90806586e-03	9.90975321e-05
1.12500000e+00	2.91768470e-03	9.92450263e-05
1.13000000e+00	2.91844093e-03	1.00412702e-04
1.13500000e+00	2.94817707e-03	1.00201281e-04
1.14000000e+00	2.93284721e-03	9.94732049e-05
1.14500000e+00	2.94782317e-03	1.00856393e-04
1.15000000e+00	2.94480604e-03	1.01267075e-04
1.15500000e+00	2.96672863e-03	1.00866425e-04
1.16000000e+00	2.94108649e-03	1.00424248e-04
1.16500000e+00	2.95864919e-03	1.00857613e-04
1.17000000e+00	2.95440033e-03	1.02079382e-04
1.17500000e+00	2.98452368e-03	1.01572913e-04
1.18000000e+00	3.00094504e-03	1.02631353e-04
1.18500000e+00	2.99102283e-03	1.02089685e-04
1.19000000e+00	2.98815364e-03	1.03140726e-04
1.19500000e+00	3.02015308e-03	1.02802391e-04
1.20000000e+00	3.00971346e-03	1.03133730e-04
1.20500000e+00	3.00632415e-03	1.02845429e-04
1.21000000e+00	3.02552167e-03	1.04838110e-04
1.21500000e+00	3.02751991e-03	1.03277344e-04
1.22000000e+00	3.02017635e-03	1.03087978e-04
1.22500000e+00	3.04599324e-03	1.04438924e-04
1.23000000e+00	3.02340485e-03	1.04602823e-04
1.23500000e+00	3.01592065e-03	1.03540450e-04
1.24000000e+00	3.04221815e-03	1.03879026e-04
1.24500000e+00	3.03500265e-03	1.04482510e-04
1.25000000e+00	3.04030990e-03	1.05220307e-04
1.25500000e+00	3.05178554e-03	1.04336709e-04
1.26000000e+00	3.05164948e-03	1.04915706e-04
1.26500000e+00	3.04913044e-03	1.04507327e-04
1.27000000e+00	3.07151746e-03	1.06850414e-04
1.27500000e+00	3.05636263e-03	1.05331364e-04
1.28000000e+00	3.07253411e-03	1.05089910e-04
1.28500000e+00	3.06143674e-03	1.05389133e-04
1.29000000e+00	3.06389729e-03	1.06324760e-04
1.29500000e+00	3.05578864e-03	1.04920923e-04
1.30000000e+00	3.07435552e-03	1.05441474e-04
1.30500000e+00	3.07133083e-03	1.05723144e-04
1.31000000e+00	3.06757939e-03	1.06828523e-04
1.31500000e+00	3.06864994e-03	1.05619687e-04
1.32000000e+00	3.06197020e-03	1.05324310e-04
1.32500000e+00	3.08042469e-03	1.06283570e-04
1.33000000e+00	3.06240369e-03	1.06865670e-04
1.33500000e+00	3.09505066e-03	1.06496852e-04
1.34000000e+00	3.08003867e-03	1.06120640e-04
1.34500000e+00	3.05101060e-03	1.05485674e-04
1.35000000e+00	3.06595410e-03	1.06975556e-04
1.35500000e+00	3.07787304e-03	1.05891916e-04
1.36000000e+00	3.08656289e-03	1.06141032e-04
1.36500000e+00	3.07580065e-03	1.06094205e-04
1.37000000e+00	3.07729255e-03	1.07644150e-04
1.37500000e+00	3.06959531e-03	1.05727842e-04
1.38000000e+00	3.07827816e-03	1.06277538e-04
1.38500000e+00	3.05761006e-03	1.06236171e-04
1.39000000e+00	3.07833766e-03	1.07595783e-04
1.39500000e+00	3.09351045e-03	1.06567216e-04
1.40000000e+00	3.11869782e-03	1.10556109e-04
1.40500000e+00	3.06986166e-03	1.17243072e-04
1.41000000e+00	3.05640918e-03	1.22253793e-04
1.41500000e+00	3.02931979e-03	1.25439184e-04
1.42000000e+00	3.01987827e-03	1.30185467e-04
1.42500000e+00	3.01343249e-03	1.33709012e-04
1.43000000e+00	2.98489737e-03	1.37534710e-04
1.43500000e+00	2.99164897e-03	1.41952012e-04
1.44000000e+00	2.97597887e-03	1.46798679e-04
1.44500000e+00	2.96743760e-03	1.50302470e-04
1.45000000e+00	3.06178631e-03	1.49836998e-04
1.45500000e+00	3.06235195e-03	1.34482157e-04
1.46000000e+00	3.02690146e-03	1.29866996e-04
1.46500000e+00	3.04461078e-03	1.28380945e-04
1.47000000e+00	3.01840751e-03	1.27228279e-04
1.47500000e+00	3.03512175e-03	1.23939241e-04
1.48000000e+00	3.06356558e-03	1.23767273e-04
1.48500000e+00	3.02204615e-03	1.22185290e-04
1.49000000e+00	3.02441967e-03	1.22530201e-04
1.49500000e+00	2.99952766e-03	1.18905978e-04
1.50000000e+00	3.04617722e-03	1.20357829e-04
1.50500000e+00	3.05013324e-03	1.21180252e-04
1.51000000e+00	3.02186468e-03	1.20249723e-04
1.51500000e+00	3.08161040e-03	1.20648683e-04
1.52000000e+00	3.05055306e-03	1.19004017e-04
1.52500000e+00	3.05626721e-03	1.19148058e-04
1.53000000e+00	3.04911549e-03	1.19454946e-04
1.53500000e+00	3.05624515e-03	1.16383319e-04
1.54000000e+00	3.06191352e-03	1.16537080e-04
1.54500000e+00	3.02510110e-03	1.14826960e-04
1.55000000e+00	3.01153310e-03	1.13974392e-04
1.55500000e+00	3.01151129e-03	1.11491360e-04
1.56000000e+00	2.99419783e-03	1.11019007e-04
1.56500000e+00	3.01116519e-03	1.11119090e-04
1.57000000e+00	2.98583195e-03	1.09348862e-04
1.57500000e+00	2.97943652e-03	1.07109802e-04
1.58000000e+00	2.94255522e-03	1.05544412e-04
1.58500000e+00	2.94522205e-03	1.05703823e-04
1.59000000e+00	2.91691140e-03	1.04782235e-04
1.59500000e+00	2.92731562e-03	1.03071059e-04
1.60000000e+00	2.92023824e-03	1.02824450e-04
1.60500000e+00	2.90971234e-03	1.02463913e-04
1.61000000e+00	2.92019932e-03	1.02440274e-04
1.61500000e+00	2.89604573e-03	1.00750730e-04
1.62000000e+00	2.91000220e-03	1.01574642e-04
1.62500000e+00	2.90237334e-03	1.02497559e-04
1.63000000e+00	2.88561691e-03	1.00823105e-04
1.63500000e+00	2.89424327e-03	1.01015913e-04
1.64000000e+00	2.91384907e-03	1.01769602e-04
1.64500000e+00	2.86818866e-03	1.01398148e-04
1.65000000e+00	2.87083882e-03	1.00250239e-04
1.65500000e+00	2.85112623e-03	9.95525425e-05
1.66000000e+00	2.85612654e-03	9.98456614e-05
1.66500000e+00	2.83740953e-03	1.00907197e-04
1.67000000e+00	2.85079759e-03	9.91995057e-05
1.67500000e+00	2.84967250e-03	9.94389205e-05
1.68000000e+00	2.83431443e-03	9.92165272e-05
1.68500000e+00	2.82657234e-03	1.00568310e-04
1.69000000e+00	2.82599011e-03	9.86107207e-05
1.69500000e+00	2.82910797e-03	9.85366135e-05
1.70000000e+00	2.80684077e-03	9.89025870e-05
1.70500000e+00	2.77788603e-03	9.82672277e-05
1.71000000e+00	2.79350445e-03	9.75039127e-05
1.71500000e+00	2.77354304e-03	9.68420110e-05
1.72000000e+00	2.79370573e-03	9.83348256e-05
1.72500000e+00	2.76621774e-03	9.78861967e-05
1.73000000e+00	2.76498223e-03	9.65869659e-05
1.73500000e+00	2.76273386e-03	9.68261256e-05
1.74000000e+00	2.75443309e-03	9.67674708e-05
1.74500000e+00	2.75630137e-03	9.79542860e-05
1.75000000e+00	2.73835020e-03	9.53861753e-05
1.75500000e+00	2.72541780e-03	9.55841074e-05
1.76000000e+00	2.71651755e-03	9.52193981e-05
1.76500000e+00	2.70226508e-03	9.59597174e-05
1.77000000e+00	2.72408100e-03	9.51283171e-05
1.77500000e+00	2.69309857e-03	9.43280198e-05
1.78000000e+00	2.69196711e-03	9.45234094e-05
1.78500000e+00	2.67124419e-03	9.48060440e-05
1.79000000e+00	2.69742473e-03	9.41530747e-05
1.79500000e+00	2.68744744e-03	9.40422552e-05
1.80000000e+00	2.69153223e-03	9.48166678e-05
1.80500000e+00	2.66414913e-03	9.43233315e-05
1.81000000e+00	2.67692394e-03	9.35208371e-05
1.81500000e+00	2.65146113e-03	9.25974072e-05
1.82000000e+00	2.64416743e-03	9.29706271e-05
1.82500000e+00	2.63124336e-03	9.31191470e-05
1.83000000e+00	2.64280382e-03	9.23784629e-05
1.83500000e+00	2.63664458e-03	9.22744893e-05
1.84000000e+00	2.61092538e-03	9.18765331e-05
1.84500000e+00	2.62488410e-03	9.29258874e-05
1.85000000e+00	2.59050556e-03	9.06115478e-05
1.85500000e+00	2.58656503e-03	9.05569044e-05
1.86000000e+00	2.59723800e-03	9.15334297e-05
1.86500000e+00	2.58261349e-03	9.12494206e-05
1.87000000e+00	2.56002864e-03	8.94686566e-05
1.87500000e+00	2.57154186e-03	9.02140111e-05
1.88000000e+00	2.55858121e-03	9.00874874e-05
1.88500000e+00	2.53584817e-03	8.98187883e-05
1.89000000e+00	2.55512043e-03	8.92828219e-05
1.89500000e+00	2.53811262e-03	8.91278295e-05
1.90000000e+00	2.52035196e-03	8.87926761e-05
1.90500000e+00	2.50806426e-03	8.84677487e-05
1.91000000e+00	2.50331160e-03	8.76419151e-05
1.91500000e+00	2.50271006e-03	8.76598826e-05
1.92000000e+00	2.47939065e-03	8.73629357e-05
1.92500000e+00	2.48004486e-03	8.74981448e-05
1.93000000e+00	2.46650159e-03	8.62549571e-05
1.93500000e+00	2.46822646e-03	8.65620711e-05
1.94000000e+00	2.46174333e-03	8.71271181e-05
1.94500000e+00	2.46159677e-03	8.67772431e-05
1.95000000e+00	2.43557166e-03	8.50892578e-05
1.95500000e+00	2.43974351e-03	8.55272957e-05
1.96000000e+00	2.42697524e-03	8.55934969e-05
1.96500000e+00	2.43030400e-03	8.58033081e-05
1.97000000e+00	2.41812037e-03	8.43170910e-05
1.97500000e+00	2.41520712e-03	8.48808657e-05
1.98000000e+00	2.39641660e-03	8.45257723e-05
1.98500000e+00	2.40791072e-03	8.50622570e-05
1.99000000e+00	2.38400400e-03	8.31043152e-05
1.99500000e+00	2.37369631e-03	8.32285936e-05
2.00000000e+00	2.36169688e-03	8.33162390e-05
2.00500000e+00	2.38985714e-03	8.45631862e-05
2.01000000e+00	2.35233232e-03	9.13108856e-05
2.01500000e+00	2.34440917e-03	9.65447330e-05
2.02000000e+00	2.32703544e-03	1.02250387e-04
2.02500000e+00	2.30396382e-03	1.05299612e-04
2.03000000e+00	2.29271597e-03	1.10836846e-04
2.03500000e+00	2.29275193e-03	1.15788624e-04
2.04000000e+00	2.24644988e-03	1.18530968e-04
2.04500000e+00	2.24523426e-03	1.24661008e-04
2.05000000e+00	2.26721535e-03	1.32429286e-04
2.05500000e+00	2.25482610e-03	1.29098861e-04
2.06000000e+00	2.28386740e-03	1.13528585e-04
2.06500000e+00	2.26142177e-03	1.07482925e-04
2.07000000e+00	2.26936149e-03	1.02159539e-04
2.07500000e+00	2.24612667e-03	9.88655575e-05
2.08000000e+00	2.25696395e-03	9.90112858e-05
2.08500000e+00	2.24569725e-03	9.76747109e-05
2.09000000e+00	2.23965514e-03	9.45036593e-05
2.09500000e+00	2.25221447e-03	9.40804518e-05
2.10000000e+00	2.22846900e-03	9.25000361e-05
2.10500000e+00	2.20588330e-03	9.12355512e-05
2.11000000e+00	2.21829614e-03	8.83824176e-05
2.11500000e+00	2.19990987e-03	8.67592756e-05
2.12000000e+00	2.20462582e-03	8.64590251e-05
2.12500000e+00	2.14262073e-03	8.38489323e-05
2.13000000e+00	2.13995724e-03	8.03917675e-05
2.13500000e+00	2.13982838e-03	7.93349532e-05
2.14000000e+00	2.14054856e-03	7.86878641e-05
2.14500000e+00	2.09978322e-03	7.73548308e-05
2.15000000e+00	2.10634427e-03	7.50255499e-05
2.15500000e+00	2.08818202e-03	7.45343334e-05
2.16000000e+00	2.07241763e-03	7.36977931e-05
2.16500000e+00	2.08848148e-03	7.47111166e-05
2.17000000e+00	2.06538323e-03	7.20565790e-05
2.17500000e+00	2.05416380e-03	7.19109322e-05
2.18000000e+00	2.04808914e-03	7.18599873e-05
2.18500000e+00	2.03208013e-03	7.17175432e-05
2.19000000e+00	2.02219904e-03	7.11582111e-05
2.19500000e+00	2.02267641e-03	7.07760606e-05
2.20000000e+00	1.99921475e-03	7.00757135e-05
2.20500000e+00	1.99583081e-03	7.02286109e-05
2.21000000e+00	1.97809005e-03	6.99211528e-05
2.21500000e+00	1.97561088e-03	6.90538440e-05
2.22000000e+00	1.97445198e-03	6.89915633e-05
2.22500000e+00	1.94827523e-03	6.86592704e-05
2.23000000e+00	1.94905951e-03	6.91114500e-05
2.23500000e+00	1.93322469e-03	6.75373576e-05
2.24000000e+00	1.90638118e-03	6.66732963e-05
2.24500000e+00	1.90418198e-03	6.69715860e-05
2.25000000e+00	1.88850632e-03	6.70517899e-05
2.25500000e+00	1.88923792e-03	6.58401627e-05
2.26000000e+00	1.86951753e-03	6.54874755e-05
2.26500000e+00	1.85426186e-03	6.50855643e-05
2.27000000e+00	1.84060902e-03	6.55408674e-05
2.27500000e+00	1.83876805e-03	6.41350758e-05
2.28000000e+00	1.82624409e-03	6.37400584e-05
2.28500000e+00	1.79813418e-03	6.32081501e-05
2.29000000e+00	1.80265855e-03	6.37455621e-05
2.29500000e+00	1.78868492e-03	6.30061783e-05
2.30000000e+00	1.79185696e-03	6.26015337e-05
2.30500000e+00	1.77373023e-03	6.20226782e-05
2.31000000e+00	1.77065039e-03	6.22727120e-05
2.31500000e+00	1.74112729e-03	6.16745214e-05
2.32000000e+00	1.73873435e-03	6.04261422e-05
2.32500000e+00	1.72880134e-03	6.06124508e-05
2.33000000e+00	1.70634505e-03	5.99475195e-05
2.33500000e+00	1.70473108e-03	6.04898939e-05
2.34000000e+00	1.72008673e-03	6.00045846e-05
2.34500000e+00	1.68672142e-03	5.88145350e-05
2.35000000e+00	1.68735148e-03	5.91151834e-05
2.35500000e+00	1.67340736e-03	5.93192737e-05
2.36000000e+00	1.64211567e-03	5.74359888e-05
2.36500000e+00	1.63528646e-03	5.71892918e-05
2.37000000e+00	1.62960042e-03	5.70236691e-05
2.37500000e+00	1.63635328e-03	5.76900655e-05
2.38000000e+00	1.62666856e-03	5.76350532e-05
2.38500000e+00	1.61626693e-03	5.64127296e-05
2.39000000e+00	1.58089565e-03	5.53912831e-05
2.39500000e+00	1.59695019e-03	5.62594120e-05
2.40000000e+00	1.56824342e-03	5.60581979e-05
2.40500000e+00	1.57946426e-03	5.52750282e-05
2.41000000e+00	1.55649221e-03	5.47221409e-05
2.41500000e+00	1.55221898e-03	5.45713279e-05
2.42000000e+00	1.52542816e-03	5.43763442e-05
2.42500000e+00	1.52932678e-03	5.44481129e-05
2.43000000e+00	1.52608148e-03	5.37402999e-05
2.43500000e+00	1.52391456e-03	5.38751956e-05
2.44000000e+00	1.50627736e-03	5.34773758e-05
2.44500000e+00	1.50291305e-03	5.39248499e-05
2.45000000e+00	1.49692414e-03	5.28385124e-05
2.45500000e+00	1.47893211e-03	5.22728760e-05
2.46000000e+00	1.46293797e-03	5.20145276e-05
2.46500000e+00	1.46225295e-03	5.26135177e-05
2.47000000e+00	1.45449081e-03	5.18101066e-05
2.47500000e+00	1.44033409e-03	5.10017106e-05
2.48000000e+00	1.42986265e-03	5.10946001e-05
2.48500000e+00	1.43469518e-03	5.13648856e-05
2.49000000e+00	1.44387018e-03	5.22538367e-05
2.49500000e+00	1.41960801e-03	5.04153813e-05
2.50000000e+00	1.41338686e-03	5.03579055e-05
2.50500000e+00	1.40934225e-03	5.05152242e-05
2.51000000e+00	1.38173532e-03	4.98424441e-05
2.51500000e+00	1.39066530e-03	5.01690809e-05
2.52000000e+00	1.38622432e-03	4.96173511e-05
2.52500000e+00	1.35813984e-03	4.88766009e-05
2.53000000e+00	1.35874716e-03	4.93699073e-05
2.53500000e+00	1.35099151e-03	4.96174016e-05
2.54000000e+00	1.34653961e-03	4.87040641e-05
2.54500000e+00	1.33191481e-03	4.83082032e-05
2.55000000e+00	1.33351562e-03	4.86100118e-05
2.55500000e+00	1.32220533e-03	4.86089738e-05
2.56000000e+00	1.32412632e-03	4.89449086e-05
2.56500000e+00	1.30956749e-03	4.79559638e-05
2.57000000e+00	1.31674572e-03	4.84810902e-05
2.57500000e+00	1.28583472e-03	4.74533112e-05
2.58000000e+00	1.28616979e-03	4.82289204e-05
2.58500000e+00	1.27644069e-03	4.75668193e-05
2.59000000e+00	1.28225832e-03	4.75131519e-05
2.59500000e+00	1.27666480e-03	4.74723371e-05
2.60000000e+00	1.27265405e-03	4.77411355e-05
2.60500000e+00	1.27548026e-03	4.88726149e-05
2.61000000e+00	1.26104777e-03	5.51700812e-05
2.61500000e+00	1.24668256e-03	6.01872314e-05
2.62000000e+00	1.22949479e-03	6.53591085e-05
2.62500000e+00	1.23653806e-03	7.12511552e-05
2.63000000e+00	1.21830260e-03	7.75675711e-05
2.63500000e+00	1.23259013e-03	8.68782633e-05
2.64000000e+00	1.25216685e-03	9.73909592e-05
2.64500000e+00	1.23509402e-03	1.02824150e-04
2.65000000e+00	1.21083863e-03	1.06685852e-04
2.65500000e+00	1.22298307e-03	1.15101811e-04
2.66000000e+00	1.23392425e-03	1.24640140e-04
2.66500000e+00	1.17080107e-03	1.33698399e-04
2.67000000e+00	1.20166209e-03	1.48148421e-04
2.67500000e+00	1.19261596e-03	1.70920666e-04
2.68000000e+00	1.14290153e-03	1.91286344e-04
2.68500000e+00	1.12927545e-03	2.49931532e-04
2.69000000e+00	1.12043054e-03	4.01780379e-04
2.69500000e+00	0.00000000e+00	0.00000000e+00
2.70000000e+00	0.00000000e+00	0.00000000e+00
