% Filename : WEC6_00037_00013.h5
% Date & Time : 30-Oct-2025 17:40:39
% X-ray Energy (keV) : 13.30001
% Exposure Time (s) : 0.500
% Photodiode Value : 141681.000
% I0 of Sample : 0
% I0 of Standard : 1
% 
% q(A^-1)   I(q)    I(q)_SE
8.40000000e-01	0.00000000e+00	0.00000000e+00
8.45000000e-01	3.17387274e-03	5.55070046e-04
8.50000000e-01	2.94331580e-03	2.72871458e-04
8.55000000e-01	2.87834488e-03	2.34929513e-04
8.60000000e-01	2.87763236e-03	2.03316244e-04
8.65000000e-01	2.86176531e-03	1.86345123e-04
8.70000000e-01	2.91017683e-03	1.80629758e-04
8.75000000e-01	2.89461873e-03	1.73110036e-04
8.80000000e-01	2.86428989e-03	1.65503383e-04
8.85000000e-01	2.91228769e-03	1.59123813e-04
8.90000000e-01	2.87959161e-03	1.53889386e-04
8.95000000e-01	2.91772482e-03	1.51567528e-04
9.00000000e-01	2.87374509e-03	1.47924461e-04
9.05000000e-01	2.89609154e-03	1.42392228e-04
9.10000000e-01	2.94757420e-03	1.42235752e-04
9.15000000e-01	2.95085940e-03	1.40207057e-04
9.20000000e-01	2.95935923e-03	1.40572399e-04
9.25000000e-01	2.97993530e-03	1.35213368e-04
9.30000000e-01	2.94781989e-03	1.32501901e-04
9.35000000e-01	2.95329678e-03	1.30248341e-04
9.40000000e-01	2.94513434e-03	1.30192646e-04
9.45000000e-01	2.91951988e-03	1.25896167e-04
9.50000000e-01	2.96418543e-03	1.26071135e-04
9.55000000e-01	2.98230193e-03	1.24484157e-04
9.60000000e-01	3.00098613e-03	1.25406742e-04
9.65000000e-01	2.96455933e-03	1.21714977e-04
9.70000000e-01	3.00153029e-03	1.21368193e-04
9.75000000e-01	2.97700629e-03	1.19027078e-04
9.80000000e-01	3.00974866e-03	1.19304114e-04
9.85000000e-01	3.01304160e-03	1.19528075e-04
9.90000000e-01	3.00917002e-03	1.15792573e-04
9.95000000e-01	2.98186880e-03	1.14202974e-04
1.00000000e+00	3.00862490e-03	1.14659471e-04
1.00500000e+00	2.99146354e-03	1.14001283e-04
1.01000000e+00	2.99433433e-03	1.11737882e-04
1.01500000e+00	3.01686512e-03	1.11449195e-04
1.02000000e+00	3.00938524e-03	1.11076148e-04
1.02500000e+00	3.00404208e-03	1.09572542e-04
1.03000000e+00	3.00351224e-03	1.09167846e-04
1.03500000e+00	2.99260390e-03	1.07312332e-04
1.04000000e+00	2.97558272e-03	1.05953461e-04
1.04500000e+00	2.99356616e-03	1.06550829e-04
1.05000000e+00	2.99746913e-03	1.06062433e-04
1.05500000e+00	2.98010871e-03	1.03797780e-04
1.06000000e+00	2.99786633e-03	1.04275380e-04
1.06500000e+00	2.99487654e-03	1.04178957e-04
1.07000000e+00	2.99892322e-03	1.04227129e-04
1.07500000e+00	3.02731885e-03	1.04315082e-04
1.08000000e+00	3.02124824e-03	1.03596920e-04
1.08500000e+00	3.02406274e-03	1.03650101e-04
1.09000000e+00	3.05686540e-03	1.05338132e-04
1.09500000e+00	3.05101546e-03	1.03213718e-04
1.10000000e+00	3.05034289e-03	1.03727835e-04
1.10500000e+00	3.05508946e-03	1.04209046e-04
1.11000000e+00	3.07960405e-03	1.05264120e-04
1.11500000e+00	3.07917699e-03	1.04427974e-04
1.12000000e+00	3.10539520e-03	1.05776111e-04
1.12500000e+00	3.10600390e-03	1.05513266e-04
1.13000000e+00	3.09552276e-03	1.06431087e-04
1.13500000e+00	3.12984883e-03	1.06312282e-04
1.14000000e+00	3.12578658e-03	1.05983119e-04
1.14500000e+00	3.14548524e-03	1.07529310e-04
1.15000000e+00	3.12862800e-03	1.07451479e-04
1.15500000e+00	3.17848535e-03	1.08144708e-04
1.16000000e+00	3.16729593e-03	1.08055302e-04
1.16500000e+00	3.16660276e-03	1.07842604e-04
1.17000000e+00	3.18382139e-03	1.09843635e-04
1.17500000e+00	3.18882505e-03	1.08461933e-04
1.18000000e+00	3.20691307e-03	1.09518836e-04
1.18500000e+00	3.21875300e-03	1.09746458e-04
1.19000000e+00	3.23328123e-03	1.11469130e-04
1.19500000e+00	3.23283630e-03	1.10032968e-04
1.20000000e+00	3.23193152e-03	1.10742351e-04
1.20500000e+00	3.22850830e-03	1.10434561e-04
1.21000000e+00	3.25958313e-03	1.12833756e-04
1.21500000e+00	3.26699660e-03	1.11393552e-04
1.22000000e+00	3.26716564e-03	1.11505875e-04
1.22500000e+00	3.28943801e-03	1.12709018e-04
1.23000000e+00	3.27995027e-03	1.13120381e-04
1.23500000e+00	3.29571053e-03	1.12974088e-04
1.24000000e+00	3.29347755e-03	1.12320716e-04
1.24500000e+00	3.28948310e-03	1.13106636e-04
1.25000000e+00	3.29452868e-03	1.13884817e-04
1.25500000e+00	3.27664097e-03	1.11895931e-04
1.26000000e+00	3.28398733e-03	1.12924767e-04
1.26500000e+00	3.30616005e-03	1.13165327e-04
1.27000000e+00	3.31254764e-03	1.15105606e-04
1.27500000e+00	3.30666894e-03	1.13694793e-04
1.28000000e+00	3.32595618e-03	1.13705497e-04
1.28500000e+00	3.33436801e-03	1.14637919e-04
1.29000000e+00	3.32079496e-03	1.15186354e-04
1.29500000e+00	3.32874840e-03	1.14148333e-04
1.30000000e+00	3.34196360e-03	1.14499605e-04
1.30500000e+00	3.33124541e-03	1.14673951e-04
1.31000000e+00	3.35281292e-03	1.16749468e-04
1.31500000e+00	3.35367555e-03	1.15379153e-04
1.32000000e+00	3.38013478e-03	1.16102993e-04
1.32500000e+00	3.36837074e-03	1.15955572e-04
1.33000000e+00	3.37795985e-03	1.17766974e-04
1.33500000e+00	3.40754288e-03	1.17272434e-04
1.34000000e+00	3.40756397e-03	1.17283791e-04
1.34500000e+00	3.41215686e-03	1.17847269e-04
1.35000000e+00	3.42383296e-03	1.19401357e-04
1.35500000e+00	3.43606043e-03	1.18207949e-04
1.36000000e+00	3.42788415e-03	1.17711707e-04
1.36500000e+00	3.44244850e-03	1.18646188e-04
1.37000000e+00	3.44065279e-03	1.20333970e-04
1.37500000e+00	3.45400708e-03	1.18920292e-04
1.38000000e+00	3.44054575e-03	1.18732759e-04
1.38500000e+00	3.46357425e-03	1.20202430e-04
1.39000000e+00	3.44975564e-03	1.20487116e-04
1.39500000e+00	3.46342656e-03	1.19251967e-04
1.40000000e+00	3.52027237e-03	1.24815709e-04
1.40500000e+00	3.46142984e-03	1.32034660e-04
1.41000000e+00	3.39997479e-03	1.35857326e-04
1.41500000e+00	3.43524973e-03	1.42204126e-04
1.42000000e+00	3.39320243e-03	1.46174477e-04
1.42500000e+00	3.40214536e-03	1.50820352e-04
1.43000000e+00	3.39034285e-03	1.55985635e-04
1.43500000e+00	3.31714537e-03	1.57401285e-04
1.44000000e+00	3.32144385e-03	1.63599627e-04
1.44500000e+00	3.27157516e-03	1.65373684e-04
1.45000000e+00	3.38475475e-03	1.65632403e-04
1.45500000e+00	3.41395849e-03	1.49848944e-04
1.46000000e+00	3.38508900e-03	1.45191379e-04
1.46500000e+00	3.38873851e-03	1.42756560e-04
1.47000000e+00	3.36344406e-03	1.41414612e-04
1.47500000e+00	3.36985163e-03	1.37569596e-04
1.48000000e+00	3.38561334e-03	1.36767560e-04
1.48500000e+00	3.35313800e-03	1.35493473e-04
1.49000000e+00	3.33710000e-03	1.35250754e-04
1.49500000e+00	3.33640087e-03	1.32090274e-04
1.50000000e+00	3.34405297e-03	1.32009846e-04
1.50500000e+00	3.33349813e-03	1.32410478e-04
1.51000000e+00	3.36929655e-03	1.33927888e-04
1.51500000e+00	3.34431566e-03	1.30841387e-04
1.52000000e+00	3.34506050e-03	1.30428250e-04
1.52500000e+00	3.34579024e-03	1.30340331e-04
1.53000000e+00	3.34497956e-03	1.31114305e-04
1.53500000e+00	3.33964406e-03	1.27245608e-04
1.54000000e+00	3.32114692e-03	1.26280901e-04
1.54500000e+00	3.28623240e-03	1.24678641e-04
1.55000000e+00	3.29039482e-03	1.24500191e-04
1.55500000e+00	3.26912445e-03	1.20878456e-04
1.56000000e+00	3.25654252e-03	1.20658056e-04
1.56500000e+00	3.24051229e-03	1.19487032e-04
1.57000000e+00	3.21928564e-03	1.17850834e-04
1.57500000e+00	3.22032439e-03	1.15714991e-04
1.58000000e+00	3.21240435e-03	1.15286845e-04
1.58500000e+00	3.21252906e-03	1.15171689e-04
1.59000000e+00	3.19256116e-03	1.14591700e-04
1.59500000e+00	3.19830037e-03	1.12619821e-04
1.60000000e+00	3.17433530e-03	1.11698099e-04
1.60500000e+00	3.16278555e-03	1.11353448e-04
1.61000000e+00	3.15129962e-03	1.10475320e-04
1.61500000e+00	3.17781206e-03	1.10400695e-04
1.62000000e+00	3.15745970e-03	1.10178295e-04
1.62500000e+00	3.13834093e-03	1.10803264e-04
1.63000000e+00	3.13536846e-03	1.09395264e-04
1.63500000e+00	3.15033487e-03	1.09970811e-04
1.64000000e+00	3.13208903e-03	1.09382340e-04
1.64500000e+00	3.14042222e-03	1.10898239e-04
1.65000000e+00	3.10565511e-03	1.08527279e-04
1.65500000e+00	3.13067626e-03	1.09282261e-04
1.66000000e+00	3.10443427e-03	1.08487155e-04
1.66500000e+00	3.11609538e-03	1.10641697e-04
1.67000000e+00	3.10809501e-03	1.08069015e-04
1.67500000e+00	3.09765263e-03	1.07981206e-04
1.68000000e+00	3.08050873e-03	1.07717281e-04
1.68500000e+00	3.10225617e-03	1.10385928e-04
1.69000000e+00	3.09587626e-03	1.08004177e-04
1.69500000e+00	3.05087720e-03	1.06137299e-04
1.70000000e+00	3.05112322e-03	1.07367934e-04
1.70500000e+00	3.05525489e-03	1.08011579e-04
1.71000000e+00	3.06804030e-03	1.07112229e-04
1.71500000e+00	3.03778428e-03	1.06003633e-04
1.72000000e+00	3.00957404e-03	1.05741591e-04
1.72500000e+00	3.02578643e-03	1.07077475e-04
1.73000000e+00	2.99787032e-03	1.04651218e-04
1.73500000e+00	2.99627799e-03	1.04843432e-04
1.74000000e+00	2.98037662e-03	1.04615431e-04
1.74500000e+00	2.99587652e-03	1.06444973e-04
1.75000000e+00	2.98642326e-03	1.03985639e-04
1.75500000e+00	2.96183668e-03	1.03810495e-04
1.76000000e+00	2.96549391e-03	1.03847059e-04
1.76500000e+00	2.94016892e-03	1.04365324e-04
1.77000000e+00	2.93813651e-03	1.02546045e-04
1.77500000e+00	2.89531842e-03	1.01340607e-04
1.78000000e+00	2.92015485e-03	1.02482912e-04
1.78500000e+00	2.92258222e-03	1.03715624e-04
1.79000000e+00	2.90162875e-03	1.01182839e-04
1.79500000e+00	2.88651226e-03	1.01006424e-04
1.80000000e+00	2.87787535e-03	1.01293816e-04
1.80500000e+00	2.86333962e-03	1.01446727e-04
1.81000000e+00	2.86426172e-03	9.99722291e-05
1.81500000e+00	2.84357760e-03	9.92874912e-05
1.82000000e+00	2.85050944e-03	1.00207821e-04
1.82500000e+00	2.83598195e-03	1.00328821e-04
1.83000000e+00	2.83088459e-03	9.89000328e-05
1.83500000e+00	2.81627127e-03	9.85259644e-05
1.84000000e+00	2.82045056e-03	9.91829858e-05
1.84500000e+00	2.79985768e-03	9.90746139e-05
1.85000000e+00	2.77957609e-03	9.73336751e-05
1.85500000e+00	2.80236295e-03	9.80637278e-05
1.86000000e+00	2.77472031e-03	9.77578167e-05
1.86500000e+00	2.77584305e-03	9.80211513e-05
1.87000000e+00	2.75891966e-03	9.64270910e-05
1.87500000e+00	2.80754582e-03	9.91670311e-05
1.88000000e+00	2.92739077e-03	1.10572021e-04
1.88500000e+00	2.80116423e-03	1.01240912e-04
1.89000000e+00	2.71332187e-03	9.47600653e-05
1.89500000e+00	2.71958984e-03	9.54435625e-05
1.90000000e+00	2.68814002e-03	9.46321958e-05
1.90500000e+00	2.71157087e-03	9.55714335e-05
1.91000000e+00	2.67897981e-03	9.38121185e-05
1.91500000e+00	2.68298585e-03	9.39360225e-05
1.92000000e+00	2.66994522e-03	9.40109078e-05
1.92500000e+00	2.65743411e-03	9.36934079e-05
1.93000000e+00	2.66698407e-03	9.32356783e-05
1.93500000e+00	2.64639590e-03	9.27960739e-05
1.94000000e+00	2.63728502e-03	9.32086620e-05
1.94500000e+00	2.61878401e-03	9.22252850e-05
1.95000000e+00	2.63561331e-03	9.19993783e-05
1.95500000e+00	2.61665011e-03	9.17926075e-05
1.96000000e+00	2.60070930e-03	9.16929912e-05
1.96500000e+00	2.58848749e-03	9.14021196e-05
1.97000000e+00	2.57710729e-03	8.99334864e-05
1.97500000e+00	2.56336688e-03	8.99499502e-05
1.98000000e+00	2.56255759e-03	9.03409684e-05
1.98500000e+00	2.55050347e-03	9.00447036e-05
1.99000000e+00	2.56429193e-03	8.93999545e-05
1.99500000e+00	2.54820986e-03	8.93371082e-05
2.00000000e+00	2.54274758e-03	8.96196868e-05
2.00500000e+00	2.53702635e-03	8.96657890e-05
2.01000000e+00	2.52000680e-03	9.76875066e-05
2.01500000e+00	2.49560844e-03	1.02854793e-04
2.02000000e+00	2.47590642e-03	1.08779198e-04
2.02500000e+00	2.46664687e-03	1.12580475e-04
2.03000000e+00	2.44642158e-03	1.18303981e-04
2.03500000e+00	2.42284947e-03	1.22388998e-04
2.04000000e+00	2.42529357e-03	1.28103921e-04
2.04500000e+00	2.43163847e-03	1.35070591e-04
2.05000000e+00	2.39132391e-03	1.39251675e-04
2.05500000e+00	2.45044886e-03	1.40056100e-04
2.06000000e+00	2.44890177e-03	1.21714984e-04
2.06500000e+00	2.40517032e-03	1.14212349e-04
2.07000000e+00	2.43086354e-03	1.09333793e-04
2.07500000e+00	2.39180460e-03	1.05199957e-04
2.08000000e+00	2.39399924e-03	1.05046132e-04
2.08500000e+00	2.39618516e-03	1.04209428e-04
2.09000000e+00	2.37606909e-03	1.00245479e-04
2.09500000e+00	2.38022629e-03	9.93645990e-05
2.10000000e+00	2.38868601e-03	9.90797953e-05
2.10500000e+00	2.38121629e-03	9.84019025e-05
2.11000000e+00	2.33199683e-03	9.28979551e-05
2.11500000e+00	2.35324719e-03	9.27053797e-05
2.12000000e+00	2.33882806e-03	9.17039923e-05
2.12500000e+00	2.30841769e-03	9.02513224e-05
2.13000000e+00	2.29555540e-03	8.61026510e-05
2.13500000e+00	2.29351288e-03	8.50775616e-05
2.14000000e+00	2.25380997e-03	8.27850490e-05
2.14500000e+00	2.26112235e-03	8.33471629e-05
2.15000000e+00	2.25730192e-03	8.04333692e-05
2.15500000e+00	2.23603476e-03	7.98157932e-05
2.16000000e+00	2.21996619e-03	7.87921520e-05
2.16500000e+00	2.20143523e-03	7.86849032e-05
2.17000000e+00	2.20501334e-03	7.69323294e-05
2.17500000e+00	2.20692059e-03	7.71652011e-05
2.18000000e+00	2.19373703e-03	7.69968872e-05
2.18500000e+00	2.17951845e-03	7.68469132e-05
2.19000000e+00	2.16202308e-03	7.60167839e-05
2.19500000e+00	2.15792812e-03	7.54544111e-05
2.20000000e+00	2.15598875e-03	7.55391210e-05
2.20500000e+00	2.13558571e-03	7.50433768e-05
2.21000000e+00	2.13426241e-03	7.54498382e-05
2.21500000e+00	2.11441201e-03	7.38923097e-05
2.22000000e+00	2.10141231e-03	7.33081585e-05
2.22500000e+00	2.07014662e-03	7.28843071e-05
2.23000000e+00	2.07220838e-03	7.33071297e-05
2.23500000e+00	2.05825397e-03	7.18686675e-05
2.24000000e+00	2.05664089e-03	7.17940001e-05
2.24500000e+00	2.04142601e-03	7.17719894e-05
2.25000000e+00	2.04024263e-03	7.23947798e-05
2.25500000e+00	2.01363629e-03	7.01486091e-05
2.26000000e+00	2.00973293e-03	7.02781636e-05
2.26500000e+00	1.98369160e-03	6.95998919e-05
2.27000000e+00	1.98281961e-03	7.05754575e-05
2.27500000e+00	1.97042288e-03	6.86814563e-05
2.28000000e+00	1.97031515e-03	6.87470792e-05
2.28500000e+00	1.95858543e-03	6.88076548e-05
2.29000000e+00	1.93656741e-03	6.83956043e-05
2.29500000e+00	1.93248530e-03	6.80086890e-05
2.30000000e+00	1.93645460e-03	6.75223054e-05
2.30500000e+00	1.90495083e-03	6.65963972e-05
2.31000000e+00	1.90527366e-03	6.69978053e-05
2.31500000e+00	1.87215432e-03	6.63970469e-05
2.32000000e+00	1.87593632e-03	6.51928430e-05
2.32500000e+00	1.85683834e-03	6.50568883e-05
2.33000000e+00	1.84591714e-03	6.47052900e-05
2.33500000e+00	1.82671798e-03	6.47574929e-05
2.34000000e+00	1.82442362e-03	6.35687039e-05
2.34500000e+00	1.82826082e-03	6.37306866e-05
2.35000000e+00	1.81153888e-03	6.34106467e-05
2.35500000e+00	1.80018268e-03	6.38355479e-05
2.36000000e+00	1.76963273e-03	6.18883136e-05
2.36500000e+00	1.76087628e-03	6.14949231e-05
2.37000000e+00	1.76439624e-03	6.16803719e-05
2.37500000e+00	1.74929172e-03	6.16961788e-05
2.38000000e+00	1.72409164e-03	6.11039426e-05
2.38500000e+00	1.73320538e-03	6.05068784e-05
2.39000000e+00	1.73109793e-03	6.06266754e-05
2.39500000e+00	1.70482863e-03	6.00054781e-05
2.40000000e+00	1.69464721e-03	6.04894580e-05
2.40500000e+00	1.68511519e-03	5.89312980e-05
2.41000000e+00	1.68130119e-03	5.90360437e-05
2.41500000e+00	1.68313429e-03	5.90918068e-05
2.42000000e+00	1.65192821e-03	5.88335954e-05
2.42500000e+00	1.66921641e-03	5.92794739e-05
2.43000000e+00	1.64661030e-03	5.79969178e-05
2.43500000e+00	1.62168107e-03	5.72748181e-05
2.44000000e+00	1.62008841e-03	5.73539497e-05
2.44500000e+00	1.61659814e-03	5.79775215e-05
2.45000000e+00	1.59967550e-03	5.63426266e-05
2.45500000e+00	1.59884774e-03	5.65885407e-05
2.46000000e+00	1.57575601e-03	5.58795220e-05
2.46500000e+00	1.56791734e-03	5.62926069e-05
2.47000000e+00	1.57997005e-03	5.62552382e-05
2.47500000e+00	1.54471334e-03	5.46261496e-05
2.48000000e+00	1.53892259e-03	5.49798116e-05
2.48500000e+00	1.54235709e-03	5.49470881e-05
2.49000000e+00	1.51532598e-03	5.47822991e-05
2.49500000e+00	1.51914483e-03	5.38881913e-05
2.50000000e+00	1.52486830e-03	5.43438822e-05
2.50500000e+00	1.49849776e-03	5.36163936e-05
2.51000000e+00	1.50150739e-03	5.40803419e-05
2.51500000e+00	1.48604041e-03	5.36102118e-05
2.52000000e+00	1.50710673e-03	5.38020615e-05
2.52500000e+00	1.48704000e-03	5.34281444e-05
2.53000000e+00	1.47025517e-03	5.33529211e-05
2.53500000e+00	1.43693739e-03	5.27551403e-05
2.54000000e+00	1.44052219e-03	5.20141131e-05
2.54500000e+00	1.44277021e-03	5.22989202e-05
2.55000000e+00	1.45445734e-03	5.29319257e-05
2.55500000e+00	1.42887438e-03	5.24590646e-05
2.56000000e+00	1.41858953e-03	5.23435846e-05
2.56500000e+00	1.42262788e-03	5.20157716e-05
2.57000000e+00	1.42209331e-03	5.21984610e-05
2.57500000e+00	1.39530816e-03	5.13709019e-05
2.58000000e+00	1.40445177e-03	5.25502837e-05
2.58500000e+00	1.39070685e-03	5.16467007e-05
2.59000000e+00	1.37698953e-03	5.09423296e-05
2.59500000e+00	1.39211249e-03	5.17388062e-05
2.60000000e+00	1.34763136e-03	5.03925883e-05
2.60500000e+00	1.40282145e-03	5.36883996e-05
2.61000000e+00	1.37571805e-03	5.99711275e-05
2.61500000e+00	1.36092524e-03	6.56018401e-05
2.62000000e+00	1.34927425e-03	7.15724344e-05
2.62500000e+00	1.33694149e-03	7.67965935e-05
2.63000000e+00	1.33857684e-03	8.49285558e-05
2.63500000e+00	1.33862866e-03	9.41097841e-05
2.64000000e+00	1.36881815e-03	1.06087066e-04
2.64500000e+00	1.31451005e-03	1.08892277e-04
2.65000000e+00	1.32675513e-03	1.16256036e-04
2.65500000e+00	1.31971745e-03	1.24834971e-04
2.66000000e+00	1.31606168e-03	1.33181285e-04
2.66500000e+00	1.28378319e-03	1.45771097e-04
2.67000000e+00	1.37573800e-03	1.69439469e-04
2.67500000e+00	1.27799864e-03	1.83819413e-04
2.68000000e+00	1.25604799e-03	2.11203229e-04
2.68500000e+00	1.26072237e-03	2.79174223e-04
2.69000000e+00	1.44904936e-03	5.22430232e-04
2.69500000e+00	0.00000000e+00	0.00000000e+00
2.70000000e+00	0.00000000e+00	0.00000000e+00
