% Filename : WEC6_00037_00039.h5
% Date & Time : 30-Oct-2025 17:41:53
% X-ray Energy (keV) : 13.30001
% Exposure Time (s) : 0.500
% Photodiode Value : 141780.000
% I0 of Sample : 0
% I0 of Standard : 1
% 
% q(A^-1)   I(q)    I(q)_SE
8.40000000e-01	0.00000000e+00	0.00000000e+00
8.45000000e-01	2.94794487e-03	5.15750663e-04
8.50000000e-01	2.77444251e-03	2.57059202e-04
8.55000000e-01	2.71003903e-03	2.21584378e-04
8.60000000e-01	2.74995246e-03	1.94541823e-04
8.65000000e-01	2.72098823e-03	1.77059140e-04
8.70000000e-01	2.75232945e-03	1.70955689e-04
8.75000000e-01	2.73004684e-03	1.63260728e-04
8.80000000e-01	2.67398839e-03	1.54612887e-04
8.85000000e-01	2.76349568e-03	1.51056943e-04
8.90000000e-01	2.74499700e-03	1.46726354e-04
8.95000000e-01	2.74377205e-03	1.42511275e-04
9.00000000e-01	2.71100476e-03	1.39557328e-04
9.05000000e-01	2.75332682e-03	1.35345704e-04
9.10000000e-01	2.76422399e-03	1.33553193e-04
9.15000000e-01	2.78648532e-03	1.32495168e-04
9.20000000e-01	2.77547884e-03	1.31805322e-04
9.25000000e-01	2.79773048e-03	1.27019464e-04
9.30000000e-01	2.76469327e-03	1.24414968e-04
9.35000000e-01	2.77794928e-03	1.22582974e-04
9.40000000e-01	2.81829520e-03	1.24611420e-04
9.45000000e-01	2.82545303e-03	1.21806546e-04
9.50000000e-01	2.85270577e-03	1.21360234e-04
9.55000000e-01	2.82741324e-03	1.18058823e-04
9.60000000e-01	2.83103482e-03	1.18292445e-04
9.65000000e-01	2.81460655e-03	1.15706982e-04
9.70000000e-01	2.84483738e-03	1.15044611e-04
9.75000000e-01	2.84533429e-03	1.13695837e-04
9.80000000e-01	2.85399091e-03	1.13133651e-04
9.85000000e-01	2.84743171e-03	1.13036107e-04
9.90000000e-01	2.85555003e-03	1.09915003e-04
9.95000000e-01	2.85574938e-03	1.09334821e-04
1.00000000e+00	2.87968674e-03	1.09747133e-04
1.00500000e+00	2.85433272e-03	1.08835966e-04
1.01000000e+00	2.85044213e-03	1.06360032e-04
1.01500000e+00	2.86965121e-03	1.06098669e-04
1.02000000e+00	2.85230148e-03	1.05389939e-04
1.02500000e+00	2.83587427e-03	1.03380724e-04
1.03000000e+00	2.85604295e-03	1.03917334e-04
1.03500000e+00	2.84043828e-03	1.01733790e-04
1.04000000e+00	2.84731478e-03	1.01491479e-04
1.04500000e+00	2.84158939e-03	1.01362513e-04
1.05000000e+00	2.83263831e-03	1.00333721e-04
1.05500000e+00	2.84264001e-03	9.91094484e-05
1.06000000e+00	2.82675273e-03	9.83407718e-05
1.06500000e+00	2.83470018e-03	9.86499282e-05
1.07000000e+00	2.81626683e-03	9.78356789e-05
1.07500000e+00	2.85233379e-03	9.84002015e-05
1.08000000e+00	2.86222941e-03	9.81702426e-05
1.08500000e+00	2.86149087e-03	9.82077301e-05
1.09000000e+00	2.86599896e-03	9.88840238e-05
1.09500000e+00	2.88623759e-03	9.77350991e-05
1.10000000e+00	2.88307331e-03	9.81331663e-05
1.10500000e+00	2.89458188e-03	9.88476085e-05
1.11000000e+00	2.88688307e-03	9.87806525e-05
1.11500000e+00	2.91429283e-03	9.89390450e-05
1.12000000e+00	2.93275439e-03	9.99150885e-05
1.12500000e+00	2.91821761e-03	9.93492342e-05
1.13000000e+00	2.93475473e-03	1.00956249e-04
1.13500000e+00	2.95359271e-03	1.00420552e-04
1.14000000e+00	2.94880787e-03	1.00070126e-04
1.14500000e+00	2.96909642e-03	1.01621819e-04
1.15000000e+00	2.97075417e-03	1.02163063e-04
1.15500000e+00	2.96383973e-03	1.00802783e-04
1.16000000e+00	2.97125819e-03	1.01494984e-04
1.16500000e+00	3.00415617e-03	1.02434975e-04
1.17000000e+00	2.98027408e-03	1.02867049e-04
1.17500000e+00	3.00750268e-03	1.02383492e-04
1.18000000e+00	3.02957291e-03	1.03511560e-04
1.18500000e+00	3.01697280e-03	1.02984396e-04
1.19000000e+00	3.01581105e-03	1.04062993e-04
1.19500000e+00	3.05338553e-03	1.04021485e-04
1.20000000e+00	3.03616241e-03	1.04022423e-04
1.20500000e+00	3.03334107e-03	1.03732907e-04
1.21000000e+00	3.05542092e-03	1.05847423e-04
1.21500000e+00	3.05364282e-03	1.04155753e-04
1.22000000e+00	3.04865734e-03	1.04103917e-04
1.22500000e+00	3.08847602e-03	1.05793638e-04
1.23000000e+00	3.07140066e-03	1.06145783e-04
1.23500000e+00	3.05314608e-03	1.04751469e-04
1.24000000e+00	3.07591098e-03	1.05071203e-04
1.24500000e+00	3.09408239e-03	1.06410971e-04
1.25000000e+00	3.10071031e-03	1.07289792e-04
1.25500000e+00	3.11492330e-03	1.06542874e-04
1.26000000e+00	3.09728129e-03	1.06470285e-04
1.26500000e+00	3.07328288e-03	1.05303111e-04
1.27000000e+00	3.09141674e-03	1.07476270e-04
1.27500000e+00	3.10002288e-03	1.06723085e-04
1.28000000e+00	3.11660845e-03	1.06602196e-04
1.28500000e+00	3.11970089e-03	1.07319122e-04
1.29000000e+00	3.08905273e-03	1.07247789e-04
1.29500000e+00	3.10715883e-03	1.06719522e-04
1.30000000e+00	3.10392924e-03	1.06414945e-04
1.30500000e+00	3.11747076e-03	1.07308529e-04
1.31000000e+00	3.11264584e-03	1.08449712e-04
1.31500000e+00	3.11629299e-03	1.07224503e-04
1.32000000e+00	3.13358011e-03	1.07687262e-04
1.32500000e+00	3.15126443e-03	1.08664716e-04
1.33000000e+00	3.13068383e-03	1.09197992e-04
1.33500000e+00	3.13862602e-03	1.07989677e-04
1.34000000e+00	3.14735046e-03	1.08353536e-04
1.34500000e+00	3.12428121e-03	1.08099043e-04
1.35000000e+00	3.13982434e-03	1.09655288e-04
1.35500000e+00	3.12669529e-03	1.07617072e-04
1.36000000e+00	3.13033251e-03	1.07502753e-04
1.36500000e+00	3.15092048e-03	1.08677709e-04
1.37000000e+00	3.13944884e-03	1.09919039e-04
1.37500000e+00	3.11936181e-03	1.07461266e-04
1.38000000e+00	3.14344433e-03	1.08601717e-04
1.38500000e+00	3.15403836e-03	1.09502310e-04
1.39000000e+00	3.11390133e-03	1.08845183e-04
1.39500000e+00	3.14636405e-03	1.08374741e-04
1.40000000e+00	3.17520941e-03	1.12641689e-04
1.40500000e+00	3.14406899e-03	1.20058475e-04
1.41000000e+00	3.12028486e-03	1.24686708e-04
1.41500000e+00	3.08857011e-03	1.27933421e-04
1.42000000e+00	3.08984832e-03	1.33252768e-04
1.42500000e+00	3.08360878e-03	1.36748986e-04
1.43000000e+00	3.10763398e-03	1.43241069e-04
1.43500000e+00	3.07471315e-03	1.45992046e-04
1.44000000e+00	3.04579128e-03	1.50161287e-04
1.44500000e+00	3.03891936e-03	1.53851958e-04
1.45000000e+00	3.11473694e-03	1.52457681e-04
1.45500000e+00	3.14807435e-03	1.38446367e-04
1.46000000e+00	3.12683757e-03	1.34109894e-04
1.46500000e+00	3.09794989e-03	1.30641676e-04
1.47000000e+00	3.11560866e-03	1.31097678e-04
1.47500000e+00	3.09580193e-03	1.26521100e-04
1.48000000e+00	3.08835153e-03	1.24874175e-04
1.48500000e+00	3.09720867e-03	1.25157204e-04
1.49000000e+00	3.07841584e-03	1.24767421e-04
1.49500000e+00	3.08498074e-03	1.22288137e-04
1.50000000e+00	3.08114889e-03	1.21681578e-04
1.50500000e+00	3.09626002e-03	1.22951603e-04
1.51000000e+00	3.07530952e-03	1.22454565e-04
1.51500000e+00	3.08183930e-03	1.20650238e-04
1.52000000e+00	3.08597518e-03	1.20382651e-04
1.52500000e+00	3.11887292e-03	1.21599658e-04
1.53000000e+00	3.12538465e-03	1.22473511e-04
1.53500000e+00	3.10458792e-03	1.18280049e-04
1.54000000e+00	3.08439286e-03	1.17359819e-04
1.54500000e+00	3.05374375e-03	1.15938939e-04
1.55000000e+00	3.02673517e-03	1.14574253e-04
1.55500000e+00	3.03154696e-03	1.12100380e-04
1.56000000e+00	3.03365544e-03	1.12470487e-04
1.56500000e+00	3.03524740e-03	1.11958774e-04
1.57000000e+00	2.99177127e-03	1.09635723e-04
1.57500000e+00	2.98898554e-03	1.07556260e-04
1.58000000e+00	2.98187167e-03	1.06950798e-04
1.58500000e+00	2.96952291e-03	1.06501917e-04
1.59000000e+00	2.97544781e-03	1.06902025e-04
1.59500000e+00	2.94924902e-03	1.03915067e-04
1.60000000e+00	2.93253778e-03	1.03249156e-04
1.60500000e+00	2.96812374e-03	1.04580434e-04
1.61000000e+00	2.93270451e-03	1.02801572e-04
1.61500000e+00	2.94985079e-03	1.02570736e-04
1.62000000e+00	2.93282970e-03	1.02377835e-04
1.62500000e+00	2.92398917e-03	1.03298035e-04
1.63000000e+00	2.90601410e-03	1.01537002e-04
1.63500000e+00	2.93940318e-03	1.02688129e-04
1.64000000e+00	2.91807824e-03	1.01976280e-04
1.64500000e+00	2.90486348e-03	1.02683063e-04
1.65000000e+00	2.88811859e-03	1.00955760e-04
1.65500000e+00	2.87894030e-03	1.00507134e-04
1.66000000e+00	2.89860467e-03	1.01353932e-04
1.66500000e+00	2.88351680e-03	1.02470476e-04
1.67000000e+00	2.86099763e-03	9.95721438e-05
1.67500000e+00	2.87722224e-03	1.00422362e-04
1.68000000e+00	2.83973506e-03	9.93288037e-05
1.68500000e+00	2.86350205e-03	1.01811080e-04
1.69000000e+00	2.85356668e-03	9.95453550e-05
1.69500000e+00	2.83957587e-03	9.88308794e-05
1.70000000e+00	2.83507078e-03	9.98413566e-05
1.70500000e+00	2.82288308e-03	9.98686396e-05
1.71000000e+00	2.82504820e-03	9.86829130e-05
1.71500000e+00	2.81295231e-03	9.82220846e-05
1.72000000e+00	2.79531504e-03	9.83227114e-05
1.72500000e+00	2.80046295e-03	9.91336300e-05
1.73000000e+00	2.81101333e-03	9.81501076e-05
1.73500000e+00	2.79752768e-03	9.79802826e-05
1.74000000e+00	2.75670911e-03	9.67745950e-05
1.74500000e+00	2.76707331e-03	9.83168855e-05
1.75000000e+00	2.76332014e-03	9.62885787e-05
1.75500000e+00	2.73891581e-03	9.60827756e-05
1.76000000e+00	2.73001508e-03	9.56857385e-05
1.76500000e+00	2.75234568e-03	9.77471369e-05
1.77000000e+00	2.72827186e-03	9.52305217e-05
1.77500000e+00	2.71662313e-03	9.50691756e-05
1.78000000e+00	2.71590068e-03	9.53923041e-05
1.78500000e+00	2.69740878e-03	9.57184290e-05
1.79000000e+00	2.71790584e-03	9.48427692e-05
1.79500000e+00	2.68281111e-03	9.38950033e-05
1.80000000e+00	2.68597527e-03	9.45170873e-05
1.80500000e+00	2.66579001e-03	9.44441656e-05
1.81000000e+00	2.66826686e-03	9.31577512e-05
1.81500000e+00	2.65918200e-03	9.28420564e-05
1.82000000e+00	2.64383001e-03	9.29483970e-05
1.82500000e+00	2.65304860e-03	9.38403793e-05
1.83000000e+00	2.62759186e-03	9.18287817e-05
1.83500000e+00	2.61774039e-03	9.16377056e-05
1.84000000e+00	2.62317956e-03	9.23634015e-05
1.84500000e+00	2.62612235e-03	9.30267505e-05
1.85000000e+00	2.60607838e-03	9.12058237e-05
1.85500000e+00	2.60009750e-03	9.10139111e-05
1.86000000e+00	2.56111385e-03	9.02538818e-05
1.86500000e+00	2.58484351e-03	9.14009913e-05
1.87000000e+00	2.57314756e-03	8.98965863e-05
1.87500000e+00	2.57714310e-03	9.04270682e-05
1.88000000e+00	2.59929963e-03	9.22411286e-05
1.88500000e+00	2.61691424e-03	9.29423943e-05
1.89000000e+00	2.56830152e-03	8.96693763e-05
1.89500000e+00	2.52364228e-03	8.86888144e-05
1.90000000e+00	2.53868616e-03	8.93917563e-05
1.90500000e+00	2.53264972e-03	8.92831992e-05
1.91000000e+00	2.53334261e-03	8.87088612e-05
1.91500000e+00	2.50460122e-03	8.77168774e-05
1.92000000e+00	2.51228594e-03	8.85395618e-05
1.92500000e+00	2.48681827e-03	8.77122732e-05
1.93000000e+00	2.48838149e-03	8.69636481e-05
1.93500000e+00	2.49317085e-03	8.73908806e-05
1.94000000e+00	2.47540583e-03	8.74461520e-05
1.94500000e+00	2.49509427e-03	8.79490548e-05
1.95000000e+00	2.46242668e-03	8.59763168e-05
1.95500000e+00	2.46564470e-03	8.64316635e-05
1.96000000e+00	2.44995405e-03	8.64744209e-05
1.96500000e+00	2.43541606e-03	8.59003014e-05
1.97000000e+00	2.41975841e-03	8.43823456e-05
1.97500000e+00	2.41780607e-03	8.49302626e-05
1.98000000e+00	2.38871321e-03	8.42703765e-05
1.98500000e+00	2.39188363e-03	8.44834786e-05
1.99000000e+00	2.39709006e-03	8.35918770e-05
1.99500000e+00	2.39915060e-03	8.40942373e-05
2.00000000e+00	2.39284389e-03	8.44419986e-05
2.00500000e+00	2.40620644e-03	8.50138077e-05
2.01000000e+00	2.37452047e-03	9.21833931e-05
2.01500000e+00	2.37401716e-03	9.78698484e-05
2.02000000e+00	2.35168785e-03	1.03400013e-04
2.02500000e+00	2.33521286e-03	1.06558345e-04
2.03000000e+00	2.32033314e-03	1.12205305e-04
2.03500000e+00	2.28600289e-03	1.15573381e-04
2.04000000e+00	2.29305982e-03	1.21192598e-04
2.04500000e+00	2.28160498e-03	1.26787547e-04
2.05000000e+00	2.26515049e-03	1.32271803e-04
2.05500000e+00	2.26253528e-03	1.29261164e-04
2.06000000e+00	2.29484325e-03	1.14199683e-04
2.06500000e+00	2.28548936e-03	1.08666246e-04
2.07000000e+00	2.30527845e-03	1.03657152e-04
2.07500000e+00	2.28070598e-03	1.00234086e-04
2.08000000e+00	2.27731095e-03	9.99039875e-05
2.08500000e+00	2.27775692e-03	9.91561844e-05
2.09000000e+00	2.27947199e-03	9.62743020e-05
2.09500000e+00	2.27378321e-03	9.49452190e-05
2.10000000e+00	2.26481698e-03	9.40303844e-05
2.10500000e+00	2.23127165e-03	9.21666442e-05
2.11000000e+00	2.25065901e-03	8.95895555e-05
2.11500000e+00	2.22362659e-03	8.77542104e-05
2.12000000e+00	2.19878993e-03	8.62636207e-05
2.12500000e+00	2.17480306e-03	8.51503352e-05
2.13000000e+00	2.17861164e-03	8.17544303e-05
2.13500000e+00	2.15597552e-03	7.99792328e-05
2.14000000e+00	2.13164853e-03	7.84287360e-05
2.14500000e+00	2.13784709e-03	7.87974438e-05
2.15000000e+00	2.12347159e-03	7.56593993e-05
2.15500000e+00	2.12630418e-03	7.58649898e-05
2.16000000e+00	2.10108235e-03	7.46187366e-05
2.16500000e+00	2.09797393e-03	7.50704794e-05
2.17000000e+00	2.06854740e-03	7.22071060e-05
2.17500000e+00	2.07181360e-03	7.24418800e-05
2.18000000e+00	2.05431717e-03	7.21027103e-05
2.18500000e+00	2.06203606e-03	7.27615370e-05
2.19000000e+00	2.04330629e-03	7.18679493e-05
2.19500000e+00	2.03399877e-03	7.10846900e-05
2.20000000e+00	2.02077449e-03	7.08604938e-05
2.20500000e+00	2.01859981e-03	7.09503350e-05
2.21000000e+00	2.01915476e-03	7.13721032e-05
2.21500000e+00	1.98756449e-03	6.95630704e-05
2.22000000e+00	1.98500422e-03	6.93575695e-05
2.22500000e+00	1.95433302e-03	6.88431011e-05
2.23000000e+00	1.94168511e-03	6.88167285e-05
2.23500000e+00	1.93604302e-03	6.76370048e-05
2.24000000e+00	1.94327814e-03	6.79738652e-05
2.24500000e+00	1.91681212e-03	6.74240737e-05
2.25000000e+00	1.90433536e-03	6.76003126e-05
2.25500000e+00	1.88876154e-03	6.58478506e-05
2.26000000e+00	1.87966543e-03	6.58170622e-05
2.26500000e+00	1.86788480e-03	6.56579075e-05
2.27000000e+00	1.87851526e-03	6.68952079e-05
2.27500000e+00	1.84410745e-03	6.43131358e-05
2.28000000e+00	1.83535910e-03	6.41067589e-05
2.28500000e+00	1.83945136e-03	6.45648975e-05
2.29000000e+00	1.81685638e-03	6.42453827e-05
2.29500000e+00	1.79932821e-03	6.34151426e-05
2.30000000e+00	1.80083393e-03	6.28792051e-05
2.30500000e+00	1.77305905e-03	6.20610103e-05
2.31000000e+00	1.76244577e-03	6.21168358e-05
2.31500000e+00	1.76706770e-03	6.26460512e-05
2.32000000e+00	1.75409571e-03	6.09387507e-05
2.32500000e+00	1.72896743e-03	6.06086719e-05
2.33000000e+00	1.72410927e-03	6.05278909e-05
2.33500000e+00	1.70960910e-03	6.06456708e-05
2.34000000e+00	1.71665530e-03	5.98794418e-05
2.34500000e+00	1.69638293e-03	5.91100542e-05
2.35000000e+00	1.68534083e-03	5.89760437e-05
2.35500000e+00	1.67891845e-03	5.95048629e-05
2.36000000e+00	1.66861479e-03	5.83248336e-05
2.36500000e+00	1.66082279e-03	5.80714051e-05
2.37000000e+00	1.64433685e-03	5.74914333e-05
2.37500000e+00	1.63824906e-03	5.77092536e-05
2.38000000e+00	1.62309362e-03	5.74750471e-05
2.38500000e+00	1.62012158e-03	5.65571623e-05
2.39000000e+00	1.61168926e-03	5.64567792e-05
2.39500000e+00	1.59460483e-03	5.61216600e-05
2.40000000e+00	1.61574722e-03	5.77029468e-05
2.40500000e+00	1.60833763e-03	5.62592705e-05
2.41000000e+00	1.55519954e-03	5.47234428e-05
2.41500000e+00	1.56101574e-03	5.48844306e-05
2.42000000e+00	1.55349162e-03	5.54040093e-05
2.42500000e+00	1.56143025e-03	5.55212806e-05
2.43000000e+00	1.54684663e-03	5.44553877e-05
2.43500000e+00	1.52097267e-03	5.37589159e-05
2.44000000e+00	1.51942716e-03	5.38140404e-05
2.44500000e+00	1.51179648e-03	5.43095009e-05
2.45000000e+00	1.48969772e-03	5.24719042e-05
2.45500000e+00	1.48817017e-03	5.26793639e-05
2.46000000e+00	1.47835046e-03	5.25410134e-05
2.46500000e+00	1.48640734e-03	5.34143674e-05
2.47000000e+00	1.44697505e-03	5.15025445e-05
2.47500000e+00	1.46785637e-03	5.19334016e-05
2.48000000e+00	1.43851024e-03	5.13326206e-05
2.48500000e+00	1.42750266e-03	5.10126550e-05
2.49000000e+00	1.43564928e-03	5.19780965e-05
2.49500000e+00	1.41988430e-03	5.03590490e-05
2.50000000e+00	1.41032940e-03	5.02195621e-05
2.50500000e+00	1.40814152e-03	5.03543405e-05
2.51000000e+00	1.39237701e-03	5.01297559e-05
2.51500000e+00	1.38335983e-03	4.99518715e-05
2.52000000e+00	1.39023783e-03	4.96995873e-05
2.52500000e+00	1.37681946e-03	4.94795079e-05
2.53000000e+00	1.37359414e-03	4.98227535e-05
2.53500000e+00	1.35209842e-03	4.96323238e-05
2.54000000e+00	1.36393518e-03	4.91915088e-05
2.54500000e+00	1.35189898e-03	4.89867572e-05
2.55000000e+00	1.34783225e-03	4.91443372e-05
2.55500000e+00	1.33840375e-03	4.91658973e-05
2.56000000e+00	1.32811408e-03	4.90577903e-05
2.56500000e+00	1.31273941e-03	4.80798461e-05
2.57000000e+00	1.32318517e-03	4.86503957e-05
2.57500000e+00	1.30697847e-03	4.82385201e-05
2.58000000e+00	1.29971354e-03	4.87320309e-05
2.58500000e+00	1.30917834e-03	4.86850300e-05
2.59000000e+00	1.29596026e-03	4.79984523e-05
2.59500000e+00	1.27691623e-03	4.74508207e-05
2.60000000e+00	1.27789197e-03	4.79119401e-05
2.60500000e+00	1.28717721e-03	4.94046022e-05
2.61000000e+00	1.27589775e-03	5.56496580e-05
2.61500000e+00	1.23816926e-03	5.98661839e-05
2.62000000e+00	1.23816918e-03	6.57737010e-05
2.62500000e+00	1.25234180e-03	7.19240991e-05
2.63000000e+00	1.22996682e-03	7.79965676e-05
2.63500000e+00	1.24555945e-03	8.80453748e-05
2.64000000e+00	1.22874875e-03	9.53182676e-05
2.64500000e+00	1.20304959e-03	9.99464749e-05
2.65000000e+00	1.21021231e-03	1.06529127e-04
2.65500000e+00	1.23163847e-03	1.16617535e-04
2.66000000e+00	1.21031704e-03	1.22856183e-04
2.66500000e+00	1.17519125e-03	1.32868886e-04
2.67000000e+00	1.14516308e-03	1.41510939e-04
2.67500000e+00	1.18487509e-03	1.69766352e-04
2.68000000e+00	1.17568480e-03	1.95702188e-04
2.68500000e+00	1.23713082e-03	2.74292096e-04
2.69000000e+00	1.25895350e-03	4.52391610e-04
2.69500000e+00	0.00000000e+00	0.00000000e+00
2.70000000e+00	0.00000000e+00	0.00000000e+00
