% Filename : WEC9_00044_00012.h5
% Date & Time : 30-Oct-2025 18:04:16
% X-ray Energy (keV) : 13.30001
% Exposure Time (s) : 0.500
% Photodiode Value : 141211.000
% I0 of Sample : 0
% I0 of Standard : 1
% 
% q(A^-1)   I(q)    I(q)_SE
8.40000000e-01	0.00000000e+00	0.00000000e+00
8.45000000e-01	3.38731690e-03	5.93350149e-04
8.50000000e-01	3.15437279e-03	2.92445554e-04
8.55000000e-01	3.05622710e-03	2.49368866e-04
8.60000000e-01	3.10600018e-03	2.19310973e-04
8.65000000e-01	3.10012560e-03	2.01682213e-04
8.70000000e-01	3.07586877e-03	1.91110233e-04
8.75000000e-01	3.09426728e-03	1.84778231e-04
8.80000000e-01	3.07721727e-03	1.77788403e-04
8.85000000e-01	3.06162055e-03	1.67125727e-04
8.90000000e-01	3.12134876e-03	1.66662816e-04
8.95000000e-01	3.10878264e-03	1.61401305e-04
9.00000000e-01	3.07636080e-03	1.58308282e-04
9.05000000e-01	3.09735465e-03	1.52097788e-04
9.10000000e-01	3.10552960e-03	1.49917306e-04
9.15000000e-01	3.12740010e-03	1.48632930e-04
9.20000000e-01	3.15207837e-03	1.49676668e-04
9.25000000e-01	3.13021135e-03	1.42027040e-04
9.30000000e-01	3.13701629e-03	1.40999290e-04
9.35000000e-01	3.11004488e-03	1.37078598e-04
9.40000000e-01	3.13052596e-03	1.38393215e-04
9.45000000e-01	3.14370162e-03	1.35477800e-04
9.50000000e-01	3.15800549e-03	1.34089341e-04
9.55000000e-01	3.16026824e-03	1.31928183e-04
9.60000000e-01	3.17456659e-03	1.32597110e-04
9.65000000e-01	3.15275905e-03	1.29404871e-04
9.70000000e-01	3.16878213e-03	1.27954771e-04
9.75000000e-01	3.14299994e-03	1.25538510e-04
9.80000000e-01	3.15759137e-03	1.25103246e-04
9.85000000e-01	3.19810766e-03	1.26757418e-04
9.90000000e-01	3.17022639e-03	1.21885936e-04
9.95000000e-01	3.20907048e-03	1.22698379e-04
1.00000000e+00	3.21267152e-03	1.22302560e-04
1.00500000e+00	3.18174316e-03	1.21177965e-04
1.01000000e+00	3.18063496e-03	1.18585688e-04
1.01500000e+00	3.18663545e-03	1.17622542e-04
1.02000000e+00	3.18466703e-03	1.17512925e-04
1.02500000e+00	3.16807505e-03	1.15422823e-04
1.03000000e+00	3.18786354e-03	1.15856618e-04
1.03500000e+00	3.19263677e-03	1.14278451e-04
1.04000000e+00	3.13670707e-03	1.11621631e-04
1.04500000e+00	3.16023742e-03	1.12483735e-04
1.05000000e+00	3.16355338e-03	1.11854967e-04
1.05500000e+00	3.13976218e-03	1.09274922e-04
1.06000000e+00	3.16021461e-03	1.09801786e-04
1.06500000e+00	3.16719725e-03	1.10066097e-04
1.07000000e+00	3.15244853e-03	1.09408208e-04
1.07500000e+00	3.18552147e-03	1.09708394e-04
1.08000000e+00	3.19334975e-03	1.09366996e-04
1.08500000e+00	3.21045263e-03	1.10193096e-04
1.09000000e+00	3.21411749e-03	1.10756337e-04
1.09500000e+00	3.20353934e-03	1.08269588e-04
1.10000000e+00	3.21278232e-03	1.09246379e-04
1.10500000e+00	3.22628646e-03	1.10120781e-04
1.11000000e+00	3.20942226e-03	1.09693565e-04
1.11500000e+00	3.28877567e-03	1.11537597e-04
1.12000000e+00	3.27109815e-03	1.11466453e-04
1.12500000e+00	3.25819978e-03	1.10684311e-04
1.13000000e+00	3.28146119e-03	1.12832237e-04
1.13500000e+00	3.30392395e-03	1.12167962e-04
1.14000000e+00	3.29570040e-03	1.11660398e-04
1.14500000e+00	3.31447217e-03	1.13268978e-04
1.15000000e+00	3.33323057e-03	1.14555673e-04
1.15500000e+00	3.34972856e-03	1.13863976e-04
1.16000000e+00	3.37559375e-03	1.15151001e-04
1.16500000e+00	3.35868789e-03	1.14372375e-04
1.17000000e+00	3.36136628e-03	1.15960716e-04
1.17500000e+00	3.37774134e-03	1.14840060e-04
1.18000000e+00	3.37242026e-03	1.15108521e-04
1.18500000e+00	3.40569286e-03	1.16138675e-04
1.19000000e+00	3.38773070e-03	1.16778906e-04
1.19500000e+00	3.42401536e-03	1.16542232e-04
1.20000000e+00	3.44169165e-03	1.17831183e-04
1.20500000e+00	3.44121594e-03	1.17636013e-04
1.21000000e+00	3.44556285e-03	1.19204759e-04
1.21500000e+00	3.46486857e-03	1.18070918e-04
1.22000000e+00	3.46477381e-03	1.18121961e-04
1.22500000e+00	3.49489904e-03	1.19702582e-04
1.23000000e+00	3.48902874e-03	1.20436362e-04
1.23500000e+00	3.49454210e-03	1.19773408e-04
1.24000000e+00	3.52806671e-03	1.20372369e-04
1.24500000e+00	3.52042135e-03	1.20978571e-04
1.25000000e+00	3.52820496e-03	1.22010448e-04
1.25500000e+00	3.57293649e-03	1.22049225e-04
1.26000000e+00	3.55299783e-03	1.22078017e-04
1.26500000e+00	3.58072324e-03	1.22595595e-04
1.27000000e+00	3.58145507e-03	1.24417576e-04
1.27500000e+00	3.58647585e-03	1.23407923e-04
1.28000000e+00	3.57710661e-03	1.22358632e-04
1.28500000e+00	3.60128318e-03	1.23739685e-04
1.29000000e+00	3.63102492e-03	1.25931309e-04
1.29500000e+00	3.64869569e-03	1.25158801e-04
1.30000000e+00	3.65029324e-03	1.25022199e-04
1.30500000e+00	3.65474179e-03	1.25776966e-04
1.31000000e+00	3.66116296e-03	1.27474335e-04
1.31500000e+00	3.70001024e-03	1.27146647e-04
1.32000000e+00	3.69790842e-03	1.26988880e-04
1.32500000e+00	3.67608466e-03	1.26585691e-04
1.33000000e+00	3.71531372e-03	1.29483050e-04
1.33500000e+00	3.73164085e-03	1.28326994e-04
1.34000000e+00	3.74525030e-03	1.28874866e-04
1.34500000e+00	3.76247129e-03	1.29947068e-04
1.35000000e+00	3.75131058e-03	1.30853324e-04
1.35500000e+00	3.77398257e-03	1.29726590e-04
1.36000000e+00	3.78843075e-03	1.30120523e-04
1.36500000e+00	3.78885390e-03	1.30410439e-04
1.37000000e+00	3.82888042e-03	1.33859602e-04
1.37500000e+00	3.83600686e-03	1.32046797e-04
1.38000000e+00	3.85950990e-03	1.33178285e-04
1.38500000e+00	3.84476922e-03	1.33351458e-04
1.39000000e+00	3.86278578e-03	1.34885829e-04
1.39500000e+00	3.85039889e-03	1.32564381e-04
1.40000000e+00	3.87362110e-03	1.37354419e-04
1.40500000e+00	3.84491906e-03	1.46700192e-04
1.41000000e+00	3.82286913e-03	1.52956684e-04
1.41500000e+00	3.81613502e-03	1.57986218e-04
1.42000000e+00	3.75692926e-03	1.61733657e-04
1.42500000e+00	3.70464949e-03	1.64200020e-04
1.43000000e+00	3.69714322e-03	1.70057558e-04
1.43500000e+00	3.65788157e-03	1.73466376e-04
1.44000000e+00	3.69125692e-03	1.81852571e-04
1.44500000e+00	3.64424561e-03	1.84338285e-04
1.45000000e+00	3.72022955e-03	1.82026611e-04
1.45500000e+00	3.77693064e-03	1.65864159e-04
1.46000000e+00	3.71765696e-03	1.59426093e-04
1.46500000e+00	3.70017674e-03	1.55848769e-04
1.47000000e+00	3.71870918e-03	1.56388315e-04
1.47500000e+00	3.70590481e-03	1.51245486e-04
1.48000000e+00	3.69677647e-03	1.49313161e-04
1.48500000e+00	3.66209816e-03	1.47942236e-04
1.49000000e+00	3.67752897e-03	1.48978301e-04
1.49500000e+00	3.67564079e-03	1.45603837e-04
1.50000000e+00	3.64166925e-03	1.43788718e-04
1.50500000e+00	3.69039445e-03	1.46342181e-04
1.51000000e+00	3.66575445e-03	1.45777963e-04
1.51500000e+00	3.67899692e-03	1.43832171e-04
1.52000000e+00	3.67294284e-03	1.43254418e-04
1.52500000e+00	3.66930133e-03	1.42867846e-04
1.53000000e+00	3.65042436e-03	1.43006126e-04
1.53500000e+00	3.64948582e-03	1.38885686e-04
1.54000000e+00	3.65362202e-03	1.38871231e-04
1.54500000e+00	3.61694973e-03	1.37139719e-04
1.55000000e+00	3.60596328e-03	1.36408889e-04
1.55500000e+00	3.62604091e-03	1.34025187e-04
1.56000000e+00	3.59365050e-03	1.33187269e-04
1.56500000e+00	3.55586955e-03	1.31116211e-04
1.57000000e+00	3.53234407e-03	1.29271436e-04
1.57500000e+00	3.51164125e-03	1.26223313e-04
1.58000000e+00	3.51383631e-03	1.25965168e-04
1.58500000e+00	3.50115042e-03	1.25634849e-04
1.59000000e+00	3.49939236e-03	1.25651144e-04
1.59500000e+00	3.49426396e-03	1.22936139e-04
1.60000000e+00	3.49657586e-03	1.22976762e-04
1.60500000e+00	3.47587750e-03	1.22342040e-04
1.61000000e+00	3.47535067e-03	1.21815214e-04
1.61500000e+00	3.45771212e-03	1.20055032e-04
1.62000000e+00	3.47195646e-03	1.21126480e-04
1.62500000e+00	3.47712843e-03	1.22656884e-04
1.63000000e+00	3.48262357e-03	1.21535729e-04
1.63500000e+00	3.44640750e-03	1.20281156e-04
1.64000000e+00	3.45685019e-03	1.20745022e-04
1.64500000e+00	3.45147696e-03	1.21879311e-04
1.65000000e+00	3.45839858e-03	1.20754684e-04
1.65500000e+00	3.43531817e-03	1.19809687e-04
1.66000000e+00	3.45850314e-03	1.20698779e-04
1.66500000e+00	3.42244051e-03	1.21499755e-04
1.67000000e+00	3.43322375e-03	1.19402215e-04
1.67500000e+00	3.43759266e-03	1.19803280e-04
1.68000000e+00	3.42405386e-03	1.19715015e-04
1.68500000e+00	3.43111421e-03	1.21949759e-04
1.69000000e+00	3.41839778e-03	1.19091867e-04
1.69500000e+00	3.39494926e-03	1.18189984e-04
1.70000000e+00	3.38506936e-03	1.19086740e-04
1.70500000e+00	3.39536202e-03	1.20050752e-04
1.71000000e+00	3.36690592e-03	1.17499974e-04
1.71500000e+00	3.34816136e-03	1.16791859e-04
1.72000000e+00	3.33561809e-03	1.17259679e-04
1.72500000e+00	3.31777078e-03	1.17359416e-04
1.73000000e+00	3.32404923e-03	1.16042666e-04
1.73500000e+00	3.29784524e-03	1.15434045e-04
1.74000000e+00	3.31085975e-03	1.16171168e-04
1.74500000e+00	3.28108640e-03	1.16477534e-04
1.75000000e+00	3.27490044e-03	1.13990090e-04
1.75500000e+00	3.27341857e-03	1.14676172e-04
1.76000000e+00	3.21489900e-03	1.12527378e-04
1.76500000e+00	3.21308558e-03	1.14030951e-04
1.77000000e+00	3.21366022e-03	1.12098005e-04
1.77500000e+00	3.21797700e-03	1.12613935e-04
1.78000000e+00	3.21533634e-03	1.12842366e-04
1.78500000e+00	3.18292595e-03	1.12866281e-04
1.79000000e+00	3.17497118e-03	1.10660638e-04
1.79500000e+00	3.17060072e-03	1.10923111e-04
1.80000000e+00	3.15254769e-03	1.10837764e-04
1.80500000e+00	3.10710570e-03	1.10010286e-04
1.81000000e+00	3.09618670e-03	1.08013228e-04
1.81500000e+00	3.10380537e-03	1.08340653e-04
1.82000000e+00	3.10949945e-03	1.09315122e-04
1.82500000e+00	3.09718193e-03	1.09509623e-04
1.83000000e+00	3.07631602e-03	1.07415728e-04
1.83500000e+00	3.06651377e-03	1.07287066e-04
1.84000000e+00	3.05666729e-03	1.07483325e-04
1.84500000e+00	3.02725886e-03	1.07121174e-04
1.85000000e+00	3.04780462e-03	1.06537131e-04
1.85500000e+00	3.01273001e-03	1.05341446e-04
1.86000000e+00	3.02804178e-03	1.06691971e-04
1.86500000e+00	2.99242543e-03	1.05644405e-04
1.87000000e+00	2.97931804e-03	1.04120144e-04
1.87500000e+00	2.96405632e-03	1.03817725e-04
1.88000000e+00	2.96365198e-03	1.04224350e-04
1.88500000e+00	2.95972778e-03	1.04760700e-04
1.89000000e+00	2.94209249e-03	1.02671147e-04
1.89500000e+00	2.94511670e-03	1.03302084e-04
1.90000000e+00	2.92944095e-03	1.03142404e-04
1.90500000e+00	2.92827399e-03	1.03261978e-04
1.91000000e+00	2.92022528e-03	1.02208522e-04
1.91500000e+00	2.91166104e-03	1.01963419e-04
1.92000000e+00	2.89374602e-03	1.01916806e-04
1.92500000e+00	2.89415828e-03	1.01989041e-04
1.93000000e+00	2.88434193e-03	1.00766685e-04
1.93500000e+00	2.88049148e-03	1.00951733e-04
1.94000000e+00	2.85959954e-03	1.01034946e-04
1.94500000e+00	2.85831660e-03	1.00644598e-04
1.95000000e+00	2.84630583e-03	9.93192537e-05
1.95500000e+00	2.84578186e-03	9.97599075e-05
1.96000000e+00	2.82179123e-03	9.94527650e-05
1.96500000e+00	2.81785135e-03	9.93960695e-05
1.97000000e+00	2.80043003e-03	9.75831371e-05
1.97500000e+00	2.80554076e-03	9.85144226e-05
1.98000000e+00	2.79046221e-03	9.83473470e-05
1.98500000e+00	2.77349402e-03	9.79213616e-05
1.99000000e+00	2.76550210e-03	9.63796887e-05
1.99500000e+00	2.74365683e-03	9.60752672e-05
2.00000000e+00	2.76395407e-03	9.74799384e-05
2.00500000e+00	2.78526029e-03	9.83805254e-05
2.01000000e+00	2.74685444e-03	1.06508224e-04
2.01500000e+00	2.71722043e-03	1.11940262e-04
2.02000000e+00	2.68395877e-03	1.17891978e-04
2.02500000e+00	2.67088634e-03	1.21873338e-04
2.03000000e+00	2.66938592e-03	1.29047837e-04
2.03500000e+00	2.65058117e-03	1.33731336e-04
2.04000000e+00	2.65174522e-03	1.39867844e-04
2.04500000e+00	2.63489120e-03	1.46500511e-04
2.05000000e+00	2.61433520e-03	1.52355369e-04
2.05500000e+00	2.62025008e-03	1.49792672e-04
2.06000000e+00	2.68870171e-03	1.33676612e-04
2.06500000e+00	2.64100420e-03	1.25498632e-04
2.07000000e+00	2.62447295e-03	1.18022200e-04
2.07500000e+00	2.62875790e-03	1.15487468e-04
2.08000000e+00	2.64582157e-03	1.16085574e-04
2.08500000e+00	2.62389734e-03	1.14178418e-04
2.09000000e+00	2.63925480e-03	1.11257061e-04
2.09500000e+00	2.61829421e-03	1.09239526e-04
2.10000000e+00	2.61859307e-03	1.08543790e-04
2.10500000e+00	2.59852711e-03	1.07408725e-04
2.11000000e+00	2.58440143e-03	1.02826945e-04
2.11500000e+00	2.58217374e-03	1.01795868e-04
2.12000000e+00	2.55889027e-03	1.00244984e-04
2.12500000e+00	2.55080746e-03	9.97550532e-05
2.13000000e+00	2.53716874e-03	9.51155486e-05
2.13500000e+00	2.50256772e-03	9.27863237e-05
2.14000000e+00	2.48487216e-03	9.12056184e-05
2.14500000e+00	2.47178507e-03	9.09979739e-05
2.15000000e+00	2.47794678e-03	8.81949994e-05
2.15500000e+00	2.45836434e-03	8.76543085e-05
2.16000000e+00	2.43987586e-03	8.65501191e-05
2.16500000e+00	2.42975823e-03	8.67485087e-05
2.17000000e+00	2.44522771e-03	8.52606091e-05
2.17500000e+00	2.41934781e-03	8.46178761e-05
2.18000000e+00	2.42913935e-03	8.51318876e-05
2.18500000e+00	2.40156022e-03	8.46299149e-05
2.19000000e+00	2.38689164e-03	8.39224097e-05
2.19500000e+00	2.36532344e-03	8.26839787e-05
2.20000000e+00	2.35275630e-03	8.24718144e-05
2.20500000e+00	2.34201135e-03	8.22350032e-05
2.21000000e+00	2.34206630e-03	8.27510013e-05
2.21500000e+00	2.33057982e-03	8.14126681e-05
2.22000000e+00	2.31213273e-03	8.07199796e-05
2.22500000e+00	2.28767876e-03	8.05072960e-05
2.23000000e+00	2.29573955e-03	8.12094285e-05
2.23500000e+00	2.27622762e-03	7.94847030e-05
2.24000000e+00	2.25716824e-03	7.88222086e-05
2.24500000e+00	2.24771197e-03	7.90533107e-05
2.25000000e+00	2.24525216e-03	7.96048576e-05
2.25500000e+00	2.23292013e-03	7.77235788e-05
2.26000000e+00	2.22113319e-03	7.76099756e-05
2.26500000e+00	2.21979841e-03	7.78831109e-05
2.27000000e+00	2.20144772e-03	7.83487656e-05
2.27500000e+00	2.19595129e-03	7.65886390e-05
2.28000000e+00	2.17746885e-03	7.60378479e-05
2.28500000e+00	2.16311183e-03	7.60578218e-05
2.29000000e+00	2.15362800e-03	7.60625778e-05
2.29500000e+00	2.14121109e-03	7.55228907e-05
2.30000000e+00	2.10807513e-03	7.36215409e-05
2.30500000e+00	2.08265094e-03	7.28473812e-05
2.31000000e+00	2.09239901e-03	7.35853289e-05
2.31500000e+00	2.04328014e-03	7.25456854e-05
2.32000000e+00	2.06591100e-03	7.18205421e-05
2.32500000e+00	2.05418001e-03	7.19679307e-05
2.33000000e+00	2.03608642e-03	7.16124746e-05
2.33500000e+00	2.00870143e-03	7.12698970e-05
2.34000000e+00	2.01080999e-03	7.01864594e-05
2.34500000e+00	1.98394684e-03	6.92763855e-05
2.35000000e+00	1.96090932e-03	6.88161361e-05
2.35500000e+00	1.96462747e-03	6.97626146e-05
2.36000000e+00	1.94939198e-03	6.82563374e-05
2.36500000e+00	1.94772531e-03	6.81692799e-05
2.37000000e+00	1.92727577e-03	6.74897202e-05
2.37500000e+00	1.91954235e-03	6.77981141e-05
2.38000000e+00	1.90141849e-03	6.75377948e-05
2.38500000e+00	1.89412203e-03	6.62460397e-05
2.39000000e+00	1.85907331e-03	6.52548564e-05
2.39500000e+00	1.85586553e-03	6.54702288e-05
2.40000000e+00	1.85622007e-03	6.64467829e-05
2.40500000e+00	1.85100183e-03	6.49503979e-05
2.41000000e+00	1.81894443e-03	6.40460796e-05
2.41500000e+00	1.80202385e-03	6.34598647e-05
2.42000000e+00	1.80150841e-03	6.43136526e-05
2.42500000e+00	1.78424507e-03	6.35925581e-05
2.43000000e+00	1.78134093e-03	6.29435943e-05
2.43500000e+00	1.77436706e-03	6.30201187e-05
2.44000000e+00	1.75681761e-03	6.23929142e-05
2.44500000e+00	1.74654607e-03	6.28865763e-05
2.45000000e+00	1.75037712e-03	6.19133540e-05
2.45500000e+00	1.73724628e-03	6.16211368e-05
2.46000000e+00	1.73693693e-03	6.18488473e-05
2.46500000e+00	1.69332985e-03	6.10880157e-05
2.47000000e+00	1.69674538e-03	6.06085834e-05
2.47500000e+00	1.68220571e-03	5.97291643e-05
2.48000000e+00	1.67416911e-03	5.99485989e-05
2.48500000e+00	1.67678617e-03	6.00743590e-05
2.49000000e+00	1.65053142e-03	5.99361174e-05
2.49500000e+00	1.65904964e-03	5.90683660e-05
2.50000000e+00	1.63237510e-03	5.82092533e-05
2.50500000e+00	1.62736341e-03	5.84842572e-05
2.51000000e+00	1.62713018e-03	5.88399629e-05
2.51500000e+00	1.61241205e-03	5.85138536e-05
2.52000000e+00	1.59545005e-03	5.72625649e-05
2.52500000e+00	1.57602919e-03	5.68973602e-05
2.53000000e+00	1.58128254e-03	5.75275718e-05
2.53500000e+00	1.55632879e-03	5.74090034e-05
2.54000000e+00	1.56485344e-03	5.67428858e-05
2.54500000e+00	1.55009338e-03	5.64297154e-05
2.55000000e+00	1.55583551e-03	5.68962361e-05
2.55500000e+00	1.52766212e-03	5.64367710e-05
2.56000000e+00	1.52699636e-03	5.66571239e-05
2.56500000e+00	1.51981208e-03	5.58542203e-05
2.57000000e+00	1.50096422e-03	5.54597858e-05
2.57500000e+00	1.49328214e-03	5.53163084e-05
2.58000000e+00	1.48514840e-03	5.58278744e-05
2.58500000e+00	1.46486343e-03	5.47528229e-05
2.59000000e+00	1.43771068e-03	5.34312632e-05
2.59500000e+00	1.43118129e-03	5.33009094e-05
2.60000000e+00	1.40724236e-03	5.30274795e-05
2.60500000e+00	1.42327321e-03	5.47228153e-05
2.61000000e+00	1.39748202e-03	6.12566417e-05
2.61500000e+00	1.37612050e-03	6.68526576e-05
2.62000000e+00	1.35238171e-03	7.21703909e-05
2.62500000e+00	1.36767589e-03	7.88617749e-05
2.63000000e+00	1.36898794e-03	8.72338883e-05
2.63500000e+00	1.39121923e-03	9.78846984e-05
2.64000000e+00	1.35723935e-03	1.05925795e-04
2.64500000e+00	1.29549292e-03	1.07511668e-04
2.65000000e+00	1.30011527e-03	1.14740361e-04
2.65500000e+00	1.26256623e-03	1.19344852e-04
2.66000000e+00	1.19336462e-03	1.21325335e-04
2.66500000e+00	1.15500983e-03	1.30846288e-04
2.67000000e+00	1.08707241e-03	1.33391974e-04
2.67500000e+00	1.10511766e-03	1.58538992e-04
2.68000000e+00	1.08331035e-03	1.81899563e-04
2.68500000e+00	9.91012397e-04	2.21881360e-04
2.69000000e+00	1.07915283e-03	3.84730953e-04
2.69500000e+00	0.00000000e+00	0.00000000e+00
2.70000000e+00	0.00000000e+00	0.00000000e+00
